Identity  : 	id10283
Reference : 	oGZsanLiXsY
Offset    : 	0
FV Conf   : 	15.359
ASD Conf  : 	7.462

FRAME 	X 	Y 	W 	H 
001064 	383 	65 	91 	91 
001065 	393 	65 	91 	91 
001066 	393 	65 	91 	91 
001067 	393 	65 	91 	91 
001068 	393 	65 	91 	91 
001069 	393 	65 	91 	91 
001070 	393 	65 	91 	91 
001071 	393 	65 	91 	91 
001072 	393 	65 	91 	91 
001073 	393 	65 	91 	91 
001074 	393 	65 	91 	91 
001075 	393 	65 	91 	91 
001076 	393 	65 	91 	91 
001077 	393 	65 	91 	91 
001078 	393 	65 	91 	91 
001079 	393 	65 	91 	91 
001080 	393 	65 	91 	91 
001081 	393 	65 	91 	91 
001082 	383 	55 	91 	91 
001083 	383 	55 	91 	91 
001084 	383 	55 	91 	91 
001085 	383 	55 	91 	91 
001086 	383 	55 	91 	91 
001087 	383 	55 	91 	91 
001088 	383 	55 	91 	91 
001089 	383 	55 	91 	91 
001090 	383 	55 	91 	91 
001091 	383 	55 	91 	91 
001092 	383 	55 	91 	91 
001093 	383 	55 	91 	91 
001094 	383 	55 	91 	91 
001095 	373 	55 	91 	91 
001096 	373 	55 	91 	91 
001097 	373 	55 	91 	91 
001098 	373 	55 	91 	91 
001099 	373 	55 	91 	91 
001100 	373 	55 	91 	91 
001101 	373 	55 	91 	91 
001102 	373 	55 	91 	91 
001103 	363 	55 	91 	91 
001104 	363 	55 	91 	91 
001105 	363 	55 	91 	91 
001106 	363 	55 	91 	91 
001107 	363 	55 	91 	91 
001108 	363 	55 	91 	91 
001109 	363 	55 	91 	91 
001110 	363 	55 	91 	91 
001111 	363 	55 	91 	91 
001112 	363 	55 	91 	91 
001113 	363 	55 	91 	91 
001114 	363 	55 	91 	91 
001115 	363 	55 	91 	91 
001116 	363 	55 	91 	91 
001117 	363 	55 	91 	91 
001118 	363 	55 	91 	91 
001119 	363 	55 	91 	91 
001120 	363 	55 	91 	91 
001121 	363 	55 	91 	91 
001122 	363 	55 	91 	91 
001123 	373 	55 	91 	91 
001124 	373 	55 	91 	91 
001125 	373 	55 	91 	91 
001126 	373 	55 	91 	91 
001127 	373 	55 	91 	91 
001128 	373 	55 	91 	91 
001129 	383 	55 	91 	91 
001130 	383 	55 	91 	91 
001131 	383 	55 	91 	91 
001132 	383 	55 	91 	91 
001133 	383 	55 	91 	91 
001134 	383 	55 	91 	91 
001135 	383 	55 	91 	91 
001136 	383 	55 	91 	91 
001137 	373 	55 	91 	91 
001138 	373 	55 	91 	91 
001139 	373 	55 	91 	91 
001140 	373 	55 	91 	91 
001141 	373 	55 	91 	91 
001142 	373 	55 	91 	91 
001143 	373 	55 	91 	91 
001144 	373 	55 	91 	91 
001145 	373 	55 	91 	91 
001146 	363 	55 	91 	91 
001147 	363 	55 	91 	91 
001148 	363 	55 	91 	91 
001149 	363 	55 	91 	91 
001150 	363 	55 	91 	91 
001151 	363 	55 	91 	91 
001152 	363 	55 	91 	91 
001153 	353 	55 	91 	91 
001154 	353 	55 	91 	91 
001155 	353 	55 	91 	91 
001156 	353 	55 	91 	91 
001157 	353 	55 	91 	91 
001158 	353 	55 	91 	91 
001159 	353 	55 	91 	91 
001160 	353 	55 	91 	91 
001161 	353 	55 	91 	91 
001162 	343 	55 	91 	91 
001163 	343 	55 	91 	91 
001164 	343 	55 	91 	91 
001165 	329 	54 	108 	109 
001166 	343 	55 	91 	91 
001167 	343 	55 	91 	91 
001168 	343 	55 	91 	91 
001169 	353 	55 	91 	91 
001170 	353 	55 	91 	91 
001171 	353 	55 	91 	91 
001172 	353 	55 	91 	91 
001173 	353 	55 	91 	91 
001174 	363 	55 	91 	91 
001175 	363 	45 	91 	91 
001176 	363 	45 	91 	91 
001177 	363 	45 	91 	91 
001178 	353 	43 	108 	108 
001179 	363 	55 	91 	91 
001180 	353 	43 	108 	108 
001181 	353 	43 	108 	108 
001182 	353 	43 	108 	108 
001183 	363 	55 	91 	91 
001184 	363 	55 	91 	91 
001185 	363 	55 	91 	91 
001186 	363 	55 	91 	91 
001187 	363 	55 	91 	91 
001188 	363 	55 	91 	91 
001189 	363 	55 	91 	91 
001190 	363 	55 	91 	91 
001191 	363 	55 	91 	91 
001192 	363 	55 	91 	91 
001193 	363 	55 	91 	91 
001194 	373 	55 	91 	91 
001195 	373 	55 	91 	91 
001196 	373 	55 	91 	91 
001197 	373 	55 	91 	91 
001198 	373 	55 	91 	91 
001199 	373 	55 	91 	91 
001200 	373 	55 	91 	91 
001201 	373 	55 	91 	91 
001202 	373 	55 	91 	91 
001203 	373 	55 	91 	91 
001204 	373 	55 	91 	91 
