Identity  : 	id10299
Reference : 	HcyUmRYz-aE
Offset    : 	0
FV Conf   : 	16.588
ASD Conf  : 	7.353

FRAME 	X 	Y 	W 	H 
002449 	493 	155 	90 	90 
002450 	503 	155 	90 	90 
002451 	503 	155 	90 	90 
002452 	503 	155 	90 	90 
002453 	503 	155 	90 	90 
002454 	503 	155 	90 	90 
002455 	503 	155 	90 	90 
002456 	503 	155 	90 	90 
002457 	493 	155 	90 	90 
002458 	483 	155 	90 	90 
002459 	483 	165 	90 	90 
002460 	463 	165 	90 	90 
002461 	448 	162 	109 	108 
002462 	453 	165 	90 	90 
002463 	436 	150 	109 	109 
002464 	453 	155 	90 	90 
002465 	453 	155 	90 	90 
002466 	453 	155 	90 	90 
002467 	453 	155 	90 	90 
002468 	463 	155 	90 	90 
002469 	463 	155 	90 	90 
002470 	473 	155 	90 	90 
002471 	473 	155 	90 	90 
002472 	483 	155 	90 	90 
002473 	483 	155 	90 	90 
002474 	493 	155 	90 	90 
002475 	493 	155 	90 	90 
002476 	493 	155 	90 	90 
002477 	493 	165 	90 	90 
002478 	493 	165 	90 	90 
002479 	483 	155 	90 	90 
002480 	483 	165 	90 	90 
002481 	473 	155 	90 	90 
002482 	473 	155 	90 	90 
002483 	473 	155 	90 	90 
002484 	473 	155 	90 	90 
002485 	473 	155 	90 	90 
002486 	473 	155 	90 	90 
002487 	473 	155 	90 	90 
002488 	460 	150 	109 	109 
002489 	460 	150 	109 	109 
002490 	463 	155 	90 	90 
002491 	463 	155 	90 	90 
002492 	448 	150 	109 	109 
002493 	453 	155 	90 	90 
002494 	453 	155 	90 	90 
002495 	453 	155 	90 	90 
002496 	453 	155 	90 	90 
002497 	453 	155 	90 	90 
002498 	453 	155 	90 	90 
002499 	463 	155 	90 	90 
002500 	463 	155 	90 	90 
002501 	473 	165 	90 	90 
002502 	473 	165 	90 	90 
002503 	473 	155 	90 	90 
002504 	483 	155 	90 	90 
002505 	483 	155 	90 	90 
002506 	483 	155 	90 	90 
002507 	493 	155 	90 	90 
002508 	493 	155 	90 	90 
002509 	493 	155 	90 	90 
002510 	483 	155 	90 	90 
002511 	483 	155 	90 	90 
002512 	483 	155 	90 	90 
002513 	483 	155 	90 	90 
002514 	472 	150 	109 	109 
002515 	483 	165 	90 	90 
002516 	473 	165 	90 	90 
002517 	473 	165 	90 	90 
002518 	473 	165 	90 	90 
002519 	473 	165 	90 	90 
002520 	473 	165 	90 	90 
002521 	473 	165 	90 	90 
002522 	473 	165 	90 	90 
002523 	473 	165 	90 	90 
002524 	473 	165 	90 	90 
002525 	473 	165 	90 	90 
002526 	473 	165 	90 	90 
002527 	473 	165 	90 	90 
002528 	473 	165 	90 	90 
002529 	473 	165 	90 	90 
002530 	473 	165 	90 	90 
002531 	473 	165 	90 	90 
002532 	473 	165 	90 	90 
002533 	473 	165 	90 	90 
002534 	473 	165 	90 	90 
002535 	483 	165 	90 	90 
002536 	483 	165 	90 	90 
002537 	483 	165 	90 	90 
002538 	483 	165 	90 	90 
002539 	483 	165 	90 	90 
002540 	483 	165 	90 	90 
002541 	483 	165 	90 	90 
002542 	483 	165 	90 	90 
002543 	483 	165 	90 	90 
002544 	483 	165 	90 	90 
002545 	493 	165 	90 	90 
002546 	493 	155 	90 	90 
002547 	493 	165 	90 	90 
002548 	503 	165 	90 	90 
002549 	503 	165 	90 	90 
002550 	493 	165 	90 	90 
002551 	493 	165 	90 	90 
002552 	493 	165 	90 	90 
002553 	493 	165 	90 	90 
002554 	493 	165 	90 	90 
002555 	493 	165 	90 	90 
002556 	493 	165 	90 	90 
002557 	493 	165 	90 	90 
002558 	493 	165 	90 	90 
002559 	493 	165 	90 	90 
002560 	493 	165 	90 	90 
002561 	493 	165 	90 	90 
002562 	493 	165 	90 	90 
002563 	493 	165 	90 	90 
002564 	493 	165 	90 	90 
002565 	493 	165 	90 	90 
002566 	493 	165 	90 	90 
002567 	493 	165 	90 	90 
002568 	493 	165 	90 	90 
002569 	493 	165 	90 	90 
002570 	493 	165 	90 	90 
002571 	493 	165 	90 	90 
002572 	493 	165 	90 	90 
002573 	493 	165 	90 	90 
002574 	483 	165 	90 	90 
002575 	483 	165 	90 	90 
002576 	483 	155 	90 	90 
002577 	473 	155 	90 	90 
002578 	473 	155 	90 	90 
002579 	473 	155 	90 	90 
002580 	473 	155 	90 	90 
002581 	473 	155 	90 	90 
002582 	473 	155 	90 	90 
002583 	473 	155 	90 	90 
002584 	473 	155 	90 	90 
002585 	473 	155 	90 	90 
002586 	483 	165 	90 	90 
002587 	473 	155 	90 	90 
002588 	473 	155 	90 	90 
002589 	473 	155 	90 	90 
002590 	473 	155 	90 	90 
002591 	473 	165 	90 	90 
002592 	473 	165 	90 	90 
002593 	473 	165 	90 	90 
