Identity  : 	id10292
Reference : 	azw51ZGuz9k
Offset    : 	-4
FV Conf   : 	15.179
ASD Conf  : 	6.043

FRAME 	X 	Y 	W 	H 
008867 	221 	90 	109 	109 
008868 	221 	90 	109 	109 
008869 	221 	102 	109 	109 
008870 	221 	102 	109 	109 
008871 	224 	105 	91 	91 
008872 	209 	90 	109 	109 
008873 	209 	90 	109 	109 
008874 	194 	80 	130 	130 
008875 	194 	80 	130 	130 
008876 	194 	80 	130 	130 
008877 	194 	80 	130 	130 
008878 	194 	80 	130 	130 
008879 	194 	80 	130 	130 
008880 	194 	80 	130 	130 
008881 	197 	90 	109 	109 
008882 	197 	90 	109 	109 
008883 	197 	90 	109 	109 
008884 	214 	105 	91 	91 
008885 	197 	90 	109 	109 
008886 	197 	90 	109 	109 
008887 	197 	90 	109 	109 
008888 	197 	90 	109 	109 
008889 	197 	90 	109 	109 
008890 	197 	90 	109 	109 
008891 	197 	90 	109 	109 
008892 	197 	102 	109 	109 
008893 	197 	102 	109 	109 
008894 	197 	102 	109 	109 
008895 	197 	102 	109 	109 
008896 	197 	102 	109 	109 
008897 	214 	105 	91 	91 
008898 	197 	90 	109 	109 
008899 	197 	102 	109 	109 
008900 	197 	102 	109 	109 
008901 	197 	102 	109 	109 
008902 	214 	105 	91 	91 
008903 	209 	102 	109 	109 
008904 	209 	102 	109 	109 
008905 	209 	102 	109 	109 
008906 	209 	102 	109 	109 
008907 	214 	105 	91 	91 
008908 	194 	80 	130 	130 
008909 	194 	80 	130 	130 
008910 	194 	80 	130 	130 
008911 	194 	80 	130 	130 
008912 	194 	80 	130 	130 
008913 	194 	80 	130 	130 
008914 	194 	80 	130 	130 
008915 	194 	80 	130 	130 
008916 	209 	90 	109 	109 
008917 	209 	90 	109 	109 
008918 	209 	90 	109 	109 
008919 	209 	90 	109 	109 
008920 	209 	90 	109 	109 
008921 	209 	90 	109 	109 
008922 	209 	90 	109 	109 
008923 	209 	90 	109 	109 
008924 	209 	90 	109 	109 
008925 	209 	90 	109 	109 
008926 	209 	90 	109 	109 
008927 	209 	90 	109 	109 
008928 	209 	90 	109 	109 
008929 	209 	90 	109 	109 
008930 	209 	78 	109 	109 
008931 	209 	90 	109 	109 
008932 	221 	90 	109 	109 
008933 	221 	90 	109 	109 
008934 	233 	90 	109 	109 
008935 	245 	90 	109 	109 
008936 	245 	90 	109 	109 
008937 	257 	90 	109 	109 
008938 	257 	90 	109 	109 
008939 	269 	90 	108 	109 
008940 	269 	90 	108 	109 
008941 	257 	102 	109 	109 
008942 	269 	90 	108 	109 
008943 	257 	102 	109 	109 
008944 	257 	102 	109 	109 
008945 	269 	90 	108 	109 
008946 	257 	90 	109 	109 
008947 	257 	90 	109 	109 
008948 	257 	90 	109 	109 
008949 	257 	90 	109 	109 
008950 	257 	90 	109 	109 
008951 	257 	90 	109 	109 
008952 	257 	90 	109 	109 
008953 	257 	90 	109 	109 
008954 	257 	90 	109 	109 
008955 	245 	102 	109 	109 
008956 	245 	102 	109 	109 
008957 	237 	94 	130 	130 
008958 	245 	102 	109 	109 
008959 	245 	102 	109 	109 
008960 	245 	102 	109 	109 
008961 	245 	90 	109 	109 
008962 	245 	90 	109 	109 
008963 	245 	90 	109 	109 
008964 	245 	90 	109 	109 
008965 	245 	90 	109 	109 
008966 	245 	102 	109 	109 
008967 	245 	90 	109 	109 
008968 	245 	102 	109 	109 
008969 	245 	90 	109 	109 
008970 	245 	90 	109 	109 
008971 	245 	90 	109 	109 
008972 	245 	90 	109 	109 
008973 	245 	90 	109 	109 
008974 	245 	102 	109 	109 
008975 	245 	90 	109 	109 
008976 	245 	102 	109 	109 
008977 	245 	90 	109 	109 
008978 	245 	102 	109 	109 
008979 	245 	102 	109 	109 
008980 	245 	102 	109 	109 
008981 	245 	102 	109 	109 
008982 	245 	102 	109 	109 
008983 	245 	102 	109 	109 
008984 	245 	90 	109 	109 
008985 	245 	90 	109 	109 
008986 	245 	90 	109 	109 
008987 	245 	90 	109 	109 
008988 	245 	90 	109 	109 
008989 	245 	90 	109 	109 
008990 	245 	90 	109 	109 
008991 	245 	90 	109 	109 
008992 	245 	90 	109 	109 
008993 	245 	90 	109 	109 
008994 	245 	90 	109 	109 
008995 	233 	90 	109 	109 
008996 	233 	90 	109 	109 
008997 	233 	90 	109 	109 
008998 	233 	90 	109 	109 
008999 	233 	90 	109 	109 
009000 	233 	90 	109 	109 
009001 	221 	90 	109 	109 
009002 	221 	90 	109 	109 
009003 	221 	90 	109 	109 
009004 	221 	90 	109 	109 
009005 	221 	90 	109 	109 
009006 	221 	90 	109 	109 
009007 	221 	90 	109 	109 
009008 	221 	90 	109 	109 
009009 	221 	90 	109 	109 
009010 	221 	90 	109 	109 
009011 	221 	90 	109 	109 
009012 	221 	90 	109 	109 
009013 	221 	90 	109 	109 
009014 	221 	90 	109 	109 
009015 	221 	90 	109 	109 
009016 	221 	90 	109 	109 
009017 	221 	90 	109 	109 
009018 	221 	90 	109 	109 
009019 	221 	90 	109 	109 
009020 	221 	90 	109 	109 
009021 	221 	90 	109 	109 
009022 	221 	102 	109 	109 
009023 	221 	102 	109 	109 
009024 	221 	102 	109 	109 
009025 	221 	114 	109 	109 
009026 	221 	114 	109 	109 
009027 	221 	102 	109 	109 
009028 	221 	102 	109 	109 
009029 	221 	102 	109 	109 
009030 	221 	102 	109 	109 
009031 	221 	102 	109 	109 
009032 	221 	102 	109 	109 
009033 	221 	102 	109 	109 
009034 	221 	102 	109 	109 
009035 	221 	102 	109 	109 
009036 	221 	90 	109 	109 
009037 	221 	90 	109 	109 
009038 	221 	102 	109 	109 
009039 	221 	102 	109 	109 
009040 	233 	102 	109 	109 
009041 	233 	102 	109 	109 
009042 	233 	102 	109 	109 
009043 	233 	102 	109 	109 
009044 	233 	102 	109 	109 
009045 	233 	102 	109 	109 
009046 	233 	102 	109 	109 
009047 	233 	102 	109 	109 
009048 	233 	90 	109 	109 
009049 	245 	90 	109 	109 
009050 	245 	90 	109 	109 
009051 	245 	90 	109 	109 
009052 	245 	90 	109 	109 
009053 	245 	90 	109 	109 
009054 	245 	90 	109 	109 
009055 	233 	90 	109 	109 
009056 	233 	90 	109 	109 
009057 	233 	90 	109 	109 
009058 	233 	90 	109 	109 
009059 	233 	90 	109 	109 
009060 	233 	90 	109 	109 
009061 	233 	90 	109 	109 
009062 	233 	90 	109 	109 
009063 	233 	90 	109 	109 
009064 	233 	90 	109 	109 
009065 	233 	90 	109 	109 
009066 	221 	90 	109 	109 
009067 	221 	90 	109 	109 
009068 	221 	90 	109 	109 
009069 	221 	90 	109 	109 
009070 	221 	90 	109 	109 
009071 	221 	90 	109 	109 
009072 	221 	90 	109 	109 
009073 	221 	90 	109 	109 
009074 	221 	90 	109 	109 
009075 	221 	90 	109 	109 
009076 	221 	90 	109 	109 
009077 	221 	90 	109 	109 
009078 	221 	90 	109 	109 
009079 	221 	90 	109 	109 
009080 	221 	90 	109 	109 
009081 	221 	90 	109 	109 
009082 	221 	90 	109 	109 
009083 	221 	90 	109 	109 
009084 	221 	90 	109 	109 
009085 	209 	90 	109 	109 
009086 	209 	90 	109 	109 
009087 	209 	90 	109 	109 
009088 	209 	90 	109 	109 
009089 	209 	90 	109 	109 
009090 	209 	90 	109 	109 
009091 	209 	90 	109 	109 
009092 	209 	90 	109 	109 
009093 	209 	90 	109 	109 
009094 	209 	90 	109 	109 
009095 	209 	90 	109 	109 
009096 	209 	90 	109 	109 
009097 	221 	90 	109 	109 
009098 	221 	90 	109 	109 
009099 	221 	90 	109 	109 
009100 	221 	90 	109 	109 
009101 	221 	90 	109 	109 
009102 	221 	90 	109 	109 
009103 	221 	90 	109 	109 
009104 	221 	90 	109 	109 
009105 	221 	90 	109 	109 
009106 	221 	90 	109 	109 
009107 	221 	90 	109 	109 
009108 	221 	90 	109 	109 
009109 	221 	90 	109 	109 
009110 	233 	90 	109 	109 
009111 	233 	90 	109 	109 
009112 	233 	90 	109 	109 
009113 	233 	78 	109 	109 
009114 	233 	78 	109 	109 
009115 	233 	90 	109 	109 
009116 	233 	90 	109 	109 
009117 	233 	90 	109 	109 
009118 	233 	78 	109 	109 
009119 	233 	78 	109 	109 
009120 	233 	78 	109 	109 
009121 	233 	78 	109 	109 
009122 	233 	78 	109 	109 
009123 	233 	78 	109 	109 
009124 	233 	78 	109 	109 
009125 	233 	78 	109 	109 
009126 	233 	78 	109 	109 
009127 	233 	78 	109 	109 
009128 	233 	78 	109 	109 
009129 	233 	78 	109 	109 
009130 	233 	78 	109 	109 
009131 	233 	78 	109 	109 
009132 	233 	78 	109 	109 
009133 	233 	78 	109 	109 
009134 	233 	78 	109 	109 
009135 	233 	78 	109 	109 
009136 	233 	78 	109 	109 
009137 	233 	78 	109 	109 
009138 	245 	78 	109 	109 
009139 	245 	78 	109 	109 
009140 	245 	78 	109 	109 
009141 	245 	78 	109 	109 
009142 	245 	78 	109 	109 
009143 	245 	78 	109 	109 
009144 	245 	78 	109 	109 
009145 	245 	78 	109 	109 
009146 	245 	78 	109 	109 
009147 	245 	78 	109 	109 
009148 	245 	78 	109 	109 
009149 	245 	78 	109 	109 
009150 	245 	90 	109 	109 
009151 	245 	90 	109 	109 
009152 	245 	90 	109 	109 
009153 	245 	90 	109 	109 
009154 	245 	90 	109 	109 
009155 	245 	90 	109 	109 
009156 	245 	90 	109 	109 
009157 	233 	90 	109 	109 
009158 	233 	90 	109 	109 
