Identity  : 	id10306
Reference : 	tuOl16Buy1Y
Offset    : 	-1
FV Conf   : 	15.621
ASD Conf  : 	7.117

FRAME 	X 	Y 	W 	H 
010879 	373 	95 	91 	91 
010880 	373 	95 	91 	91 
010881 	373 	95 	91 	91 
010882 	363 	85 	91 	91 
010883 	353 	78 	108 	109 
010884 	363 	85 	91 	91 
010885 	363 	85 	91 	91 
010886 	363 	85 	91 	91 
010887 	363 	85 	91 	91 
010888 	363 	85 	91 	91 
010889 	363 	85 	91 	91 
010890 	363 	85 	91 	91 
010891 	363 	85 	91 	91 
010892 	363 	85 	91 	91 
010893 	363 	85 	91 	91 
010894 	353 	66 	108 	109 
010895 	353 	66 	108 	109 
010896 	353 	66 	108 	109 
010897 	353 	66 	108 	109 
010898 	353 	66 	108 	109 
010899 	353 	66 	108 	109 
010900 	353 	66 	108 	109 
010901 	353 	66 	108 	109 
010902 	353 	66 	108 	109 
010903 	353 	66 	108 	109 
010904 	353 	66 	108 	109 
010905 	353 	66 	108 	109 
010906 	353 	66 	108 	109 
010907 	353 	66 	108 	109 
010908 	353 	66 	108 	109 
010909 	353 	66 	108 	109 
010910 	353 	66 	108 	109 
010911 	353 	66 	108 	109 
010912 	353 	66 	108 	109 
010913 	353 	66 	108 	109 
010914 	353 	66 	108 	109 
010915 	363 	75 	91 	91 
010916 	353 	66 	108 	109 
010917 	363 	75 	91 	91 
010918 	363 	75 	91 	91 
010919 	363 	75 	91 	91 
010920 	363 	75 	91 	91 
010921 	353 	66 	108 	109 
010922 	353 	66 	108 	109 
010923 	353 	66 	108 	109 
010924 	353 	66 	108 	109 
010925 	353 	66 	108 	109 
010926 	353 	66 	108 	109 
010927 	353 	66 	108 	109 
010928 	341 	66 	108 	109 
010929 	341 	66 	108 	109 
010930 	341 	66 	108 	109 
010931 	341 	66 	108 	109 
010932 	341 	66 	108 	109 
010933 	341 	66 	108 	109 
010934 	341 	66 	108 	109 
010935 	341 	66 	108 	109 
010936 	341 	66 	108 	109 
010937 	341 	66 	108 	109 
010938 	341 	66 	108 	109 
010939 	341 	66 	108 	109 
010940 	341 	66 	108 	109 
010941 	341 	66 	108 	109 
010942 	341 	66 	108 	109 
010943 	341 	66 	108 	109 
010944 	341 	66 	108 	109 
010945 	341 	66 	108 	109 
010946 	341 	66 	108 	109 
010947 	341 	66 	108 	109 
010948 	341 	66 	108 	109 
010949 	341 	66 	108 	109 
010950 	341 	66 	108 	109 
010951 	341 	66 	108 	109 
010952 	341 	66 	108 	109 
010953 	341 	66 	108 	109 
010954 	341 	66 	108 	109 
010955 	341 	66 	108 	109 
010956 	341 	66 	108 	109 
010957 	353 	66 	108 	109 
010958 	363 	75 	91 	91 
010959 	353 	66 	108 	109 
010960 	353 	66 	108 	109 
010961 	353 	66 	108 	109 
010962 	353 	66 	108 	109 
010963 	353 	66 	108 	109 
010964 	353 	66 	108 	109 
010965 	353 	66 	108 	109 
010966 	353 	66 	108 	109 
010967 	353 	66 	108 	109 
010968 	353 	66 	108 	109 
010969 	353 	66 	108 	109 
010970 	353 	66 	108 	109 
010971 	353 	66 	108 	109 
010972 	353 	66 	108 	109 
010973 	353 	66 	108 	109 
010974 	353 	66 	108 	109 
010975 	353 	66 	108 	109 
010976 	353 	66 	108 	109 
010977 	353 	66 	108 	109 
010978 	353 	66 	108 	109 
010979 	353 	66 	108 	109 
010980 	353 	66 	108 	109 
010981 	353 	66 	108 	109 
010982 	353 	66 	108 	109 
010983 	341 	66 	108 	109 
010984 	341 	66 	108 	109 
010985 	341 	66 	108 	109 
010986 	353 	75 	91 	91 
010987 	341 	66 	108 	109 
010988 	341 	66 	108 	109 
010989 	341 	66 	108 	109 
010990 	341 	66 	108 	109 
010991 	341 	66 	108 	109 
010992 	341 	78 	108 	109 
010993 	341 	66 	108 	109 
010994 	353 	85 	91 	91 
010995 	341 	78 	108 	109 
010996 	341 	66 	108 	109 
010997 	341 	66 	108 	109 
010998 	341 	66 	108 	109 
010999 	341 	66 	108 	109 
011000 	341 	66 	108 	109 
011001 	341 	66 	108 	109 
011002 	353 	75 	91 	91 
011003 	341 	66 	108 	109 
011004 	341 	66 	108 	109 
011005 	353 	75 	91 	91 
011006 	341 	66 	108 	109 
011007 	353 	75 	91 	91 
011008 	353 	75 	91 	91 
011009 	353 	75 	91 	91 
011010 	341 	66 	108 	109 
011011 	341 	66 	108 	109 
011012 	341 	66 	108 	109 
011013 	353 	85 	91 	91 
011014 	353 	85 	91 	91 
011015 	353 	85 	91 	91 
011016 	353 	85 	91 	91 
011017 	353 	85 	91 	91 
011018 	353 	85 	91 	91 
011019 	353 	85 	91 	91 
011020 	353 	85 	91 	91 
011021 	341 	66 	108 	109 
011022 	341 	66 	108 	109 
011023 	341 	66 	108 	109 
011024 	341 	66 	108 	109 
011025 	341 	66 	108 	109 
011026 	341 	66 	108 	109 
011027 	341 	66 	108 	109 
011028 	341 	66 	108 	109 
011029 	341 	66 	108 	109 
011030 	341 	66 	108 	109 
011031 	353 	75 	91 	91 
011032 	341 	66 	108 	109 
011033 	353 	85 	91 	91 
011034 	353 	85 	91 	91 
011035 	353 	75 	91 	91 
011036 	353 	75 	91 	91 
011037 	341 	66 	108 	109 
011038 	341 	66 	108 	109 
011039 	341 	66 	108 	109 
011040 	341 	66 	108 	109 
011041 	341 	66 	108 	109 
011042 	341 	66 	108 	109 
011043 	363 	75 	91 	91 
011044 	353 	66 	108 	109 
011045 	353 	66 	108 	109 
011046 	353 	66 	108 	109 
011047 	353 	66 	108 	109 
