Identity  : 	id10300
Reference : 	mYSVs_d1aMQ
Offset    : 	0
FV Conf   : 	14.634
ASD Conf  : 	6.659

FRAME 	X 	Y 	W 	H 
001167 	126 	114 	108 	109 
001168 	126 	114 	108 	109 
001169 	126 	114 	108 	109 
001170 	126 	114 	108 	109 
001171 	138 	114 	108 	109 
001172 	138 	114 	108 	109 
001173 	138 	114 	108 	109 
001174 	138 	114 	108 	109 
001175 	138 	126 	108 	109 
001176 	138 	126 	108 	109 
001177 	126 	114 	108 	109 
001178 	138 	126 	108 	109 
001179 	138 	126 	108 	109 
001180 	138 	126 	108 	109 
001181 	138 	126 	108 	109 
001182 	138 	126 	108 	109 
001183 	138 	126 	108 	109 
001184 	138 	126 	108 	109 
001185 	138 	126 	108 	109 
001186 	138 	126 	108 	109 
001187 	126 	114 	108 	109 
001188 	126 	114 	108 	109 
001189 	126 	114 	108 	109 
001190 	126 	114 	108 	109 
001191 	126 	114 	108 	109 
001192 	126 	114 	108 	109 
001193 	126 	114 	108 	109 
001194 	126 	114 	108 	109 
001195 	126 	114 	108 	109 
001196 	126 	114 	108 	109 
001197 	126 	114 	108 	109 
001198 	126 	114 	108 	109 
001199 	126 	114 	108 	109 
001200 	126 	114 	108 	109 
001201 	126 	114 	108 	109 
001202 	126 	114 	108 	109 
001203 	126 	114 	108 	109 
001204 	126 	114 	108 	109 
001205 	126 	114 	108 	109 
001206 	108 	94 	130 	130 
001207 	138 	102 	108 	109 
001208 	138 	102 	108 	109 
001209 	138 	102 	108 	109 
001210 	138 	102 	108 	109 
001211 	138 	90 	108 	109 
001212 	126 	90 	108 	109 
001213 	138 	90 	108 	109 
001214 	138 	90 	108 	109 
001215 	138 	102 	108 	109 
001216 	138 	102 	108 	109 
001217 	138 	102 	108 	109 
001218 	138 	102 	108 	109 
001219 	138 	102 	108 	109 
001220 	138 	102 	108 	109 
001221 	138 	102 	108 	109 
001222 	138 	102 	108 	109 
001223 	126 	90 	108 	109 
001224 	126 	90 	108 	109 
001225 	138 	90 	108 	109 
001226 	138 	90 	108 	109 
001227 	138 	90 	108 	109 
001228 	126 	90 	108 	109 
001229 	126 	90 	108 	109 
001230 	138 	102 	108 	109 
001231 	138 	102 	108 	109 
001232 	138 	102 	108 	109 
001233 	138 	102 	108 	109 
001234 	138 	102 	108 	109 
001235 	138 	102 	108 	109 
001236 	138 	102 	108 	109 
001237 	138 	102 	108 	109 
001238 	138 	102 	108 	109 
001239 	138 	102 	108 	109 
001240 	138 	102 	108 	109 
001241 	138 	102 	108 	109 
001242 	138 	102 	108 	109 
001243 	138 	102 	108 	109 
001244 	138 	102 	108 	109 
001245 	138 	102 	108 	109 
001246 	138 	102 	108 	109 
001247 	138 	102 	108 	109 
001248 	138 	102 	108 	109 
001249 	138 	102 	108 	109 
001250 	138 	114 	108 	109 
001251 	138 	114 	108 	109 
001252 	138 	114 	108 	109 
001253 	138 	114 	108 	109 
001254 	138 	114 	108 	109 
001255 	138 	114 	108 	109 
001256 	138 	102 	108 	109 
001257 	138 	102 	108 	109 
001258 	138 	102 	108 	109 
001259 	138 	102 	108 	109 
001260 	138 	102 	108 	109 
001261 	138 	102 	108 	109 
001262 	138 	102 	108 	109 
001263 	138 	90 	108 	109 
001264 	150 	102 	108 	109 
001265 	150 	102 	108 	109 
001266 	150 	102 	108 	109 
001267 	161 	102 	109 	109 
001268 	161 	102 	109 	109 
001269 	161 	102 	109 	109 
001270 	161 	102 	109 	109 
001271 	173 	102 	109 	109 
001272 	173 	102 	109 	109 
001273 	173 	102 	109 	109 
001274 	173 	102 	109 	109 
001275 	173 	102 	109 	109 
001276 	173 	102 	109 	109 
001277 	173 	102 	109 	109 
001278 	173 	114 	109 	109 
001279 	173 	114 	109 	109 
001280 	173 	114 	109 	109 
001281 	184 	125 	91 	90 
001282 	173 	126 	109 	109 
001283 	194 	135 	91 	90 
001284 	194 	135 	91 	90 
001285 	194 	135 	91 	90 
001286 	194 	135 	91 	90 
001287 	194 	135 	91 	90 
001288 	194 	135 	91 	90 
001289 	194 	135 	91 	90 
001290 	185 	114 	109 	109 
001291 	185 	114 	109 	109 
001292 	185 	114 	109 	109 
001293 	185 	114 	109 	109 
001294 	194 	125 	91 	90 
001295 	185 	114 	109 	109 
001296 	185 	114 	109 	109 
001297 	173 	114 	109 	109 
001298 	173 	102 	109 	109 
001299 	173 	102 	109 	109 
001300 	173 	102 	109 	109 
001301 	173 	102 	109 	109 
001302 	173 	102 	109 	109 
001303 	173 	102 	109 	109 
001304 	173 	102 	109 	109 
001305 	173 	102 	109 	109 
001306 	173 	102 	109 	109 
001307 	173 	102 	109 	109 
001308 	173 	102 	109 	109 
001309 	173 	102 	109 	109 
001310 	173 	102 	109 	109 
001311 	173 	102 	109 	109 
001312 	173 	102 	109 	109 
001313 	173 	102 	109 	109 
001314 	173 	102 	109 	109 
001315 	173 	102 	109 	109 
001316 	173 	102 	109 	109 
001317 	173 	102 	109 	109 
001318 	173 	114 	109 	109 
001319 	173 	114 	109 	109 
001320 	173 	114 	109 	109 
001321 	173 	114 	109 	109 
001322 	173 	114 	109 	109 
001323 	173 	114 	109 	109 
001324 	173 	114 	109 	109 
001325 	173 	114 	109 	109 
001326 	173 	114 	109 	109 
001327 	173 	114 	109 	109 
001328 	173 	114 	109 	109 
001329 	173 	114 	109 	109 
001330 	173 	114 	109 	109 
001331 	173 	114 	109 	109 
001332 	173 	114 	109 	109 
001333 	173 	114 	109 	109 
001334 	173 	114 	109 	109 
001335 	173 	114 	109 	109 
001336 	173 	114 	109 	109 
001337 	173 	114 	109 	109 
001338 	173 	102 	109 	109 
001339 	173 	102 	109 	109 
001340 	184 	115 	91 	91 
001341 	173 	102 	109 	109 
001342 	184 	115 	91 	91 
001343 	173 	114 	109 	109 
001344 	173 	114 	109 	109 
001345 	173 	114 	109 	109 
001346 	173 	114 	109 	109 
001347 	173 	114 	109 	109 
001348 	173 	114 	109 	109 
001349 	173 	114 	109 	109 
001350 	173 	114 	109 	109 
001351 	173 	102 	109 	109 
001352 	173 	102 	109 	109 
001353 	173 	102 	109 	109 
001354 	185 	102 	109 	109 
001355 	185 	102 	109 	109 
001356 	185 	102 	109 	109 
001357 	185 	102 	109 	109 
001358 	185 	102 	109 	109 
001359 	185 	102 	109 	109 
001360 	185 	102 	109 	109 
001361 	185 	102 	109 	109 
001362 	185 	102 	109 	109 
001363 	185 	102 	109 	109 
001364 	185 	102 	109 	109 
001365 	185 	102 	109 	109 
001366 	185 	102 	109 	109 
001367 	185 	102 	109 	109 
001368 	185 	102 	109 	109 
001369 	185 	102 	109 	109 
001370 	185 	102 	109 	109 
001371 	185 	102 	109 	109 
001372 	185 	102 	109 	109 
001373 	185 	102 	109 	109 
001374 	185 	102 	109 	109 
001375 	185 	102 	109 	109 
001376 	185 	102 	109 	109 
001377 	185 	102 	109 	109 
001378 	185 	102 	109 	109 
001379 	185 	102 	109 	109 
001380 	185 	102 	109 	109 
001381 	185 	102 	109 	109 
001382 	194 	105 	91 	91 
001383 	194 	105 	91 	91 
001384 	194 	105 	91 	91 
001385 	185 	102 	109 	109 
