Identity  : 	id10300
Reference : 	mYSVs_d1aMQ
Offset    : 	0
FV Conf   : 	14.634
ASD Conf  : 	6.278

FRAME 	X 	Y 	W 	H 
001612 	150 	102 	108 	109 
001613 	150 	102 	108 	109 
001614 	150 	102 	108 	109 
001615 	150 	102 	108 	109 
001616 	150 	102 	108 	109 
001617 	150 	102 	108 	109 
001618 	150 	102 	108 	109 
001619 	150 	102 	108 	109 
001620 	150 	102 	108 	109 
001621 	150 	102 	108 	109 
001622 	150 	102 	108 	109 
001623 	150 	102 	108 	109 
001624 	150 	102 	108 	109 
001625 	150 	102 	108 	109 
001626 	150 	102 	108 	109 
001627 	150 	102 	108 	109 
001628 	138 	102 	108 	109 
001629 	138 	102 	108 	109 
001630 	126 	90 	108 	109 
001631 	126 	90 	108 	109 
001632 	126 	90 	108 	109 
001633 	126 	90 	108 	109 
001634 	126 	90 	108 	109 
001635 	126 	90 	108 	109 
001636 	126 	90 	108 	109 
001637 	126 	90 	108 	109 
001638 	126 	102 	108 	109 
001639 	122 	80 	130 	130 
001640 	122 	80 	130 	130 
001641 	122 	80 	130 	130 
001642 	122 	80 	130 	130 
001643 	122 	80 	130 	130 
001644 	126 	90 	108 	109 
001645 	126 	90 	108 	109 
001646 	126 	90 	108 	109 
001647 	126 	90 	108 	109 
001648 	122 	80 	130 	130 
001649 	122 	80 	130 	130 
001650 	122 	80 	130 	130 
001651 	122 	80 	130 	130 
001652 	122 	80 	130 	130 
001653 	122 	80 	130 	130 
001654 	138 	90 	108 	109 
001655 	138 	90 	108 	109 
001656 	138 	90 	108 	109 
001657 	138 	90 	108 	109 
001658 	138 	90 	108 	109 
001659 	138 	90 	108 	109 
001660 	138 	90 	108 	109 
001661 	138 	90 	108 	109 
001662 	138 	90 	108 	109 
001663 	138 	90 	108 	109 
001664 	138 	90 	108 	109 
001665 	138 	90 	108 	109 
001666 	138 	90 	108 	109 
001667 	138 	90 	108 	109 
001668 	138 	90 	108 	109 
001669 	138 	90 	108 	109 
001670 	138 	90 	108 	109 
001671 	138 	90 	108 	109 
001672 	138 	90 	108 	109 
001673 	138 	90 	108 	109 
001674 	126 	90 	108 	109 
001675 	126 	90 	108 	109 
001676 	126 	90 	108 	109 
001677 	126 	90 	108 	109 
001678 	126 	90 	108 	109 
001679 	126 	90 	108 	109 
001680 	126 	90 	108 	109 
001681 	126 	90 	108 	109 
001682 	126 	90 	108 	109 
001683 	126 	90 	108 	109 
001684 	126 	90 	108 	109 
001685 	126 	90 	108 	109 
001686 	126 	90 	108 	109 
001687 	126 	90 	108 	109 
001688 	126 	90 	108 	109 
001689 	126 	90 	108 	109 
001690 	126 	90 	108 	109 
001691 	126 	90 	108 	109 
001692 	126 	90 	108 	109 
001693 	126 	90 	108 	109 
001694 	126 	90 	108 	109 
001695 	126 	90 	108 	109 
001696 	126 	90 	108 	109 
001697 	126 	90 	108 	109 
001698 	138 	90 	108 	109 
001699 	138 	90 	108 	109 
001700 	138 	90 	108 	109 
001701 	138 	90 	108 	109 
001702 	138 	90 	108 	109 
001703 	138 	90 	108 	109 
001704 	138 	90 	108 	109 
001705 	138 	90 	108 	109 
001706 	138 	90 	108 	109 
001707 	138 	90 	108 	109 
001708 	150 	90 	108 	109 
001709 	150 	90 	108 	109 
001710 	150 	90 	108 	109 
001711 	150 	90 	108 	109 
001712 	150 	90 	108 	109 
001713 	150 	90 	108 	109 
001714 	150 	90 	108 	109 
001715 	150 	90 	108 	109 
001716 	150 	90 	108 	109 
001717 	150 	90 	108 	109 
001718 	150 	102 	108 	109 
001719 	150 	102 	108 	109 
001720 	150 	102 	108 	109 
001721 	150 	102 	108 	109 
001722 	164 	105 	91 	91 
001723 	164 	105 	91 	91 
001724 	164 	105 	91 	91 
001725 	164 	105 	91 	91 
001726 	150 	90 	108 	109 
001727 	150 	90 	108 	109 
001728 	150 	90 	108 	109 
001729 	150 	90 	108 	109 
001730 	150 	90 	108 	109 
001731 	150 	90 	108 	109 
001732 	150 	90 	108 	109 
001733 	150 	90 	108 	109 
001734 	150 	90 	108 	109 
001735 	150 	90 	108 	109 
001736 	138 	90 	108 	109 
001737 	138 	90 	108 	109 
001738 	138 	90 	108 	109 
001739 	138 	90 	108 	109 
001740 	138 	90 	108 	109 
001741 	144 	95 	91 	91 
001742 	138 	90 	108 	109 
001743 	138 	90 	108 	109 
001744 	138 	90 	108 	109 
001745 	138 	90 	108 	109 
001746 	138 	90 	108 	109 
001747 	138 	90 	108 	109 
001748 	138 	90 	108 	109 
001749 	138 	90 	108 	109 
001750 	138 	90 	108 	109 
001751 	138 	90 	108 	109 
001752 	138 	102 	108 	109 
001753 	154 	105 	91 	91 
001754 	154 	105 	91 	91 
001755 	154 	105 	91 	91 
001756 	154 	105 	91 	91 
001757 	154 	105 	91 	91 
001758 	154 	105 	91 	91 
001759 	154 	105 	91 	91 
001760 	154 	105 	91 	91 
001761 	154 	105 	91 	91 
001762 	154 	105 	91 	91 
001763 	138 	102 	108 	109 
001764 	138 	102 	108 	109 
001765 	138 	102 	108 	109 
001766 	138 	102 	108 	109 
001767 	138 	102 	108 	109 
001768 	138 	102 	108 	109 
001769 	138 	102 	108 	109 
001770 	138 	102 	108 	109 
001771 	138 	102 	108 	109 
001772 	138 	102 	108 	109 
001773 	138 	102 	108 	109 
001774 	138 	102 	108 	109 
001775 	138 	102 	108 	109 
001776 	138 	102 	108 	109 
001777 	138 	102 	108 	109 
001778 	138 	102 	108 	109 
001779 	138 	102 	108 	109 
001780 	138 	102 	108 	109 
001781 	138 	102 	108 	109 
001782 	138 	102 	108 	109 
001783 	138 	102 	108 	109 
001784 	138 	102 	108 	109 
001785 	138 	102 	108 	109 
001786 	138 	102 	108 	109 
001787 	138 	102 	108 	109 
001788 	126 	90 	108 	109 
001789 	126 	90 	108 	109 
001790 	108 	80 	130 	130 
001791 	114 	90 	108 	109 
001792 	114 	90 	108 	109 
001793 	114 	90 	108 	109 
001794 	114 	90 	108 	109 
001795 	94 	80 	130 	130 
001796 	94 	80 	130 	130 
001797 	102 	90 	108 	109 
001798 	102 	90 	108 	109 
001799 	102 	90 	108 	109 
001800 	102 	90 	108 	109 
001801 	102 	90 	108 	109 
001802 	79 	80 	130 	130 
001803 	79 	80 	130 	130 
001804 	79 	80 	130 	130 
001805 	102 	90 	108 	109 
001806 	102 	90 	108 	109 
001807 	102 	90 	108 	109 
001808 	94 	80 	130 	130 
001809 	114 	90 	108 	109 
001810 	114 	90 	108 	109 
001811 	114 	90 	108 	109 
001812 	108 	80 	130 	130 
001813 	108 	80 	130 	130 
001814 	114 	90 	108 	109 
001815 	108 	80 	130 	130 
001816 	114 	90 	108 	109 
001817 	114 	90 	108 	109 
001818 	114 	90 	108 	109 
001819 	108 	80 	130 	130 
001820 	108 	80 	130 	130 
001821 	108 	80 	130 	130 
001822 	108 	80 	130 	130 
001823 	126 	90 	108 	109 
001824 	108 	80 	130 	130 
001825 	126 	90 	108 	109 
001826 	108 	80 	130 	130 
001827 	126 	90 	108 	109 
001828 	126 	90 	108 	109 
001829 	126 	90 	108 	109 
001830 	126 	90 	108 	109 
001831 	126 	90 	108 	109 
001832 	126 	90 	108 	109 
001833 	126 	90 	108 	109 
001834 	108 	80 	130 	130 
001835 	108 	80 	130 	130 
001836 	126 	90 	108 	109 
001837 	126 	90 	108 	109 
001838 	108 	80 	130 	130 
001839 	108 	80 	130 	130 
001840 	114 	90 	108 	109 
001841 	114 	102 	108 	109 
001842 	114 	102 	108 	109 
001843 	114 	102 	108 	109 
001844 	114 	102 	108 	109 
001845 	114 	102 	108 	109 
001846 	114 	102 	108 	109 
001847 	114 	102 	108 	109 
001848 	114 	102 	108 	109 
001849 	114 	102 	108 	109 
001850 	114 	90 	108 	109 
001851 	102 	90 	108 	109 
001852 	102 	90 	108 	109 
001853 	102 	90 	108 	109 
001854 	102 	90 	108 	109 
001855 	102 	90 	108 	109 
001856 	102 	90 	108 	109 
001857 	102 	90 	108 	109 
001858 	102 	90 	108 	109 
001859 	102 	90 	108 	109 
001860 	102 	90 	108 	109 
001861 	102 	90 	108 	109 
001862 	102 	90 	108 	109 
001863 	102 	90 	108 	109 
001864 	102 	90 	108 	109 
001865 	114 	90 	108 	109 
001866 	126 	90 	108 	109 
001867 	138 	102 	108 	109 
001868 	138 	102 	108 	109 
001869 	150 	102 	108 	109 
001870 	150 	102 	108 	109 
001871 	150 	102 	108 	109 
001872 	150 	102 	108 	109 
001873 	150 	102 	108 	109 
001874 	150 	102 	108 	109 
001875 	150 	102 	108 	109 
001876 	150 	102 	108 	109 
001877 	150 	102 	108 	109 
001878 	150 	102 	108 	109 
001879 	150 	102 	108 	109 
001880 	150 	102 	108 	109 
001881 	150 	102 	108 	109 
001882 	150 	102 	108 	109 
001883 	150 	102 	108 	109 
001884 	150 	102 	108 	109 
001885 	161 	102 	109 	109 
001886 	161 	102 	109 	109 
001887 	161 	102 	109 	109 
001888 	159 	101 	110 	110 
001889 	158 	100 	111 	111 
001890 	156 	99 	112 	112 
001891 	154 	98 	113 	113 
001892 	153 	97 	114 	114 
001893 	151 	96 	114 	114 
001894 	149 	95 	115 	115 
001895 	147 	94 	116 	116 
001896 	146 	93 	117 	117 
001897 	144 	92 	118 	118 
001898 	142 	91 	119 	119 
001899 	141 	91 	120 	120 
001900 	139 	90 	121 	121 
001901 	137 	89 	122 	122 
001902 	136 	88 	123 	123 
001903 	134 	87 	124 	124 
001904 	132 	86 	125 	125 
001905 	130 	85 	125 	125 
001906 	129 	84 	126 	126 
001907 	127 	83 	127 	127 
001908 	125 	82 	128 	128 
001909 	124 	81 	129 	129 
001910 	122 	80 	130 	130 
001911 	122 	80 	130 	130 
001912 	122 	80 	130 	130 
001913 	122 	80 	130 	130 
001914 	122 	80 	130 	130 
001915 	122 	80 	130 	130 
001916 	122 	80 	130 	130 
001917 	122 	80 	130 	130 
001918 	122 	80 	130 	130 
001919 	122 	80 	130 	130 
001920 	122 	80 	130 	130 
001921 	122 	80 	130 	130 
001922 	122 	80 	130 	130 
001923 	122 	80 	130 	130 
001924 	122 	80 	130 	130 
001925 	122 	81 	130 	130 
001926 	122 	81 	130 	130 
001927 	122 	81 	130 	130 
001928 	122 	81 	130 	130 
001929 	122 	81 	130 	130 
001930 	122 	81 	130 	130 
001931 	122 	81 	130 	130 
001932 	122 	81 	130 	130 
001933 	122 	81 	130 	130 
001934 	122 	81 	130 	130 
001935 	122 	81 	130 	130 
001936 	122 	81 	130 	130 
001937 	122 	81 	130 	130 
001938 	122 	81 	130 	130 
001939 	122 	81 	130 	130 
001940 	122 	81 	130 	130 
001941 	122 	81 	130 	130 
001942 	122 	81 	130 	130 
001943 	122 	81 	130 	130 
001944 	122 	81 	130 	130 
001945 	122 	81 	130 	130 
001946 	122 	81 	130 	130 
001947 	122 	81 	130 	130 
001948 	122 	81 	130 	130 
001949 	122 	82 	130 	130 
001950 	122 	82 	130 	130 
001951 	122 	82 	130 	130 
001952 	122 	82 	130 	130 
001953 	122 	82 	130 	130 
001954 	122 	82 	130 	130 
001955 	122 	82 	130 	130 
001956 	122 	82 	130 	130 
001957 	122 	82 	130 	130 
001958 	122 	82 	130 	130 
001959 	122 	82 	130 	130 
001960 	122 	82 	130 	130 
001961 	122 	82 	130 	130 
001962 	122 	82 	130 	130 
001963 	122 	82 	130 	130 
001964 	122 	82 	130 	130 
001965 	122 	82 	130 	130 
001966 	122 	82 	130 	130 
001967 	122 	82 	130 	130 
001968 	122 	82 	130 	130 
001969 	122 	82 	130 	130 
001970 	122 	82 	130 	130 
001971 	122 	82 	130 	130 
001972 	122 	82 	130 	130 
001973 	122 	83 	130 	130 
001974 	122 	83 	130 	130 
001975 	122 	83 	130 	130 
001976 	122 	83 	130 	130 
001977 	122 	83 	130 	130 
001978 	122 	83 	130 	130 
001979 	122 	83 	130 	130 
001980 	122 	83 	130 	130 
001981 	122 	83 	130 	130 
001982 	122 	83 	130 	130 
001983 	122 	83 	130 	130 
001984 	122 	83 	130 	130 
001985 	122 	83 	130 	130 
001986 	122 	83 	130 	130 
001987 	122 	83 	130 	130 
001988 	122 	83 	130 	130 
001989 	122 	83 	130 	130 
001990 	122 	83 	130 	130 
001991 	122 	83 	130 	130 
001992 	122 	83 	130 	130 
001993 	122 	83 	130 	130 
001994 	122 	83 	130 	130 
001995 	122 	83 	130 	130 
001996 	122 	83 	130 	130 
001997 	122 	84 	130 	130 
001998 	122 	84 	130 	130 
001999 	122 	84 	130 	130 
002000 	122 	84 	130 	130 
