Identity  : 	id10300
Reference : 	mYSVs_d1aMQ
Offset    : 	0
FV Conf   : 	15.728
ASD Conf  : 	5.814

FRAME 	X 	Y 	W 	H 
006074 	138 	102 	108 	109 
006075 	138 	102 	108 	109 
006076 	138 	102 	108 	109 
006077 	138 	102 	108 	109 
006078 	138 	102 	108 	109 
006079 	138 	102 	108 	109 
006080 	138 	102 	108 	109 
006081 	138 	102 	108 	109 
006082 	138 	114 	108 	109 
006083 	138 	114 	108 	109 
006084 	138 	114 	108 	109 
006085 	138 	114 	108 	109 
006086 	138 	114 	108 	109 
006087 	138 	114 	108 	109 
006088 	138 	114 	108 	109 
006089 	154 	115 	91 	91 
006090 	138 	114 	108 	109 
006091 	154 	125 	91 	90 
006092 	154 	125 	91 	90 
006093 	150 	114 	108 	109 
006094 	150 	114 	108 	109 
006095 	150 	114 	108 	109 
006096 	150 	114 	108 	109 
006097 	150 	114 	108 	109 
006098 	150 	114 	108 	109 
006099 	150 	114 	108 	109 
006100 	150 	114 	108 	109 
006101 	150 	114 	108 	109 
006102 	150 	114 	108 	109 
006103 	150 	114 	108 	109 
006104 	150 	114 	108 	109 
006105 	150 	114 	108 	109 
006106 	150 	114 	108 	109 
006107 	150 	114 	108 	109 
006108 	150 	114 	108 	109 
006109 	150 	114 	108 	109 
006110 	150 	114 	108 	109 
006111 	150 	114 	108 	109 
006112 	150 	114 	108 	109 
006113 	150 	114 	108 	109 
006114 	150 	114 	108 	109 
006115 	150 	114 	108 	109 
006116 	150 	114 	108 	109 
006117 	150 	114 	108 	109 
006118 	150 	114 	108 	109 
006119 	150 	114 	108 	109 
006120 	150 	114 	108 	109 
006121 	150 	114 	108 	109 
006122 	150 	114 	108 	109 
006123 	150 	114 	108 	109 
006124 	150 	114 	108 	109 
006125 	150 	114 	108 	109 
006126 	150 	114 	108 	109 
006127 	150 	114 	108 	109 
006128 	150 	114 	108 	109 
006129 	150 	114 	108 	109 
006130 	154 	115 	91 	91 
006131 	138 	114 	108 	109 
006132 	138 	114 	108 	109 
006133 	138 	114 	108 	109 
006134 	138 	114 	108 	109 
006135 	126 	102 	108 	109 
006136 	126 	102 	108 	109 
006137 	126 	102 	108 	109 
006138 	138 	102 	108 	109 
006139 	138 	102 	108 	109 
006140 	126 	102 	108 	109 
006141 	126 	102 	108 	109 
006142 	138 	102 	108 	109 
006143 	138 	102 	108 	109 
006144 	126 	102 	108 	109 
006145 	126 	102 	108 	109 
006146 	126 	102 	108 	109 
006147 	126 	102 	108 	109 
006148 	126 	102 	108 	109 
006149 	126 	102 	108 	109 
006150 	126 	102 	108 	109 
006151 	126 	102 	108 	109 
006152 	138 	102 	108 	109 
006153 	138 	102 	108 	109 
006154 	138 	102 	108 	109 
006155 	154 	115 	91 	91 
006156 	154 	115 	91 	91 
006157 	138 	102 	108 	109 
006158 	154 	115 	91 	91 
006159 	154 	115 	91 	91 
006160 	138 	102 	108 	109 
006161 	138 	102 	108 	109 
006162 	138 	102 	108 	109 
006163 	138 	102 	108 	109 
006164 	138 	102 	108 	109 
006165 	138 	102 	108 	109 
006166 	138 	102 	108 	109 
006167 	138 	102 	108 	109 
006168 	138 	102 	108 	109 
006169 	138 	102 	108 	109 
006170 	138 	102 	108 	109 
006171 	138 	102 	108 	109 
006172 	138 	102 	108 	109 
006173 	138 	102 	108 	109 
006174 	138 	102 	108 	109 
006175 	138 	102 	108 	109 
006176 	138 	102 	108 	109 
006177 	138 	102 	108 	109 
006178 	138 	102 	108 	109 
006179 	138 	102 	108 	109 
006180 	138 	102 	108 	109 
006181 	138 	102 	108 	109 
