Identity  : 	id10300
Reference : 	mYSVs_d1aMQ
Offset    : 	0
FV Conf   : 	15.728
ASD Conf  : 	6.765

FRAME 	X 	Y 	W 	H 
005539 	150 	114 	108 	109 
005540 	150 	114 	108 	109 
005541 	150 	114 	108 	109 
005542 	150 	114 	108 	109 
005543 	150 	114 	108 	109 
005544 	150 	114 	108 	109 
005545 	150 	114 	108 	109 
005546 	150 	114 	108 	109 
005547 	150 	114 	108 	109 
005548 	150 	114 	108 	109 
005549 	150 	114 	108 	109 
005550 	154 	125 	91 	90 
005551 	150 	114 	108 	109 
005552 	150 	114 	108 	109 
005553 	161 	102 	109 	109 
005554 	161 	102 	109 	109 
005555 	161 	102 	109 	109 
005556 	161 	102 	109 	109 
005557 	161 	102 	109 	109 
005558 	174 	105 	91 	91 
005559 	174 	105 	91 	91 
005560 	174 	105 	91 	91 
005561 	174 	105 	91 	91 
005562 	174 	105 	91 	91 
005563 	174 	105 	91 	91 
005564 	174 	105 	91 	91 
005565 	174 	105 	91 	91 
005566 	174 	105 	91 	91 
005567 	174 	105 	91 	91 
005568 	164 	105 	91 	91 
005569 	174 	105 	91 	91 
005570 	174 	105 	91 	91 
005571 	174 	105 	91 	91 
005572 	174 	105 	91 	91 
005573 	150 	102 	108 	109 
005574 	150 	102 	108 	109 
005575 	161 	102 	109 	109 
005576 	164 	115 	91 	91 
005577 	164 	115 	91 	91 
005578 	164 	115 	91 	91 
005579 	174 	105 	91 	91 
005580 	174 	105 	91 	91 
005581 	174 	105 	91 	91 
005582 	161 	102 	109 	109 
005583 	174 	105 	91 	91 
005584 	174 	105 	91 	91 
005585 	174 	105 	91 	91 
005586 	174 	105 	91 	91 
005587 	174 	105 	91 	91 
005588 	174 	105 	91 	91 
005589 	150 	102 	108 	109 
005590 	150 	102 	108 	109 
005591 	164 	105 	91 	91 
005592 	164 	105 	91 	91 
005593 	164 	105 	91 	91 
005594 	164 	105 	91 	91 
005595 	150 	102 	108 	109 
005596 	150 	102 	108 	109 
005597 	150 	102 	108 	109 
005598 	150 	102 	108 	109 
005599 	150 	102 	108 	109 
005600 	150 	102 	108 	109 
005601 	164 	115 	91 	91 
005602 	164 	115 	91 	91 
005603 	164 	115 	91 	91 
005604 	164 	115 	91 	91 
005605 	164 	115 	91 	91 
005606 	164 	115 	91 	91 
005607 	164 	115 	91 	91 
005608 	164 	115 	91 	91 
005609 	164 	115 	91 	91 
005610 	164 	115 	91 	91 
005611 	164 	115 	91 	91 
005612 	164 	115 	91 	91 
005613 	164 	115 	91 	91 
005614 	164 	115 	91 	91 
005615 	164 	115 	91 	91 
005616 	164 	115 	91 	91 
005617 	164 	115 	91 	91 
005618 	164 	115 	91 	91 
005619 	164 	115 	91 	91 
005620 	164 	115 	91 	91 
005621 	164 	115 	91 	91 
005622 	164 	115 	91 	91 
005623 	164 	115 	91 	91 
005624 	161 	102 	109 	109 
005625 	164 	115 	91 	91 
005626 	164 	115 	91 	91 
005627 	164 	115 	91 	91 
005628 	164 	115 	91 	91 
005629 	164 	115 	91 	91 
005630 	164 	115 	91 	91 
005631 	150 	114 	108 	109 
005632 	150 	114 	108 	109 
005633 	138 	114 	108 	109 
005634 	138 	114 	108 	109 
005635 	132 	108 	108 	109 
005636 	126 	102 	108 	109 
005637 	126 	102 	108 	109 
005638 	126 	102 	108 	109 
005639 	126 	102 	108 	109 
005640 	126 	102 	108 	109 
005641 	126 	102 	108 	109 
005642 	126 	102 	108 	109 
005643 	126 	102 	108 	109 
005644 	126 	102 	108 	109 
005645 	126 	102 	108 	109 
005646 	126 	102 	108 	109 
005647 	126 	102 	108 	109 
005648 	126 	102 	108 	109 
005649 	126 	102 	108 	109 
005650 	126 	102 	108 	109 
005651 	126 	102 	108 	109 
005652 	126 	102 	108 	109 
005653 	126 	102 	108 	109 
005654 	126 	102 	108 	109 
005655 	126 	102 	108 	109 
005656 	126 	102 	108 	109 
005657 	126 	102 	108 	109 
005658 	126 	102 	108 	109 
005659 	126 	102 	108 	109 
005660 	126 	102 	108 	109 
005661 	126 	102 	108 	109 
005662 	126 	102 	108 	109 
005663 	126 	102 	108 	109 
005664 	126 	102 	108 	109 
005665 	126 	102 	108 	109 
005666 	126 	102 	108 	109 
005667 	138 	114 	108 	109 
005668 	126 	102 	108 	109 
005669 	138 	114 	108 	109 
005670 	126 	102 	108 	109 
005671 	138 	114 	108 	109 
005672 	138 	114 	108 	109 
005673 	138 	114 	108 	109 
005674 	138 	114 	108 	109 
005675 	138 	114 	108 	109 
005676 	138 	114 	108 	109 
005677 	138 	114 	108 	109 
005678 	138 	114 	108 	109 
005679 	138 	114 	108 	109 
005680 	138 	114 	108 	109 
005681 	138 	114 	108 	109 
005682 	138 	114 	108 	109 
005683 	138 	114 	108 	109 
005684 	138 	114 	108 	109 
005685 	138 	114 	108 	109 
005686 	138 	114 	108 	109 
005687 	138 	114 	108 	109 
005688 	138 	114 	108 	109 
005689 	138 	114 	108 	109 
005690 	138 	114 	108 	109 
005691 	138 	114 	108 	109 
005692 	138 	114 	108 	109 
005693 	138 	114 	108 	109 
005694 	138 	114 	108 	109 
005695 	138 	114 	108 	109 
005696 	138 	114 	108 	109 
005697 	138 	114 	108 	109 
005698 	138 	114 	108 	109 
005699 	132 	108 	108 	109 
005700 	126 	102 	108 	109 
005701 	126 	102 	108 	109 
005702 	138 	114 	108 	109 
005703 	138 	114 	108 	109 
005704 	138 	102 	108 	109 
005705 	138 	102 	108 	109 
005706 	138 	102 	108 	109 
005707 	138 	102 	108 	109 
005708 	138 	102 	108 	109 
005709 	138 	102 	108 	109 
005710 	138 	102 	108 	109 
005711 	138 	102 	108 	109 
005712 	138 	102 	108 	109 
005713 	138 	102 	108 	109 
005714 	138 	102 	108 	109 
005715 	138 	102 	108 	109 
005716 	138 	102 	108 	109 
005717 	138 	102 	108 	109 
005718 	138 	102 	108 	109 
005719 	138 	102 	108 	109 
005720 	138 	102 	108 	109 
005721 	138 	102 	108 	109 
005722 	138 	102 	108 	109 
005723 	138 	102 	108 	109 
005724 	138 	102 	108 	109 
005725 	138 	102 	108 	109 
005726 	138 	102 	108 	109 
005727 	138 	102 	108 	109 
005728 	138 	102 	108 	109 
005729 	138 	102 	108 	109 
005730 	138 	102 	108 	109 
005731 	138 	102 	108 	109 
005732 	138 	102 	108 	109 
005733 	138 	102 	108 	109 
005734 	138 	102 	108 	109 
005735 	138 	102 	108 	109 
005736 	138 	102 	108 	109 
005737 	138 	102 	108 	109 
005738 	138 	102 	108 	109 
005739 	138 	102 	108 	109 
005740 	138 	102 	108 	109 
005741 	138 	102 	108 	109 
005742 	138 	102 	108 	109 
005743 	138 	102 	108 	109 
005744 	138 	102 	108 	109 
005745 	138 	102 	108 	109 
005746 	138 	102 	108 	109 
005747 	138 	102 	108 	109 
005748 	138 	102 	108 	109 
005749 	138 	102 	108 	109 
005750 	138 	102 	108 	109 
005751 	138 	102 	108 	109 
005752 	138 	102 	108 	109 
005753 	138 	102 	108 	109 
005754 	138 	102 	108 	109 
005755 	138 	102 	108 	109 
005756 	138 	102 	108 	109 
005757 	138 	102 	108 	109 
005758 	138 	102 	108 	109 
005759 	138 	102 	108 	109 
005760 	138 	102 	108 	109 
005761 	138 	102 	108 	109 
005762 	138 	102 	108 	109 
005763 	138 	102 	108 	109 
005764 	138 	102 	108 	109 
005765 	138 	102 	108 	109 
005766 	138 	102 	108 	109 
005767 	138 	102 	108 	109 
005768 	138 	102 	108 	109 
005769 	138 	102 	108 	109 
005770 	138 	102 	108 	109 
005771 	138 	102 	108 	109 
005772 	138 	102 	108 	109 
005773 	138 	102 	108 	109 
005774 	138 	102 	108 	109 
005775 	138 	102 	108 	109 
005776 	138 	102 	108 	109 
005777 	138 	102 	108 	109 
005778 	138 	102 	108 	109 
005779 	138 	102 	108 	109 
005780 	138 	102 	108 	109 
005781 	138 	102 	108 	109 
005782 	126 	102 	108 	109 
005783 	126 	102 	108 	109 
005784 	126 	102 	108 	109 
005785 	138 	102 	108 	109 
005786 	138 	102 	108 	109 
005787 	138 	102 	108 	109 
005788 	138 	102 	108 	109 
005789 	138 	102 	108 	109 
005790 	126 	102 	108 	109 
005791 	126 	102 	108 	109 
005792 	126 	102 	108 	109 
005793 	126 	102 	108 	109 
005794 	126 	102 	108 	109 
005795 	126 	102 	108 	109 
005796 	138 	102 	108 	109 
005797 	126 	102 	108 	109 
