Identity  : 	id10275
Reference : 	vAr7raTthpw
Offset    : 	-6
FV Conf   : 	16.096
ASD Conf  : 	5.857

FRAME 	X 	Y 	W 	H 
001310 	394 	129 	75 	75 
001311 	394 	129 	75 	75 
001312 	394 	129 	75 	75 
001313 	402 	137 	76 	76 
001314 	394 	137 	75 	76 
001315 	394 	137 	75 	76 
001316 	394 	137 	75 	76 
001317 	394 	137 	75 	76 
001318 	394 	137 	75 	76 
001319 	393 	135 	91 	90 
001320 	393 	135 	91 	90 
001321 	402 	137 	76 	76 
001322 	402 	137 	76 	76 
001323 	402 	137 	76 	76 
001324 	402 	137 	76 	76 
001325 	402 	137 	76 	76 
001326 	402 	137 	76 	76 
001327 	402 	137 	76 	76 
001328 	402 	137 	76 	76 
001329 	402 	137 	76 	76 
001330 	410 	137 	76 	76 
001331 	410 	137 	76 	76 
001332 	410 	137 	76 	76 
001333 	410 	137 	76 	76 
001334 	419 	137 	75 	76 
001335 	419 	137 	75 	76 
001336 	419 	137 	75 	76 
001337 	419 	137 	75 	76 
001338 	427 	137 	76 	76 
001339 	427 	137 	76 	76 
001340 	427 	137 	76 	76 
001341 	427 	137 	76 	76 
001342 	427 	137 	76 	76 
001343 	427 	137 	76 	76 
001344 	439 	142 	63 	63 
001345 	439 	142 	63 	63 
001346 	439 	142 	63 	63 
001347 	435 	137 	76 	76 
001348 	435 	129 	76 	75 
001349 	435 	129 	76 	75 
001350 	435 	129 	76 	75 
001351 	435 	121 	76 	75 
001352 	435 	121 	76 	75 
001353 	445 	121 	64 	63 
001354 	445 	121 	64 	63 
001355 	445 	121 	64 	63 
001356 	444 	121 	75 	75 
001357 	444 	121 	75 	75 
001358 	444 	121 	75 	75 
001359 	444 	121 	75 	75 
001360 	444 	121 	75 	75 
001361 	444 	121 	75 	75 
001362 	444 	121 	75 	75 
001363 	444 	112 	75 	76 
001364 	444 	104 	75 	76 
001365 	444 	104 	75 	76 
001366 	444 	104 	75 	76 
001367 	444 	104 	75 	76 
001368 	444 	112 	75 	76 
001369 	444 	112 	75 	76 
001370 	445 	121 	64 	63 
001371 	435 	121 	76 	75 
001372 	427 	112 	76 	76 
001373 	427 	104 	76 	76 
001374 	427 	104 	76 	76 
001375 	427 	104 	76 	76 
001376 	427 	104 	76 	76 
001377 	427 	104 	76 	76 
001378 	427 	104 	76 	76 
001379 	413 	95 	91 	91 
001380 	419 	104 	75 	76 
001381 	419 	104 	75 	76 
001382 	410 	96 	76 	75 
001383 	410 	104 	76 	76 
001384 	410 	104 	76 	76 
001385 	402 	104 	76 	76 
001386 	402 	104 	76 	76 
001387 	402 	104 	76 	76 
001388 	402 	104 	76 	76 
001389 	402 	104 	76 	76 
001390 	394 	104 	75 	76 
001391 	394 	104 	75 	76 
001392 	394 	112 	75 	76 
001393 	394 	112 	75 	76 
001394 	394 	112 	75 	76 
001395 	394 	112 	75 	76 
001396 	394 	112 	75 	76 
001397 	394 	104 	75 	76 
001398 	394 	104 	75 	76 
001399 	394 	104 	75 	76 
001400 	394 	104 	75 	76 
001401 	394 	104 	75 	76 
001402 	394 	104 	75 	76 
001403 	394 	112 	75 	76 
001404 	394 	112 	75 	76 
001405 	394 	112 	75 	76 
001406 	394 	112 	75 	76 
001407 	394 	112 	75 	76 
001408 	394 	112 	75 	76 
001409 	394 	112 	75 	76 
001410 	402 	112 	76 	76 
001411 	402 	112 	76 	76 
001412 	402 	112 	76 	76 
001413 	402 	112 	76 	76 
001414 	402 	112 	76 	76 
001415 	402 	104 	76 	76 
001416 	402 	104 	76 	76 
001417 	402 	104 	76 	76 
001418 	402 	112 	76 	76 
001419 	402 	112 	76 	76 
001420 	402 	112 	76 	76 
001421 	402 	112 	76 	76 
001422 	402 	112 	76 	76 
001423 	402 	112 	76 	76 
001424 	394 	112 	75 	76 
001425 	394 	112 	75 	76 
001426 	394 	112 	75 	76 
001427 	394 	104 	75 	76 
001428 	394 	104 	75 	76 
001429 	394 	104 	75 	76 
001430 	402 	104 	76 	76 
001431 	402 	104 	76 	76 
001432 	402 	104 	76 	76 
001433 	402 	104 	76 	76 
001434 	410 	112 	76 	76 
001435 	418 	121 	63 	63 
001436 	419 	121 	75 	75 
001437 	419 	121 	75 	75 
001438 	419 	112 	75 	76 
001439 	419 	112 	75 	76 
001440 	419 	121 	75 	75 
001441 	419 	121 	75 	75 
001442 	419 	121 	75 	75 
001443 	419 	121 	75 	75 
001444 	419 	112 	75 	76 
001445 	419 	112 	75 	76 
001446 	419 	112 	75 	76 
001447 	419 	112 	75 	76 
001448 	419 	112 	75 	76 
001449 	419 	112 	75 	76 
001450 	419 	112 	75 	76 
001451 	419 	112 	75 	76 
001452 	419 	112 	75 	76 
001453 	419 	112 	75 	76 
001454 	419 	112 	75 	76 
001455 	410 	112 	76 	76 
001456 	410 	104 	76 	76 
001457 	410 	104 	76 	76 
001458 	410 	112 	76 	76 
001459 	410 	112 	76 	76 
001460 	410 	112 	76 	76 
001461 	410 	112 	76 	76 
001462 	402 	112 	76 	76 
001463 	402 	112 	76 	76 
001464 	402 	112 	76 	76 
001465 	402 	112 	76 	76 
001466 	402 	112 	76 	76 
001467 	402 	112 	76 	76 
001468 	402 	112 	76 	76 
001469 	402 	121 	76 	75 
001470 	402 	121 	76 	75 
001471 	402 	121 	76 	75 
001472 	402 	121 	76 	75 
001473 	402 	121 	76 	75 
001474 	394 	121 	75 	75 
001475 	394 	121 	75 	75 
001476 	394 	121 	75 	75 
001477 	394 	121 	75 	75 
001478 	394 	121 	75 	75 
001479 	394 	121 	75 	75 
001480 	394 	121 	75 	75 
001481 	394 	121 	75 	75 
001482 	402 	129 	76 	75 
001483 	402 	121 	76 	75 
001484 	402 	129 	76 	75 
001485 	402 	129 	76 	75 
001486 	402 	129 	76 	75 
001487 	402 	129 	76 	75 
001488 	402 	129 	76 	75 
001489 	394 	121 	75 	75 
001490 	394 	121 	75 	75 
001491 	394 	129 	75 	75 
001492 	394 	129 	75 	75 
001493 	394 	129 	75 	75 
001494 	394 	129 	75 	75 
001495 	394 	129 	75 	75 
001496 	394 	129 	75 	75 
001497 	394 	129 	75 	75 
001498 	394 	129 	75 	75 
001499 	394 	129 	75 	75 
001500 	394 	129 	75 	75 
001501 	394 	129 	75 	75 
001502 	394 	129 	75 	75 
001503 	394 	129 	75 	75 
001504 	394 	129 	75 	75 
001505 	394 	129 	75 	75 
001506 	394 	129 	75 	75 
001507 	394 	129 	75 	75 
001508 	394 	129 	75 	75 
001509 	394 	129 	75 	75 
001510 	394 	129 	75 	75 
001511 	394 	129 	75 	75 
001512 	394 	129 	75 	75 
001513 	394 	129 	75 	75 
001514 	385 	121 	76 	75 
001515 	385 	121 	76 	75 
001516 	385 	121 	76 	75 
001517 	385 	121 	76 	75 
001518 	385 	121 	76 	75 
001519 	385 	121 	76 	75 
