Identity  : 	id10278
Reference : 	shA_TsV-PFs
Offset    : 	1
FV Conf   : 	16.960
ASD Conf  : 	6.270

FRAME 	X 	Y 	W 	H 
001355 	221 	90 	109 	109 
001356 	221 	90 	109 	109 
001357 	221 	90 	109 	109 
001358 	221 	90 	109 	109 
001359 	221 	90 	109 	109 
001360 	221 	90 	109 	109 
001361 	221 	90 	109 	109 
001362 	221 	90 	109 	109 
001363 	221 	90 	109 	109 
001364 	221 	90 	109 	109 
001365 	221 	90 	109 	109 
001366 	221 	90 	109 	109 
001367 	221 	90 	109 	109 
001368 	221 	90 	109 	109 
001369 	221 	90 	109 	109 
001370 	221 	90 	109 	109 
001371 	221 	90 	109 	109 
001372 	221 	90 	109 	109 
001373 	221 	90 	109 	109 
001374 	221 	90 	109 	109 
001375 	221 	90 	109 	109 
001376 	221 	90 	109 	109 
001377 	221 	90 	109 	109 
001378 	221 	90 	109 	109 
001379 	221 	90 	109 	109 
001380 	221 	90 	109 	109 
001381 	221 	90 	109 	109 
001382 	221 	90 	109 	109 
001383 	221 	90 	109 	109 
001384 	221 	90 	109 	109 
001385 	221 	90 	109 	109 
001386 	221 	90 	109 	109 
001387 	221 	90 	109 	109 
001388 	221 	90 	109 	109 
001389 	221 	90 	109 	109 
001390 	221 	90 	109 	109 
001391 	221 	90 	109 	109 
001392 	221 	90 	109 	109 
001393 	221 	90 	109 	109 
001394 	221 	90 	109 	109 
001395 	221 	90 	109 	109 
001396 	221 	90 	109 	109 
001397 	221 	90 	109 	109 
001398 	221 	90 	109 	109 
001399 	221 	90 	109 	109 
001400 	209 	90 	109 	109 
001401 	209 	90 	109 	109 
001402 	209 	90 	109 	109 
001403 	209 	90 	109 	109 
001404 	209 	90 	109 	109 
001405 	194 	80 	130 	130 
001406 	194 	80 	130 	130 
001407 	214 	105 	91 	91 
001408 	194 	80 	130 	130 
001409 	194 	80 	130 	130 
001410 	194 	80 	130 	130 
001411 	197 	102 	109 	109 
001412 	197 	102 	109 	109 
001413 	197 	102 	109 	109 
001414 	204 	115 	91 	91 
001415 	204 	115 	91 	91 
001416 	204 	115 	91 	91 
001417 	204 	115 	91 	91 
001418 	197 	102 	109 	109 
001419 	197 	102 	109 	109 
001420 	197 	102 	109 	109 
001421 	214 	115 	91 	91 
001422 	214 	115 	91 	91 
001423 	214 	115 	91 	91 
001424 	209 	114 	109 	109 
001425 	209 	114 	109 	109 
001426 	209 	114 	109 	109 
001427 	214 	115 	91 	91 
001428 	194 	94 	130 	130 
001429 	194 	94 	130 	130 
001430 	209 	114 	109 	109 
001431 	194 	94 	130 	130 
001432 	194 	94 	130 	130 
001433 	194 	94 	130 	130 
001434 	194 	94 	130 	130 
001435 	194 	94 	130 	130 
001436 	214 	115 	91 	91 
001437 	214 	115 	91 	91 
001438 	214 	115 	91 	91 
001439 	214 	115 	91 	91 
001440 	209 	102 	109 	109 
001441 	209 	102 	109 	109 
001442 	209 	102 	109 	109 
001443 	209 	102 	109 	109 
001444 	224 	115 	91 	91 
001445 	224 	115 	91 	91 
001446 	224 	115 	91 	91 
001447 	221 	102 	109 	109 
001448 	221 	102 	109 	109 
001449 	221 	102 	109 	109 
001450 	221 	102 	109 	109 
001451 	221 	102 	109 	109 
001452 	221 	102 	109 	109 
001453 	221 	102 	109 	109 
001454 	221 	102 	109 	109 
001455 	221 	102 	109 	109 
001456 	224 	105 	91 	91 
001457 	224 	105 	91 	91 
001458 	224 	105 	91 	91 
001459 	221 	102 	109 	109 
001460 	221 	102 	109 	109 
001461 	221 	102 	109 	109 
001462 	209 	102 	109 	109 
001463 	224 	115 	91 	91 
001464 	224 	115 	91 	91 
001465 	224 	115 	91 	91 
001466 	224 	115 	91 	91 
001467 	224 	115 	91 	91 
001468 	224 	115 	91 	91 
001469 	224 	115 	91 	91 
001470 	224 	115 	91 	91 
001471 	224 	115 	91 	91 
001472 	224 	115 	91 	91 
001473 	224 	115 	91 	91 
001474 	224 	115 	91 	91 
001475 	224 	115 	91 	91 
001476 	224 	115 	91 	91 
001477 	224 	115 	91 	91 
001478 	224 	115 	91 	91 
001479 	224 	115 	91 	91 
001480 	209 	102 	109 	109 
001481 	224 	115 	91 	91 
001482 	224 	115 	91 	91 
001483 	209 	102 	109 	109 
001484 	224 	115 	91 	91 
001485 	224 	115 	91 	91 
001486 	224 	115 	91 	91 
001487 	224 	115 	91 	91 
001488 	224 	115 	91 	91 
001489 	224 	115 	91 	91 
001490 	224 	115 	91 	91 
001491 	209 	102 	109 	109 
001492 	209 	102 	109 	109 
001493 	209 	102 	109 	109 
001494 	209 	102 	109 	109 
001495 	209 	102 	109 	109 
001496 	209 	102 	109 	109 
001497 	209 	102 	109 	109 
001498 	209 	102 	109 	109 
001499 	224 	115 	91 	91 
001500 	209 	102 	109 	109 
001501 	209 	102 	109 	109 
001502 	224 	115 	91 	91 
001503 	224 	115 	91 	91 
001504 	209 	102 	109 	109 
001505 	209 	102 	109 	109 
001506 	209 	102 	109 	109 
001507 	209 	102 	109 	109 
001508 	209 	102 	109 	109 
001509 	209 	102 	109 	109 
001510 	209 	102 	109 	109 
