Identity  : 	id10287
Reference : 	ryVdclLx7Yo
Offset    : 	-1
FV Conf   : 	25.042
ASD Conf  : 	5.830

FRAME 	X 	Y 	W 	H 
006704 	95 	27 	156 	156 
006705 	95 	27 	156 	156 
006706 	95 	27 	156 	156 
006707 	95 	27 	156 	156 
006708 	95 	27 	156 	156 
006709 	95 	27 	156 	156 
006710 	95 	27 	156 	156 
006711 	95 	27 	156 	156 
006712 	94 	37 	130 	130 
006713 	94 	37 	130 	130 
006714 	94 	37 	130 	130 
006715 	94 	51 	130 	130 
006716 	94 	51 	130 	130 
006717 	94 	51 	130 	130 
006718 	94 	51 	130 	130 
006719 	94 	51 	130 	130 
006720 	94 	51 	130 	130 
006721 	94 	51 	130 	130 
006722 	94 	51 	130 	130 
006723 	94 	66 	130 	130 
006724 	94 	66 	130 	130 
006725 	94 	66 	130 	130 
006726 	94 	66 	130 	130 
006727 	94 	66 	130 	130 
006728 	108 	66 	130 	130 
006729 	108 	66 	130 	130 
006730 	108 	66 	130 	130 
006731 	108 	66 	130 	130 
006732 	108 	66 	130 	130 
006733 	108 	66 	130 	130 
006734 	108 	66 	130 	130 
006735 	108 	66 	130 	130 
006736 	108 	51 	130 	130 
006737 	95 	44 	156 	156 
006738 	95 	44 	156 	156 
006739 	95 	44 	156 	156 
006740 	108 	51 	130 	130 
006741 	108 	51 	130 	130 
006742 	95 	44 	156 	156 
006743 	108 	51 	130 	130 
006744 	95 	44 	156 	156 
006745 	95 	44 	156 	156 
006746 	122 	51 	130 	130 
006747 	122 	51 	130 	130 
006748 	122 	66 	130 	130 
006749 	122 	66 	130 	130 
006750 	122 	66 	130 	130 
006751 	108 	66 	130 	130 
006752 	108 	66 	130 	130 
006753 	108 	66 	130 	130 
006754 	108 	66 	130 	130 
006755 	108 	66 	130 	130 
006756 	122 	66 	130 	130 
006757 	122 	66 	130 	130 
006758 	122 	66 	130 	130 
006759 	122 	66 	130 	130 
006760 	108 	66 	130 	130 
006761 	108 	66 	130 	130 
006762 	108 	66 	130 	130 
006763 	108 	66 	130 	130 
006764 	122 	66 	130 	130 
006765 	122 	66 	130 	130 
006766 	95 	62 	156 	155 
006767 	95 	62 	156 	155 
006768 	95 	62 	156 	155 
006769 	95 	62 	156 	155 
006770 	95 	62 	156 	155 
006771 	108 	80 	130 	130 
006772 	95 	62 	156 	155 
006773 	95 	62 	156 	155 
006774 	95 	62 	156 	155 
006775 	95 	62 	156 	155 
006776 	95 	62 	156 	155 
006777 	95 	62 	156 	155 
006778 	95 	62 	156 	155 
006779 	95 	62 	156 	155 
006780 	95 	62 	156 	155 
006781 	95 	62 	156 	155 
006782 	95 	62 	156 	155 
006783 	95 	62 	156 	155 
006784 	95 	62 	156 	155 
006785 	95 	62 	156 	155 
006786 	108 	66 	130 	130 
006787 	108 	66 	130 	130 
006788 	108 	66 	130 	130 
006789 	95 	44 	156 	156 
006790 	95 	44 	156 	156 
006791 	95 	44 	156 	156 
006792 	95 	44 	156 	156 
006793 	78 	44 	156 	156 
006794 	78 	44 	156 	156 
006795 	78 	44 	156 	156 
006796 	78 	44 	156 	156 
006797 	78 	44 	156 	156 
006798 	78 	44 	156 	156 
006799 	78 	44 	156 	156 
006800 	78 	44 	156 	156 
006801 	78 	44 	156 	156 
006802 	78 	44 	156 	156 
006803 	79 	66 	130 	130 
006804 	79 	51 	130 	130 
006805 	79 	51 	130 	130 
006806 	79 	51 	130 	130 
006807 	79 	51 	130 	130 
006808 	79 	51 	130 	130 
006809 	79 	51 	130 	130 
006810 	79 	51 	130 	130 
006811 	61 	44 	156 	156 
006812 	61 	44 	156 	156 
006813 	61 	44 	156 	156 
006814 	61 	44 	156 	156 
006815 	61 	44 	156 	156 
006816 	61 	44 	156 	156 
006817 	79 	51 	130 	130 
006818 	79 	51 	130 	130 
006819 	79 	51 	130 	130 
006820 	61 	44 	156 	156 
006821 	79 	51 	130 	130 
006822 	79 	51 	130 	130 
006823 	79 	51 	130 	130 
006824 	79 	51 	130 	130 
006825 	79 	51 	130 	130 
006826 	61 	44 	156 	156 
006827 	61 	44 	156 	156 
006828 	61 	44 	156 	156 
006829 	61 	44 	156 	156 
006830 	79 	51 	130 	130 
006831 	79 	66 	130 	130 
006832 	79 	66 	130 	130 
006833 	78 	44 	156 	156 
006834 	78 	44 	156 	156 
006835 	78 	44 	156 	156 
006836 	78 	44 	156 	156 
006837 	78 	44 	156 	156 
006838 	78 	44 	156 	156 
006839 	78 	44 	156 	156 
006840 	78 	44 	156 	156 
006841 	78 	44 	156 	156 
006842 	78 	44 	156 	156 
006843 	78 	44 	156 	156 
006844 	78 	44 	156 	156 
006845 	78 	44 	156 	156 
006846 	94 	66 	130 	130 
006847 	79 	66 	130 	130 
006848 	79 	66 	130 	130 
006849 	79 	66 	130 	130 
006850 	79 	66 	130 	130 
006851 	79 	66 	130 	130 
006852 	79 	66 	130 	130 
006853 	79 	66 	130 	130 
006854 	79 	66 	130 	130 
006855 	79 	66 	130 	130 
006856 	79 	66 	130 	130 
006857 	79 	66 	130 	130 
006858 	61 	44 	156 	156 
006859 	61 	44 	156 	156 
006860 	61 	44 	156 	156 
006861 	61 	44 	156 	156 
006862 	61 	44 	156 	156 
006863 	61 	44 	156 	156 
006864 	61 	44 	156 	156 
006865 	61 	44 	156 	156 
006866 	61 	44 	156 	156 
006867 	61 	44 	156 	156 
006868 	61 	44 	156 	156 
006869 	61 	44 	156 	156 
006870 	79 	66 	130 	130 
006871 	61 	62 	156 	155 
006872 	79 	80 	130 	130 
006873 	79 	80 	130 	130 
006874 	79 	80 	130 	130 
006875 	79 	80 	130 	130 
006876 	79 	80 	130 	130 
006877 	61 	62 	156 	155 
006878 	61 	62 	156 	155 
006879 	61 	62 	156 	155 
006880 	61 	62 	156 	155 
006881 	61 	62 	156 	155 
006882 	61 	62 	156 	155 
006883 	79 	66 	130 	130 
006884 	79 	66 	130 	130 
006885 	79 	80 	130 	130 
006886 	79 	80 	130 	130 
006887 	79 	80 	130 	130 
006888 	79 	80 	130 	130 
006889 	79 	80 	130 	130 
