Identity  : 	id10294
Reference : 	gETtCLtu1jA
Offset    : 	-2
FV Conf   : 	16.758
ASD Conf  : 	5.690

FRAME 	X 	Y 	W 	H 
009376 	197 	95 	187 	186 
009377 	197 	95 	187 	186 
009378 	197 	95 	187 	186 
009379 	197 	95 	187 	186 
009380 	197 	95 	187 	186 
009381 	197 	95 	187 	186 
009382 	197 	95 	187 	186 
009383 	197 	95 	187 	186 
009384 	197 	95 	187 	186 
009385 	197 	95 	187 	186 
009386 	197 	95 	187 	186 
009387 	197 	95 	187 	186 
009388 	197 	95 	187 	186 
009389 	197 	95 	187 	186 
009390 	197 	95 	187 	186 
009391 	197 	95 	187 	186 
009392 	197 	95 	187 	186 
009393 	197 	95 	187 	186 
009394 	197 	95 	187 	186 
009395 	197 	95 	187 	186 
009396 	197 	95 	187 	186 
009397 	197 	95 	187 	186 
009398 	197 	95 	187 	186 
009399 	197 	95 	187 	186 
009400 	197 	95 	187 	186 
009401 	197 	95 	187 	186 
009402 	197 	95 	187 	186 
009403 	197 	95 	187 	186 
009404 	197 	95 	187 	186 
009405 	197 	95 	187 	186 
009406 	197 	95 	187 	186 
009407 	197 	95 	187 	186 
009408 	197 	95 	187 	186 
009409 	197 	95 	187 	186 
009410 	197 	95 	187 	186 
009411 	197 	95 	187 	186 
009412 	197 	95 	187 	186 
009413 	197 	95 	187 	186 
009414 	197 	95 	187 	186 
009415 	197 	95 	187 	186 
009416 	197 	95 	187 	186 
009417 	197 	95 	187 	186 
009418 	177 	74 	187 	187 
009419 	177 	74 	187 	187 
009420 	177 	74 	187 	187 
009421 	177 	74 	187 	187 
009422 	177 	74 	187 	187 
009423 	177 	74 	187 	187 
009424 	177 	74 	187 	187 
009425 	197 	74 	187 	187 
009426 	177 	74 	187 	187 
009427 	197 	74 	187 	187 
009428 	197 	74 	187 	187 
009429 	197 	74 	187 	187 
009430 	177 	74 	187 	187 
009431 	177 	74 	187 	187 
009432 	177 	74 	187 	187 
009433 	177 	74 	187 	187 
009434 	177 	74 	187 	187 
009435 	199 	96 	155 	156 
009436 	177 	74 	187 	187 
009437 	177 	74 	187 	187 
009438 	199 	96 	155 	156 
009439 	199 	96 	155 	156 
009440 	197 	74 	187 	187 
009441 	197 	74 	187 	187 
009442 	197 	74 	187 	187 
009443 	197 	74 	187 	187 
009444 	197 	74 	187 	187 
009445 	197 	74 	187 	187 
009446 	197 	74 	187 	187 
009447 	197 	74 	187 	187 
009448 	197 	74 	187 	187 
009449 	197 	74 	187 	187 
009450 	197 	95 	187 	186 
009451 	197 	95 	187 	186 
009452 	197 	95 	187 	186 
009453 	197 	95 	187 	186 
009454 	197 	95 	187 	186 
009455 	197 	95 	187 	186 
009456 	197 	95 	187 	186 
009457 	197 	95 	187 	186 
009458 	197 	95 	187 	186 
009459 	197 	95 	187 	186 
009460 	197 	95 	187 	186 
009461 	197 	95 	187 	186 
009462 	197 	95 	187 	186 
009463 	197 	95 	187 	186 
009464 	197 	95 	187 	186 
009465 	197 	95 	187 	186 
009466 	197 	95 	187 	186 
009467 	197 	95 	187 	186 
009468 	197 	95 	187 	186 
009469 	197 	95 	187 	186 
009470 	197 	95 	187 	186 
009471 	197 	95 	187 	186 
009472 	197 	95 	187 	186 
009473 	197 	95 	187 	186 
009474 	197 	95 	187 	186 
009475 	197 	95 	187 	186 
009476 	197 	95 	187 	186 
009477 	197 	95 	187 	186 
009478 	197 	95 	187 	186 
009479 	197 	95 	187 	186 
