Identity  : 	id10306
Reference : 	WOjNZFtRwDg
Offset    : 	-2
FV Conf   : 	18.647
ASD Conf  : 	7.396

FRAME 	X 	Y 	W 	H 
009013 	343 	65 	91 	91 
009014 	343 	65 	91 	91 
009015 	343 	65 	91 	91 
009016 	343 	65 	91 	91 
009017 	343 	65 	91 	91 
009018 	343 	65 	91 	91 
009019 	343 	65 	91 	91 
009020 	343 	65 	91 	91 
009021 	343 	65 	91 	91 
009022 	343 	65 	91 	91 
009023 	343 	65 	91 	91 
009024 	343 	65 	91 	91 
009025 	343 	65 	91 	91 
009026 	343 	65 	91 	91 
009027 	343 	65 	91 	91 
009028 	344 	71 	76 	75 
009029 	333 	65 	91 	91 
009030 	344 	71 	76 	75 
009031 	344 	71 	76 	75 
009032 	333 	65 	91 	91 
009033 	333 	65 	91 	91 
009034 	344 	71 	76 	75 
009035 	344 	71 	76 	75 
009036 	343 	65 	91 	91 
009037 	343 	65 	91 	91 
009038 	343 	65 	91 	91 
009039 	343 	65 	91 	91 
009040 	343 	65 	91 	91 
009041 	343 	65 	91 	91 
009042 	343 	65 	91 	91 
009043 	343 	65 	91 	91 
009044 	343 	65 	91 	91 
009045 	343 	65 	91 	91 
009046 	343 	65 	91 	91 
009047 	343 	65 	91 	91 
009048 	343 	65 	91 	91 
009049 	343 	65 	91 	91 
009050 	343 	65 	91 	91 
009051 	343 	65 	91 	91 
009052 	343 	65 	91 	91 
009053 	343 	65 	91 	91 
009054 	343 	65 	91 	91 
009055 	343 	65 	91 	91 
009056 	343 	65 	91 	91 
009057 	343 	65 	91 	91 
009058 	343 	65 	91 	91 
009059 	343 	65 	91 	91 
009060 	343 	65 	91 	91 
009061 	343 	65 	91 	91 
009062 	333 	65 	91 	91 
009063 	333 	65 	91 	91 
009064 	333 	65 	91 	91 
009065 	333 	65 	91 	91 
009066 	333 	65 	91 	91 
009067 	333 	65 	91 	91 
009068 	343 	65 	91 	91 
009069 	343 	65 	91 	91 
009070 	343 	65 	91 	91 
009071 	343 	65 	91 	91 
009072 	343 	65 	91 	91 
009073 	343 	65 	91 	91 
009074 	343 	65 	91 	91 
009075 	343 	65 	91 	91 
009076 	343 	65 	91 	91 
009077 	333 	65 	91 	91 
009078 	333 	65 	91 	91 
009079 	333 	65 	91 	91 
009080 	333 	65 	91 	91 
009081 	333 	65 	91 	91 
009082 	333 	65 	91 	91 
009083 	333 	65 	91 	91 
009084 	333 	65 	91 	91 
009085 	333 	65 	91 	91 
009086 	333 	65 	91 	91 
009087 	343 	65 	91 	91 
009088 	343 	65 	91 	91 
009089 	343 	65 	91 	91 
009090 	343 	65 	91 	91 
009091 	343 	65 	91 	91 
009092 	353 	65 	91 	91 
009093 	353 	55 	91 	91 
009094 	353 	55 	91 	91 
009095 	353 	55 	91 	91 
009096 	353 	55 	91 	91 
009097 	353 	55 	91 	91 
009098 	353 	55 	91 	91 
009099 	353 	55 	91 	91 
009100 	353 	55 	91 	91 
009101 	343 	55 	91 	91 
009102 	343 	55 	91 	91 
009103 	343 	55 	91 	91 
009104 	352 	71 	76 	75 
009105 	352 	71 	76 	75 
009106 	352 	71 	76 	75 
009107 	343 	65 	91 	91 
009108 	343 	65 	91 	91 
009109 	352 	71 	76 	75 
009110 	352 	71 	76 	75 
009111 	352 	71 	76 	75 
009112 	352 	71 	76 	75 
009113 	352 	71 	76 	75 
009114 	352 	71 	76 	75 
009115 	343 	65 	91 	91 
009116 	343 	65 	91 	91 
009117 	343 	65 	91 	91 
009118 	343 	65 	91 	91 
009119 	343 	65 	91 	91 
009120 	343 	65 	91 	91 
009121 	343 	65 	91 	91 
009122 	343 	65 	91 	91 
009123 	343 	65 	91 	91 
009124 	343 	65 	91 	91 
009125 	343 	65 	91 	91 
009126 	343 	65 	91 	91 
009127 	343 	65 	91 	91 
009128 	343 	65 	91 	91 
009129 	343 	65 	91 	91 
009130 	343 	65 	91 	91 
009131 	343 	65 	91 	91 
009132 	343 	65 	91 	91 
009133 	343 	65 	91 	91 
009134 	343 	65 	91 	91 
009135 	343 	65 	91 	91 
009136 	343 	65 	91 	91 
009137 	343 	65 	91 	91 
009138 	352 	71 	76 	75 
009139 	352 	71 	76 	75 
009140 	343 	65 	91 	91 
009141 	343 	65 	91 	91 
009142 	343 	65 	91 	91 
009143 	352 	71 	76 	75 
009144 	343 	65 	91 	91 
009145 	343 	65 	91 	91 
009146 	343 	65 	91 	91 
009147 	343 	65 	91 	91 
009148 	343 	65 	91 	91 
009149 	343 	65 	91 	91 
009150 	343 	65 	91 	91 
009151 	343 	65 	91 	91 
009152 	343 	65 	91 	91 
009153 	343 	65 	91 	91 
009154 	343 	65 	91 	91 
009155 	343 	65 	91 	91 
009156 	343 	65 	91 	91 
009157 	343 	65 	91 	91 
009158 	343 	65 	91 	91 
009159 	343 	65 	91 	91 
009160 	343 	65 	91 	91 
009161 	343 	65 	91 	91 
009162 	343 	65 	91 	91 
009163 	343 	65 	91 	91 
009164 	343 	65 	91 	91 
009165 	343 	65 	91 	91 
009166 	343 	65 	91 	91 
009167 	343 	65 	91 	91 
009168 	343 	65 	91 	91 
009169 	343 	65 	91 	91 
009170 	343 	65 	91 	91 
009171 	343 	65 	91 	91 
009172 	343 	65 	91 	91 
009173 	343 	65 	91 	91 
009174 	343 	65 	91 	91 
009175 	343 	65 	91 	91 
009176 	343 	65 	91 	91 
009177 	343 	65 	91 	91 
009178 	343 	65 	91 	91 
009179 	343 	65 	91 	91 
009180 	343 	65 	91 	91 
009181 	343 	65 	91 	91 
009182 	343 	65 	91 	91 
009183 	343 	65 	91 	91 
009184 	343 	65 	91 	91 
009185 	343 	65 	91 	91 
009186 	343 	65 	91 	91 
009187 	343 	65 	91 	91 
