Identity  : 	id10276
Reference : 	lWeNK_hi-aI
Offset    : 	-3
FV Conf   : 	29.413
ASD Conf  : 	6.971

FRAME 	X 	Y 	W 	H 
005468 	344 	38 	76 	75 
005469 	352 	38 	76 	75 
005470 	361 	38 	75 	75 
005471 	361 	38 	75 	75 
005472 	369 	29 	76 	76 
005473 	369 	21 	76 	76 
005474 	369 	21 	76 	76 
005475 	369 	13 	76 	75 
005476 	369 	13 	76 	75 
005477 	376 	10 	64 	64 
005478 	369 	4 	76 	76 
005479 	369 	4 	76 	76 
005480 	369 	4 	76 	76 
005481 	369 	13 	76 	75 
005482 	369 	13 	76 	75 
005483 	361 	13 	75 	75 
005484 	361 	21 	75 	76 
005485 	361 	21 	75 	76 
005486 	352 	29 	76 	76 
005487 	352 	29 	76 	76 
005488 	352 	29 	76 	76 
005489 	356 	31 	63 	63 
005490 	356 	31 	63 	63 
005491 	356 	31 	63 	63 
005492 	356 	31 	63 	63 
005493 	356 	31 	63 	63 
005494 	356 	24 	63 	64 
005495 	356 	24 	63 	64 
005496 	356 	24 	63 	64 
005497 	352 	21 	76 	76 
005498 	362 	24 	64 	64 
005499 	362 	24 	64 	64 
005500 	362 	24 	64 	64 
005501 	362 	24 	64 	64 
005502 	369 	24 	64 	64 
005503 	369 	24 	64 	64 
005504 	369 	24 	64 	64 
005505 	376 	24 	64 	64 
005506 	376 	24 	64 	64 
005507 	377 	21 	76 	76 
005508 	377 	21 	76 	76 
005509 	377 	21 	76 	76 
005510 	383 	31 	63 	63 
005511 	383 	31 	63 	63 
005512 	383 	31 	63 	63 
005513 	383 	31 	63 	63 
005514 	383 	31 	63 	63 
005515 	383 	31 	63 	63 
005516 	383 	31 	63 	63 
005517 	383 	31 	63 	63 
005518 	383 	31 	63 	63 
005519 	383 	31 	63 	63 
005520 	383 	31 	63 	63 
005521 	383 	31 	63 	63 
005522 	383 	31 	63 	63 
005523 	383 	31 	63 	63 
005524 	383 	31 	63 	63 
005525 	383 	31 	63 	63 
005526 	377 	29 	76 	76 
005527 	377 	29 	76 	76 
005528 	377 	29 	76 	76 
005529 	377 	29 	76 	76 
005530 	377 	29 	76 	76 
005531 	390 	38 	63 	63 
005532 	390 	38 	63 	63 
005533 	390 	38 	63 	63 
005534 	385 	29 	76 	76 
005535 	385 	29 	76 	76 
005536 	385 	29 	76 	76 
005537 	397 	38 	63 	63 
005538 	397 	38 	63 	63 
005539 	397 	38 	63 	63 
005540 	397 	38 	63 	63 
005541 	397 	38 	63 	63 
005542 	394 	29 	75 	76 
005543 	394 	29 	75 	76 
005544 	394 	29 	75 	76 
005545 	404 	38 	63 	63 
005546 	402 	29 	76 	76 
005547 	402 	29 	76 	76 
005548 	402 	29 	76 	76 
005549 	402 	29 	76 	76 
005550 	402 	29 	76 	76 
005551 	402 	29 	76 	76 
005552 	402 	29 	76 	76 
005553 	402 	29 	76 	76 
005554 	402 	29 	76 	76 
005555 	402 	29 	76 	76 
005556 	402 	29 	76 	76 
005557 	402 	29 	76 	76 
005558 	402 	29 	76 	76 
005559 	402 	29 	76 	76 
005560 	402 	29 	76 	76 
005561 	402 	29 	76 	76 
005562 	404 	38 	63 	63 
005563 	404 	38 	63 	63 
005564 	404 	38 	63 	63 
005565 	404 	38 	63 	63 
005566 	402 	29 	76 	76 
005567 	402 	29 	76 	76 
005568 	402 	29 	76 	76 
005569 	404 	31 	63 	63 
005570 	402 	29 	76 	76 
005571 	402 	21 	76 	76 
005572 	402 	21 	76 	76 
005573 	402 	21 	76 	76 
005574 	404 	31 	63 	63 
005575 	404 	31 	63 	63 
005576 	404 	31 	63 	63 
005577 	402 	21 	76 	76 
005578 	404 	31 	63 	63 
005579 	394 	29 	75 	76 
005580 	394 	29 	75 	76 
005581 	394 	29 	75 	76 
005582 	394 	29 	75 	76 
005583 	394 	29 	75 	76 
005584 	394 	29 	75 	76 
005585 	394 	29 	75 	76 
005586 	394 	29 	75 	76 
005587 	394 	29 	75 	76 
005588 	394 	29 	75 	76 
005589 	394 	29 	75 	76 
005590 	394 	29 	75 	76 
005591 	394 	29 	75 	76 
005592 	394 	29 	75 	76 
005593 	394 	29 	75 	76 
005594 	394 	29 	75 	76 
005595 	394 	29 	75 	76 
005596 	394 	29 	75 	76 
005597 	394 	38 	75 	75 
005598 	394 	38 	75 	75 
005599 	394 	29 	75 	76 
005600 	394 	29 	75 	76 
005601 	394 	29 	75 	76 
005602 	394 	29 	75 	76 
005603 	394 	38 	75 	75 
005604 	394 	38 	75 	75 
005605 	394 	29 	75 	76 
005606 	394 	38 	75 	75 
005607 	394 	29 	75 	76 
005608 	394 	38 	75 	75 
005609 	394 	38 	75 	75 
005610 	394 	38 	75 	75 
005611 	394 	38 	75 	75 
005612 	394 	38 	75 	75 
005613 	394 	38 	75 	75 
005614 	394 	38 	75 	75 
005615 	394 	38 	75 	75 
005616 	394 	38 	75 	75 
005617 	394 	29 	75 	76 
005618 	394 	29 	75 	76 
005619 	394 	29 	75 	76 
005620 	394 	29 	75 	76 
005621 	394 	29 	75 	76 
005622 	394 	29 	75 	76 
005623 	394 	29 	75 	76 
005624 	394 	29 	75 	76 
005625 	394 	29 	75 	76 
005626 	394 	38 	75 	75 
005627 	394 	29 	75 	76 
005628 	394 	29 	75 	76 
005629 	394 	29 	75 	76 
005630 	394 	29 	75 	76 
005631 	394 	29 	75 	76 
005632 	394 	29 	75 	76 
005633 	394 	29 	75 	76 
005634 	394 	29 	75 	76 
005635 	394 	29 	75 	76 
005636 	394 	29 	75 	76 
005637 	394 	29 	75 	76 
005638 	394 	29 	75 	76 
005639 	394 	29 	75 	76 
005640 	394 	29 	75 	76 
005641 	394 	29 	75 	76 
005642 	394 	29 	75 	76 
005643 	394 	29 	75 	76 
005644 	394 	29 	75 	76 
005645 	394 	29 	75 	76 
005646 	394 	29 	75 	76 
005647 	394 	29 	75 	76 
005648 	394 	29 	75 	76 
005649 	394 	29 	75 	76 
005650 	394 	29 	75 	76 
005651 	394 	29 	75 	76 
005652 	394 	29 	75 	76 
005653 	394 	29 	75 	76 
005654 	394 	29 	75 	76 
005655 	394 	29 	75 	76 
005656 	394 	29 	75 	76 
005657 	394 	29 	75 	76 
005658 	394 	29 	75 	76 
005659 	394 	29 	75 	76 
005660 	397 	38 	63 	63 
005661 	397 	38 	63 	63 
005662 	397 	38 	63 	63 
005663 	394 	29 	75 	76 
005664 	394 	29 	75 	76 
005665 	394 	29 	75 	76 
005666 	394 	29 	75 	76 
005667 	394 	29 	75 	76 
005668 	394 	29 	75 	76 
005669 	394 	29 	75 	76 
005670 	397 	38 	63 	63 
005671 	397 	38 	63 	63 
005672 	394 	29 	75 	76 
005673 	394 	29 	75 	76 
005674 	394 	29 	75 	76 
005675 	394 	29 	75 	76 
005676 	394 	29 	75 	76 
005677 	394 	29 	75 	76 
005678 	394 	29 	75 	76 
005679 	394 	29 	75 	76 
005680 	394 	29 	75 	76 
005681 	394 	29 	75 	76 
005682 	394 	29 	75 	76 
005683 	394 	29 	75 	76 
005684 	394 	29 	75 	76 
005685 	394 	29 	75 	76 
005686 	394 	29 	75 	76 
005687 	394 	29 	75 	76 
005688 	394 	29 	75 	76 
005689 	394 	29 	75 	76 
005690 	394 	29 	75 	76 
005691 	394 	29 	75 	76 
005692 	397 	38 	63 	63 
005693 	397 	38 	63 	63 
005694 	397 	38 	63 	63 
005695 	397 	38 	63 	63 
005696 	385 	29 	76 	76 
005697 	385 	29 	76 	76 
005698 	385 	29 	76 	76 
005699 	385 	21 	76 	76 
005700 	385 	21 	76 	76 
005701 	385 	21 	76 	76 
005702 	385 	21 	76 	76 
005703 	385 	21 	76 	76 
005704 	397 	31 	63 	63 
005705 	397 	24 	63 	64 
005706 	397 	24 	63 	64 
005707 	397 	24 	63 	64 
005708 	397 	24 	63 	64 
005709 	397 	31 	63 	63 
005710 	397 	31 	63 	63 
005711 	397 	31 	63 	63 
005712 	397 	31 	63 	63 
005713 	397 	24 	63 	64 
005714 	397 	24 	63 	64 
005715 	397 	24 	63 	64 
005716 	397 	24 	63 	64 
005717 	397 	24 	63 	64 
005718 	397 	24 	63 	64 
005719 	397 	31 	63 	63 
005720 	397 	31 	63 	63 
005721 	397 	31 	63 	63 
005722 	397 	24 	63 	64 
005723 	397 	24 	63 	64 
005724 	397 	31 	63 	63 
005725 	397 	31 	63 	63 
005726 	397 	31 	63 	63 
005727 	397 	31 	63 	63 
005728 	397 	31 	63 	63 
005729 	397 	31 	63 	63 
005730 	394 	21 	75 	76 
005731 	394 	21 	75 	76 
005732 	404 	31 	63 	63 
005733 	404 	31 	63 	63 
005734 	404 	31 	63 	63 
005735 	402 	21 	76 	76 
005736 	402 	21 	76 	76 
005737 	402 	21 	76 	76 
005738 	402 	21 	76 	76 
005739 	402 	21 	76 	76 
005740 	402 	21 	76 	76 
005741 	404 	31 	63 	63 
005742 	404 	31 	63 	63 
005743 	402 	21 	76 	76 
005744 	402 	21 	76 	76 
005745 	402 	21 	76 	76 
005746 	402 	21 	76 	76 
005747 	402 	21 	76 	76 
005748 	402 	21 	76 	76 
005749 	402 	21 	76 	76 
005750 	402 	21 	76 	76 
005751 	402 	21 	76 	76 
005752 	402 	29 	76 	76 
005753 	402 	21 	76 	76 
005754 	402 	21 	76 	76 
005755 	402 	29 	76 	76 
005756 	402 	29 	76 	76 
005757 	402 	29 	76 	76 
005758 	402 	29 	76 	76 
005759 	402 	29 	76 	76 
005760 	402 	29 	76 	76 
005761 	411 	38 	63 	63 
005762 	411 	31 	63 	63 
005763 	402 	29 	76 	76 
005764 	402 	29 	76 	76 
005765 	402 	29 	76 	76 
005766 	402 	29 	76 	76 
005767 	402 	29 	76 	76 
005768 	402 	29 	76 	76 
005769 	402 	29 	76 	76 
005770 	402 	29 	76 	76 
005771 	404 	31 	63 	63 
005772 	404 	31 	63 	63 
005773 	404 	31 	63 	63 
005774 	404 	31 	63 	63 
005775 	404 	31 	63 	63 
005776 	402 	29 	76 	76 
005777 	402 	29 	76 	76 
005778 	402 	29 	76 	76 
005779 	411 	31 	63 	63 
005780 	411 	31 	63 	63 
005781 	411 	31 	63 	63 
005782 	411 	31 	63 	63 
005783 	411 	24 	63 	64 
005784 	411 	31 	63 	63 
005785 	411 	31 	63 	63 
005786 	411 	31 	63 	63 
005787 	411 	31 	63 	63 
005788 	411 	31 	63 	63 
005789 	411 	31 	63 	63 
005790 	411 	31 	63 	63 
005791 	411 	31 	63 	63 
005792 	402 	29 	76 	76 
005793 	411 	31 	63 	63 
005794 	402 	29 	76 	76 
005795 	402 	29 	76 	76 
005796 	402 	29 	76 	76 
005797 	402 	29 	76 	76 
005798 	410 	29 	76 	76 
005799 	410 	29 	76 	76 
005800 	410 	29 	76 	76 
005801 	410 	29 	76 	76 
005802 	410 	29 	76 	76 
005803 	410 	29 	76 	76 
005804 	410 	29 	76 	76 
005805 	410 	29 	76 	76 
005806 	410 	29 	76 	76 
005807 	410 	29 	76 	76 
005808 	425 	31 	63 	63 
005809 	425 	31 	63 	63 
005810 	419 	21 	75 	76 
005811 	425 	31 	63 	63 
005812 	419 	21 	75 	76 
005813 	419 	21 	75 	76 
005814 	419 	21 	75 	76 
005815 	419 	21 	75 	76 
005816 	419 	21 	75 	76 
005817 	419 	29 	75 	76 
005818 	419 	29 	75 	76 
005819 	419 	29 	75 	76 
005820 	419 	29 	75 	76 
005821 	419 	29 	75 	76 
005822 	419 	29 	75 	76 
005823 	419 	29 	75 	76 
005824 	419 	29 	75 	76 
005825 	419 	29 	75 	76 
005826 	419 	29 	75 	76 
005827 	427 	21 	76 	76 
005828 	432 	31 	63 	63 
005829 	432 	38 	63 	63 
005830 	432 	31 	63 	63 
005831 	427 	29 	76 	76 
005832 	427 	29 	76 	76 
005833 	432 	38 	63 	63 
005834 	432 	38 	63 	63 
005835 	432 	38 	63 	63 
005836 	432 	38 	63 	63 
005837 	432 	38 	63 	63 
005838 	432 	38 	63 	63 
005839 	432 	38 	63 	63 
