Identity  : 	id10305
Reference : 	vbDKF8bZJQA
Offset    : 	-2
FV Conf   : 	14.340
ASD Conf  : 	6.898

FRAME 	X 	Y 	W 	H 
000501 	278 	79 	75 	76 
000502 	278 	79 	75 	76 
000503 	278 	79 	75 	76 
000504 	278 	79 	75 	76 
000505 	274 	75 	90 	91 
000506 	274 	75 	90 	91 
000507 	274 	75 	90 	91 
000508 	274 	75 	90 	91 
000509 	274 	75 	90 	91 
000510 	274 	75 	90 	91 
000511 	274 	75 	90 	91 
000512 	274 	75 	90 	91 
000513 	274 	75 	90 	91 
000514 	274 	75 	90 	91 
000515 	274 	75 	90 	91 
000516 	274 	75 	90 	91 
000517 	274 	75 	90 	91 
000518 	274 	75 	90 	91 
000519 	274 	75 	90 	91 
000520 	274 	75 	90 	91 
000521 	278 	79 	75 	76 
000522 	278 	79 	75 	76 
000523 	278 	79 	75 	76 
000524 	278 	79 	75 	76 
000525 	278 	79 	75 	76 
000526 	278 	79 	75 	76 
000527 	278 	79 	75 	76 
000528 	278 	79 	75 	76 
000529 	278 	79 	75 	76 
000530 	264 	75 	90 	91 
000531 	264 	75 	90 	91 
000532 	264 	75 	90 	91 
000533 	264 	75 	90 	91 
000534 	264 	75 	90 	91 
000535 	264 	75 	90 	91 
000536 	264 	75 	90 	91 
000537 	264 	75 	90 	91 
000538 	264 	75 	90 	91 
000539 	264 	75 	90 	91 
000540 	264 	75 	90 	91 
000541 	264 	75 	90 	91 
000542 	264 	75 	90 	91 
000543 	264 	75 	90 	91 
000544 	264 	75 	90 	91 
000545 	278 	79 	75 	76 
000546 	264 	75 	90 	91 
000547 	278 	79 	75 	76 
000548 	278 	79 	75 	76 
000549 	278 	79 	75 	76 
000550 	278 	79 	75 	76 
000551 	278 	79 	75 	76 
000552 	278 	79 	75 	76 
000553 	278 	79 	75 	76 
000554 	278 	79 	75 	76 
000555 	278 	79 	75 	76 
000556 	278 	79 	75 	76 
000557 	278 	79 	75 	76 
000558 	278 	79 	75 	76 
000559 	278 	79 	75 	76 
000560 	278 	79 	75 	76 
000561 	278 	79 	75 	76 
000562 	278 	79 	75 	76 
000563 	278 	79 	75 	76 
000564 	278 	79 	75 	76 
000565 	264 	75 	90 	91 
000566 	264 	75 	90 	91 
000567 	264 	75 	90 	91 
000568 	264 	75 	90 	91 
000569 	264 	75 	90 	91 
000570 	264 	75 	90 	91 
000571 	264 	75 	90 	91 
000572 	264 	75 	90 	91 
000573 	264 	75 	90 	91 
000574 	264 	75 	90 	91 
000575 	278 	79 	75 	76 
000576 	278 	79 	75 	76 
000577 	278 	79 	75 	76 
000578 	278 	79 	75 	76 
000579 	278 	79 	75 	76 
000580 	278 	79 	75 	76 
000581 	278 	79 	75 	76 
000582 	278 	79 	75 	76 
000583 	274 	75 	90 	91 
000584 	278 	79 	75 	76 
000585 	278 	79 	75 	76 
000586 	274 	75 	90 	91 
000587 	274 	75 	90 	91 
000588 	274 	75 	90 	91 
000589 	274 	75 	90 	91 
000590 	274 	75 	90 	91 
000591 	274 	75 	90 	91 
000592 	274 	75 	90 	91 
000593 	274 	75 	90 	91 
000594 	274 	75 	90 	91 
000595 	274 	75 	90 	91 
000596 	274 	75 	90 	91 
000597 	274 	75 	90 	91 
000598 	274 	75 	90 	91 
000599 	274 	75 	90 	91 
000600 	274 	75 	90 	91 
000601 	274 	75 	90 	91 
000602 	274 	75 	90 	91 
000603 	274 	75 	90 	91 
000604 	274 	75 	90 	91 
000605 	274 	75 	90 	91 
000606 	274 	75 	90 	91 
000607 	274 	75 	90 	91 
000608 	274 	75 	90 	91 
000609 	274 	75 	90 	91 
000610 	274 	75 	90 	91 
000611 	274 	75 	90 	91 
000612 	274 	75 	90 	91 
000613 	274 	75 	90 	91 
000614 	274 	75 	90 	91 
000615 	274 	75 	90 	91 
000616 	274 	75 	90 	91 
000617 	274 	75 	90 	91 
000618 	274 	75 	90 	91 
000619 	274 	75 	90 	91 
000620 	274 	75 	90 	91 
