Identity  : 	id10305
Reference : 	vbDKF8bZJQA
Offset    : 	-2
FV Conf   : 	15.360
ASD Conf  : 	7.306

FRAME 	X 	Y 	W 	H 
008565 	286 	87 	76 	76 
008566 	286 	87 	76 	76 
008567 	286 	87 	76 	76 
008568 	278 	87 	75 	76 
008569 	278 	87 	75 	76 
008570 	278 	87 	75 	76 
008571 	278 	87 	75 	76 
008572 	278 	87 	75 	76 
008573 	278 	87 	75 	76 
008574 	264 	85 	90 	91 
008575 	264 	85 	90 	91 
008576 	264 	85 	90 	91 
008577 	269 	87 	76 	76 
008578 	269 	87 	76 	76 
008579 	264 	85 	90 	91 
008580 	264 	85 	90 	91 
008581 	264 	85 	90 	91 
008582 	278 	87 	75 	76 
008583 	264 	85 	90 	91 
008584 	264 	85 	90 	91 
008585 	264 	85 	90 	91 
008586 	278 	87 	75 	76 
008587 	278 	87 	75 	76 
008588 	278 	87 	75 	76 
008589 	264 	75 	90 	91 
008590 	264 	85 	90 	91 
008591 	264 	85 	90 	91 
008592 	278 	87 	75 	76 
008593 	274 	85 	90 	91 
008594 	274 	85 	90 	91 
008595 	278 	87 	75 	76 
008596 	274 	85 	90 	91 
008597 	274 	85 	90 	91 
008598 	274 	85 	90 	91 
008599 	274 	85 	90 	91 
008600 	274 	85 	90 	91 
008601 	274 	85 	90 	91 
008602 	274 	85 	90 	91 
008603 	274 	85 	90 	91 
008604 	274 	85 	90 	91 
008605 	274 	85 	90 	91 
008606 	286 	87 	76 	76 
008607 	284 	75 	90 	91 
008608 	284 	75 	90 	91 
008609 	284 	75 	90 	91 
008610 	284 	85 	90 	91 
008611 	284 	85 	90 	91 
008612 	294 	87 	76 	76 
008613 	294 	87 	76 	76 
008614 	294 	87 	76 	76 
008615 	294 	87 	76 	76 
008616 	294 	75 	90 	91 
008617 	294 	75 	90 	91 
008618 	294 	75 	90 	91 
008619 	294 	75 	90 	91 
008620 	294 	75 	90 	91 
008621 	294 	75 	90 	91 
008622 	294 	75 	90 	91 
008623 	294 	75 	90 	91 
008624 	294 	75 	90 	91 
008625 	294 	75 	90 	91 
008626 	294 	75 	90 	91 
008627 	294 	75 	90 	91 
008628 	294 	75 	90 	91 
008629 	294 	75 	90 	91 
008630 	294 	75 	90 	91 
008631 	294 	87 	76 	76 
008632 	294 	87 	76 	76 
008633 	294 	87 	76 	76 
008634 	294 	87 	76 	76 
008635 	294 	87 	76 	76 
008636 	294 	87 	76 	76 
008637 	294 	87 	76 	76 
008638 	294 	87 	76 	76 
008639 	294 	87 	76 	76 
008640 	294 	87 	76 	76 
008641 	294 	87 	76 	76 
008642 	294 	87 	76 	76 
008643 	294 	87 	76 	76 
008644 	294 	87 	76 	76 
008645 	294 	87 	76 	76 
008646 	284 	85 	90 	91 
008647 	284 	85 	90 	91 
008648 	284 	85 	90 	91 
008649 	284 	85 	90 	91 
008650 	284 	85 	90 	91 
008651 	284 	75 	90 	91 
008652 	284 	85 	90 	91 
008653 	284 	75 	90 	91 
008654 	284 	75 	90 	91 
008655 	286 	87 	76 	76 
008656 	286 	87 	76 	76 
008657 	286 	87 	76 	76 
008658 	286 	87 	76 	76 
008659 	286 	79 	76 	76 
008660 	286 	79 	76 	76 
008661 	274 	75 	90 	91 
008662 	274 	75 	90 	91 
008663 	274 	75 	90 	91 
008664 	274 	75 	90 	91 
008665 	274 	75 	90 	91 
008666 	274 	75 	90 	91 
008667 	274 	75 	90 	91 
008668 	278 	87 	75 	76 
008669 	274 	85 	90 	91 
008670 	274 	85 	90 	91 
008671 	274 	85 	90 	91 
008672 	274 	85 	90 	91 
008673 	274 	85 	90 	91 
008674 	274 	75 	90 	91 
008675 	274 	75 	90 	91 
008676 	274 	75 	90 	91 
008677 	274 	75 	90 	91 
008678 	286 	79 	76 	76 
008679 	286 	79 	76 	76 
008680 	286 	79 	76 	76 
008681 	284 	65 	90 	91 
008682 	286 	79 	76 	76 
008683 	284 	65 	90 	91 
008684 	284 	75 	90 	91 
008685 	284 	75 	90 	91 
008686 	284 	75 	90 	91 
008687 	294 	79 	76 	76 
008688 	284 	75 	90 	91 
008689 	284 	75 	90 	91 
008690 	294 	79 	76 	76 
008691 	284 	75 	90 	91 
008692 	284 	75 	90 	91 
008693 	284 	75 	90 	91 
008694 	284 	75 	90 	91 
008695 	284 	75 	90 	91 
008696 	284 	75 	90 	91 
008697 	284 	75 	90 	91 
008698 	284 	75 	90 	91 
008699 	284 	75 	90 	91 
008700 	274 	75 	90 	91 
008701 	274 	75 	90 	91 
008702 	274 	75 	90 	91 
008703 	274 	75 	90 	91 
008704 	278 	79 	75 	76 
008705 	278 	79 	75 	76 
008706 	278 	79 	75 	76 
008707 	278 	79 	75 	76 
008708 	278 	87 	75 	76 
008709 	278 	87 	75 	76 
008710 	278 	87 	75 	76 
008711 	278 	87 	75 	76 
008712 	278 	87 	75 	76 
008713 	278 	87 	75 	76 
008714 	278 	87 	75 	76 
008715 	278 	87 	75 	76 
008716 	274 	75 	90 	91 
008717 	274 	75 	90 	91 
008718 	274 	85 	90 	91 
008719 	286 	87 	76 	76 
008720 	284 	75 	90 	91 
008721 	284 	75 	90 	91 
008722 	284 	75 	90 	91 
008723 	284 	75 	90 	91 
008724 	294 	87 	76 	76 
008725 	294 	87 	76 	76 
008726 	294 	75 	90 	91 
008727 	294 	75 	90 	91 
008728 	294 	75 	90 	91 
008729 	303 	87 	75 	76 
008730 	303 	87 	75 	76 
008731 	303 	87 	75 	76 
008732 	303 	87 	75 	76 
008733 	303 	87 	75 	76 
008734 	303 	87 	75 	76 
008735 	303 	87 	75 	76 
008736 	303 	87 	75 	76 
008737 	303 	87 	75 	76 
008738 	294 	75 	90 	91 
008739 	294 	75 	90 	91 
008740 	284 	85 	90 	91 
008741 	284 	85 	90 	91 
008742 	286 	87 	76 	76 
008743 	286 	87 	76 	76 
008744 	286 	87 	76 	76 
008745 	274 	85 	90 	91 
008746 	286 	87 	76 	76 
008747 	274 	85 	90 	91 
008748 	278 	87 	75 	76 
008749 	278 	87 	75 	76 
008750 	264 	85 	90 	91 
008751 	264 	85 	90 	91 
008752 	278 	87 	75 	76 
008753 	278 	87 	75 	76 
008754 	278 	87 	75 	76 
008755 	274 	85 	90 	91 
008756 	274 	85 	90 	91 
008757 	274 	85 	90 	91 
008758 	274 	85 	90 	91 
008759 	274 	85 	90 	91 
008760 	274 	85 	90 	91 
008761 	274 	75 	90 	91 
008762 	274 	75 	90 	91 
008763 	274 	75 	90 	91 
008764 	274 	75 	90 	91 
008765 	274 	75 	90 	91 
008766 	274 	75 	90 	91 
008767 	274 	75 	90 	91 
008768 	274 	75 	90 	91 
008769 	274 	75 	90 	91 
008770 	274 	75 	90 	91 
008771 	274 	85 	90 	91 
008772 	274 	85 	90 	91 
008773 	274 	85 	90 	91 
008774 	274 	85 	90 	91 
008775 	274 	85 	90 	91 
008776 	274 	85 	90 	91 
008777 	274 	85 	90 	91 
008778 	274 	85 	90 	91 
008779 	274 	85 	90 	91 
008780 	274 	85 	90 	91 
008781 	274 	85 	90 	91 
008782 	274 	85 	90 	91 
008783 	274 	85 	90 	91 
008784 	274 	85 	90 	91 
008785 	274 	85 	90 	91 
008786 	274 	85 	90 	91 
008787 	274 	85 	90 	91 
008788 	274 	85 	90 	91 
008789 	274 	85 	90 	91 
008790 	274 	85 	90 	91 
008791 	274 	85 	90 	91 
008792 	274 	85 	90 	91 
008793 	274 	75 	90 	91 
008794 	274 	75 	90 	91 
008795 	274 	75 	90 	91 
008796 	274 	75 	90 	91 
008797 	278 	87 	75 	76 
008798 	278 	87 	75 	76 
008799 	278 	87 	75 	76 
008800 	278 	87 	75 	76 
008801 	278 	87 	75 	76 
008802 	278 	87 	75 	76 
008803 	278 	87 	75 	76 
008804 	278 	87 	75 	76 
008805 	278 	87 	75 	76 
008806 	278 	87 	75 	76 
008807 	278 	87 	75 	76 
008808 	278 	87 	75 	76 
008809 	278 	87 	75 	76 
008810 	278 	87 	75 	76 
008811 	274 	75 	90 	91 
008812 	274 	75 	90 	91 
008813 	274 	75 	90 	91 
008814 	274 	75 	90 	91 
008815 	274 	75 	90 	91 
008816 	274 	75 	90 	91 
008817 	274 	75 	90 	91 
008818 	274 	75 	90 	91 
008819 	274 	75 	90 	91 
008820 	274 	75 	90 	91 
008821 	274 	75 	90 	91 
008822 	274 	75 	90 	91 
008823 	274 	75 	90 	91 
008824 	274 	75 	90 	91 
008825 	274 	75 	90 	91 
008826 	274 	75 	90 	91 
008827 	274 	75 	90 	91 
008828 	274 	75 	90 	91 
008829 	274 	75 	90 	91 
008830 	278 	87 	75 	76 
008831 	278 	87 	75 	76 
008832 	278 	87 	75 	76 
008833 	278 	87 	75 	76 
008834 	278 	87 	75 	76 
008835 	278 	87 	75 	76 
008836 	278 	87 	75 	76 
008837 	278 	87 	75 	76 
008838 	278 	87 	75 	76 
008839 	278 	87 	75 	76 
008840 	278 	79 	75 	76 
008841 	274 	75 	90 	91 
008842 	274 	75 	90 	91 
008843 	274 	75 	90 	91 
008844 	274 	75 	90 	91 
008845 	286 	87 	76 	76 
008846 	284 	75 	90 	91 
008847 	284 	75 	90 	91 
008848 	284 	75 	90 	91 
008849 	294 	87 	76 	76 
008850 	294 	75 	90 	91 
008851 	294 	75 	90 	91 
008852 	294 	75 	90 	91 
008853 	294 	75 	90 	91 
008854 	294 	75 	90 	91 
008855 	294 	75 	90 	91 
008856 	294 	75 	90 	91 
008857 	294 	75 	90 	91 
008858 	294 	75 	90 	91 
008859 	294 	75 	90 	91 
008860 	294 	75 	90 	91 
008861 	294 	75 	90 	91 
008862 	294 	75 	90 	91 
008863 	294 	75 	90 	91 
008864 	294 	75 	90 	91 
008865 	294 	75 	90 	91 
008866 	294 	75 	90 	91 
008867 	294 	85 	90 	91 
008868 	294 	85 	90 	91 
008869 	294 	85 	90 	91 
008870 	294 	85 	90 	91 
008871 	294 	85 	90 	91 
008872 	294 	85 	90 	91 
008873 	294 	85 	90 	91 
008874 	294 	85 	90 	91 
008875 	294 	85 	90 	91 
008876 	294 	85 	90 	91 
008877 	294 	85 	90 	91 
008878 	294 	85 	90 	91 
008879 	294 	85 	90 	91 
008880 	294 	85 	90 	91 
008881 	294 	85 	90 	91 
008882 	294 	85 	90 	91 
008883 	294 	75 	90 	91 
008884 	284 	85 	90 	91 
008885 	284 	85 	90 	91 
008886 	284 	85 	90 	91 
008887 	284 	85 	90 	91 
008888 	284 	85 	90 	91 
008889 	284 	85 	90 	91 
008890 	284 	85 	90 	91 
008891 	284 	85 	90 	91 
008892 	294 	87 	76 	76 
008893 	294 	87 	76 	76 
008894 	294 	87 	76 	76 
008895 	294 	87 	76 	76 
008896 	294 	87 	76 	76 
008897 	294 	87 	76 	76 
008898 	294 	87 	76 	76 
008899 	284 	85 	90 	91 
008900 	286 	87 	76 	76 
008901 	284 	85 	90 	91 
008902 	284 	85 	90 	91 
008903 	284 	85 	90 	91 
008904 	284 	85 	90 	91 
008905 	294 	96 	76 	75 
008906 	294 	96 	76 	75 
008907 	294 	96 	76 	75 
008908 	294 	96 	76 	75 
008909 	284 	95 	90 	91 
008910 	294 	104 	76 	76 
008911 	284 	95 	90 	91 
008912 	294 	104 	76 	76 
008913 	294 	95 	90 	91 
008914 	294 	95 	90 	91 
008915 	294 	95 	90 	91 
008916 	294 	95 	90 	91 
008917 	294 	95 	90 	91 
008918 	294 	95 	90 	91 
008919 	294 	95 	90 	91 
008920 	294 	95 	90 	91 
