Identity  : 	id10309
Reference : 	XMLMvfrgdzY
Offset    : 	0
FV Conf   : 	24.220
ASD Conf  : 	6.764

FRAME 	X 	Y 	W 	H 
004036 	266 	66 	130 	130 
004037 	266 	66 	130 	130 
004038 	266 	66 	130 	130 
004039 	269 	66 	108 	109 
004040 	269 	66 	108 	109 
004041 	269 	66 	108 	109 
004042 	269 	66 	108 	109 
004043 	269 	66 	108 	109 
004044 	251 	66 	130 	130 
004045 	251 	66 	130 	130 
004046 	251 	66 	130 	130 
004047 	251 	66 	130 	130 
004048 	257 	66 	109 	109 
004049 	257 	66 	109 	109 
004050 	257 	66 	109 	109 
004051 	251 	66 	130 	130 
004052 	251 	66 	130 	130 
004053 	251 	66 	130 	130 
004054 	251 	66 	130 	130 
004055 	251 	66 	130 	130 
004056 	251 	66 	130 	130 
004057 	251 	66 	130 	130 
004058 	251 	66 	130 	130 
004059 	251 	66 	130 	130 
004060 	251 	66 	130 	130 
004061 	251 	66 	130 	130 
004062 	251 	66 	130 	130 
004063 	251 	66 	130 	130 
004064 	251 	66 	130 	130 
004065 	251 	66 	130 	130 
004066 	251 	66 	130 	130 
004067 	251 	66 	130 	130 
004068 	257 	78 	109 	109 
004069 	257 	90 	109 	109 
004070 	257 	90 	109 	109 
004071 	257 	90 	109 	109 
004072 	257 	90 	109 	109 
004073 	257 	90 	109 	109 
004074 	257 	90 	109 	109 
004075 	257 	90 	109 	109 
004076 	251 	80 	130 	130 
004077 	251 	80 	130 	130 
004078 	257 	90 	109 	109 
004079 	237 	80 	130 	130 
004080 	251 	80 	130 	130 
004081 	251 	80 	130 	130 
004082 	251 	80 	130 	130 
004083 	237 	80 	130 	130 
004084 	237 	94 	130 	130 
004085 	251 	94 	130 	130 
004086 	257 	102 	109 	109 
004087 	251 	94 	130 	130 
004088 	237 	94 	130 	130 
004089 	257 	102 	109 	109 
004090 	251 	94 	130 	130 
004091 	257 	102 	109 	109 
004092 	257 	102 	109 	109 
004093 	251 	94 	130 	130 
004094 	251 	94 	130 	130 
004095 	251 	94 	130 	130 
004096 	251 	94 	130 	130 
004097 	251 	94 	130 	130 
004098 	257 	102 	109 	109 
004099 	237 	94 	130 	130 
004100 	245 	102 	109 	109 
004101 	223 	80 	130 	130 
004102 	223 	80 	130 	130 
004103 	223 	80 	130 	130 
004104 	223 	80 	130 	130 
004105 	223 	80 	130 	130 
004106 	223 	80 	130 	130 
004107 	223 	80 	130 	130 
004108 	223 	80 	130 	130 
004109 	221 	90 	109 	109 
004110 	221 	90 	109 	109 
004111 	223 	80 	130 	130 
004112 	223 	80 	130 	130 
004113 	223 	80 	130 	130 
004114 	223 	80 	130 	130 
004115 	223 	80 	130 	130 
004116 	223 	80 	130 	130 
004117 	223 	80 	130 	130 
004118 	223 	94 	130 	130 
004119 	223 	94 	130 	130 
004120 	223 	94 	130 	130 
004121 	223 	80 	130 	130 
004122 	223 	80 	130 	130 
004123 	223 	80 	130 	130 
004124 	223 	80 	130 	130 
004125 	223 	80 	130 	130 
004126 	223 	80 	130 	130 
004127 	233 	90 	109 	109 
004128 	223 	80 	130 	130 
004129 	223 	80 	130 	130 
004130 	223 	80 	130 	130 
004131 	223 	80 	130 	130 
004132 	233 	90 	109 	109 
004133 	233 	90 	109 	109 
004134 	223 	94 	130 	130 
004135 	223 	94 	130 	130 
004136 	223 	94 	130 	130 
004137 	223 	94 	130 	130 
004138 	223 	94 	130 	130 
004139 	223 	94 	130 	130 
004140 	223 	94 	130 	130 
004141 	223 	94 	130 	130 
004142 	223 	94 	130 	130 
004143 	223 	94 	130 	130 
004144 	223 	94 	130 	130 
004145 	223 	94 	130 	130 
