Identity  : 	id10279
Reference : 	IvOQNamNtF4
Offset    : 	1
FV Conf   : 	14.167
ASD Conf  : 	5.725

FRAME 	X 	Y 	W 	H 
003179 	305 	54 	108 	109 
003180 	305 	54 	108 	109 
003181 	305 	54 	108 	109 
003182 	305 	54 	108 	109 
003183 	305 	54 	108 	109 
003184 	305 	54 	108 	109 
003185 	305 	54 	108 	109 
003186 	305 	54 	108 	109 
003187 	305 	54 	108 	109 
003188 	305 	54 	108 	109 
003189 	305 	54 	108 	109 
003190 	305 	54 	108 	109 
003191 	305 	54 	108 	109 
003192 	305 	54 	108 	109 
003193 	305 	54 	108 	109 
003194 	305 	54 	108 	109 
003195 	317 	43 	108 	108 
003196 	317 	43 	108 	108 
003197 	305 	43 	108 	108 
003198 	305 	43 	108 	108 
003199 	305 	43 	108 	108 
003200 	305 	43 	108 	108 
003201 	305 	31 	108 	108 
003202 	305 	31 	108 	108 
003203 	305 	31 	108 	108 
003204 	305 	31 	108 	108 
003205 	305 	31 	108 	108 
003206 	305 	31 	108 	108 
003207 	305 	31 	108 	108 
003208 	305 	31 	108 	108 
003209 	305 	31 	108 	108 
003210 	305 	31 	108 	108 
003211 	305 	31 	108 	108 
003212 	305 	31 	108 	108 
003213 	305 	31 	108 	108 
003214 	305 	31 	108 	108 
003215 	305 	31 	108 	108 
003216 	305 	31 	108 	108 
003217 	305 	31 	108 	108 
003218 	305 	31 	108 	108 
003219 	305 	31 	108 	108 
003220 	305 	31 	108 	108 
003221 	305 	31 	108 	108 
003222 	305 	31 	108 	108 
003223 	305 	31 	108 	108 
003224 	305 	31 	108 	108 
003225 	305 	43 	108 	108 
003226 	305 	43 	108 	108 
003227 	305 	43 	108 	108 
003228 	305 	43 	108 	108 
003229 	305 	43 	108 	108 
003230 	305 	43 	108 	108 
003231 	305 	43 	108 	108 
003232 	305 	43 	108 	108 
003233 	305 	43 	108 	108 
003234 	305 	43 	108 	108 
003235 	305 	43 	108 	108 
003236 	305 	43 	108 	108 
003237 	305 	43 	108 	108 
003238 	305 	43 	108 	108 
003239 	305 	43 	108 	108 
003240 	305 	43 	108 	108 
003241 	305 	43 	108 	108 
003242 	305 	43 	108 	108 
003243 	305 	43 	108 	108 
003244 	305 	43 	108 	108 
003245 	305 	43 	108 	108 
003246 	305 	43 	108 	108 
003247 	305 	43 	108 	108 
003248 	293 	43 	108 	108 
003249 	293 	43 	108 	108 
003250 	293 	31 	108 	108 
003251 	293 	31 	108 	108 
003252 	293 	31 	108 	108 
003253 	293 	31 	108 	108 
003254 	293 	31 	108 	108 
003255 	293 	31 	108 	108 
003256 	293 	31 	108 	108 
003257 	293 	31 	108 	108 
003258 	293 	31 	108 	108 
003259 	293 	31 	108 	108 
003260 	293 	31 	108 	108 
003261 	293 	31 	108 	108 
003262 	293 	31 	108 	108 
003263 	293 	31 	108 	108 
003264 	293 	31 	108 	108 
003265 	293 	31 	108 	108 
003266 	293 	31 	108 	108 
003267 	293 	31 	108 	108 
003268 	293 	31 	108 	108 
003269 	293 	31 	108 	108 
003270 	293 	31 	108 	108 
003271 	293 	31 	108 	108 
003272 	293 	31 	108 	108 
003273 	293 	31 	108 	108 
003274 	293 	31 	108 	108 
003275 	293 	31 	108 	108 
003276 	293 	31 	108 	108 
003277 	293 	31 	108 	108 
003278 	293 	31 	108 	108 
003279 	293 	31 	108 	108 
003280 	293 	31 	108 	108 
003281 	293 	31 	108 	108 
003282 	293 	31 	108 	108 
003283 	293 	31 	108 	108 
003284 	293 	31 	108 	108 
003285 	293 	31 	108 	108 
003286 	293 	31 	108 	108 
003287 	293 	31 	108 	108 
003288 	293 	31 	108 	108 
003289 	293 	43 	108 	108 
003290 	293 	31 	108 	108 
003291 	293 	43 	108 	108 
003292 	293 	43 	108 	108 
003293 	293 	31 	108 	108 
003294 	293 	43 	108 	108 
003295 	293 	31 	108 	108 
003296 	293 	31 	108 	108 
003297 	293 	31 	108 	108 
003298 	293 	31 	108 	108 
003299 	293 	19 	108 	108 
003300 	293 	19 	108 	108 
003301 	293 	19 	108 	108 
003302 	293 	19 	108 	108 
003303 	293 	19 	108 	108 
003304 	293 	31 	108 	108 
003305 	293 	31 	108 	108 
003306 	293 	31 	108 	108 
003307 	293 	31 	108 	108 
003308 	293 	43 	108 	108 
003309 	293 	43 	108 	108 
003310 	293 	31 	108 	108 
003311 	293 	31 	108 	108 
003312 	293 	31 	108 	108 
003313 	293 	31 	108 	108 
003314 	293 	31 	108 	108 
003315 	293 	19 	108 	108 
003316 	293 	19 	108 	108 
003317 	293 	19 	108 	108 
003318 	293 	19 	108 	108 
003319 	293 	19 	108 	108 
003320 	293 	19 	108 	108 
003321 	293 	19 	108 	108 
003322 	293 	19 	108 	108 
003323 	293 	19 	108 	108 
003324 	293 	31 	108 	108 
003325 	293 	31 	108 	108 
003326 	293 	31 	108 	108 
003327 	293 	31 	108 	108 
003328 	293 	31 	108 	108 
003329 	293 	31 	108 	108 
003330 	293 	31 	108 	108 
003331 	293 	31 	108 	108 
003332 	293 	31 	108 	108 
003333 	293 	31 	108 	108 
003334 	293 	31 	108 	108 
003335 	281 	31 	108 	108 
003336 	281 	31 	108 	108 
003337 	281 	31 	108 	108 
003338 	281 	43 	108 	108 
003339 	281 	43 	108 	108 
003340 	281 	43 	108 	108 
003341 	281 	43 	108 	108 
003342 	281 	43 	108 	108 
003343 	281 	43 	108 	108 
003344 	281 	43 	108 	108 
003345 	281 	43 	108 	108 
003346 	281 	43 	108 	108 
003347 	269 	43 	108 	108 
003348 	266 	23 	130 	130 
003349 	266 	23 	130 	130 
003350 	266 	23 	130 	130 
003351 	266 	23 	130 	130 
003352 	269 	43 	108 	108 
003353 	269 	43 	108 	108 
003354 	269 	43 	108 	108 
003355 	269 	31 	108 	108 
003356 	269 	31 	108 	108 
003357 	269 	31 	108 	108 
003358 	269 	31 	108 	108 
003359 	281 	31 	108 	108 
003360 	281 	31 	108 	108 
003361 	281 	31 	108 	108 
