Identity  : 	id10293
Reference : 	_FHcnO0b5hE
Offset    : 	-1
FV Conf   : 	20.055
ASD Conf  : 	6.323

FRAME 	X 	Y 	W 	H 
014274 	223 	51 	130 	130 
014275 	223 	51 	130 	130 
014276 	223 	51 	130 	130 
014277 	223 	51 	130 	130 
014278 	223 	51 	130 	130 
014279 	223 	51 	130 	130 
014280 	223 	51 	130 	130 
014281 	223 	51 	130 	130 
014282 	223 	51 	130 	130 
014283 	223 	51 	130 	130 
014284 	233 	66 	109 	109 
014285 	223 	51 	130 	130 
014286 	223 	51 	130 	130 
014287 	223 	51 	130 	130 
014288 	223 	51 	130 	130 
014289 	223 	51 	130 	130 
014290 	223 	51 	130 	130 
014291 	223 	51 	130 	130 
014292 	223 	51 	130 	130 
014293 	223 	51 	130 	130 
014294 	223 	51 	130 	130 
014295 	233 	66 	109 	109 
014296 	223 	51 	130 	130 
014297 	233 	66 	109 	109 
014298 	223 	51 	130 	130 
014299 	223 	51 	130 	130 
014300 	223 	51 	130 	130 
014301 	223 	51 	130 	130 
014302 	223 	51 	130 	130 
014303 	223 	51 	130 	130 
014304 	223 	51 	130 	130 
014305 	233 	66 	109 	109 
014306 	223 	51 	130 	130 
014307 	233 	66 	109 	109 
014308 	223 	51 	130 	130 
014309 	223 	51 	130 	130 
014310 	223 	51 	130 	130 
014311 	233 	66 	109 	109 
014312 	233 	66 	109 	109 
014313 	233 	66 	109 	109 
014314 	233 	66 	109 	109 
014315 	233 	66 	109 	109 
014316 	233 	66 	109 	109 
014317 	233 	66 	109 	109 
014318 	233 	66 	109 	109 
014319 	233 	66 	109 	109 
014320 	233 	66 	109 	109 
014321 	233 	66 	109 	109 
014322 	233 	66 	109 	109 
014323 	233 	66 	109 	109 
014324 	233 	66 	109 	109 
014325 	233 	66 	109 	109 
014326 	233 	66 	109 	109 
014327 	233 	66 	109 	109 
014328 	233 	66 	109 	109 
014329 	233 	66 	109 	109 
014330 	233 	66 	109 	109 
014331 	233 	66 	109 	109 
014332 	233 	66 	109 	109 
014333 	233 	66 	109 	109 
014334 	233 	66 	109 	109 
014335 	233 	66 	109 	109 
014336 	233 	66 	109 	109 
014337 	233 	66 	109 	109 
014338 	233 	66 	109 	109 
014339 	233 	66 	109 	109 
014340 	233 	66 	109 	109 
014341 	233 	66 	109 	109 
014342 	233 	66 	109 	109 
014343 	233 	66 	109 	109 
014344 	233 	66 	109 	109 
014345 	233 	66 	109 	109 
014346 	221 	66 	109 	109 
014347 	221 	66 	109 	109 
014348 	221 	66 	109 	109 
014349 	221 	66 	109 	109 
014350 	221 	66 	109 	109 
014351 	221 	66 	109 	109 
014352 	221 	66 	109 	109 
014353 	233 	66 	109 	109 
014354 	233 	66 	109 	109 
014355 	233 	66 	109 	109 
014356 	233 	66 	109 	109 
014357 	233 	66 	109 	109 
014358 	233 	66 	109 	109 
014359 	233 	66 	109 	109 
014360 	233 	66 	109 	109 
014361 	233 	66 	109 	109 
014362 	233 	66 	109 	109 
014363 	233 	66 	109 	109 
014364 	233 	66 	109 	109 
014365 	233 	66 	109 	109 
014366 	233 	66 	109 	109 
014367 	233 	66 	109 	109 
014368 	221 	66 	109 	109 
014369 	221 	66 	109 	109 
014370 	221 	66 	109 	109 
014371 	221 	66 	109 	109 
014372 	221 	66 	109 	109 
014373 	221 	66 	109 	109 
014374 	208 	66 	130 	130 
014375 	209 	66 	109 	109 
014376 	209 	66 	109 	109 
014377 	209 	66 	109 	109 
014378 	194 	51 	130 	130 
014379 	194 	51 	130 	130 
014380 	194 	66 	130 	130 
014381 	180 	51 	130 	130 
014382 	180 	51 	130 	130 
014383 	180 	51 	130 	130 
014384 	180 	51 	130 	130 
014385 	180 	51 	130 	130 
014386 	180 	51 	130 	130 
014387 	180 	51 	130 	130 
014388 	180 	51 	130 	130 
014389 	180 	51 	130 	130 
014390 	197 	66 	109 	109 
014391 	197 	66 	109 	109 
014392 	197 	66 	109 	109 
014393 	197 	66 	109 	109 
014394 	194 	66 	130 	130 
014395 	194 	66 	130 	130 
014396 	209 	66 	109 	109 
014397 	221 	66 	109 	109 
014398 	221 	66 	109 	109 
014399 	221 	66 	109 	109 
014400 	221 	66 	109 	109 
014401 	233 	66 	109 	109 
014402 	223 	51 	130 	130 
