Identity  : 	id10304
Reference : 	0TJ9sdJiDvA
Offset    : 	-5
FV Conf   : 	14.034
ASD Conf  : 	6.492

FRAME 	X 	Y 	W 	H 
005052 	341 	66 	108 	109 
005053 	341 	66 	108 	109 
005054 	341 	66 	108 	109 
005055 	341 	66 	108 	109 
005056 	341 	66 	108 	109 
005057 	341 	66 	108 	109 
005058 	341 	66 	108 	109 
005059 	341 	66 	108 	109 
005060 	341 	66 	108 	109 
005061 	341 	66 	108 	109 
005062 	341 	66 	108 	109 
005063 	341 	66 	108 	109 
005064 	341 	66 	108 	109 
005065 	341 	66 	108 	109 
005066 	341 	66 	108 	109 
005067 	341 	66 	108 	109 
005068 	341 	54 	108 	109 
005069 	341 	54 	108 	109 
005070 	341 	54 	108 	109 
005071 	353 	65 	91 	91 
005072 	353 	65 	91 	91 
005073 	353 	65 	91 	91 
005074 	353 	65 	91 	91 
005075 	353 	65 	91 	91 
005076 	353 	54 	108 	109 
005077 	353 	54 	108 	109 
005078 	353 	54 	108 	109 
005079 	353 	54 	108 	109 
005080 	353 	54 	108 	109 
005081 	341 	54 	108 	109 
005082 	341 	54 	108 	109 
005083 	341 	54 	108 	109 
005084 	353 	75 	91 	91 
005085 	353 	75 	91 	91 
005086 	353 	75 	91 	91 
005087 	353 	75 	91 	91 
005088 	353 	54 	108 	109 
005089 	353 	54 	108 	109 
005090 	353 	66 	108 	109 
005091 	353 	66 	108 	109 
005092 	353 	66 	108 	109 
005093 	353 	66 	108 	109 
005094 	353 	66 	108 	109 
005095 	353 	54 	108 	109 
005096 	353 	54 	108 	109 
005097 	353 	54 	108 	109 
005098 	353 	54 	108 	109 
005099 	353 	54 	108 	109 
005100 	353 	54 	108 	109 
005101 	353 	66 	108 	109 
005102 	353 	66 	108 	109 
005103 	353 	66 	108 	109 
005104 	353 	66 	108 	109 
005105 	353 	66 	108 	109 
005106 	353 	66 	108 	109 
005107 	352 	66 	130 	130 
005108 	352 	66 	130 	130 
005109 	365 	66 	108 	109 
005110 	365 	66 	108 	109 
005111 	365 	66 	108 	109 
005112 	365 	54 	108 	109 
005113 	365 	54 	108 	109 
005114 	365 	54 	108 	109 
005115 	365 	43 	108 	108 
005116 	365 	43 	108 	108 
005117 	373 	55 	91 	91 
005118 	373 	55 	91 	91 
005119 	365 	54 	108 	109 
005120 	365 	54 	108 	109 
005121 	365 	54 	108 	109 
005122 	365 	54 	108 	109 
005123 	365 	54 	108 	109 
005124 	365 	54 	108 	109 
005125 	365 	54 	108 	109 
005126 	365 	54 	108 	109 
005127 	365 	54 	108 	109 
005128 	365 	54 	108 	109 
005129 	353 	43 	108 	108 
005130 	353 	43 	108 	108 
005131 	353 	54 	108 	109 
005132 	353 	54 	108 	109 
005133 	353 	54 	108 	109 
005134 	353 	54 	108 	109 
005135 	353 	54 	108 	109 
005136 	353 	54 	108 	109 
005137 	353 	54 	108 	109 
005138 	353 	54 	108 	109 
005139 	353 	54 	108 	109 
005140 	353 	54 	108 	109 
005141 	353 	54 	108 	109 
005142 	353 	54 	108 	109 
005143 	353 	54 	108 	109 
005144 	353 	54 	108 	109 
005145 	353 	54 	108 	109 
005146 	353 	54 	108 	109 
005147 	353 	65 	91 	91 
005148 	353 	65 	91 	91 
005149 	353 	65 	91 	91 
005150 	353 	65 	91 	91 
005151 	341 	43 	108 	108 
005152 	341 	43 	108 	108 
005153 	341 	43 	108 	108 
005154 	341 	43 	108 	108 
005155 	341 	54 	108 	109 
005156 	341 	54 	108 	109 
005157 	341 	54 	108 	109 
005158 	341 	54 	108 	109 
005159 	341 	54 	108 	109 
005160 	341 	54 	108 	109 
005161 	341 	54 	108 	109 
005162 	341 	54 	108 	109 
005163 	341 	54 	108 	109 
005164 	341 	54 	108 	109 
005165 	341 	54 	108 	109 
005166 	341 	54 	108 	109 
005167 	341 	54 	108 	109 
005168 	341 	54 	108 	109 
005169 	341 	54 	108 	109 
005170 	341 	54 	108 	109 
005171 	341 	54 	108 	109 
005172 	341 	54 	108 	109 
005173 	341 	54 	108 	109 
005174 	341 	54 	108 	109 
005175 	341 	54 	108 	109 
005176 	341 	54 	108 	109 
005177 	341 	43 	108 	108 
005178 	341 	43 	108 	108 
005179 	341 	43 	108 	108 
005180 	341 	43 	108 	108 
005181 	341 	43 	108 	108 
005182 	341 	43 	108 	108 
005183 	341 	43 	108 	108 
005184 	341 	43 	108 	108 
005185 	341 	43 	108 	108 
005186 	341 	43 	108 	108 
005187 	341 	43 	108 	108 
005188 	341 	43 	108 	108 
005189 	341 	43 	108 	108 
005190 	341 	43 	108 	108 
005191 	341 	54 	108 	109 
005192 	341 	54 	108 	109 
005193 	341 	54 	108 	109 
005194 	341 	54 	108 	109 
005195 	341 	54 	108 	109 
005196 	341 	54 	108 	109 
005197 	341 	54 	108 	109 
005198 	341 	54 	108 	109 
005199 	341 	54 	108 	109 
005200 	341 	54 	108 	109 
005201 	341 	43 	108 	108 
005202 	341 	43 	108 	108 
005203 	341 	43 	108 	108 
005204 	341 	43 	108 	108 
005205 	341 	43 	108 	108 
005206 	341 	43 	108 	108 
005207 	341 	54 	108 	109 
005208 	341 	43 	108 	108 
005209 	341 	54 	108 	109 
005210 	341 	54 	108 	109 
005211 	341 	43 	108 	108 
005212 	341 	43 	108 	108 
005213 	341 	43 	108 	108 
005214 	341 	43 	108 	108 
005215 	341 	43 	108 	108 
005216 	341 	43 	108 	108 
005217 	341 	43 	108 	108 
005218 	341 	43 	108 	108 
005219 	341 	43 	108 	108 
005220 	341 	43 	108 	108 
005221 	341 	43 	108 	108 
005222 	341 	43 	108 	108 
005223 	341 	43 	108 	108 
005224 	341 	43 	108 	108 
005225 	341 	43 	108 	108 
005226 	341 	54 	108 	109 
005227 	341 	54 	108 	109 
005228 	341 	54 	108 	109 
005229 	341 	54 	108 	109 
005230 	341 	54 	108 	109 
005231 	341 	54 	108 	109 
005232 	341 	54 	108 	109 
005233 	341 	54 	108 	109 
005234 	341 	54 	108 	109 
005235 	341 	43 	108 	108 
005236 	341 	54 	108 	109 
005237 	341 	54 	108 	109 
005238 	341 	54 	108 	109 
005239 	341 	54 	108 	109 
005240 	341 	54 	108 	109 
005241 	341 	54 	108 	109 
005242 	341 	54 	108 	109 
005243 	341 	54 	108 	109 
005244 	341 	54 	108 	109 
005245 	341 	54 	108 	109 
005246 	341 	54 	108 	109 
005247 	341 	54 	108 	109 
005248 	341 	54 	108 	109 
005249 	341 	54 	108 	109 
005250 	341 	54 	108 	109 
005251 	341 	54 	108 	109 
005252 	341 	54 	108 	109 
005253 	341 	54 	108 	109 
005254 	341 	54 	108 	109 
005255 	341 	54 	108 	109 
005256 	341 	54 	108 	109 
005257 	341 	54 	108 	109 
005258 	341 	54 	108 	109 
005259 	341 	54 	108 	109 
005260 	341 	54 	108 	109 
005261 	343 	65 	91 	91 
005262 	329 	43 	108 	108 
005263 	329 	54 	108 	109 
005264 	329 	54 	108 	109 
005265 	329 	54 	108 	109 
005266 	329 	54 	108 	109 
005267 	329 	54 	108 	109 
005268 	329 	54 	108 	109 
005269 	329 	54 	108 	109 
005270 	329 	54 	108 	109 
005271 	329 	54 	108 	109 
005272 	329 	54 	108 	109 
005273 	329 	54 	108 	109 
005274 	329 	54 	108 	109 
005275 	329 	54 	108 	109 
005276 	329 	54 	108 	109 
005277 	329 	54 	108 	109 
005278 	329 	54 	108 	109 
005279 	329 	54 	108 	109 
005280 	329 	66 	108 	109 
005281 	329 	66 	108 	109 
005282 	329 	66 	108 	109 
005283 	329 	66 	108 	109 
005284 	329 	66 	108 	109 
005285 	329 	66 	108 	109 
005286 	329 	66 	108 	109 
005287 	329 	66 	108 	109 
005288 	329 	66 	108 	109 
005289 	329 	66 	108 	109 
005290 	329 	66 	108 	109 
005291 	329 	66 	108 	109 
005292 	329 	66 	108 	109 
005293 	329 	66 	108 	109 
005294 	329 	66 	108 	109 
005295 	329 	66 	108 	109 
005296 	329 	66 	108 	109 
005297 	329 	66 	108 	109 
005298 	329 	66 	108 	109 
005299 	329 	66 	108 	109 
005300 	329 	66 	108 	109 
005301 	329 	66 	108 	109 
005302 	329 	66 	108 	109 
005303 	329 	66 	108 	109 
005304 	329 	66 	108 	109 
005305 	329 	66 	108 	109 
005306 	329 	66 	108 	109 
005307 	329 	66 	108 	109 
005308 	343 	85 	91 	91 
005309 	343 	85 	91 	91 
005310 	343 	85 	91 	91 
005311 	343 	85 	91 	91 
005312 	343 	85 	91 	91 
005313 	343 	85 	91 	91 
005314 	343 	85 	91 	91 
005315 	343 	85 	91 	91 
005316 	343 	85 	91 	91 
005317 	343 	85 	91 	91 
005318 	343 	85 	91 	91 
005319 	343 	85 	91 	91 
005320 	343 	85 	91 	91 
005321 	343 	85 	91 	91 
005322 	343 	85 	91 	91 
005323 	343 	85 	91 	91 
005324 	343 	85 	91 	91 
005325 	343 	85 	91 	91 
005326 	343 	85 	91 	91 
005327 	343 	85 	91 	91 
005328 	329 	66 	108 	109 
005329 	329 	66 	108 	109 
005330 	329 	66 	108 	109 
005331 	329 	66 	108 	109 
005332 	329 	66 	108 	109 
005333 	329 	66 	108 	109 
005334 	329 	66 	108 	109 
005335 	329 	66 	108 	109 
005336 	329 	66 	108 	109 
005337 	329 	66 	108 	109 
005338 	329 	66 	108 	109 
005339 	329 	66 	108 	109 
005340 	329 	66 	108 	109 
005341 	329 	66 	108 	109 
005342 	341 	66 	108 	109 
005343 	341 	66 	108 	109 
005344 	341 	66 	108 	109 
005345 	341 	66 	108 	109 
005346 	341 	66 	108 	109 
005347 	341 	66 	108 	109 
005348 	341 	66 	108 	109 
005349 	341 	66 	108 	109 
005350 	341 	66 	108 	109 
005351 	341 	66 	108 	109 
005352 	341 	66 	108 	109 
005353 	341 	66 	108 	109 
005354 	341 	66 	108 	109 
005355 	341 	78 	108 	109 
005356 	341 	78 	108 	109 
005357 	341 	78 	108 	109 
005358 	341 	78 	108 	109 
005359 	343 	85 	91 	91 
005360 	343 	85 	91 	91 
005361 	343 	85 	91 	91 
005362 	329 	66 	108 	109 
005363 	329 	66 	108 	109 
005364 	329 	78 	108 	109 
005365 	329 	78 	108 	109 
005366 	329 	78 	108 	109 
005367 	329 	66 	108 	109 
005368 	329 	66 	108 	109 
005369 	329 	66 	108 	109 
005370 	329 	66 	108 	109 
005371 	329 	66 	108 	109 
005372 	329 	66 	108 	109 
005373 	329 	66 	108 	109 
005374 	329 	66 	108 	109 
005375 	329 	66 	108 	109 
005376 	343 	85 	91 	91 
005377 	343 	85 	91 	91 
005378 	343 	85 	91 	91 
005379 	343 	85 	91 	91 
005380 	343 	85 	91 	91 
005381 	343 	85 	91 	91 
005382 	329 	66 	108 	109 
005383 	329 	66 	108 	109 
005384 	329 	66 	108 	109 
005385 	329 	66 	108 	109 
005386 	329 	66 	108 	109 
005387 	329 	66 	108 	109 
005388 	329 	66 	108 	109 
005389 	329 	66 	108 	109 
005390 	329 	66 	108 	109 
005391 	329 	66 	108 	109 
005392 	343 	85 	91 	91 
005393 	343 	85 	91 	91 
005394 	343 	85 	91 	91 
005395 	343 	85 	91 	91 
005396 	343 	85 	91 	91 
005397 	343 	85 	91 	91 
005398 	343 	85 	91 	91 
005399 	343 	85 	91 	91 
005400 	343 	85 	91 	91 
005401 	343 	85 	91 	91 
