Identity  : 	id10305
Reference : 	cpXXdMJuCdw
Offset    : 	-2
FV Conf   : 	19.135
ASD Conf  : 	5.397

FRAME 	X 	Y 	W 	H 
003214 	377 	62 	76 	76 
003215 	377 	62 	76 	76 
003216 	377 	62 	76 	76 
003217 	373 	55 	91 	91 
003218 	373 	55 	91 	91 
003219 	373 	55 	91 	91 
003220 	373 	55 	91 	91 
003221 	373 	55 	91 	91 
003222 	373 	55 	91 	91 
003223 	373 	55 	91 	91 
003224 	373 	55 	91 	91 
003225 	373 	55 	91 	91 
003226 	373 	55 	91 	91 
003227 	373 	55 	91 	91 
003228 	373 	55 	91 	91 
003229 	373 	55 	91 	91 
003230 	373 	55 	91 	91 
003231 	373 	55 	91 	91 
003232 	373 	55 	91 	91 
003233 	373 	55 	91 	91 
003234 	373 	55 	91 	91 
003235 	377 	62 	76 	76 
003236 	377 	62 	76 	76 
003237 	377 	62 	76 	76 
003238 	377 	62 	76 	76 
003239 	377 	62 	76 	76 
003240 	377 	62 	76 	76 
003241 	377 	62 	76 	76 
003242 	377 	62 	76 	76 
003243 	377 	62 	76 	76 
003244 	377 	62 	76 	76 
003245 	373 	55 	91 	91 
003246 	373 	55 	91 	91 
003247 	373 	55 	91 	91 
003248 	373 	55 	91 	91 
003249 	373 	55 	91 	91 
003250 	377 	62 	76 	76 
003251 	373 	55 	91 	91 
003252 	377 	62 	76 	76 
003253 	377 	62 	76 	76 
003254 	377 	62 	76 	76 
003255 	377 	62 	76 	76 
003256 	377 	62 	76 	76 
003257 	377 	62 	76 	76 
003258 	377 	62 	76 	76 
003259 	377 	62 	76 	76 
003260 	377 	71 	76 	75 
003261 	377 	71 	76 	75 
003262 	377 	71 	76 	75 
003263 	377 	71 	76 	75 
003264 	373 	65 	91 	91 
003265 	373 	65 	91 	91 
003266 	373 	55 	91 	91 
003267 	373 	55 	91 	91 
003268 	373 	55 	91 	91 
003269 	373 	55 	91 	91 
003270 	373 	55 	91 	91 
003271 	373 	55 	91 	91 
003272 	373 	55 	91 	91 
003273 	373 	55 	91 	91 
003274 	373 	55 	91 	91 
003275 	383 	55 	91 	91 
003276 	383 	55 	91 	91 
003277 	383 	55 	91 	91 
003278 	383 	55 	91 	91 
003279 	383 	55 	91 	91 
003280 	383 	55 	91 	91 
003281 	383 	55 	91 	91 
003282 	383 	65 	91 	91 
003283 	373 	65 	91 	91 
003284 	373 	65 	91 	91 
003285 	373 	65 	91 	91 
003286 	373 	65 	91 	91 
003287 	373 	65 	91 	91 
003288 	373 	65 	91 	91 
003289 	373 	65 	91 	91 
003290 	373 	65 	91 	91 
003291 	373 	65 	91 	91 
003292 	373 	65 	91 	91 
003293 	373 	65 	91 	91 
003294 	373 	65 	91 	91 
003295 	373 	65 	91 	91 
003296 	373 	65 	91 	91 
003297 	373 	65 	91 	91 
003298 	373 	65 	91 	91 
003299 	373 	65 	91 	91 
003300 	373 	65 	91 	91 
003301 	373 	65 	91 	91 
003302 	373 	65 	91 	91 
003303 	373 	65 	91 	91 
003304 	385 	71 	76 	75 
003305 	373 	65 	91 	91 
003306 	373 	65 	91 	91 
003307 	385 	71 	76 	75 
003308 	373 	65 	91 	91 
003309 	373 	65 	91 	91 
003310 	373 	65 	91 	91 
003311 	373 	65 	91 	91 
003312 	373 	65 	91 	91 
003313 	373 	65 	91 	91 
003314 	373 	65 	91 	91 
003315 	373 	65 	91 	91 
003316 	385 	79 	76 	76 
003317 	385 	79 	76 	76 
003318 	373 	65 	91 	91 
003319 	373 	65 	91 	91 
