Identity  : 	id10306
Reference : 	C3AhSlYJd3w
Offset    : 	-1
FV Conf   : 	17.536
ASD Conf  : 	8.505

FRAME 	X 	Y 	W 	H 
001506 	363 	85 	91 	91 
001507 	363 	85 	91 	91 
001508 	363 	85 	91 	91 
001509 	363 	85 	91 	91 
001510 	363 	85 	91 	91 
001511 	363 	85 	91 	91 
001512 	363 	85 	91 	91 
001513 	363 	85 	91 	91 
001514 	363 	85 	91 	91 
001515 	363 	85 	91 	91 
001516 	363 	85 	91 	91 
001517 	363 	85 	91 	91 
001518 	363 	85 	91 	91 
001519 	363 	85 	91 	91 
001520 	363 	85 	91 	91 
001521 	363 	85 	91 	91 
001522 	363 	85 	91 	91 
001523 	363 	85 	91 	91 
001524 	353 	85 	91 	91 
001525 	353 	85 	91 	91 
001526 	353 	85 	91 	91 
001527 	353 	85 	91 	91 
001528 	353 	85 	91 	91 
001529 	353 	85 	91 	91 
001530 	353 	85 	91 	91 
001531 	353 	85 	91 	91 
001532 	353 	85 	91 	91 
001533 	363 	85 	91 	91 
001534 	363 	85 	91 	91 
001535 	363 	85 	91 	91 
001536 	363 	85 	91 	91 
001537 	363 	85 	91 	91 
001538 	363 	85 	91 	91 
001539 	363 	85 	91 	91 
001540 	363 	85 	91 	91 
001541 	363 	85 	91 	91 
001542 	363 	85 	91 	91 
001543 	363 	85 	91 	91 
001544 	353 	85 	91 	91 
001545 	353 	85 	91 	91 
001546 	353 	85 	91 	91 
001547 	353 	85 	91 	91 
001548 	353 	85 	91 	91 
001549 	343 	85 	91 	91 
001550 	343 	85 	91 	91 
001551 	343 	85 	91 	91 
001552 	343 	85 	91 	91 
001553 	353 	85 	91 	91 
001554 	353 	85 	91 	91 
001555 	353 	85 	91 	91 
001556 	353 	85 	91 	91 
001557 	353 	85 	91 	91 
001558 	353 	85 	91 	91 
001559 	353 	85 	91 	91 
001560 	353 	85 	91 	91 
001561 	353 	85 	91 	91 
001562 	353 	85 	91 	91 
001563 	353 	85 	91 	91 
001564 	353 	75 	91 	91 
001565 	353 	75 	91 	91 
001566 	353 	75 	91 	91 
001567 	353 	75 	91 	91 
001568 	353 	75 	91 	91 
001569 	353 	75 	91 	91 
001570 	353 	85 	91 	91 
001571 	353 	85 	91 	91 
001572 	353 	85 	91 	91 
001573 	353 	85 	91 	91 
001574 	353 	85 	91 	91 
001575 	353 	85 	91 	91 
001576 	353 	85 	91 	91 
001577 	353 	85 	91 	91 
001578 	353 	85 	91 	91 
001579 	353 	85 	91 	91 
001580 	353 	85 	91 	91 
001581 	353 	85 	91 	91 
001582 	353 	85 	91 	91 
001583 	353 	85 	91 	91 
001584 	353 	85 	91 	91 
001585 	353 	85 	91 	91 
001586 	353 	85 	91 	91 
001587 	353 	85 	91 	91 
001588 	353 	85 	91 	91 
001589 	353 	85 	91 	91 
001590 	353 	85 	91 	91 
001591 	353 	85 	91 	91 
001592 	353 	85 	91 	91 
001593 	353 	85 	91 	91 
001594 	353 	85 	91 	91 
001595 	353 	85 	91 	91 
001596 	353 	85 	91 	91 
001597 	353 	85 	91 	91 
001598 	353 	85 	91 	91 
001599 	353 	85 	91 	91 
001600 	353 	85 	91 	91 
001601 	353 	85 	91 	91 
001602 	353 	85 	91 	91 
001603 	353 	85 	91 	91 
001604 	353 	85 	91 	91 
001605 	353 	85 	91 	91 
001606 	353 	85 	91 	91 
001607 	353 	85 	91 	91 
001608 	353 	85 	91 	91 
001609 	353 	85 	91 	91 
001610 	353 	85 	91 	91 
001611 	353 	85 	91 	91 
001612 	353 	85 	91 	91 
001613 	353 	85 	91 	91 
001614 	353 	85 	91 	91 
001615 	353 	85 	91 	91 
001616 	353 	85 	91 	91 
001617 	353 	85 	91 	91 
001618 	353 	85 	91 	91 
001619 	353 	85 	91 	91 
001620 	353 	85 	91 	91 
001621 	353 	85 	91 	91 
001622 	353 	85 	91 	91 
001623 	353 	85 	91 	91 
001624 	353 	85 	91 	91 
001625 	353 	85 	91 	91 
001626 	353 	85 	91 	91 
001627 	353 	85 	91 	91 
001628 	353 	85 	91 	91 
001629 	353 	85 	91 	91 
001630 	353 	85 	91 	91 
001631 	353 	85 	91 	91 
001632 	353 	85 	91 	91 
001633 	353 	85 	91 	91 
001634 	353 	85 	91 	91 
001635 	353 	85 	91 	91 
001636 	353 	85 	91 	91 
001637 	353 	85 	91 	91 
001638 	353 	85 	91 	91 
001639 	353 	85 	91 	91 
001640 	353 	85 	91 	91 
001641 	353 	85 	91 	91 
001642 	353 	85 	91 	91 
001643 	353 	85 	91 	91 
001644 	353 	85 	91 	91 
001645 	353 	85 	91 	91 
001646 	353 	85 	91 	91 
001647 	353 	85 	91 	91 
001648 	353 	85 	91 	91 
001649 	353 	85 	91 	91 
001650 	363 	85 	91 	91 
001651 	373 	85 	91 	91 
001652 	373 	85 	91 	91 
001653 	373 	75 	91 	91 
001654 	363 	75 	91 	91 
001655 	363 	75 	91 	91 
001656 	377 	79 	76 	76 
001657 	363 	75 	91 	91 
001658 	363 	75 	91 	91 
001659 	363 	75 	91 	91 
001660 	363 	75 	91 	91 
001661 	363 	75 	91 	91 
001662 	363 	75 	91 	91 
001663 	363 	75 	91 	91 
001664 	363 	75 	91 	91 
001665 	363 	75 	91 	91 
001666 	363 	75 	91 	91 
001667 	363 	75 	91 	91 
001668 	363 	75 	91 	91 
001669 	363 	75 	91 	91 
001670 	363 	75 	91 	91 
001671 	363 	75 	91 	91 
001672 	363 	75 	91 	91 
001673 	363 	75 	91 	91 
001674 	363 	75 	91 	91 
001675 	363 	75 	91 	91 
001676 	363 	75 	91 	91 
001677 	363 	75 	91 	91 
001678 	363 	75 	91 	91 
001679 	363 	75 	91 	91 
001680 	363 	75 	91 	91 
001681 	363 	75 	91 	91 
001682 	363 	75 	91 	91 
001683 	363 	75 	91 	91 
001684 	363 	75 	91 	91 
001685 	363 	75 	91 	91 
001686 	363 	75 	91 	91 
001687 	363 	75 	91 	91 
001688 	363 	75 	91 	91 
001689 	363 	75 	91 	91 
001690 	363 	75 	91 	91 
001691 	363 	75 	91 	91 
001692 	353 	75 	91 	91 
001693 	363 	75 	91 	91 
001694 	363 	75 	91 	91 
001695 	363 	75 	91 	91 
001696 	363 	75 	91 	91 
001697 	363 	75 	91 	91 
001698 	363 	75 	91 	91 
001699 	363 	75 	91 	91 
001700 	363 	75 	91 	91 
001701 	363 	75 	91 	91 
001702 	363 	75 	91 	91 
001703 	363 	75 	91 	91 
001704 	363 	75 	91 	91 
001705 	363 	75 	91 	91 
001706 	363 	75 	91 	91 
001707 	363 	75 	91 	91 
