Identity  : 	id10285
Reference : 	d-ZEojJk-rs
Offset    : 	-2
FV Conf   : 	12.699
ASD Conf  : 	7.206

FRAME 	X 	Y 	W 	H 
003079 	162 	73 	63 	63 
003080 	162 	73 	63 	63 
003081 	162 	73 	63 	63 
003082 	162 	73 	63 	63 
003083 	162 	73 	63 	63 
003084 	162 	73 	63 	63 
003085 	162 	73 	63 	63 
003086 	169 	73 	63 	63 
003087 	169 	73 	63 	63 
003088 	169 	73 	63 	63 
003089 	169 	73 	63 	63 
003090 	169 	73 	63 	63 
003091 	169 	73 	63 	63 
003092 	169 	73 	63 	63 
003093 	169 	73 	63 	63 
003094 	169 	66 	63 	63 
003095 	169 	66 	63 	63 
003096 	169 	66 	63 	63 
003097 	169 	66 	63 	63 
003098 	169 	66 	63 	63 
003099 	169 	66 	63 	63 
003100 	169 	66 	63 	63 
003101 	169 	73 	63 	63 
003102 	169 	66 	63 	63 
003103 	169 	66 	63 	63 
003104 	169 	66 	63 	63 
003105 	169 	66 	63 	63 
003106 	169 	66 	63 	63 
003107 	169 	66 	63 	63 
003108 	169 	73 	63 	63 
003109 	169 	73 	63 	63 
003110 	169 	73 	63 	63 
003111 	170 	62 	75 	76 
003112 	176 	73 	63 	63 
003113 	176 	73 	63 	63 
003114 	176 	73 	63 	63 
003115 	176 	73 	63 	63 
003116 	176 	73 	63 	63 
003117 	176 	73 	63 	63 
003118 	176 	73 	63 	63 
003119 	176 	73 	63 	63 
003120 	176 	73 	63 	63 
003121 	176 	80 	63 	63 
003122 	176 	80 	63 	63 
003123 	176 	87 	63 	63 
003124 	169 	87 	63 	63 
003125 	169 	87 	63 	63 
003126 	169 	93 	63 	64 
003127 	169 	87 	63 	63 
003128 	169 	87 	63 	63 
003129 	169 	87 	63 	63 
003130 	169 	80 	63 	63 
003131 	169 	80 	63 	63 
003132 	169 	80 	63 	63 
003133 	169 	80 	63 	63 
003134 	169 	80 	63 	63 
003135 	169 	80 	63 	63 
003136 	169 	80 	63 	63 
003137 	169 	80 	63 	63 
003138 	169 	73 	63 	63 
003139 	169 	73 	63 	63 
003140 	169 	73 	63 	63 
003141 	169 	78 	53 	53 
003142 	162 	73 	63 	63 
003143 	162 	73 	63 	63 
003144 	162 	73 	63 	63 
003145 	155 	73 	63 	63 
003146 	155 	73 	63 	63 
003147 	155 	73 	63 	63 
003148 	155 	73 	63 	63 
003149 	155 	73 	63 	63 
003150 	155 	73 	63 	63 
003151 	155 	73 	63 	63 
003152 	155 	73 	63 	63 
003153 	155 	73 	63 	63 
003154 	148 	66 	63 	63 
003155 	148 	66 	63 	63 
003156 	148 	73 	63 	63 
003157 	148 	73 	63 	63 
003158 	141 	73 	64 	63 
003159 	141 	73 	64 	63 
003160 	134 	73 	64 	63 
003161 	134 	73 	64 	63 
003162 	127 	73 	64 	63 
003163 	120 	71 	76 	75 
003164 	121 	73 	63 	63 
003165 	121 	73 	63 	63 
003166 	121 	73 	63 	63 
003167 	121 	73 	63 	63 
003168 	121 	73 	63 	63 
003169 	121 	73 	63 	63 
003170 	127 	73 	64 	63 
003171 	127 	73 	64 	63 
003172 	127 	73 	64 	63 
003173 	134 	73 	64 	63 
003174 	134 	73 	64 	63 
003175 	134 	73 	64 	63 
003176 	134 	73 	64 	63 
003177 	134 	73 	64 	63 
003178 	134 	73 	64 	63 
003179 	134 	80 	64 	63 
003180 	127 	80 	64 	63 
003181 	127 	80 	64 	63 
003182 	127 	73 	64 	63 
003183 	134 	73 	64 	63 
003184 	134 	66 	64 	63 
003185 	141 	66 	64 	63 
003186 	137 	62 	75 	76 
003187 	148 	66 	63 	63 
003188 	148 	66 	63 	63 
003189 	148 	66 	63 	63 
003190 	148 	66 	63 	63 
003191 	145 	62 	76 	76 
003192 	145 	62 	76 	76 
003193 	145 	62 	76 	76 
003194 	145 	62 	76 	76 
003195 	145 	71 	76 	75 
003196 	145 	71 	76 	75 
003197 	155 	73 	63 	63 
003198 	155 	73 	63 	63 
003199 	155 	73 	63 	63 
003200 	153 	62 	76 	76 
003201 	162 	73 	63 	63 
003202 	162 	73 	63 	63 
003203 	162 	73 	63 	63 
003204 	162 	62 	75 	76 
003205 	162 	66 	63 	63 
003206 	162 	66 	63 	63 
003207 	162 	59 	63 	63 
003208 	162 	59 	63 	63 
003209 	169 	59 	63 	63 
003210 	169 	59 	63 	63 
003211 	169 	66 	63 	63 
003212 	169 	66 	63 	63 
003213 	169 	66 	63 	63 
003214 	169 	66 	63 	63 
003215 	169 	73 	63 	63 
003216 	170 	62 	75 	76 
003217 	176 	73 	63 	63 
003218 	176 	73 	63 	63 
003219 	170 	71 	75 	75 
003220 	170 	71 	75 	75 
003221 	170 	71 	75 	75 
003222 	170 	71 	75 	75 
003223 	170 	71 	75 	75 
003224 	176 	73 	63 	63 
003225 	176 	73 	63 	63 
003226 	176 	73 	63 	63 
003227 	170 	71 	75 	75 
003228 	162 	71 	75 	75 
003229 	162 	71 	75 	75 
003230 	162 	71 	75 	75 
003231 	162 	80 	63 	63 
003232 	153 	71 	76 	75 
003233 	145 	71 	76 	75 
003234 	148 	80 	63 	63 
003235 	141 	80 	64 	63 
003236 	141 	73 	64 	63 
003237 	128 	71 	76 	75 
003238 	128 	71 	76 	75 
003239 	128 	71 	76 	75 
003240 	128 	71 	76 	75 
