Identity  : 	id10307
Reference : 	kp_GCjLq4qA
Offset    : 	0
FV Conf   : 	19.647
ASD Conf  : 	7.531

FRAME 	X 	Y 	W 	H 
002234 	250 	96 	156 	156 
002235 	250 	96 	156 	156 
002236 	250 	96 	156 	156 
002237 	250 	96 	156 	156 
002238 	250 	96 	156 	156 
002239 	250 	96 	156 	156 
002240 	250 	96 	156 	156 
002241 	250 	96 	156 	156 
002242 	250 	96 	156 	156 
002243 	251 	94 	130 	130 
002244 	233 	96 	156 	156 
002245 	233 	96 	156 	156 
002246 	233 	96 	156 	156 
002247 	233 	96 	156 	156 
002248 	233 	96 	156 	156 
002249 	216 	96 	156 	156 
002250 	216 	79 	156 	156 
002251 	216 	79 	156 	156 
002252 	216 	79 	156 	156 
002253 	216 	79 	156 	156 
002254 	216 	79 	156 	156 
002255 	216 	79 	156 	156 
002256 	216 	79 	156 	156 
002257 	216 	79 	156 	156 
002258 	216 	79 	156 	156 
002259 	216 	79 	156 	156 
002260 	216 	79 	156 	156 
002261 	216 	79 	156 	156 
002262 	216 	79 	156 	156 
002263 	216 	79 	156 	156 
002264 	216 	79 	156 	156 
002265 	216 	79 	156 	156 
002266 	216 	79 	156 	156 
002267 	233 	79 	156 	156 
002268 	233 	79 	156 	156 
002269 	233 	79 	156 	156 
002270 	233 	79 	156 	156 
002271 	216 	79 	156 	156 
002272 	216 	79 	156 	156 
002273 	233 	79 	156 	156 
002274 	233 	79 	156 	156 
002275 	233 	79 	156 	156 
002276 	233 	79 	156 	156 
002277 	216 	96 	156 	156 
002278 	216 	96 	156 	156 
002279 	216 	96 	156 	156 
002280 	216 	96 	156 	156 
002281 	216 	96 	156 	156 
002282 	216 	96 	156 	156 
002283 	216 	96 	156 	156 
002284 	216 	96 	156 	156 
002285 	216 	96 	156 	156 
002286 	216 	96 	156 	156 
002287 	216 	96 	156 	156 
002288 	216 	96 	156 	156 
002289 	216 	96 	156 	156 
002290 	216 	96 	156 	156 
002291 	216 	79 	156 	156 
002292 	233 	79 	156 	156 
002293 	233 	79 	156 	156 
002294 	233 	79 	156 	156 
002295 	233 	79 	156 	156 
002296 	233 	79 	156 	156 
002297 	233 	79 	156 	156 
002298 	233 	79 	156 	156 
002299 	233 	79 	156 	156 
002300 	233 	79 	156 	156 
002301 	233 	96 	156 	156 
002302 	233 	96 	156 	156 
002303 	233 	96 	156 	156 
002304 	233 	96 	156 	156 
002305 	233 	96 	156 	156 
002306 	233 	96 	156 	156 
002307 	233 	96 	156 	156 
002308 	233 	96 	156 	156 
002309 	233 	96 	156 	156 
002310 	233 	96 	156 	156 
002311 	233 	96 	156 	156 
002312 	233 	96 	156 	156 
002313 	233 	96 	156 	156 
002314 	233 	96 	156 	156 
002315 	233 	96 	156 	156 
002316 	233 	96 	156 	156 
002317 	233 	96 	156 	156 
002318 	233 	96 	156 	156 
002319 	250 	96 	156 	156 
002320 	250 	113 	156 	156 
002321 	250 	113 	156 	156 
002322 	250 	113 	156 	156 
002323 	267 	113 	156 	156 
002324 	267 	113 	156 	156 
002325 	267 	113 	156 	156 
002326 	267 	113 	156 	156 
002327 	285 	113 	155 	156 
002328 	285 	113 	155 	156 
002329 	285 	113 	155 	156 
002330 	285 	113 	155 	156 
002331 	285 	113 	155 	156 
002332 	285 	113 	155 	156 
002333 	285 	113 	155 	156 
002334 	285 	96 	155 	156 
002335 	285 	96 	155 	156 
002336 	285 	113 	155 	156 
002337 	285 	113 	155 	156 
002338 	285 	113 	155 	156 
002339 	285 	113 	155 	156 
002340 	285 	113 	155 	156 
002341 	285 	113 	155 	156 
002342 	285 	113 	155 	156 
002343 	285 	113 	155 	156 
002344 	285 	113 	155 	156 
002345 	285 	113 	155 	156 
002346 	285 	113 	155 	156 
002347 	285 	113 	155 	156 
002348 	294 	123 	130 	130 
002349 	267 	113 	156 	156 
002350 	267 	113 	156 	156 
002351 	267 	113 	156 	156 
002352 	267 	113 	156 	156 
002353 	267 	113 	156 	156 
002354 	267 	113 	156 	156 
002355 	267 	113 	156 	156 
002356 	267 	96 	156 	156 
002357 	267 	96 	156 	156 
002358 	267 	96 	156 	156 
002359 	250 	96 	156 	156 
002360 	250 	96 	156 	156 
002361 	250 	96 	156 	156 
002362 	250 	96 	156 	156 
002363 	250 	96 	156 	156 
002364 	250 	96 	156 	156 
002365 	250 	96 	156 	156 
002366 	250 	96 	156 	156 
002367 	250 	96 	156 	156 
002368 	233 	79 	156 	156 
002369 	233 	79 	156 	156 
002370 	233 	79 	156 	156 
002371 	233 	79 	156 	156 
002372 	233 	79 	156 	156 
002373 	233 	79 	156 	156 
002374 	233 	79 	156 	156 
002375 	233 	79 	156 	156 
002376 	233 	79 	156 	156 
002377 	251 	94 	130 	130 
002378 	251 	94 	130 	130 
002379 	251 	94 	130 	130 
002380 	251 	94 	130 	130 
002381 	233 	79 	156 	156 
002382 	233 	79 	156 	156 
002383 	233 	79 	156 	156 
002384 	233 	79 	156 	156 
002385 	233 	79 	156 	156 
002386 	233 	79 	156 	156 
002387 	233 	79 	156 	156 
002388 	233 	79 	156 	156 
002389 	233 	79 	156 	156 
002390 	233 	79 	156 	156 
002391 	233 	79 	156 	156 
002392 	233 	79 	156 	156 
002393 	233 	79 	156 	156 
002394 	233 	79 	156 	156 
002395 	233 	79 	156 	156 
002396 	233 	96 	156 	156 
002397 	233 	96 	156 	156 
002398 	233 	96 	156 	156 
002399 	233 	96 	156 	156 
002400 	233 	96 	156 	156 
002401 	233 	96 	156 	156 
002402 	233 	96 	156 	156 
002403 	233 	96 	156 	156 
002404 	233 	79 	156 	156 
002405 	233 	79 	156 	156 
002406 	233 	79 	156 	156 
002407 	233 	79 	156 	156 
002408 	233 	79 	156 	156 
002409 	233 	79 	156 	156 
002410 	233 	79 	156 	156 
002411 	233 	79 	156 	156 
002412 	233 	79 	156 	156 
002413 	233 	79 	156 	156 
002414 	233 	79 	156 	156 
002415 	233 	62 	156 	155 
002416 	233 	62 	156 	155 
002417 	233 	62 	156 	155 
002418 	233 	62 	156 	155 
002419 	233 	62 	156 	155 
002420 	233 	62 	156 	155 
002421 	233 	62 	156 	155 
002422 	233 	62 	156 	155 
002423 	233 	79 	156 	156 
002424 	233 	79 	156 	156 
002425 	233 	79 	156 	156 
002426 	233 	79 	156 	156 
002427 	233 	79 	156 	156 
002428 	233 	96 	156 	156 
002429 	233 	96 	156 	156 
002430 	233 	96 	156 	156 
002431 	233 	79 	156 	156 
002432 	233 	79 	156 	156 
002433 	233 	79 	156 	156 
002434 	233 	79 	156 	156 
002435 	216 	79 	156 	156 
002436 	216 	79 	156 	156 
002437 	216 	79 	156 	156 
002438 	216 	79 	156 	156 
002439 	216 	62 	156 	155 
002440 	216 	62 	156 	155 
002441 	216 	62 	156 	155 
002442 	216 	62 	156 	155 
002443 	216 	62 	156 	155 
002444 	216 	62 	156 	155 
002445 	216 	79 	156 	156 
002446 	216 	79 	156 	156 
002447 	199 	79 	155 	156 
002448 	199 	79 	155 	156 
002449 	199 	79 	155 	156 
002450 	199 	79 	155 	156 
002451 	216 	96 	156 	156 
002452 	216 	96 	156 	156 
002453 	216 	96 	156 	156 
002454 	216 	96 	156 	156 
002455 	216 	96 	156 	156 
002456 	216 	96 	156 	156 
002457 	216 	96 	156 	156 
002458 	233 	96 	156 	156 
002459 	233 	96 	156 	156 
002460 	233 	96 	156 	156 
002461 	233 	96 	156 	156 
002462 	251 	109 	130 	130 
002463 	250 	113 	156 	156 
002464 	250 	113 	156 	156 
002465 	250 	113 	156 	156 
002466 	250 	113 	156 	156 
002467 	250 	113 	156 	156 
002468 	280 	123 	130 	130 
002469 	280 	123 	130 	130 
002470 	280 	123 	130 	130 
002471 	280 	123 	130 	130 
002472 	267 	113 	156 	156 
002473 	280 	123 	130 	130 
002474 	267 	113 	156 	156 
002475 	267 	113 	156 	156 
002476 	267 	113 	156 	156 
002477 	267 	113 	156 	156 
002478 	267 	113 	156 	156 
002479 	280 	123 	130 	130 
002480 	267 	113 	156 	156 
002481 	267 	113 	156 	156 
002482 	267 	113 	156 	156 
002483 	280 	123 	130 	130 
002484 	267 	113 	156 	156 
002485 	280 	123 	130 	130 
002486 	280 	123 	130 	130 
002487 	266 	123 	130 	130 
002488 	266 	123 	130 	130 
002489 	266 	123 	130 	130 
002490 	250 	96 	156 	156 
002491 	250 	96 	156 	156 
002492 	250 	96 	156 	156 
002493 	250 	96 	156 	156 
002494 	250 	96 	156 	156 
002495 	266 	109 	130 	130 
002496 	266 	123 	130 	130 
002497 	266 	123 	130 	130 
002498 	250 	113 	156 	156 
002499 	250 	113 	156 	156 
002500 	250 	113 	156 	156 
002501 	280 	123 	130 	130 
002502 	280 	123 	130 	130 
002503 	280 	109 	130 	130 
002504 	280 	109 	130 	130 
002505 	267 	96 	156 	156 
002506 	267 	96 	156 	156 
002507 	267 	96 	156 	156 
002508 	267 	96 	156 	156 
002509 	280 	109 	130 	130 
002510 	280 	109 	130 	130 
002511 	267 	96 	156 	156 
002512 	267 	96 	156 	156 
002513 	267 	96 	156 	156 
002514 	267 	96 	156 	156 
002515 	267 	96 	156 	156 
002516 	267 	96 	156 	156 
002517 	267 	96 	156 	156 
002518 	267 	96 	156 	156 
002519 	250 	96 	156 	156 
002520 	250 	96 	156 	156 
002521 	250 	96 	156 	156 
002522 	250 	96 	156 	156 
002523 	250 	96 	156 	156 
002524 	250 	96 	156 	156 
002525 	250 	113 	156 	156 
002526 	250 	113 	156 	156 
002527 	250 	113 	156 	156 
002528 	250 	113 	156 	156 
002529 	250 	113 	156 	156 
002530 	233 	113 	156 	156 
002531 	233 	113 	156 	156 
002532 	233 	113 	156 	156 
002533 	233 	113 	156 	156 
002534 	250 	113 	156 	156 
002535 	250 	113 	156 	156 
002536 	250 	113 	156 	156 
002537 	250 	113 	156 	156 
002538 	250 	113 	156 	156 
002539 	250 	113 	156 	156 
002540 	250 	113 	156 	156 
002541 	250 	96 	156 	156 
002542 	250 	96 	156 	156 
002543 	250 	96 	156 	156 
002544 	250 	96 	156 	156 
002545 	267 	96 	156 	156 
002546 	250 	79 	156 	156 
002547 	250 	79 	156 	156 
002548 	250 	79 	156 	156 
002549 	250 	79 	156 	156 
002550 	250 	79 	156 	156 
002551 	250 	79 	156 	156 
002552 	267 	79 	156 	156 
002553 	267 	79 	156 	156 
002554 	250 	79 	156 	156 
002555 	250 	96 	156 	156 
002556 	250 	96 	156 	156 
002557 	250 	96 	156 	156 
002558 	250 	96 	156 	156 
002559 	250 	96 	156 	156 
002560 	250 	96 	156 	156 
002561 	250 	96 	156 	156 
002562 	267 	96 	156 	156 
002563 	267 	96 	156 	156 
002564 	267 	96 	156 	156 
002565 	267 	96 	156 	156 
002566 	267 	96 	156 	156 
002567 	267 	96 	156 	156 
002568 	250 	79 	156 	156 
002569 	250 	79 	156 	156 
002570 	250 	79 	156 	156 
002571 	250 	79 	156 	156 
002572 	250 	79 	156 	156 
002573 	250 	79 	156 	156 
002574 	251 	94 	130 	130 
002575 	233 	79 	156 	156 
002576 	233 	79 	156 	156 
002577 	237 	94 	130 	130 
002578 	216 	79 	156 	156 
002579 	216 	79 	156 	156 
002580 	216 	79 	156 	156 
002581 	216 	79 	156 	156 
002582 	216 	79 	156 	156 
002583 	216 	79 	156 	156 
002584 	216 	79 	156 	156 
002585 	216 	79 	156 	156 
002586 	216 	79 	156 	156 
002587 	216 	79 	156 	156 
002588 	216 	79 	156 	156 
002589 	216 	79 	156 	156 
002590 	216 	79 	156 	156 
002591 	216 	79 	156 	156 
002592 	216 	79 	156 	156 
002593 	216 	79 	156 	156 
002594 	216 	79 	156 	156 
002595 	233 	79 	156 	156 
002596 	233 	79 	156 	156 
002597 	251 	94 	130 	130 
002598 	251 	94 	130 	130 
002599 	250 	96 	156 	156 
002600 	250 	96 	156 	156 
002601 	250 	96 	156 	156 
002602 	250 	96 	156 	156 
002603 	250 	96 	156 	156 
