Identity  : 	id10285
Reference : 	m-uILToQ9ss
Offset    : 	0
FV Conf   : 	20.915
ASD Conf  : 	8.477

FRAME 	X 	Y 	W 	H 
003561 	274 	75 	90 	91 
003562 	274 	75 	90 	91 
003563 	274 	75 	90 	91 
003564 	274 	75 	90 	91 
003565 	274 	75 	90 	91 
003566 	274 	75 	90 	91 
003567 	274 	75 	90 	91 
003568 	274 	75 	90 	91 
003569 	274 	75 	90 	91 
003570 	274 	75 	90 	91 
003571 	274 	65 	90 	91 
003572 	274 	65 	90 	91 
003573 	274 	65 	90 	91 
003574 	274 	65 	90 	91 
003575 	274 	65 	90 	91 
003576 	274 	65 	90 	91 
003577 	274 	65 	90 	91 
003578 	274 	65 	90 	91 
003579 	274 	65 	90 	91 
003580 	274 	65 	90 	91 
003581 	274 	65 	90 	91 
003582 	274 	75 	90 	91 
003583 	274 	75 	90 	91 
003584 	274 	75 	90 	91 
003585 	274 	75 	90 	91 
003586 	274 	75 	90 	91 
003587 	274 	65 	90 	91 
003588 	274 	65 	90 	91 
003589 	274 	75 	90 	91 
003590 	274 	75 	90 	91 
003591 	274 	75 	90 	91 
003592 	274 	75 	90 	91 
003593 	274 	75 	90 	91 
003594 	274 	75 	90 	91 
003595 	274 	75 	90 	91 
003596 	274 	75 	90 	91 
003597 	274 	75 	90 	91 
003598 	274 	75 	90 	91 
003599 	274 	75 	90 	91 
003600 	274 	75 	90 	91 
003601 	274 	75 	90 	91 
003602 	274 	75 	90 	91 
003603 	274 	75 	90 	91 
003604 	264 	75 	90 	91 
003605 	264 	75 	90 	91 
003606 	264 	75 	90 	91 
003607 	264 	75 	90 	91 
003608 	264 	75 	90 	91 
003609 	264 	75 	90 	91 
003610 	264 	75 	90 	91 
003611 	257 	54 	109 	109 
003612 	274 	65 	90 	91 
003613 	274 	65 	90 	91 
003614 	286 	79 	76 	76 
003615 	284 	75 	90 	91 
003616 	284 	65 	90 	91 
003617 	284 	65 	90 	91 
003618 	284 	65 	90 	91 
003619 	284 	65 	90 	91 
003620 	284 	65 	90 	91 
003621 	284 	65 	90 	91 
003622 	274 	75 	90 	91 
003623 	274 	75 	90 	91 
003624 	274 	65 	90 	91 
003625 	274 	65 	90 	91 
003626 	274 	65 	90 	91 
003627 	274 	65 	90 	91 
003628 	274 	65 	90 	91 
003629 	274 	65 	90 	91 
003630 	264 	65 	90 	91 
003631 	264 	65 	90 	91 
003632 	264 	65 	90 	91 
003633 	264 	65 	90 	91 
003634 	264 	65 	90 	91 
003635 	264 	65 	90 	91 
003636 	254 	65 	90 	91 
003637 	245 	54 	109 	109 
003638 	245 	54 	109 	109 
003639 	245 	54 	109 	109 
003640 	245 	54 	109 	109 
003641 	245 	54 	109 	109 
003642 	264 	65 	90 	91 
003643 	257 	54 	109 	109 
003644 	274 	65 	90 	91 
003645 	274 	65 	90 	91 
003646 	274 	65 	90 	91 
003647 	274 	65 	90 	91 
003648 	274 	65 	90 	91 
003649 	274 	65 	90 	91 
003650 	274 	75 	90 	91 
003651 	274 	75 	90 	91 
003652 	284 	65 	90 	91 
003653 	284 	65 	90 	91 
003654 	284 	65 	90 	91 
003655 	284 	65 	90 	91 
003656 	284 	55 	90 	91 
003657 	284 	55 	90 	91 
003658 	284 	55 	90 	91 
003659 	284 	55 	90 	91 
003660 	284 	55 	90 	91 
003661 	284 	55 	90 	91 
003662 	284 	55 	90 	91 
003663 	284 	65 	90 	91 
003664 	284 	65 	90 	91 
003665 	284 	65 	90 	91 
003666 	284 	75 	90 	91 
003667 	294 	65 	90 	91 
003668 	294 	65 	90 	91 
003669 	294 	65 	90 	91 
