Identity  : 	id10304
Reference : 	CaR6c7RO7Dc
Offset    : 	-3
FV Conf   : 	16.253
ASD Conf  : 	4.888

FRAME 	X 	Y 	W 	H 
003683 	388 	90 	109 	109 
003684 	388 	90 	109 	109 
003685 	388 	90 	109 	109 
003686 	388 	90 	109 	109 
003687 	388 	90 	109 	109 
003688 	388 	90 	109 	109 
003689 	388 	90 	109 	109 
003690 	388 	90 	109 	109 
003691 	388 	90 	109 	109 
003692 	388 	90 	109 	109 
003693 	388 	90 	109 	109 
003694 	388 	90 	109 	109 
003695 	388 	90 	109 	109 
003696 	388 	90 	109 	109 
003697 	388 	90 	109 	109 
003698 	388 	90 	109 	109 
003699 	388 	90 	109 	109 
003700 	388 	90 	109 	109 
003701 	388 	90 	109 	109 
003702 	388 	90 	109 	109 
003703 	388 	90 	109 	109 
003704 	388 	90 	109 	109 
003705 	388 	90 	109 	109 
003706 	388 	90 	109 	109 
003707 	388 	90 	109 	109 
003708 	388 	90 	109 	109 
003709 	388 	90 	109 	109 
003710 	388 	90 	109 	109 
003711 	388 	90 	109 	109 
003712 	388 	90 	109 	109 
003713 	388 	90 	109 	109 
003714 	388 	90 	109 	109 
003715 	388 	90 	109 	109 
003716 	388 	90 	109 	109 
003717 	388 	90 	109 	109 
003718 	388 	90 	109 	109 
003719 	388 	90 	109 	109 
003720 	388 	90 	109 	109 
003721 	388 	90 	109 	109 
003722 	388 	90 	109 	109 
003723 	388 	90 	109 	109 
003724 	388 	90 	109 	109 
003725 	388 	90 	109 	109 
003726 	388 	90 	109 	109 
003727 	388 	90 	109 	109 
003728 	388 	90 	109 	109 
003729 	388 	90 	109 	109 
003730 	388 	90 	109 	109 
003731 	388 	90 	109 	109 
003732 	393 	95 	91 	91 
003733 	393 	95 	91 	91 
003734 	393 	95 	91 	91 
003735 	393 	95 	91 	91 
003736 	393 	95 	91 	91 
003737 	393 	95 	91 	91 
003738 	393 	95 	91 	91 
003739 	393 	95 	91 	91 
003740 	393 	95 	91 	91 
003741 	393 	95 	91 	91 
003742 	393 	95 	91 	91 
003743 	393 	95 	91 	91 
003744 	393 	95 	91 	91 
003745 	393 	95 	91 	91 
003746 	393 	95 	91 	91 
003747 	393 	95 	91 	91 
003748 	393 	95 	91 	91 
003749 	393 	95 	91 	91 
003750 	393 	95 	91 	91 
003751 	393 	95 	91 	91 
003752 	393 	95 	91 	91 
003753 	388 	90 	109 	109 
003754 	388 	90 	109 	109 
003755 	388 	90 	109 	109 
003756 	388 	90 	109 	109 
003757 	388 	90 	109 	109 
003758 	388 	90 	109 	109 
003759 	388 	90 	109 	109 
003760 	388 	90 	109 	109 
003761 	388 	90 	109 	109 
003762 	388 	90 	109 	109 
003763 	388 	90 	109 	109 
003764 	393 	95 	91 	91 
003765 	393 	95 	91 	91 
003766 	393 	95 	91 	91 
003767 	393 	95 	91 	91 
003768 	393 	95 	91 	91 
003769 	393 	95 	91 	91 
003770 	393 	95 	91 	91 
003771 	393 	95 	91 	91 
003772 	393 	95 	91 	91 
003773 	393 	95 	91 	91 
003774 	393 	95 	91 	91 
003775 	393 	95 	91 	91 
003776 	393 	95 	91 	91 
003777 	393 	95 	91 	91 
003778 	393 	95 	91 	91 
003779 	393 	95 	91 	91 
003780 	393 	95 	91 	91 
003781 	393 	95 	91 	91 
003782 	393 	95 	91 	91 
003783 	393 	95 	91 	91 
003784 	393 	95 	91 	91 
003785 	393 	95 	91 	91 
003786 	393 	95 	91 	91 
003787 	393 	95 	91 	91 
003788 	393 	95 	91 	91 
003789 	393 	95 	91 	91 
003790 	393 	95 	91 	91 
003791 	393 	95 	91 	91 
003792 	393 	95 	91 	91 
003793 	393 	95 	91 	91 
003794 	393 	95 	91 	91 
003795 	393 	95 	91 	91 
003796 	393 	95 	91 	91 
003797 	393 	95 	91 	91 
003798 	393 	95 	91 	91 
003799 	393 	95 	91 	91 
003800 	393 	95 	91 	91 
003801 	393 	95 	91 	91 
003802 	393 	95 	91 	91 
003803 	393 	95 	91 	91 
003804 	393 	95 	91 	91 
003805 	393 	95 	91 	91 
003806 	393 	95 	91 	91 
003807 	393 	95 	91 	91 
003808 	393 	95 	91 	91 
003809 	393 	95 	91 	91 
003810 	393 	95 	91 	91 
003811 	393 	95 	91 	91 
003812 	393 	95 	91 	91 
003813 	393 	95 	91 	91 
003814 	393 	95 	91 	91 
003815 	393 	95 	91 	91 
003816 	393 	95 	91 	91 
003817 	393 	95 	91 	91 
003818 	393 	95 	91 	91 
003819 	388 	90 	109 	109 
003820 	393 	105 	91 	91 
003821 	393 	105 	91 	91 
003822 	393 	105 	91 	91 
003823 	393 	105 	91 	91 
003824 	388 	90 	109 	109 
003825 	393 	95 	91 	91 
003826 	393 	95 	91 	91 
003827 	393 	95 	91 	91 
003828 	393 	95 	91 	91 
003829 	393 	95 	91 	91 
003830 	393 	95 	91 	91 
003831 	388 	90 	109 	109 
003832 	393 	105 	91 	91 
003833 	393 	105 	91 	91 
003834 	393 	105 	91 	91 
003835 	393 	105 	91 	91 
003836 	388 	90 	109 	109 
003837 	388 	90 	109 	109 
003838 	393 	95 	91 	91 
003839 	393 	95 	91 	91 
003840 	393 	95 	91 	91 
003841 	393 	95 	91 	91 
003842 	393 	95 	91 	91 
003843 	393 	95 	91 	91 
003844 	393 	95 	91 	91 
003845 	393 	95 	91 	91 
003846 	393 	95 	91 	91 
003847 	393 	95 	91 	91 
003848 	393 	95 	91 	91 
003849 	393 	95 	91 	91 
003850 	393 	95 	91 	91 
003851 	393 	95 	91 	91 
003852 	393 	95 	91 	91 
003853 	393 	95 	91 	91 
003854 	393 	95 	91 	91 
003855 	393 	95 	91 	91 
003856 	393 	95 	91 	91 
003857 	393 	95 	91 	91 
003858 	393 	95 	91 	91 
003859 	393 	95 	91 	91 
003860 	393 	95 	91 	91 
