Identity  : 	id10286
Reference : 	lBkbWztMEUY
Offset    : 	-1
FV Conf   : 	13.080
ASD Conf  : 	7.636

FRAME 	X 	Y 	W 	H 
001318 	433 	65 	91 	91 
001319 	433 	65 	91 	91 
001320 	433 	65 	91 	91 
001321 	435 	71 	76 	75 
001322 	435 	71 	76 	75 
001323 	423 	65 	91 	91 
001324 	423 	65 	91 	91 
001325 	423 	65 	91 	91 
001326 	423 	65 	91 	91 
001327 	427 	71 	76 	75 
001328 	427 	71 	76 	75 
001329 	427 	71 	76 	75 
001330 	413 	65 	91 	91 
001331 	413 	65 	91 	91 
001332 	419 	79 	75 	76 
001333 	419 	79 	75 	76 
001334 	419 	79 	75 	76 
001335 	419 	79 	75 	76 
001336 	419 	79 	75 	76 
001337 	419 	79 	75 	76 
001338 	419 	79 	75 	76 
001339 	419 	79 	75 	76 
001340 	419 	79 	75 	76 
001341 	419 	79 	75 	76 
001342 	419 	79 	75 	76 
001343 	419 	79 	75 	76 
001344 	419 	79 	75 	76 
001345 	419 	79 	75 	76 
001346 	419 	79 	75 	76 
001347 	419 	79 	75 	76 
001348 	419 	79 	75 	76 
001349 	419 	79 	75 	76 
001350 	419 	79 	75 	76 
001351 	403 	75 	91 	91 
001352 	403 	75 	91 	91 
001353 	403 	75 	91 	91 
001354 	403 	75 	91 	91 
001355 	410 	87 	76 	76 
001356 	410 	87 	76 	76 
001357 	410 	87 	76 	76 
001358 	410 	87 	76 	76 
001359 	410 	87 	76 	76 
001360 	410 	87 	76 	76 
001361 	410 	87 	76 	76 
001362 	410 	79 	76 	76 
001363 	410 	79 	76 	76 
001364 	410 	79 	76 	76 
001365 	410 	79 	76 	76 
001366 	410 	79 	76 	76 
001367 	403 	65 	91 	91 
001368 	403 	65 	91 	91 
001369 	403 	65 	91 	91 
001370 	403 	65 	91 	91 
001371 	413 	65 	91 	91 
001372 	413 	65 	91 	91 
001373 	413 	65 	91 	91 
001374 	427 	71 	76 	75 
001375 	427 	71 	76 	75 
001376 	423 	65 	91 	91 
001377 	423 	65 	91 	91 
001378 	423 	65 	91 	91 
001379 	423 	65 	91 	91 
001380 	423 	65 	91 	91 
001381 	423 	65 	91 	91 
001382 	423 	65 	91 	91 
001383 	423 	65 	91 	91 
001384 	423 	65 	91 	91 
001385 	423 	65 	91 	91 
001386 	423 	65 	91 	91 
001387 	427 	79 	76 	76 
001388 	427 	79 	76 	76 
001389 	423 	65 	91 	91 
001390 	423 	65 	91 	91 
001391 	423 	65 	91 	91 
001392 	423 	65 	91 	91 
001393 	423 	65 	91 	91 
001394 	423 	65 	91 	91 
001395 	423 	65 	91 	91 
001396 	423 	65 	91 	91 
001397 	423 	65 	91 	91 
001398 	423 	65 	91 	91 
001399 	423 	65 	91 	91 
001400 	423 	65 	91 	91 
001401 	423 	65 	91 	91 
001402 	423 	65 	91 	91 
001403 	423 	65 	91 	91 
001404 	427 	79 	76 	76 
001405 	423 	65 	91 	91 
001406 	427 	79 	76 	76 
001407 	427 	79 	76 	76 
001408 	427 	79 	76 	76 
001409 	427 	79 	76 	76 
001410 	427 	79 	76 	76 
001411 	427 	79 	76 	76 
001412 	427 	79 	76 	76 
001413 	427 	79 	76 	76 
001414 	427 	79 	76 	76 
001415 	427 	79 	76 	76 
001416 	427 	79 	76 	76 
001417 	427 	79 	76 	76 
001418 	427 	79 	76 	76 
001419 	427 	79 	76 	76 
001420 	427 	79 	76 	76 
001421 	427 	79 	76 	76 
001422 	427 	79 	76 	76 
001423 	423 	75 	91 	91 
001424 	423 	75 	91 	91 
001425 	423 	75 	91 	91 
001426 	423 	75 	91 	91 
001427 	423 	75 	91 	91 
001428 	423 	75 	91 	91 
001429 	435 	79 	76 	76 
001430 	435 	79 	76 	76 
001431 	435 	79 	76 	76 
001432 	435 	79 	76 	76 
001433 	435 	79 	76 	76 
001434 	435 	79 	76 	76 
001435 	435 	79 	76 	76 
001436 	433 	75 	91 	91 
001437 	433 	75 	91 	91 
001438 	433 	75 	91 	91 
001439 	433 	75 	91 	91 
001440 	433 	75 	91 	91 
001441 	433 	75 	91 	91 
001442 	433 	75 	91 	91 
001443 	433 	75 	91 	91 
001444 	433 	75 	91 	91 
001445 	433 	75 	91 	91 
001446 	435 	79 	76 	76 
001447 	435 	79 	76 	76 
001448 	435 	79 	76 	76 
