Identity  : 	id10273
Reference : 	Ed918auNI0Y
Offset    : 	-4
FV Conf   : 	12.648
ASD Conf  : 	9.171

FRAME 	X 	Y 	W 	H 
008602 	280 	109 	130 	130 
008603 	280 	94 	130 	130 
008604 	267 	96 	156 	156 
008605 	294 	109 	130 	130 
008606 	294 	109 	130 	130 
008607 	309 	123 	130 	130 
008608 	309 	123 	130 	130 
008609 	309 	123 	130 	130 
008610 	309 	123 	130 	130 
008611 	309 	123 	130 	130 
008612 	323 	123 	130 	130 
008613 	323 	109 	130 	130 
008614 	323 	109 	130 	130 
008615 	323 	109 	130 	130 
008616 	323 	109 	130 	130 
008617 	323 	109 	130 	130 
008618 	323 	109 	130 	130 
008619 	323 	109 	130 	130 
008620 	323 	94 	130 	130 
008621 	323 	94 	130 	130 
008622 	309 	94 	130 	130 
008623 	309 	94 	130 	130 
008624 	309 	80 	130 	130 
008625 	309 	80 	130 	130 
008626 	294 	94 	130 	130 
008627 	294 	80 	130 	130 
008628 	294 	80 	130 	130 
008629 	294 	80 	130 	130 
008630 	280 	80 	130 	130 
008631 	280 	80 	130 	130 
008632 	280 	80 	130 	130 
008633 	267 	79 	156 	156 
008634 	267 	79 	156 	156 
008635 	267 	79 	156 	156 
008636 	280 	94 	130 	130 
008637 	280 	94 	130 	130 
008638 	280 	94 	130 	130 
008639 	280 	94 	130 	130 
008640 	280 	94 	130 	130 
008641 	280 	94 	130 	130 
008642 	280 	94 	130 	130 
008643 	280 	94 	130 	130 
008644 	280 	94 	130 	130 
008645 	280 	94 	130 	130 
008646 	280 	94 	130 	130 
008647 	280 	94 	130 	130 
008648 	280 	94 	130 	130 
008649 	280 	94 	130 	130 
008650 	280 	94 	130 	130 
008651 	280 	94 	130 	130 
008652 	280 	94 	130 	130 
008653 	280 	94 	130 	130 
008654 	280 	94 	130 	130 
008655 	280 	94 	130 	130 
008656 	280 	94 	130 	130 
008657 	280 	94 	130 	130 
008658 	280 	94 	130 	130 
008659 	280 	94 	130 	130 
008660 	280 	94 	130 	130 
008661 	280 	94 	130 	130 
008662 	280 	94 	130 	130 
008663 	280 	94 	130 	130 
008664 	280 	94 	130 	130 
008665 	280 	94 	130 	130 
008666 	280 	94 	130 	130 
008667 	280 	94 	130 	130 
008668 	280 	94 	130 	130 
008669 	280 	94 	130 	130 
008670 	280 	94 	130 	130 
008671 	280 	94 	130 	130 
008672 	280 	94 	130 	130 
008673 	280 	94 	130 	130 
008674 	280 	94 	130 	130 
008675 	280 	94 	130 	130 
008676 	280 	94 	130 	130 
008677 	280 	94 	130 	130 
008678 	280 	94 	130 	130 
008679 	280 	94 	130 	130 
008680 	280 	94 	130 	130 
008681 	280 	94 	130 	130 
008682 	280 	94 	130 	130 
008683 	294 	94 	130 	130 
008684 	294 	94 	130 	130 
008685 	294 	94 	130 	130 
008686 	294 	94 	130 	130 
008687 	294 	94 	130 	130 
008688 	294 	94 	130 	130 
008689 	294 	94 	130 	130 
008690 	294 	94 	130 	130 
008691 	294 	94 	130 	130 
008692 	294 	94 	130 	130 
008693 	294 	94 	130 	130 
008694 	294 	94 	130 	130 
008695 	294 	94 	130 	130 
008696 	294 	94 	130 	130 
008697 	294 	94 	130 	130 
008698 	280 	94 	130 	130 
008699 	280 	94 	130 	130 
008700 	280 	94 	130 	130 
008701 	280 	94 	130 	130 
008702 	280 	94 	130 	130 
