Identity  : 	id10273
Reference : 	Ed918auNI0Y
Offset    : 	-4
FV Conf   : 	12.053
ASD Conf  : 	7.969

FRAME 	X 	Y 	W 	H 
009140 	223 	109 	130 	130 
009141 	223 	109 	130 	130 
009142 	237 	109 	130 	130 
009143 	237 	109 	130 	130 
009144 	237 	109 	130 	130 
009145 	251 	109 	130 	130 
009146 	251 	109 	130 	130 
009147 	266 	109 	130 	130 
009148 	266 	109 	130 	130 
009149 	266 	109 	130 	130 
009150 	280 	123 	130 	130 
009151 	294 	123 	130 	130 
009152 	294 	123 	130 	130 
009153 	294 	123 	130 	130 
009154 	294 	123 	130 	130 
009155 	294 	123 	130 	130 
009156 	294 	123 	130 	130 
009157 	294 	123 	130 	130 
009158 	294 	123 	130 	130 
009159 	294 	123 	130 	130 
009160 	317 	126 	108 	109 
009161 	309 	123 	130 	130 
009162 	309 	109 	130 	130 
009163 	309 	109 	130 	130 
009164 	309 	109 	130 	130 
009165 	309 	109 	130 	130 
009166 	309 	109 	130 	130 
009167 	309 	109 	130 	130 
009168 	309 	109 	130 	130 
009169 	309 	109 	130 	130 
009170 	309 	109 	130 	130 
009171 	309 	109 	130 	130 
009172 	329 	126 	108 	109 
009173 	309 	123 	130 	130 
009174 	329 	126 	108 	109 
009175 	309 	123 	130 	130 
009176 	309 	123 	130 	130 
009177 	309 	123 	130 	130 
009178 	309 	123 	130 	130 
009179 	309 	123 	130 	130 
009180 	309 	123 	130 	130 
009181 	309 	123 	130 	130 
009182 	309 	123 	130 	130 
009183 	309 	123 	130 	130 
009184 	309 	123 	130 	130 
009185 	309 	123 	130 	130 
009186 	309 	123 	130 	130 
009187 	309 	123 	130 	130 
009188 	309 	109 	130 	130 
009189 	309 	109 	130 	130 
009190 	309 	109 	130 	130 
009191 	309 	109 	130 	130 
009192 	309 	109 	130 	130 
009193 	309 	109 	130 	130 
009194 	309 	109 	130 	130 
009195 	309 	109 	130 	130 
009196 	309 	109 	130 	130 
009197 	309 	109 	130 	130 
009198 	309 	109 	130 	130 
009199 	309 	109 	130 	130 
009200 	309 	109 	130 	130 
009201 	309 	109 	130 	130 
009202 	309 	109 	130 	130 
009203 	309 	109 	130 	130 
009204 	294 	109 	130 	130 
009205 	294 	109 	130 	130 
009206 	294 	109 	130 	130 
009207 	294 	109 	130 	130 
009208 	294 	109 	130 	130 
009209 	294 	109 	130 	130 
009210 	294 	109 	130 	130 
009211 	294 	109 	130 	130 
009212 	294 	109 	130 	130 
009213 	294 	109 	130 	130 
009214 	294 	109 	130 	130 
009215 	294 	109 	130 	130 
009216 	267 	79 	156 	156 
009217 	267 	79 	156 	156 
009218 	267 	79 	156 	156 
009219 	280 	94 	130 	130 
009220 	280 	94 	130 	130 
009221 	280 	94 	130 	130 
009222 	280 	94 	130 	130 
009223 	280 	94 	130 	130 
009224 	280 	94 	130 	130 
009225 	280 	94 	130 	130 
009226 	280 	94 	130 	130 
009227 	280 	94 	130 	130 
009228 	280 	94 	130 	130 
009229 	280 	94 	130 	130 
009230 	280 	94 	130 	130 
009231 	280 	94 	130 	130 
009232 	280 	94 	130 	130 
009233 	280 	94 	130 	130 
009234 	280 	94 	130 	130 
009235 	294 	94 	130 	130 
009236 	294 	94 	130 	130 
009237 	294 	94 	130 	130 
009238 	309 	94 	130 	130 
009239 	309 	94 	130 	130 
009240 	309 	94 	130 	130 
009241 	323 	94 	130 	130 
009242 	323 	94 	130 	130 
009243 	341 	114 	108 	109 
009244 	323 	109 	130 	130 
009245 	323 	109 	130 	130 
009246 	323 	94 	130 	130 
009247 	323 	94 	130 	130 
009248 	323 	94 	130 	130 
009249 	323 	94 	130 	130 
009250 	337 	94 	130 	130 
009251 	337 	94 	130 	130 
009252 	337 	94 	130 	130 
009253 	337 	94 	130 	130 
009254 	337 	94 	130 	130 
009255 	341 	102 	108 	109 
009256 	323 	94 	130 	130 
009257 	323 	94 	130 	130 
009258 	323 	94 	130 	130 
009259 	309 	80 	130 	130 
009260 	309 	80 	130 	130 
009261 	294 	80 	130 	130 
009262 	294 	80 	130 	130 
009263 	280 	66 	130 	130 
