Identity  : 	id10308
Reference : 	sy19cFuDvX8
Offset    : 	-3
FV Conf   : 	13.359
ASD Conf  : 	6.109

FRAME 	X 	Y 	W 	H 
000892 	257 	138 	109 	109 
000893 	257 	138 	109 	109 
000894 	257 	138 	109 	109 
000895 	257 	138 	109 	109 
000896 	257 	138 	109 	109 
000897 	257 	138 	109 	109 
000898 	257 	138 	109 	109 
000899 	257 	138 	109 	109 
000900 	257 	138 	109 	109 
000901 	257 	138 	109 	109 
000902 	257 	138 	109 	109 
000903 	257 	126 	109 	109 
000904 	257 	126 	109 	109 
000905 	257 	126 	109 	109 
000906 	257 	126 	109 	109 
000907 	257 	126 	109 	109 
000908 	257 	126 	109 	109 
000909 	257 	126 	109 	109 
000910 	257 	126 	109 	109 
000911 	257 	126 	109 	109 
000912 	257 	126 	109 	109 
000913 	257 	126 	109 	109 
000914 	257 	126 	109 	109 
000915 	257 	126 	109 	109 
000916 	257 	126 	109 	109 
000917 	257 	126 	109 	109 
000918 	257 	126 	109 	109 
000919 	257 	126 	109 	109 
000920 	257 	126 	109 	109 
000921 	257 	126 	109 	109 
000922 	257 	126 	109 	109 
000923 	257 	126 	109 	109 
000924 	257 	126 	109 	109 
000925 	257 	126 	109 	109 
000926 	257 	126 	109 	109 
000927 	257 	126 	109 	109 
000928 	245 	126 	109 	109 
000929 	245 	126 	109 	109 
000930 	257 	114 	109 	109 
000931 	257 	114 	109 	109 
000932 	245 	114 	109 	109 
000933 	245 	114 	109 	109 
000934 	245 	114 	109 	109 
000935 	257 	114 	109 	109 
000936 	245 	114 	109 	109 
000937 	257 	114 	109 	109 
000938 	257 	114 	109 	109 
000939 	257 	114 	109 	109 
000940 	257 	126 	109 	109 
000941 	257 	126 	109 	109 
000942 	257 	126 	109 	109 
000943 	257 	126 	109 	109 
000944 	257 	126 	109 	109 
000945 	257 	126 	109 	109 
000946 	245 	126 	109 	109 
000947 	245 	126 	109 	109 
000948 	245 	126 	109 	109 
000949 	245 	126 	109 	109 
000950 	257 	138 	109 	109 
000951 	257 	138 	109 	109 
000952 	257 	138 	109 	109 
000953 	257 	138 	109 	109 
000954 	257 	138 	109 	109 
000955 	257 	138 	109 	109 
000956 	257 	138 	109 	109 
000957 	257 	126 	109 	109 
000958 	257 	126 	109 	109 
000959 	257 	126 	109 	109 
000960 	257 	126 	109 	109 
000961 	257 	126 	109 	109 
000962 	257 	126 	109 	109 
000963 	257 	126 	109 	109 
000964 	257 	126 	109 	109 
000965 	257 	126 	109 	109 
000966 	257 	126 	109 	109 
000967 	257 	126 	109 	109 
000968 	257 	126 	109 	109 
000969 	257 	126 	109 	109 
000970 	257 	126 	109 	109 
000971 	257 	126 	109 	109 
000972 	257 	126 	109 	109 
000973 	257 	126 	109 	109 
000974 	257 	126 	109 	109 
000975 	257 	126 	109 	109 
000976 	257 	126 	109 	109 
000977 	257 	126 	109 	109 
000978 	245 	126 	109 	109 
000979 	245 	126 	109 	109 
000980 	245 	126 	109 	109 
000981 	245 	126 	109 	109 
000982 	257 	126 	109 	109 
000983 	245 	126 	109 	109 
000984 	245 	126 	109 	109 
000985 	245 	126 	109 	109 
000986 	245 	126 	109 	109 
000987 	245 	126 	109 	109 
000988 	245 	126 	109 	109 
000989 	245 	126 	109 	109 
000990 	245 	126 	109 	109 
000991 	257 	126 	109 	109 
000992 	257 	126 	109 	109 
000993 	257 	126 	109 	109 
000994 	257 	126 	109 	109 
000995 	257 	126 	109 	109 
000996 	257 	126 	109 	109 
000997 	257 	126 	109 	109 
000998 	257 	126 	109 	109 
000999 	257 	126 	109 	109 
001000 	257 	126 	109 	109 
001001 	257 	126 	109 	109 
001002 	257 	126 	109 	109 
001003 	257 	126 	109 	109 
001004 	257 	126 	109 	109 
001005 	257 	126 	109 	109 
001006 	257 	126 	109 	109 
001007 	257 	126 	109 	109 
001008 	257 	126 	109 	109 
001009 	257 	126 	109 	109 
001010 	257 	126 	109 	109 
001011 	257 	126 	109 	109 
001012 	257 	126 	109 	109 
001013 	257 	126 	109 	109 
001014 	257 	126 	109 	109 
001015 	257 	126 	109 	109 
001016 	257 	126 	109 	109 
001017 	269 	126 	108 	109 
001018 	269 	126 	108 	109 
001019 	269 	126 	108 	109 
001020 	269 	126 	108 	109 
001021 	269 	138 	108 	109 
001022 	257 	126 	109 	109 
001023 	251 	123 	130 	130 
001024 	251 	123 	130 	130 
001025 	257 	138 	109 	109 
001026 	257 	138 	109 	109 
001027 	257 	138 	109 	109 
001028 	245 	138 	109 	109 
001029 	245 	138 	109 	109 
001030 	237 	123 	130 	130 
001031 	257 	138 	109 	109 
001032 	257 	126 	109 	109 
001033 	257 	126 	109 	109 
001034 	257 	126 	109 	109 
001035 	257 	126 	109 	109 
