Identity  : 	id10293
Reference : 	l3J1f06Slfo
Offset    : 	-2
FV Conf   : 	17.547
ASD Conf  : 	6.747

FRAME 	X 	Y 	W 	H 
001534 	224 	75 	91 	91 
001535 	224 	75 	91 	91 
001536 	224 	75 	91 	91 
001537 	224 	75 	91 	91 
001538 	224 	75 	91 	91 
001539 	224 	75 	91 	91 
001540 	221 	66 	109 	109 
001541 	234 	65 	90 	91 
001542 	234 	65 	90 	91 
001543 	234 	75 	90 	91 
001544 	234 	75 	90 	91 
001545 	234 	75 	90 	91 
001546 	234 	75 	90 	91 
001547 	234 	75 	90 	91 
001548 	234 	75 	90 	91 
001549 	234 	75 	90 	91 
001550 	234 	75 	90 	91 
001551 	234 	75 	90 	91 
001552 	244 	79 	76 	76 
001553 	244 	71 	76 	75 
001554 	244 	71 	76 	75 
001555 	244 	71 	76 	75 
001556 	244 	71 	76 	75 
001557 	244 	71 	76 	75 
001558 	234 	65 	90 	91 
001559 	234 	65 	90 	91 
001560 	244 	79 	76 	76 
001561 	234 	65 	90 	91 
001562 	234 	65 	90 	91 
001563 	234 	65 	90 	91 
001564 	234 	65 	90 	91 
001565 	234 	65 	90 	91 
001566 	234 	65 	90 	91 
001567 	234 	65 	90 	91 
001568 	234 	65 	90 	91 
001569 	234 	65 	90 	91 
001570 	234 	65 	90 	91 
001571 	234 	65 	90 	91 
001572 	234 	65 	90 	91 
001573 	234 	65 	90 	91 
001574 	236 	71 	76 	75 
001575 	236 	71 	76 	75 
001576 	236 	71 	76 	75 
001577 	224 	75 	91 	91 
001578 	224 	75 	91 	91 
001579 	224 	75 	91 	91 
001580 	224 	75 	91 	91 
001581 	224 	75 	91 	91 
001582 	224 	75 	91 	91 
001583 	224 	75 	91 	91 
001584 	224 	75 	91 	91 
001585 	228 	87 	76 	76 
001586 	228 	87 	76 	76 
001587 	214 	85 	91 	91 
001588 	214 	85 	91 	91 
001589 	214 	85 	91 	91 
001590 	214 	85 	91 	91 
001591 	214 	85 	91 	91 
001592 	214 	85 	91 	91 
001593 	214 	85 	91 	91 
001594 	214 	85 	91 	91 
001595 	214 	85 	91 	91 
001596 	214 	85 	91 	91 
001597 	214 	85 	91 	91 
001598 	214 	85 	91 	91 
001599 	214 	85 	91 	91 
001600 	214 	85 	91 	91 
001601 	214 	85 	91 	91 
001602 	214 	85 	91 	91 
001603 	214 	75 	91 	91 
001604 	214 	75 	91 	91 
001605 	214 	75 	91 	91 
001606 	224 	75 	91 	91 
001607 	224 	75 	91 	91 
001608 	224 	65 	91 	91 
001609 	224 	75 	91 	91 
001610 	224 	75 	91 	91 
001611 	234 	75 	90 	91 
001612 	234 	75 	90 	91 
001613 	234 	75 	90 	91 
001614 	234 	75 	90 	91 
001615 	244 	85 	90 	91 
001616 	244 	85 	90 	91 
001617 	244 	85 	90 	91 
001618 	244 	75 	90 	91 
001619 	244 	75 	90 	91 
001620 	244 	75 	90 	91 
001621 	244 	75 	90 	91 
001622 	234 	75 	90 	91 
001623 	234 	75 	90 	91 
001624 	234 	75 	90 	91 
001625 	234 	75 	90 	91 
001626 	234 	85 	90 	91 
001627 	224 	85 	91 	91 
001628 	224 	85 	91 	91 
001629 	224 	85 	91 	91 
001630 	224 	85 	91 	91 
001631 	224 	85 	91 	91 
001632 	224 	85 	91 	91 
001633 	224 	85 	91 	91 
001634 	228 	87 	76 	76 
001635 	228 	87 	76 	76 
001636 	214 	85 	91 	91 
001637 	214 	85 	91 	91 
001638 	214 	85 	91 	91 
001639 	214 	85 	91 	91 
001640 	214 	85 	91 	91 
001641 	214 	85 	91 	91 
001642 	214 	85 	91 	91 
001643 	214 	85 	91 	91 
001644 	214 	85 	91 	91 
001645 	214 	85 	91 	91 
001646 	214 	85 	91 	91 
001647 	214 	85 	91 	91 
