Identity  : 	id10289
Reference : 	fGlKVvjgUdY
Offset    : 	0
FV Conf   : 	21.221
ASD Conf  : 	7.428

FRAME 	X 	Y 	W 	H 
005868 	184 	55 	91 	91 
005869 	184 	55 	91 	91 
005870 	184 	55 	91 	91 
005871 	184 	55 	91 	91 
005872 	184 	55 	91 	91 
005873 	194 	55 	91 	91 
005874 	194 	55 	91 	91 
005875 	194 	55 	91 	91 
005876 	194 	55 	91 	91 
005877 	194 	55 	91 	91 
005878 	194 	55 	91 	91 
005879 	194 	55 	91 	91 
005880 	194 	55 	91 	91 
005881 	194 	55 	91 	91 
005882 	194 	55 	91 	91 
005883 	204 	65 	91 	91 
005884 	204 	65 	91 	91 
005885 	204 	65 	91 	91 
005886 	204 	65 	91 	91 
005887 	204 	65 	91 	91 
005888 	204 	65 	91 	91 
005889 	204 	65 	91 	91 
005890 	204 	65 	91 	91 
005891 	204 	65 	91 	91 
005892 	204 	65 	91 	91 
005893 	204 	65 	91 	91 
005894 	204 	65 	91 	91 
005895 	204 	55 	91 	91 
005896 	204 	65 	91 	91 
005897 	204 	65 	91 	91 
005898 	204 	65 	91 	91 
005899 	204 	65 	91 	91 
005900 	204 	65 	91 	91 
005901 	204 	65 	91 	91 
005902 	204 	65 	91 	91 
005903 	204 	65 	91 	91 
005904 	204 	65 	91 	91 
005905 	204 	65 	91 	91 
005906 	204 	65 	91 	91 
005907 	204 	65 	91 	91 
005908 	204 	65 	91 	91 
005909 	204 	65 	91 	91 
005910 	204 	65 	91 	91 
005911 	204 	65 	91 	91 
005912 	204 	65 	91 	91 
005913 	204 	65 	91 	91 
005914 	204 	65 	91 	91 
005915 	204 	65 	91 	91 
005916 	204 	65 	91 	91 
005917 	204 	65 	91 	91 
005918 	204 	65 	91 	91 
005919 	204 	65 	91 	91 
005920 	204 	65 	91 	91 
005921 	194 	65 	91 	91 
005922 	194 	65 	91 	91 
005923 	194 	65 	91 	91 
005924 	194 	65 	91 	91 
005925 	194 	65 	91 	91 
005926 	194 	65 	91 	91 
005927 	194 	65 	91 	91 
005928 	194 	65 	91 	91 
005929 	194 	65 	91 	91 
005930 	203 	71 	76 	75 
005931 	194 	55 	91 	91 
005932 	194 	55 	91 	91 
005933 	194 	55 	91 	91 
005934 	194 	55 	91 	91 
005935 	194 	55 	91 	91 
005936 	194 	55 	91 	91 
005937 	194 	55 	91 	91 
005938 	194 	55 	91 	91 
005939 	194 	55 	91 	91 
005940 	194 	55 	91 	91 
005941 	194 	55 	91 	91 
005942 	194 	55 	91 	91 
005943 	194 	55 	91 	91 
005944 	194 	55 	91 	91 
005945 	194 	55 	91 	91 
005946 	194 	55 	91 	91 
005947 	194 	55 	91 	91 
005948 	194 	55 	91 	91 
005949 	194 	55 	91 	91 
005950 	185 	43 	109 	108 
005951 	194 	45 	91 	91 
005952 	194 	45 	91 	91 
005953 	194 	45 	91 	91 
005954 	194 	45 	91 	91 
005955 	194 	45 	91 	91 
005956 	194 	55 	91 	91 
005957 	194 	55 	91 	91 
005958 	194 	55 	91 	91 
005959 	194 	55 	91 	91 
005960 	194 	55 	91 	91 
005961 	204 	65 	91 	91 
005962 	204 	65 	91 	91 
005963 	204 	65 	91 	91 
005964 	204 	65 	91 	91 
005965 	204 	65 	91 	91 
005966 	204 	65 	91 	91 
005967 	204 	65 	91 	91 
005968 	204 	55 	91 	91 
005969 	194 	55 	91 	91 
005970 	194 	55 	91 	91 
005971 	194 	55 	91 	91 
005972 	194 	45 	91 	91 
005973 	194 	45 	91 	91 
005974 	194 	45 	91 	91 
005975 	194 	45 	91 	91 
005976 	194 	45 	91 	91 
005977 	194 	45 	91 	91 
005978 	194 	45 	91 	91 
005979 	194 	45 	91 	91 
005980 	194 	45 	91 	91 
005981 	194 	45 	91 	91 
005982 	194 	55 	91 	91 
005983 	194 	55 	91 	91 
005984 	194 	55 	91 	91 
005985 	194 	55 	91 	91 
005986 	194 	55 	91 	91 
005987 	194 	55 	91 	91 
005988 	194 	55 	91 	91 
005989 	194 	55 	91 	91 
005990 	194 	55 	91 	91 
005991 	204 	65 	91 	91 
005992 	204 	65 	91 	91 
005993 	204 	65 	91 	91 
005994 	204 	65 	91 	91 
005995 	204 	55 	91 	91 
005996 	204 	55 	91 	91 
005997 	194 	55 	91 	91 
005998 	194 	55 	91 	91 
005999 	194 	55 	91 	91 
