Identity  : 	id10300
Reference : 	SQzWyPhRqmk
Offset    : 	0
FV Conf   : 	15.565
ASD Conf  : 	6.333

FRAME 	X 	Y 	W 	H 
000492 	164 	125 	91 	90 
000493 	164 	125 	91 	90 
000494 	164 	125 	91 	90 
000495 	164 	125 	91 	90 
000496 	150 	126 	108 	109 
000497 	164 	125 	91 	90 
000498 	164 	125 	91 	90 
000499 	150 	114 	108 	109 
000500 	150 	114 	108 	109 
000501 	150 	114 	108 	109 
000502 	150 	114 	108 	109 
000503 	150 	114 	108 	109 
000504 	150 	114 	108 	109 
000505 	150 	114 	108 	109 
000506 	150 	114 	108 	109 
000507 	150 	114 	108 	109 
000508 	150 	114 	108 	109 
000509 	150 	114 	108 	109 
000510 	150 	114 	108 	109 
000511 	150 	114 	108 	109 
000512 	150 	114 	108 	109 
000513 	154 	115 	91 	91 
000514 	154 	115 	91 	91 
000515 	154 	115 	91 	91 
000516 	154 	115 	91 	91 
000517 	154 	115 	91 	91 
000518 	154 	115 	91 	91 
000519 	154 	115 	91 	91 
000520 	154 	115 	91 	91 
000521 	154 	115 	91 	91 
000522 	154 	115 	91 	91 
000523 	154 	115 	91 	91 
000524 	154 	115 	91 	91 
000525 	154 	115 	91 	91 
000526 	154 	115 	91 	91 
000527 	154 	115 	91 	91 
000528 	154 	115 	91 	91 
000529 	154 	115 	91 	91 
000530 	154 	115 	91 	91 
000531 	154 	115 	91 	91 
000532 	154 	115 	91 	91 
000533 	154 	115 	91 	91 
000534 	154 	115 	91 	91 
000535 	154 	115 	91 	91 
000536 	154 	115 	91 	91 
000537 	154 	115 	91 	91 
000538 	154 	115 	91 	91 
000539 	154 	115 	91 	91 
000540 	154 	115 	91 	91 
000541 	154 	115 	91 	91 
000542 	154 	115 	91 	91 
000543 	138 	102 	108 	109 
000544 	138 	102 	108 	109 
000545 	138 	102 	108 	109 
000546 	138 	102 	108 	109 
000547 	138 	102 	108 	109 
000548 	138 	102 	108 	109 
000549 	138 	102 	108 	109 
000550 	138 	102 	108 	109 
000551 	138 	102 	108 	109 
000552 	138 	102 	108 	109 
000553 	138 	102 	108 	109 
000554 	138 	102 	108 	109 
000555 	138 	102 	108 	109 
000556 	138 	102 	108 	109 
000557 	138 	102 	108 	109 
000558 	138 	102 	108 	109 
000559 	138 	102 	108 	109 
000560 	138 	102 	108 	109 
000561 	138 	102 	108 	109 
000562 	138 	102 	108 	109 
000563 	138 	114 	108 	109 
000564 	138 	114 	108 	109 
000565 	138 	114 	108 	109 
000566 	138 	114 	108 	109 
000567 	138 	114 	108 	109 
000568 	138 	114 	108 	109 
000569 	138 	114 	108 	109 
000570 	138 	114 	108 	109 
000571 	138 	114 	108 	109 
000572 	138 	114 	108 	109 
000573 	138 	114 	108 	109 
000574 	138 	114 	108 	109 
000575 	138 	114 	108 	109 
000576 	138 	114 	108 	109 
000577 	138 	114 	108 	109 
000578 	138 	114 	108 	109 
000579 	138 	114 	108 	109 
000580 	138 	114 	108 	109 
000581 	138 	114 	108 	109 
000582 	138 	114 	108 	109 
000583 	138 	114 	108 	109 
000584 	138 	114 	108 	109 
000585 	138 	114 	108 	109 
000586 	138 	114 	108 	109 
000587 	138 	114 	108 	109 
000588 	138 	114 	108 	109 
000589 	138 	114 	108 	109 
000590 	138 	114 	108 	109 
000591 	138 	114 	108 	109 
000592 	138 	114 	108 	109 
000593 	138 	114 	108 	109 
000594 	138 	114 	108 	109 
000595 	138 	114 	108 	109 
000596 	138 	114 	108 	109 
000597 	138 	114 	108 	109 
000598 	138 	114 	108 	109 
000599 	138 	114 	108 	109 
000600 	138 	114 	108 	109 
000601 	138 	114 	108 	109 
000602 	138 	114 	108 	109 
000603 	138 	114 	108 	109 
000604 	138 	114 	108 	109 
000605 	138 	114 	108 	109 
000606 	138 	114 	108 	109 
000607 	138 	114 	108 	109 
000608 	138 	114 	108 	109 
000609 	138 	114 	108 	109 
000610 	138 	114 	108 	109 
000611 	138 	114 	108 	109 
000612 	138 	114 	108 	109 
000613 	150 	102 	108 	109 
000614 	150 	102 	108 	109 
000615 	138 	114 	108 	109 
000616 	138 	114 	108 	109 
000617 	138 	114 	108 	109 
000618 	138 	114 	108 	109 
000619 	138 	114 	108 	109 
000620 	138 	114 	108 	109 
000621 	138 	114 	108 	109 
000622 	138 	114 	108 	109 
000623 	138 	114 	108 	109 
000624 	138 	114 	108 	109 
000625 	138 	114 	108 	109 
000626 	144 	115 	91 	91 
000627 	144 	115 	91 	91 
000628 	144 	115 	91 	91 
000629 	144 	115 	91 	91 
000630 	144 	115 	91 	91 
000631 	144 	115 	91 	91 
000632 	138 	102 	108 	109 
000633 	138 	102 	108 	109 
000634 	144 	115 	91 	91 
000635 	144 	115 	91 	91 
000636 	126 	102 	108 	109 
000637 	138 	114 	108 	109 
000638 	138 	114 	108 	109 
000639 	138 	102 	108 	109 
000640 	138 	114 	108 	109 
000641 	138 	114 	108 	109 
000642 	138 	114 	108 	109 
000643 	138 	102 	108 	109 
000644 	138 	114 	108 	109 
000645 	138 	114 	108 	109 
000646 	144 	115 	91 	91 
000647 	138 	114 	108 	109 
000648 	138 	114 	108 	109 
000649 	138 	114 	108 	109 
000650 	138 	114 	108 	109 
000651 	138 	114 	108 	109 
000652 	138 	114 	108 	109 
000653 	138 	114 	108 	109 
000654 	138 	114 	108 	109 
000655 	138 	114 	108 	109 
000656 	138 	114 	108 	109 
000657 	138 	114 	108 	109 
000658 	138 	114 	108 	109 
000659 	138 	114 	108 	109 
000660 	138 	114 	108 	109 
000661 	138 	114 	108 	109 
000662 	138 	114 	108 	109 
000663 	154 	125 	91 	90 
000664 	150 	114 	108 	109 
000665 	150 	114 	108 	109 
000666 	150 	114 	108 	109 
000667 	150 	114 	108 	109 
000668 	150 	114 	108 	109 
000669 	164 	125 	91 	90 
000670 	164 	125 	91 	90 
000671 	164 	125 	91 	90 
000672 	164 	125 	91 	90 
000673 	164 	125 	91 	90 
000674 	164 	125 	91 	90 
000675 	164 	125 	91 	90 
000676 	164 	125 	91 	90 
000677 	164 	125 	91 	90 
000678 	164 	125 	91 	90 
000679 	164 	125 	91 	90 
