Identity  : 	id10300
Reference : 	SQzWyPhRqmk
Offset    : 	0
FV Conf   : 	14.763
ASD Conf  : 	7.425

FRAME 	X 	Y 	W 	H 
003339 	164 	132 	91 	90 
003340 	164 	132 	91 	90 
003341 	164 	132 	91 	90 
003342 	164 	131 	91 	90 
003343 	164 	130 	91 	90 
003344 	164 	130 	91 	90 
003345 	164 	130 	91 	90 
003346 	164 	129 	91 	90 
003347 	164 	128 	91 	90 
003348 	164 	128 	91 	90 
003349 	164 	128 	91 	90 
003350 	164 	127 	91 	90 
003351 	164 	126 	91 	90 
003352 	164 	126 	91 	90 
003353 	164 	126 	91 	90 
003354 	164 	125 	91 	90 
003355 	164 	125 	91 	90 
003356 	164 	125 	91 	90 
003357 	164 	125 	91 	90 
003358 	164 	125 	91 	90 
003359 	164 	125 	91 	90 
003360 	164 	125 	91 	90 
003361 	164 	125 	91 	90 
003362 	164 	125 	91 	90 
003363 	164 	125 	91 	90 
003364 	164 	125 	91 	90 
003365 	164 	125 	91 	90 
003366 	164 	125 	91 	90 
003367 	164 	125 	91 	90 
003368 	164 	125 	91 	90 
003369 	164 	125 	91 	90 
003370 	164 	125 	91 	90 
003371 	164 	125 	91 	90 
003372 	164 	125 	91 	90 
003373 	164 	125 	91 	90 
003374 	164 	125 	91 	90 
003375 	164 	125 	91 	90 
003376 	164 	125 	91 	90 
003377 	164 	125 	91 	90 
003378 	164 	125 	91 	90 
003379 	164 	125 	91 	90 
003380 	164 	125 	91 	90 
003381 	164 	125 	91 	90 
003382 	164 	125 	91 	90 
003383 	150 	126 	108 	109 
003384 	150 	126 	108 	109 
003385 	150 	126 	108 	109 
003386 	150 	126 	108 	109 
003387 	150 	126 	108 	109 
003388 	150 	126 	108 	109 
003389 	150 	126 	108 	109 
003390 	150 	126 	108 	109 
003391 	150 	126 	108 	109 
003392 	150 	126 	108 	109 
003393 	150 	126 	108 	109 
003394 	150 	126 	108 	109 
003395 	150 	126 	108 	109 
003396 	150 	126 	108 	109 
003397 	150 	126 	108 	109 
003398 	150 	126 	108 	109 
003399 	150 	126 	108 	109 
003400 	150 	126 	108 	109 
003401 	150 	126 	108 	109 
003402 	150 	126 	108 	109 
003403 	150 	126 	108 	109 
003404 	150 	126 	108 	109 
003405 	150 	126 	108 	109 
003406 	150 	126 	108 	109 
003407 	150 	126 	108 	109 
003408 	150 	126 	108 	109 
003409 	150 	126 	108 	109 
003410 	150 	126 	108 	109 
003411 	150 	126 	108 	109 
003412 	150 	126 	108 	109 
003413 	150 	126 	108 	109 
003414 	150 	126 	108 	109 
003415 	150 	126 	108 	109 
003416 	150 	126 	108 	109 
003417 	150 	126 	108 	109 
003418 	150 	126 	108 	109 
003419 	150 	126 	108 	109 
003420 	150 	126 	108 	109 
003421 	150 	126 	108 	109 
003422 	150 	126 	108 	109 
003423 	150 	126 	108 	109 
003424 	150 	126 	108 	109 
003425 	150 	126 	108 	109 
003426 	150 	126 	108 	109 
003427 	150 	126 	108 	109 
003428 	150 	126 	108 	109 
003429 	150 	126 	108 	109 
003430 	150 	126 	108 	109 
003431 	150 	126 	108 	109 
003432 	150 	126 	108 	109 
003433 	150 	126 	108 	109 
003434 	150 	126 	108 	109 
003435 	150 	126 	108 	109 
003436 	150 	114 	108 	109 
003437 	150 	114 	108 	109 
003438 	150 	114 	108 	109 
003439 	150 	114 	108 	109 
003440 	150 	114 	108 	109 
003441 	150 	114 	108 	109 
003442 	150 	114 	108 	109 
003443 	150 	102 	108 	109 
003444 	150 	102 	108 	109 
003445 	150 	102 	108 	109 
003446 	138 	102 	108 	109 
003447 	138 	102 	108 	109 
003448 	138 	102 	108 	109 
003449 	138 	102 	108 	109 
003450 	138 	102 	108 	109 
003451 	138 	102 	108 	109 
003452 	138 	102 	108 	109 
003453 	138 	102 	108 	109 
003454 	138 	102 	108 	109 
003455 	138 	102 	108 	109 
003456 	138 	102 	108 	109 
003457 	138 	102 	108 	109 
003458 	138 	102 	108 	109 
003459 	138 	102 	108 	109 
003460 	138 	102 	108 	109 
003461 	138 	102 	108 	109 
003462 	138 	102 	108 	109 
003463 	138 	102 	108 	109 
003464 	138 	102 	108 	109 
003465 	138 	102 	108 	109 
003466 	138 	102 	108 	109 
003467 	138 	102 	108 	109 
003468 	138 	102 	108 	109 
003469 	138 	102 	108 	109 
003470 	138 	102 	108 	109 
003471 	138 	114 	108 	109 
003472 	138 	114 	108 	109 
003473 	138 	114 	108 	109 
003474 	138 	102 	108 	109 
003475 	138 	102 	108 	109 
003476 	138 	102 	108 	109 
003477 	138 	102 	108 	109 
003478 	138 	102 	108 	109 
003479 	138 	102 	108 	109 
003480 	138 	102 	108 	109 
003481 	138 	102 	108 	109 
003482 	138 	102 	108 	109 
003483 	138 	102 	108 	109 
003484 	144 	115 	91 	91 
003485 	144 	115 	91 	91 
003486 	138 	102 	108 	109 
003487 	138 	102 	108 	109 
003488 	138 	102 	108 	109 
003489 	138 	102 	108 	109 
003490 	138 	102 	108 	109 
003491 	138 	102 	108 	109 
003492 	138 	102 	108 	109 
003493 	138 	102 	108 	109 
003494 	138 	102 	108 	109 
003495 	138 	102 	108 	109 
003496 	138 	102 	108 	109 
003497 	138 	102 	108 	109 
003498 	138 	102 	108 	109 
003499 	144 	115 	91 	91 
003500 	138 	114 	108 	109 
003501 	138 	114 	108 	109 
003502 	144 	115 	91 	91 
003503 	138 	102 	108 	109 
003504 	138 	102 	108 	109 
003505 	138 	102 	108 	109 
003506 	138 	102 	108 	109 
003507 	138 	102 	108 	109 
003508 	138 	102 	108 	109 
003509 	138 	102 	108 	109 
003510 	138 	102 	108 	109 
003511 	138 	102 	108 	109 
003512 	138 	102 	108 	109 
003513 	138 	102 	108 	109 
003514 	138 	102 	108 	109 
003515 	138 	102 	108 	109 
003516 	138 	102 	108 	109 
003517 	138 	102 	108 	109 
003518 	138 	102 	108 	109 
003519 	138 	102 	108 	109 
003520 	138 	102 	108 	109 
003521 	138 	102 	108 	109 
003522 	138 	102 	108 	109 
003523 	138 	102 	108 	109 
003524 	138 	102 	108 	109 
003525 	138 	102 	108 	109 
003526 	138 	102 	108 	109 
003527 	138 	102 	108 	109 
003528 	138 	102 	108 	109 
003529 	138 	102 	108 	109 
003530 	138 	102 	108 	109 
003531 	138 	102 	108 	109 
003532 	138 	102 	108 	109 
003533 	138 	102 	108 	109 
003534 	138 	102 	108 	109 
003535 	138 	102 	108 	109 
003536 	138 	102 	108 	109 
003537 	138 	102 	108 	109 
003538 	138 	102 	108 	109 
003539 	144 	105 	91 	91 
003540 	144 	105 	91 	91 
003541 	138 	102 	108 	109 
003542 	138 	102 	108 	109 
003543 	138 	102 	108 	109 
003544 	138 	102 	108 	109 
003545 	138 	102 	108 	109 
003546 	138 	102 	108 	109 
003547 	138 	102 	108 	109 
003548 	138 	102 	108 	109 
003549 	138 	102 	108 	109 
003550 	138 	114 	108 	109 
003551 	138 	114 	108 	109 
003552 	138 	114 	108 	109 
003553 	138 	102 	108 	109 
003554 	138 	102 	108 	109 
003555 	138 	102 	108 	109 
003556 	138 	102 	108 	109 
003557 	138 	102 	108 	109 
003558 	154 	115 	91 	91 
003559 	154 	115 	91 	91 
003560 	154 	115 	91 	91 
003561 	154 	115 	91 	91 
003562 	150 	114 	108 	109 
003563 	154 	125 	91 	90 
003564 	138 	114 	108 	109 
003565 	138 	114 	108 	109 
003566 	138 	114 	108 	109 
003567 	138 	114 	108 	109 
003568 	138 	114 	108 	109 
003569 	138 	114 	108 	109 
003570 	138 	114 	108 	109 
003571 	138 	114 	108 	109 
003572 	138 	114 	108 	109 
003573 	138 	114 	108 	109 
003574 	138 	114 	108 	109 
003575 	138 	114 	108 	109 
003576 	138 	114 	108 	109 
003577 	138 	114 	108 	109 
003578 	138 	114 	108 	109 
003579 	138 	114 	108 	109 
003580 	138 	114 	108 	109 
003581 	138 	114 	108 	109 
003582 	138 	114 	108 	109 
003583 	138 	114 	108 	109 
003584 	138 	114 	108 	109 
003585 	138 	114 	108 	109 
003586 	138 	114 	108 	109 
003587 	138 	114 	108 	109 
003588 	138 	114 	108 	109 
003589 	138 	114 	108 	109 
003590 	138 	114 	108 	109 
003591 	138 	114 	108 	109 
003592 	138 	114 	108 	109 
003593 	138 	114 	108 	109 
003594 	138 	114 	108 	109 
003595 	138 	114 	108 	109 
003596 	138 	114 	108 	109 
003597 	138 	114 	108 	109 
003598 	138 	114 	108 	109 
003599 	138 	114 	108 	109 
003600 	138 	114 	108 	109 
003601 	138 	114 	108 	109 
003602 	138 	114 	108 	109 
003603 	138 	114 	108 	109 
003604 	138 	114 	108 	109 
003605 	138 	114 	108 	109 
003606 	138 	114 	108 	109 
003607 	138 	114 	108 	109 
003608 	138 	114 	108 	109 
003609 	138 	114 	108 	109 
003610 	138 	114 	108 	109 
003611 	138 	114 	108 	109 
003612 	138 	114 	108 	109 
003613 	138 	102 	108 	109 
003614 	138 	102 	108 	109 
003615 	138 	102 	108 	109 
003616 	138 	102 	108 	109 
003617 	138 	102 	108 	109 
003618 	138 	102 	108 	109 
003619 	138 	102 	108 	109 
003620 	138 	114 	108 	109 
003621 	138 	114 	108 	109 
003622 	138 	114 	108 	109 
003623 	138 	114 	108 	109 
003624 	138 	114 	108 	109 
003625 	138 	114 	108 	109 
003626 	138 	114 	108 	109 
003627 	138 	114 	108 	109 
003628 	138 	114 	108 	109 
003629 	138 	114 	108 	109 
003630 	138 	114 	108 	109 
003631 	138 	114 	108 	109 
003632 	138 	114 	108 	109 
003633 	138 	114 	108 	109 
003634 	138 	114 	108 	109 
003635 	138 	114 	108 	109 
003636 	138 	114 	108 	109 
003637 	144 	115 	91 	91 
003638 	144 	115 	91 	91 
003639 	144 	115 	91 	91 
003640 	138 	114 	108 	109 
003641 	138 	114 	108 	109 
003642 	138 	114 	108 	109 
003643 	138 	114 	108 	109 
003644 	138 	114 	108 	109 
003645 	138 	114 	108 	109 
003646 	144 	115 	91 	91 
003647 	144 	115 	91 	91 
003648 	138 	114 	108 	109 
003649 	144 	115 	91 	91 
003650 	138 	102 	108 	109 
003651 	138 	102 	108 	109 
003652 	138 	102 	108 	109 
003653 	138 	102 	108 	109 
003654 	138 	102 	108 	109 
003655 	138 	114 	108 	109 
003656 	138 	114 	108 	109 
003657 	138 	114 	108 	109 
003658 	126 	114 	108 	109 
003659 	126 	114 	108 	109 
003660 	126 	114 	108 	109 
003661 	126 	114 	108 	109 
003662 	126 	114 	108 	109 
003663 	126 	114 	108 	109 
003664 	126 	114 	108 	109 
003665 	126 	114 	108 	109 
003666 	126 	114 	108 	109 
003667 	126 	114 	108 	109 
003668 	126 	114 	108 	109 
003669 	126 	114 	108 	109 
003670 	126 	114 	108 	109 
003671 	126 	114 	108 	109 
003672 	126 	114 	108 	109 
003673 	126 	114 	108 	109 
003674 	126 	114 	108 	109 
003675 	126 	114 	108 	109 
003676 	126 	114 	108 	109 
003677 	126 	114 	108 	109 
003678 	126 	114 	108 	109 
003679 	126 	114 	108 	109 
003680 	126 	102 	108 	109 
003681 	126 	102 	108 	109 
003682 	126 	114 	108 	109 
003683 	126 	114 	108 	109 
003684 	126 	114 	108 	109 
003685 	126 	114 	108 	109 
003686 	126 	114 	108 	109 
003687 	126 	114 	108 	109 
003688 	126 	114 	108 	109 
003689 	126 	114 	108 	109 
003690 	126 	102 	108 	109 
003691 	126 	102 	108 	109 
003692 	126 	102 	108 	109 
003693 	126 	102 	108 	109 
003694 	126 	102 	108 	109 
003695 	126 	102 	108 	109 
003696 	126 	102 	108 	109 
003697 	126 	102 	108 	109 
003698 	138 	102 	108 	109 
003699 	138 	102 	108 	109 
003700 	138 	102 	108 	109 
003701 	138 	102 	108 	109 
003702 	138 	102 	108 	109 
003703 	138 	102 	108 	109 
003704 	138 	102 	108 	109 
003705 	138 	114 	108 	109 
003706 	138 	114 	108 	109 
003707 	138 	114 	108 	109 
003708 	138 	114 	108 	109 
003709 	138 	114 	108 	109 
003710 	138 	114 	108 	109 
003711 	138 	114 	108 	109 
003712 	138 	114 	108 	109 
003713 	126 	102 	108 	109 
003714 	126 	102 	108 	109 
003715 	126 	102 	108 	109 
003716 	126 	114 	108 	109 
003717 	126 	114 	108 	109 
003718 	126 	114 	108 	109 
003719 	126 	114 	108 	109 
003720 	126 	114 	108 	109 
003721 	126 	102 	108 	109 
003722 	126 	102 	108 	109 
003723 	126 	102 	108 	109 
003724 	126 	102 	108 	109 
003725 	126 	102 	108 	109 
003726 	126 	102 	108 	109 
003727 	138 	102 	108 	109 
003728 	126 	90 	108 	109 
003729 	144 	95 	91 	91 
003730 	126 	78 	108 	109 
003731 	144 	85 	91 	91 
003732 	126 	66 	108 	109 
003733 	126 	66 	108 	109 
003734 	134 	75 	91 	91 
003735 	134 	75 	91 	91 
003736 	134 	75 	91 	91 
003737 	134 	75 	91 	91 
003738 	134 	75 	91 	91 
003739 	126 	66 	108 	109 
003740 	126 	66 	108 	109 
003741 	144 	85 	91 	91 
003742 	126 	78 	108 	109 
003743 	138 	90 	108 	109 
003744 	138 	90 	108 	109 
003745 	138 	102 	108 	109 
003746 	138 	102 	108 	109 
003747 	154 	115 	91 	91 
003748 	154 	115 	91 	91 
003749 	138 	102 	108 	109 
003750 	138 	102 	108 	109 
003751 	138 	102 	108 	109 
003752 	138 	102 	108 	109 
003753 	138 	102 	108 	109 
003754 	138 	102 	108 	109 
003755 	138 	102 	108 	109 
003756 	138 	102 	108 	109 
003757 	138 	102 	108 	109 
003758 	138 	102 	108 	109 
003759 	138 	102 	108 	109 
003760 	138 	102 	108 	109 
003761 	138 	102 	108 	109 
003762 	138 	102 	108 	109 
003763 	138 	102 	108 	109 
003764 	138 	114 	108 	109 
003765 	138 	114 	108 	109 
003766 	138 	114 	108 	109 
003767 	138 	114 	108 	109 
003768 	154 	115 	91 	91 
003769 	154 	115 	91 	91 
003770 	150 	114 	108 	109 
003771 	150 	114 	108 	109 
003772 	150 	114 	108 	109 
003773 	150 	114 	108 	109 
003774 	150 	114 	108 	109 
003775 	150 	114 	108 	109 
003776 	150 	126 	108 	109 
003777 	150 	126 	108 	109 
003778 	150 	126 	108 	109 
003779 	150 	114 	108 	109 
003780 	150 	114 	108 	109 
003781 	150 	114 	108 	109 
003782 	150 	114 	108 	109 
003783 	138 	114 	108 	109 
003784 	138 	114 	108 	109 
003785 	138 	114 	108 	109 
003786 	138 	114 	108 	109 
003787 	138 	114 	108 	109 
003788 	138 	114 	108 	109 
003789 	138 	114 	108 	109 
003790 	138 	114 	108 	109 
003791 	138 	114 	108 	109 
003792 	138 	114 	108 	109 
003793 	138 	114 	108 	109 
003794 	138 	114 	108 	109 
003795 	138 	114 	108 	109 
003796 	138 	114 	108 	109 
003797 	138 	114 	108 	109 
003798 	138 	114 	108 	109 
003799 	138 	114 	108 	109 
003800 	154 	115 	91 	91 
003801 	154 	115 	91 	91 
003802 	154 	115 	91 	91 
003803 	138 	114 	108 	109 
003804 	138 	114 	108 	109 
003805 	138 	114 	108 	109 
