Identity  : 	id10307
Reference : 	120gjdqGWNQ
Offset    : 	-1
FV Conf   : 	18.633
ASD Conf  : 	8.597

FRAME 	X 	Y 	W 	H 
003621 	319 	96 	156 	156 
003622 	319 	96 	156 	156 
003623 	319 	96 	156 	156 
003624 	319 	96 	156 	156 
003625 	319 	96 	156 	156 
003626 	319 	96 	156 	156 
003627 	319 	96 	156 	156 
003628 	319 	96 	156 	156 
003629 	301 	95 	186 	186 
003630 	301 	95 	186 	186 
003631 	301 	95 	186 	186 
003632 	319 	113 	156 	156 
003633 	319 	113 	156 	156 
003634 	319 	113 	156 	156 
003635 	319 	113 	156 	156 
003636 	319 	113 	156 	156 
003637 	301 	95 	186 	186 
003638 	319 	113 	156 	156 
003639 	301 	95 	186 	186 
003640 	301 	95 	186 	186 
003641 	301 	95 	186 	186 
003642 	301 	95 	186 	186 
003643 	301 	95 	186 	186 
003644 	301 	95 	186 	186 
003645 	301 	95 	186 	186 
003646 	301 	95 	186 	186 
003647 	280 	95 	187 	186 
003648 	280 	95 	187 	186 
003649 	280 	95 	187 	186 
003650 	280 	95 	187 	186 
003651 	280 	95 	187 	186 
003652 	259 	95 	187 	186 
003653 	259 	95 	187 	186 
003654 	259 	95 	187 	186 
003655 	259 	95 	187 	186 
003656 	259 	95 	187 	186 
003657 	259 	95 	187 	186 
003658 	259 	95 	187 	186 
003659 	259 	95 	187 	186 
003660 	259 	95 	187 	186 
003661 	259 	95 	187 	186 
003662 	259 	95 	187 	186 
003663 	259 	95 	187 	186 
003664 	259 	95 	187 	186 
003665 	259 	95 	187 	186 
003666 	259 	95 	187 	186 
003667 	259 	95 	187 	186 
003668 	259 	74 	187 	187 
003669 	259 	74 	187 	187 
003670 	259 	74 	187 	187 
003671 	259 	74 	187 	187 
003672 	259 	74 	187 	187 
003673 	259 	74 	187 	187 
003674 	259 	74 	187 	187 
003675 	259 	74 	187 	187 
003676 	259 	74 	187 	187 
003677 	259 	95 	187 	186 
003678 	259 	95 	187 	186 
003679 	259 	95 	187 	186 
003680 	259 	95 	187 	186 
003681 	259 	95 	187 	186 
003682 	259 	95 	187 	186 
003683 	239 	95 	186 	186 
003684 	239 	95 	186 	186 
003685 	239 	95 	186 	186 
003686 	239 	95 	186 	186 
003687 	250 	113 	156 	156 
003688 	250 	113 	156 	156 
003689 	218 	95 	187 	186 
003690 	218 	95 	187 	186 
003691 	218 	95 	187 	186 
003692 	218 	95 	187 	186 
003693 	218 	95 	187 	186 
003694 	218 	95 	187 	186 
003695 	218 	95 	187 	186 
003696 	218 	95 	187 	186 
003697 	218 	95 	187 	186 
003698 	218 	95 	187 	186 
003699 	218 	95 	187 	186 
003700 	218 	95 	187 	186 
003701 	239 	95 	186 	186 
003702 	250 	96 	156 	156 
003703 	250 	96 	156 	156 
003704 	250 	96 	156 	156 
003705 	250 	96 	156 	156 
003706 	239 	95 	186 	186 
003707 	239 	95 	186 	186 
003708 	239 	95 	186 	186 
003709 	239 	95 	186 	186 
003710 	239 	74 	186 	187 
003711 	239 	95 	186 	186 
003712 	259 	95 	187 	186 
003713 	259 	95 	187 	186 
003714 	259 	95 	187 	186 
003715 	267 	113 	156 	156 
003716 	267 	113 	156 	156 
003717 	267 	113 	156 	156 
003718 	267 	113 	156 	156 
003719 	267 	96 	156 	156 
003720 	267 	96 	156 	156 
003721 	239 	74 	186 	187 
003722 	239 	74 	186 	187 
003723 	239 	74 	186 	187 
003724 	239 	74 	186 	187 
003725 	239 	74 	186 	187 
003726 	239 	74 	186 	187 
003727 	239 	74 	186 	187 
003728 	239 	74 	186 	187 
003729 	239 	74 	186 	187 
003730 	239 	74 	186 	187 
003731 	239 	74 	186 	187 
003732 	239 	74 	186 	187 
003733 	239 	74 	186 	187 
003734 	259 	95 	187 	186 
003735 	259 	95 	187 	186 
003736 	259 	95 	187 	186 
003737 	259 	95 	187 	186 
003738 	259 	95 	187 	186 
003739 	259 	95 	187 	186 
003740 	259 	95 	187 	186 
003741 	259 	95 	187 	186 
003742 	259 	95 	187 	186 
003743 	259 	95 	187 	186 
003744 	259 	95 	187 	186 
003745 	239 	74 	186 	187 
003746 	239 	95 	186 	186 
003747 	239 	95 	186 	186 
003748 	239 	95 	186 	186 
003749 	239 	95 	186 	186 
003750 	239 	95 	186 	186 
003751 	239 	95 	186 	186 
003752 	239 	95 	186 	186 
003753 	239 	95 	186 	186 
003754 	239 	95 	186 	186 
003755 	218 	95 	187 	186 
003756 	218 	95 	187 	186 
003757 	218 	95 	187 	186 
003758 	218 	95 	187 	186 
003759 	218 	95 	187 	186 
003760 	218 	95 	187 	186 
003761 	218 	95 	187 	186 
003762 	218 	95 	187 	186 
003763 	239 	95 	186 	186 
003764 	239 	95 	186 	186 
003765 	239 	95 	186 	186 
003766 	239 	95 	186 	186 
003767 	239 	95 	186 	186 
003768 	267 	113 	156 	156 
003769 	259 	95 	187 	186 
003770 	259 	95 	187 	186 
003771 	259 	95 	187 	186 
003772 	259 	95 	187 	186 
003773 	239 	95 	186 	186 
003774 	259 	95 	187 	186 
003775 	239 	95 	186 	186 
003776 	239 	95 	186 	186 
003777 	239 	95 	186 	186 
003778 	239 	95 	186 	186 
003779 	239 	95 	186 	186 
003780 	239 	95 	186 	186 
003781 	239 	95 	186 	186 
003782 	250 	96 	156 	156 
003783 	250 	96 	156 	156 
003784 	250 	96 	156 	156 
003785 	250 	96 	156 	156 
003786 	239 	74 	186 	187 
003787 	239 	74 	186 	187 
003788 	239 	74 	186 	187 
003789 	239 	74 	186 	187 
003790 	239 	74 	186 	187 
003791 	239 	74 	186 	187 
003792 	259 	95 	187 	186 
003793 	259 	74 	187 	187 
003794 	259 	74 	187 	187 
003795 	267 	96 	156 	156 
003796 	259 	74 	187 	187 
003797 	259 	74 	187 	187 
003798 	259 	74 	187 	187 
003799 	259 	74 	187 	187 
003800 	259 	74 	187 	187 
003801 	259 	74 	187 	187 
003802 	259 	74 	187 	187 
003803 	259 	74 	187 	187 
003804 	259 	74 	187 	187 
003805 	259 	95 	187 	186 
003806 	259 	95 	187 	186 
003807 	259 	95 	187 	186 
003808 	259 	95 	187 	186 
003809 	259 	95 	187 	186 
003810 	259 	95 	187 	186 
003811 	259 	95 	187 	186 
003812 	259 	95 	187 	186 
003813 	259 	95 	187 	186 
003814 	259 	95 	187 	186 
003815 	259 	95 	187 	186 
003816 	259 	95 	187 	186 
003817 	259 	95 	187 	186 
003818 	285 	96 	155 	156 
003819 	285 	96 	155 	156 
003820 	259 	74 	187 	187 
003821 	259 	74 	187 	187 
003822 	259 	74 	187 	187 
003823 	285 	96 	155 	156 
003824 	285 	96 	155 	156 
003825 	285 	96 	155 	156 
003826 	285 	96 	155 	156 
003827 	285 	96 	155 	156 
003828 	280 	95 	187 	186 
003829 	280 	95 	187 	186 
003830 	280 	95 	187 	186 
003831 	280 	95 	187 	186 
003832 	280 	95 	187 	186 
003833 	280 	95 	187 	186 
003834 	280 	95 	187 	186 
003835 	280 	95 	187 	186 
003836 	280 	95 	187 	186 
003837 	280 	95 	187 	186 
003838 	280 	95 	187 	186 
003839 	280 	95 	187 	186 
003840 	280 	95 	187 	186 
003841 	280 	95 	187 	186 
003842 	302 	113 	156 	156 
003843 	302 	113 	156 	156 
003844 	302 	113 	156 	156 
003845 	302 	113 	156 	156 
003846 	301 	95 	186 	186 
003847 	301 	95 	186 	186 
003848 	301 	95 	186 	186 
003849 	301 	95 	186 	186 
003850 	301 	95 	186 	186 
003851 	301 	95 	186 	186 
003852 	301 	95 	186 	186 
003853 	301 	95 	186 	186 
003854 	301 	95 	186 	186 
003855 	301 	95 	186 	186 
003856 	301 	95 	186 	186 
003857 	301 	95 	186 	186 
003858 	301 	95 	186 	186 
003859 	302 	96 	156 	156 
003860 	302 	96 	156 	156 
003861 	302 	96 	156 	156 
003862 	302 	96 	156 	156 
003863 	302 	96 	156 	156 
003864 	302 	96 	156 	156 
003865 	302 	96 	156 	156 
003866 	302 	96 	156 	156 
003867 	302 	96 	156 	156 
003868 	302 	96 	156 	156 
003869 	302 	96 	156 	156 
003870 	280 	74 	187 	187 
003871 	280 	74 	187 	187 
003872 	280 	74 	187 	187 
003873 	280 	74 	187 	187 
003874 	280 	74 	187 	187 
003875 	285 	96 	155 	156 
003876 	285 	96 	155 	156 
003877 	285 	96 	155 	156 
003878 	285 	96 	155 	156 
003879 	285 	96 	155 	156 
003880 	285 	96 	155 	156 
003881 	285 	96 	155 	156 
003882 	259 	74 	187 	187 
003883 	259 	95 	187 	186 
003884 	259 	95 	187 	186 
003885 	259 	95 	187 	186 
003886 	259 	95 	187 	186 
003887 	259 	95 	187 	186 
003888 	259 	115 	187 	187 
003889 	259 	115 	187 	187 
003890 	259 	115 	187 	187 
003891 	259 	115 	187 	187 
003892 	259 	115 	187 	187 
003893 	259 	115 	187 	187 
003894 	259 	115 	187 	187 
