Identity  : 	id10284
Reference : 	RNYNkXzY5Hk
Offset    : 	0
FV Conf   : 	12.930
ASD Conf  : 	8.107

FRAME 	X 	Y 	W 	H 
015601 	267 	182 	156 	156 
015602 	267 	182 	156 	156 
015603 	267 	182 	156 	156 
015604 	267 	165 	156 	156 
015605 	267 	165 	156 	156 
015606 	267 	165 	156 	156 
015607 	267 	165 	156 	156 
015608 	267 	165 	156 	156 
015609 	267 	148 	156 	155 
015610 	267 	148 	156 	155 
015611 	267 	130 	156 	156 
015612 	267 	130 	156 	156 
015613 	267 	130 	156 	156 
015614 	267 	113 	156 	156 
015615 	267 	113 	156 	156 
015616 	267 	113 	156 	156 
015617 	267 	113 	156 	156 
015618 	267 	113 	156 	156 
015619 	267 	113 	156 	156 
015620 	267 	96 	156 	156 
015621 	267 	96 	156 	156 
015622 	267 	96 	156 	156 
015623 	267 	96 	156 	156 
015624 	267 	96 	156 	156 
015625 	267 	96 	156 	156 
015626 	267 	96 	156 	156 
015627 	267 	96 	156 	156 
015628 	267 	96 	156 	156 
015629 	267 	96 	156 	156 
015630 	267 	96 	156 	156 
015631 	267 	96 	156 	156 
015632 	267 	96 	156 	156 
015633 	267 	96 	156 	156 
015634 	267 	113 	156 	156 
015635 	267 	113 	156 	156 
015636 	267 	113 	156 	156 
015637 	267 	113 	156 	156 
015638 	267 	113 	156 	156 
015639 	285 	113 	155 	156 
015640 	285 	113 	155 	156 
015641 	285 	113 	155 	156 
015642 	285 	113 	155 	156 
015643 	285 	113 	155 	156 
015644 	285 	113 	155 	156 
015645 	285 	113 	155 	156 
015646 	285 	113 	155 	156 
015647 	285 	113 	155 	156 
015648 	285 	113 	155 	156 
015649 	285 	130 	155 	156 
015650 	285 	130 	155 	156 
015651 	267 	113 	156 	156 
015652 	267 	113 	156 	156 
015653 	267 	113 	156 	156 
015654 	267 	113 	156 	156 
015655 	250 	113 	156 	156 
015656 	250 	113 	156 	156 
015657 	250 	113 	156 	156 
015658 	250 	113 	156 	156 
015659 	233 	96 	156 	156 
015660 	218 	74 	187 	187 
015661 	218 	74 	187 	187 
015662 	233 	96 	156 	156 
015663 	218 	74 	187 	187 
015664 	218 	74 	187 	187 
015665 	218 	74 	187 	187 
015666 	218 	74 	187 	187 
015667 	218 	74 	187 	187 
015668 	218 	74 	187 	187 
015669 	218 	74 	187 	187 
015670 	218 	74 	187 	187 
015671 	218 	74 	187 	187 
015672 	218 	74 	187 	187 
015673 	218 	74 	187 	187 
015674 	218 	74 	187 	187 
015675 	233 	96 	156 	156 
015676 	233 	96 	156 	156 
015677 	233 	96 	156 	156 
015678 	233 	96 	156 	156 
015679 	233 	96 	156 	156 
015680 	233 	96 	156 	156 
015681 	233 	96 	156 	156 
015682 	233 	96 	156 	156 
015683 	233 	96 	156 	156 
015684 	233 	96 	156 	156 
015685 	233 	96 	156 	156 
015686 	233 	96 	156 	156 
015687 	233 	96 	156 	156 
015688 	233 	96 	156 	156 
015689 	233 	96 	156 	156 
015690 	197 	74 	187 	187 
015691 	216 	96 	156 	156 
015692 	197 	74 	187 	187 
015693 	216 	96 	156 	156 
015694 	216 	96 	156 	156 
015695 	197 	74 	187 	187 
015696 	197 	74 	187 	187 
015697 	197 	74 	187 	187 
015698 	197 	74 	187 	187 
015699 	233 	96 	156 	156 
015700 	197 	74 	187 	187 
015701 	216 	96 	156 	156 
015702 	216 	96 	156 	156 
015703 	216 	96 	156 	156 
015704 	216 	96 	156 	156 
015705 	216 	96 	156 	156 
015706 	197 	74 	187 	187 
015707 	216 	96 	156 	156 
015708 	216 	96 	156 	156 
015709 	216 	96 	156 	156 
015710 	216 	96 	156 	156 
015711 	216 	96 	156 	156 
015712 	216 	96 	156 	156 
015713 	216 	96 	156 	156 
