Identity  : 	id10284
Reference : 	RNYNkXzY5Hk
Offset    : 	0
FV Conf   : 	15.257
ASD Conf  : 	7.815

FRAME 	X 	Y 	W 	H 
003742 	311 	89 	224 	224 
003743 	311 	89 	224 	224 
003744 	311 	89 	224 	224 
003745 	311 	89 	224 	224 
003746 	311 	89 	224 	224 
003747 	311 	89 	224 	224 
003748 	321 	115 	187 	187 
003749 	287 	89 	224 	224 
003750 	301 	115 	186 	187 
003751 	287 	89 	224 	224 
003752 	301 	115 	186 	187 
003753 	301 	115 	186 	187 
003754 	301 	115 	186 	187 
003755 	301 	115 	186 	187 
003756 	301 	115 	186 	187 
003757 	301 	115 	186 	187 
003758 	301 	115 	186 	187 
003759 	301 	115 	186 	187 
003760 	301 	136 	186 	187 
003761 	301 	136 	186 	187 
003762 	301 	136 	186 	187 
003763 	301 	115 	186 	187 
003764 	301 	115 	186 	187 
003765 	301 	115 	186 	187 
003766 	301 	115 	186 	187 
003767 	301 	115 	186 	187 
003768 	301 	115 	186 	187 
003769 	301 	115 	186 	187 
003770 	301 	115 	186 	187 
003771 	301 	136 	186 	187 
003772 	301 	136 	186 	187 
003773 	301 	136 	186 	187 
003774 	301 	136 	186 	187 
003775 	301 	136 	186 	187 
003776 	301 	115 	186 	187 
003777 	301 	115 	186 	187 
003778 	301 	115 	186 	187 
003779 	301 	115 	186 	187 
003780 	301 	136 	186 	187 
003781 	301 	136 	186 	187 
003782 	301 	136 	186 	187 
003783 	301 	136 	186 	187 
003784 	301 	136 	186 	187 
003785 	301 	136 	186 	187 
003786 	301 	136 	186 	187 
003787 	280 	115 	187 	187 
003788 	280 	115 	187 	187 
003789 	280 	115 	187 	187 
003790 	280 	115 	187 	187 
003791 	301 	136 	186 	187 
003792 	301 	136 	186 	187 
003793 	301 	136 	186 	187 
003794 	301 	136 	186 	187 
003795 	301 	136 	186 	187 
003796 	301 	136 	186 	187 
003797 	301 	136 	186 	187 
003798 	301 	136 	186 	187 
003799 	301 	136 	186 	187 
003800 	301 	136 	186 	187 
003801 	301 	136 	186 	187 
003802 	301 	136 	186 	187 
003803 	301 	136 	186 	187 
003804 	301 	136 	186 	187 
003805 	301 	136 	186 	187 
003806 	301 	136 	186 	187 
003807 	301 	136 	186 	187 
003808 	301 	136 	186 	187 
003809 	301 	136 	186 	187 
003810 	280 	115 	187 	187 
003811 	280 	115 	187 	187 
003812 	280 	115 	187 	187 
003813 	280 	115 	187 	187 
003814 	280 	115 	187 	187 
003815 	280 	115 	187 	187 
003816 	280 	115 	187 	187 
003817 	280 	115 	187 	187 
003818 	280 	115 	187 	187 
003819 	280 	115 	187 	187 
003820 	280 	115 	187 	187 
003821 	280 	115 	187 	187 
003822 	280 	95 	187 	186 
003823 	280 	95 	187 	186 
003824 	262 	89 	224 	224 
003825 	280 	115 	187 	187 
003826 	280 	115 	187 	187 
003827 	280 	115 	187 	187 
003828 	280 	115 	187 	187 
003829 	259 	115 	187 	187 
003830 	259 	115 	187 	187 
003831 	259 	115 	187 	187 
003832 	259 	115 	187 	187 
003833 	259 	115 	187 	187 
003834 	259 	115 	187 	187 
003835 	259 	115 	187 	187 
003836 	259 	115 	187 	187 
003837 	259 	115 	187 	187 
003838 	259 	115 	187 	187 
003839 	259 	115 	187 	187 
003840 	259 	115 	187 	187 
003841 	259 	136 	187 	187 
003842 	259 	136 	187 	187 
003843 	259 	136 	187 	187 
003844 	259 	136 	187 	187 
003845 	259 	136 	187 	187 
003846 	259 	136 	187 	187 
003847 	259 	136 	187 	187 
003848 	259 	136 	187 	187 
003849 	259 	136 	187 	187 
003850 	259 	136 	187 	187 
003851 	259 	136 	187 	187 
003852 	259 	136 	187 	187 
003853 	259 	136 	187 	187 
003854 	259 	136 	187 	187 
003855 	259 	136 	187 	187 
003856 	259 	136 	187 	187 
003857 	259 	136 	187 	187 
003858 	259 	136 	187 	187 
003859 	259 	136 	187 	187 
003860 	259 	136 	187 	187 
003861 	259 	136 	187 	187 
003862 	259 	136 	187 	187 
003863 	259 	115 	187 	187 
003864 	259 	136 	187 	187 
003865 	259 	136 	187 	187 
003866 	259 	136 	187 	187 
003867 	259 	136 	187 	187 
003868 	259 	136 	187 	187 
003869 	259 	115 	187 	187 
003870 	259 	115 	187 	187 
003871 	259 	115 	187 	187 
003872 	259 	115 	187 	187 
003873 	259 	115 	187 	187 
003874 	259 	115 	187 	187 
003875 	259 	115 	187 	187 
003876 	259 	115 	187 	187 
003877 	259 	115 	187 	187 
003878 	259 	115 	187 	187 
003879 	259 	115 	187 	187 
003880 	259 	136 	187 	187 
003881 	259 	136 	187 	187 
003882 	259 	136 	187 	187 
003883 	259 	136 	187 	187 
003884 	259 	136 	187 	187 
003885 	259 	136 	187 	187 
003886 	259 	136 	187 	187 
003887 	259 	136 	187 	187 
003888 	259 	136 	187 	187 
003889 	259 	115 	187 	187 
003890 	239 	115 	186 	187 
003891 	239 	115 	186 	187 
003892 	239 	115 	186 	187 
003893 	259 	115 	187 	187 
003894 	259 	115 	187 	187 
003895 	259 	115 	187 	187 
003896 	259 	115 	187 	187 
003897 	259 	115 	187 	187 
003898 	237 	114 	224 	224 
003899 	237 	114 	224 	224 
003900 	237 	114 	224 	224 
003901 	237 	114 	224 	224 
003902 	239 	115 	186 	187 
003903 	239 	115 	186 	187 
003904 	239 	115 	186 	187 
003905 	239 	115 	186 	187 
003906 	239 	136 	186 	187 
003907 	239 	136 	186 	187 
003908 	239 	136 	186 	187 
003909 	239 	115 	186 	187 
003910 	239 	115 	186 	187 
