Identity  : 	id10284
Reference : 	RNYNkXzY5Hk
Offset    : 	0
FV Conf   : 	12.997
ASD Conf  : 	8.043

FRAME 	X 	Y 	W 	H 
022659 	233 	96 	156 	156 
022660 	233 	96 	156 	156 
022661 	233 	96 	156 	156 
022662 	233 	79 	156 	156 
022663 	233 	79 	156 	156 
022664 	233 	79 	156 	156 
022665 	233 	79 	156 	156 
022666 	251 	109 	130 	130 
022667 	250 	79 	156 	156 
022668 	266 	109 	130 	130 
022669 	266 	109 	130 	130 
022670 	266 	109 	130 	130 
022671 	266 	109 	130 	130 
022672 	266 	109 	130 	130 
022673 	266 	109 	130 	130 
022674 	266 	109 	130 	130 
022675 	266 	109 	130 	130 
022676 	266 	109 	130 	130 
022677 	280 	109 	130 	130 
022678 	280 	109 	130 	130 
022679 	280 	109 	130 	130 
022680 	280 	109 	130 	130 
022681 	266 	109 	130 	130 
022682 	266 	109 	130 	130 
022683 	266 	109 	130 	130 
022684 	266 	109 	130 	130 
022685 	266 	109 	130 	130 
022686 	266 	109 	130 	130 
022687 	266 	109 	130 	130 
022688 	266 	109 	130 	130 
022689 	266 	109 	130 	130 
022690 	266 	109 	130 	130 
022691 	251 	109 	130 	130 
022692 	251 	109 	130 	130 
022693 	251 	109 	130 	130 
022694 	251 	109 	130 	130 
022695 	233 	79 	156 	156 
022696 	233 	79 	156 	156 
022697 	233 	79 	156 	156 
022698 	233 	79 	156 	156 
022699 	233 	96 	156 	156 
022700 	233 	96 	156 	156 
022701 	216 	79 	156 	156 
022702 	216 	79 	156 	156 
022703 	216 	79 	156 	156 
022704 	233 	79 	156 	156 
022705 	233 	79 	156 	156 
022706 	216 	79 	156 	156 
022707 	216 	79 	156 	156 
022708 	216 	96 	156 	156 
022709 	216 	96 	156 	156 
022710 	216 	96 	156 	156 
022711 	216 	96 	156 	156 
022712 	216 	96 	156 	156 
022713 	223 	109 	130 	130 
022714 	216 	96 	156 	156 
022715 	216 	96 	156 	156 
022716 	216 	96 	156 	156 
022717 	216 	96 	156 	156 
022718 	216 	96 	156 	156 
022719 	216 	96 	156 	156 
022720 	216 	96 	156 	156 
022721 	216 	96 	156 	156 
022722 	216 	96 	156 	156 
022723 	216 	96 	156 	156 
022724 	216 	96 	156 	156 
022725 	216 	96 	156 	156 
022726 	233 	96 	156 	156 
022727 	233 	96 	156 	156 
022728 	233 	96 	156 	156 
022729 	251 	109 	130 	130 
022730 	251 	109 	130 	130 
022731 	266 	109 	130 	130 
022732 	266 	109 	130 	130 
022733 	266 	109 	130 	130 
022734 	266 	109 	130 	130 
022735 	266 	109 	130 	130 
022736 	266 	109 	130 	130 
022737 	266 	109 	130 	130 
022738 	266 	109 	130 	130 
022739 	266 	109 	130 	130 
022740 	266 	109 	130 	130 
022741 	266 	109 	130 	130 
022742 	266 	109 	130 	130 
022743 	266 	109 	130 	130 
022744 	266 	109 	130 	130 
022745 	250 	96 	156 	156 
022746 	250 	96 	156 	156 
022747 	251 	109 	130 	130 
022748 	251 	109 	130 	130 
022749 	251 	109 	130 	130 
022750 	251 	109 	130 	130 
022751 	233 	96 	156 	156 
022752 	233 	96 	156 	156 
022753 	233 	96 	156 	156 
022754 	233 	96 	156 	156 
022755 	233 	96 	156 	156 
022756 	233 	96 	156 	156 
022757 	233 	96 	156 	156 
022758 	233 	96 	156 	156 
022759 	233 	79 	156 	156 
022760 	233 	79 	156 	156 
022761 	237 	109 	130 	130 
022762 	216 	79 	156 	156 
022763 	216 	96 	156 	156 
022764 	216 	96 	156 	156 
022765 	216 	96 	156 	156 
022766 	216 	96 	156 	156 
022767 	216 	96 	156 	156 
022768 	216 	96 	156 	156 
022769 	216 	96 	156 	156 
022770 	216 	96 	156 	156 
022771 	216 	96 	156 	156 
022772 	223 	123 	130 	130 
022773 	223 	123 	130 	130 
022774 	223 	123 	130 	130 
022775 	223 	123 	130 	130 
022776 	223 	123 	130 	130 
022777 	199 	96 	155 	156 
022778 	199 	96 	155 	156 
022779 	199 	96 	155 	156 
022780 	199 	96 	155 	156 
022781 	199 	96 	155 	156 
022782 	199 	96 	155 	156 
