Identity  : 	id10284
Reference : 	RNYNkXzY5Hk
Offset    : 	0
FV Conf   : 	12.997
ASD Conf  : 	6.586

FRAME 	X 	Y 	W 	H 
024138 	250 	113 	156 	156 
024139 	250 	113 	156 	156 
024140 	250 	113 	156 	156 
024141 	250 	113 	156 	156 
024142 	250 	113 	156 	156 
024143 	250 	113 	156 	156 
024144 	250 	113 	156 	156 
024145 	250 	113 	156 	156 
024146 	250 	113 	156 	156 
024147 	239 	95 	186 	186 
024148 	239 	95 	186 	186 
024149 	239 	95 	186 	186 
024150 	239 	95 	186 	186 
024151 	239 	95 	186 	186 
024152 	239 	95 	186 	186 
024153 	239 	95 	186 	186 
024154 	239 	95 	186 	186 
024155 	239 	95 	186 	186 
024156 	239 	95 	186 	186 
024157 	239 	95 	186 	186 
024158 	239 	95 	186 	186 
024159 	239 	95 	186 	186 
024160 	239 	95 	186 	186 
024161 	239 	95 	186 	186 
024162 	239 	95 	186 	186 
024163 	239 	95 	186 	186 
024164 	239 	95 	186 	186 
024165 	239 	95 	186 	186 
024166 	239 	95 	186 	186 
024167 	239 	95 	186 	186 
024168 	239 	95 	186 	186 
024169 	239 	95 	186 	186 
024170 	239 	95 	186 	186 
024171 	239 	95 	186 	186 
024172 	239 	95 	186 	186 
024173 	239 	95 	186 	186 
024174 	239 	95 	186 	186 
024175 	239 	95 	186 	186 
024176 	239 	95 	186 	186 
024177 	239 	95 	186 	186 
024178 	239 	95 	186 	186 
024179 	239 	95 	186 	186 
024180 	239 	95 	186 	186 
024181 	239 	95 	186 	186 
024182 	239 	95 	186 	186 
024183 	239 	95 	186 	186 
024184 	239 	95 	186 	186 
024185 	239 	95 	186 	186 
024186 	239 	95 	186 	186 
024187 	239 	95 	186 	186 
024188 	239 	95 	186 	186 
024189 	239 	95 	186 	186 
024190 	239 	95 	186 	186 
024191 	212 	64 	224 	224 
024192 	212 	64 	224 	224 
024193 	212 	64 	224 	224 
024194 	239 	95 	186 	186 
024195 	212 	64 	224 	224 
024196 	212 	64 	224 	224 
024197 	218 	95 	187 	186 
024198 	218 	95 	187 	186 
024199 	218 	95 	187 	186 
024200 	218 	95 	187 	186 
024201 	218 	95 	187 	186 
024202 	218 	95 	187 	186 
024203 	218 	95 	187 	186 
024204 	218 	95 	187 	186 
024205 	218 	95 	187 	186 
024206 	218 	95 	187 	186 
024207 	218 	95 	187 	186 
024208 	218 	95 	187 	186 
024209 	218 	95 	187 	186 
024210 	197 	115 	187 	187 
024211 	197 	115 	187 	187 
024212 	197 	115 	187 	187 
024213 	197 	115 	187 	187 
024214 	197 	95 	187 	186 
024215 	197 	95 	187 	186 
024216 	197 	115 	187 	187 
024217 	197 	115 	187 	187 
024218 	177 	115 	187 	187 
024219 	177 	115 	187 	187 
024220 	197 	115 	187 	187 
024221 	197 	115 	187 	187 
024222 	197 	115 	187 	187 
024223 	197 	115 	187 	187 
024224 	197 	115 	187 	187 
024225 	218 	95 	187 	186 
024226 	218 	95 	187 	186 
024227 	218 	95 	187 	186 
024228 	218 	95 	187 	186 
024229 	218 	95 	187 	186 
024230 	218 	95 	187 	186 
024231 	197 	95 	187 	186 
024232 	197 	95 	187 	186 
024233 	197 	95 	187 	186 
024234 	197 	95 	187 	186 
024235 	197 	95 	187 	186 
024236 	197 	95 	187 	186 
024237 	197 	95 	187 	186 
024238 	197 	95 	187 	186 
024239 	197 	95 	187 	186 
024240 	197 	95 	187 	186 
024241 	163 	89 	224 	224 
024242 	163 	89 	224 	224 
024243 	163 	89 	224 	224 
024244 	197 	95 	187 	186 
024245 	163 	89 	224 	224 
024246 	197 	95 	187 	186 
024247 	163 	89 	224 	224 
024248 	163 	89 	224 	224 
024249 	197 	95 	187 	186 
024250 	197 	95 	187 	186 
024251 	197 	95 	187 	186 
024252 	197 	95 	187 	186 
024253 	197 	95 	187 	186 
024254 	197 	95 	187 	186 
024255 	188 	89 	224 	224 
024256 	188 	89 	224 	224 
024257 	188 	89 	224 	224 
024258 	188 	89 	224 	224 
024259 	188 	89 	224 	224 
024260 	218 	95 	187 	186 
024261 	218 	95 	187 	186 
024262 	218 	95 	187 	186 
024263 	218 	95 	187 	186 
024264 	218 	95 	187 	186 
024265 	212 	89 	224 	224 
024266 	212 	89 	224 	224 
024267 	212 	89 	224 	224 
024268 	212 	89 	224 	224 
024269 	212 	89 	224 	224 
024270 	239 	95 	186 	186 
024271 	239 	95 	186 	186 
024272 	239 	95 	186 	186 
024273 	237 	94 	187 	187 
024274 	234 	93 	188 	188 
024275 	232 	92 	189 	189 
024276 	230 	91 	191 	191 
024277 	227 	90 	192 	192 
024278 	225 	89 	193 	193 
024279 	223 	88 	194 	194 
024280 	221 	87 	195 	195 
024281 	218 	87 	196 	196 
024282 	216 	86 	198 	198 
024283 	214 	85 	199 	199 
024284 	211 	84 	200 	200 
024285 	209 	83 	201 	201 
024286 	207 	82 	202 	202 
024287 	204 	81 	203 	203 
024288 	202 	80 	204 	204 
024289 	200 	79 	206 	206 
024290 	198 	78 	207 	207 
024291 	195 	77 	208 	208 
024292 	193 	76 	209 	209 
024293 	191 	75 	210 	210 
024294 	188 	74 	211 	211 
024295 	186 	73 	212 	212 
024296 	184 	72 	214 	214 
024297 	181 	72 	215 	215 
024298 	179 	71 	216 	216 
024299 	177 	70 	217 	217 
024300 	175 	69 	218 	218 
024301 	172 	68 	219 	219 
024302 	170 	67 	221 	221 
024303 	168 	66 	222 	222 
024304 	165 	65 	223 	223 
024305 	163 	64 	224 	224 
024306 	163 	64 	224 	224 
024307 	163 	64 	224 	224 
024308 	163 	64 	224 	224 
024309 	163 	64 	224 	224 
024310 	163 	64 	224 	224 
024311 	163 	64 	224 	224 
024312 	163 	64 	224 	224 
024313 	163 	64 	224 	224 
024314 	163 	64 	224 	224 
024315 	163 	64 	224 	224 
024316 	163 	64 	224 	224 
024317 	163 	64 	224 	224 
024318 	163 	67 	224 	224 
024319 	163 	70 	224 	224 
024320 	163 	73 	224 	224 
024321 	163 	76 	224 	224 
024322 	163 	80 	224 	224 
024323 	163 	83 	224 	224 
024324 	163 	86 	224 	224 
024325 	163 	89 	224 	224 
024326 	163 	89 	224 	224 
024327 	163 	89 	224 	224 
024328 	163 	89 	224 	224 
024329 	163 	114 	224 	224 
024330 	177 	136 	187 	187 
024331 	177 	136 	187 	187 
024332 	177 	136 	187 	187 
024333 	163 	114 	224 	224 
024334 	197 	136 	187 	187 
024335 	197 	136 	187 	187 
