Identity  : 	id10292
Reference : 	ENIHEvg_VLM
Offset    : 	-4
FV Conf   : 	16.643
ASD Conf  : 	6.456

FRAME 	X 	Y 	W 	H 
002428 	223 	66 	130 	130 
002429 	223 	66 	130 	130 
002430 	223 	66 	130 	130 
002431 	223 	66 	130 	130 
002432 	223 	66 	130 	130 
002433 	223 	66 	130 	130 
002434 	223 	66 	130 	130 
002435 	223 	66 	130 	130 
002436 	223 	66 	130 	130 
002437 	223 	66 	130 	130 
002438 	223 	66 	130 	130 
002439 	223 	66 	130 	130 
002440 	223 	66 	130 	130 
002441 	223 	66 	130 	130 
002442 	223 	66 	130 	130 
002443 	223 	66 	130 	130 
002444 	223 	66 	130 	130 
002445 	223 	66 	130 	130 
002446 	223 	66 	130 	130 
002447 	223 	66 	130 	130 
002448 	223 	66 	130 	130 
002449 	223 	66 	130 	130 
002450 	223 	66 	130 	130 
002451 	223 	66 	130 	130 
002452 	223 	66 	130 	130 
002453 	223 	66 	130 	130 
002454 	233 	90 	109 	109 
002455 	223 	80 	130 	130 
002456 	223 	80 	130 	130 
002457 	223 	80 	130 	130 
002458 	223 	80 	130 	130 
002459 	223 	80 	130 	130 
002460 	223 	80 	130 	130 
002461 	223 	80 	130 	130 
002462 	223 	80 	130 	130 
002463 	223 	66 	130 	130 
002464 	223 	66 	130 	130 
002465 	223 	66 	130 	130 
002466 	223 	66 	130 	130 
002467 	223 	66 	130 	130 
002468 	223 	66 	130 	130 
002469 	223 	66 	130 	130 
002470 	223 	66 	130 	130 
002471 	223 	66 	130 	130 
002472 	223 	66 	130 	130 
002473 	223 	66 	130 	130 
002474 	223 	66 	130 	130 
002475 	223 	80 	130 	130 
002476 	223 	80 	130 	130 
002477 	223 	80 	130 	130 
002478 	223 	80 	130 	130 
002479 	223 	80 	130 	130 
002480 	223 	80 	130 	130 
002481 	223 	80 	130 	130 
002482 	223 	80 	130 	130 
002483 	223 	80 	130 	130 
002484 	223 	94 	130 	130 
002485 	223 	94 	130 	130 
002486 	223 	94 	130 	130 
002487 	223 	94 	130 	130 
002488 	223 	94 	130 	130 
002489 	223 	80 	130 	130 
002490 	223 	80 	130 	130 
002491 	223 	80 	130 	130 
002492 	223 	80 	130 	130 
002493 	223 	80 	130 	130 
002494 	223 	80 	130 	130 
002495 	237 	80 	130 	130 
002496 	237 	94 	130 	130 
002497 	237 	94 	130 	130 
002498 	237 	80 	130 	130 
002499 	237 	80 	130 	130 
002500 	237 	80 	130 	130 
002501 	237 	80 	130 	130 
002502 	237 	80 	130 	130 
002503 	237 	80 	130 	130 
002504 	237 	80 	130 	130 
002505 	237 	80 	130 	130 
002506 	237 	80 	130 	130 
002507 	237 	80 	130 	130 
002508 	237 	80 	130 	130 
002509 	237 	80 	130 	130 
002510 	237 	80 	130 	130 
002511 	237 	80 	130 	130 
002512 	237 	80 	130 	130 
002513 	237 	80 	130 	130 
002514 	237 	80 	130 	130 
002515 	237 	80 	130 	130 
002516 	223 	80 	130 	130 
002517 	223 	80 	130 	130 
002518 	223 	80 	130 	130 
002519 	223 	80 	130 	130 
002520 	223 	80 	130 	130 
002521 	223 	80 	130 	130 
002522 	223 	80 	130 	130 
002523 	223 	80 	130 	130 
002524 	223 	80 	130 	130 
002525 	223 	80 	130 	130 
002526 	223 	94 	130 	130 
002527 	223 	94 	130 	130 
002528 	223 	94 	130 	130 
002529 	223 	94 	130 	130 
002530 	237 	94 	130 	130 
002531 	237 	94 	130 	130 
002532 	237 	94 	130 	130 
002533 	237 	94 	130 	130 
002534 	237 	80 	130 	130 
002535 	237 	80 	130 	130 
002536 	237 	80 	130 	130 
002537 	237 	80 	130 	130 
002538 	251 	80 	130 	130 
002539 	251 	80 	130 	130 
002540 	251 	80 	130 	130 
002541 	251 	80 	130 	130 
002542 	251 	80 	130 	130 
002543 	251 	80 	130 	130 
002544 	251 	80 	130 	130 
002545 	251 	80 	130 	130 
002546 	251 	80 	130 	130 
002547 	251 	80 	130 	130 
002548 	251 	80 	130 	130 
002549 	251 	80 	130 	130 
002550 	251 	80 	130 	130 
002551 	251 	80 	130 	130 
002552 	251 	80 	130 	130 
002553 	251 	80 	130 	130 
002554 	233 	62 	156 	155 
002555 	233 	62 	156 	155 
002556 	233 	62 	156 	155 
002557 	233 	62 	156 	155 
002558 	233 	62 	156 	155 
002559 	233 	62 	156 	155 
002560 	233 	62 	156 	155 
002561 	233 	62 	156 	155 
002562 	233 	62 	156 	155 
002563 	233 	62 	156 	155 
002564 	251 	66 	130 	130 
002565 	251 	66 	130 	130 
002566 	251 	66 	130 	130 
002567 	251 	66 	130 	130 
002568 	251 	66 	130 	130 
002569 	251 	66 	130 	130 
002570 	251 	66 	130 	130 
002571 	251 	66 	130 	130 
002572 	251 	66 	130 	130 
002573 	251 	66 	130 	130 
002574 	251 	66 	130 	130 
002575 	251 	66 	130 	130 
002576 	251 	66 	130 	130 
002577 	251 	80 	130 	130 
002578 	251 	80 	130 	130 
002579 	251 	80 	130 	130 
002580 	251 	80 	130 	130 
002581 	251 	80 	130 	130 
002582 	251 	80 	130 	130 
002583 	251 	80 	130 	130 
002584 	251 	80 	130 	130 
002585 	251 	80 	130 	130 
002586 	251 	80 	130 	130 
002587 	251 	80 	130 	130 
002588 	251 	80 	130 	130 
002589 	251 	80 	130 	130 
002590 	251 	80 	130 	130 
002591 	251 	80 	130 	130 
002592 	251 	80 	130 	130 
002593 	251 	80 	130 	130 
002594 	251 	80 	130 	130 
002595 	251 	80 	130 	130 
002596 	251 	80 	130 	130 
002597 	251 	80 	130 	130 
002598 	251 	80 	130 	130 
002599 	251 	80 	130 	130 
002600 	251 	80 	130 	130 
002601 	251 	80 	130 	130 
002602 	237 	80 	130 	130 
002603 	237 	80 	130 	130 
002604 	237 	80 	130 	130 
002605 	237 	80 	130 	130 
002606 	237 	80 	130 	130 
002607 	237 	80 	130 	130 
002608 	237 	80 	130 	130 
002609 	237 	66 	130 	130 
002610 	237 	66 	130 	130 
002611 	237 	66 	130 	130 
002612 	223 	66 	130 	130 
002613 	223 	66 	130 	130 
002614 	223 	80 	130 	130 
002615 	208 	80 	130 	130 
002616 	208 	80 	130 	130 
002617 	209 	78 	109 	109 
002618 	209 	78 	109 	109 
002619 	209 	78 	109 	109 
002620 	209 	78 	109 	109 
002621 	208 	66 	130 	130 
002622 	221 	78 	109 	109 
002623 	223 	66 	130 	130 
002624 	237 	66 	130 	130 
002625 	237 	66 	130 	130 
002626 	251 	66 	130 	130 
002627 	251 	66 	130 	130 
002628 	251 	80 	130 	130 
002629 	251 	80 	130 	130 
002630 	251 	80 	130 	130 
002631 	251 	80 	130 	130 
002632 	251 	80 	130 	130 
002633 	251 	80 	130 	130 
002634 	251 	80 	130 	130 
002635 	251 	80 	130 	130 
002636 	251 	80 	130 	130 
002637 	251 	80 	130 	130 
002638 	251 	80 	130 	130 
002639 	251 	80 	130 	130 
002640 	251 	80 	130 	130 
002641 	251 	80 	130 	130 
002642 	251 	80 	130 	130 
002643 	251 	80 	130 	130 
002644 	251 	80 	130 	130 
002645 	251 	80 	130 	130 
002646 	251 	80 	130 	130 
002647 	251 	80 	130 	130 
002648 	251 	80 	130 	130 
002649 	251 	80 	130 	130 
002650 	251 	80 	130 	130 
002651 	251 	80 	130 	130 
002652 	237 	80 	130 	130 
002653 	237 	80 	130 	130 
002654 	237 	80 	130 	130 
002655 	237 	80 	130 	130 
002656 	237 	80 	130 	130 
002657 	223 	80 	130 	130 
002658 	223 	80 	130 	130 
002659 	223 	80 	130 	130 
002660 	223 	80 	130 	130 
002661 	237 	80 	130 	130 
002662 	237 	80 	130 	130 
002663 	237 	80 	130 	130 
002664 	237 	80 	130 	130 
002665 	237 	66 	130 	130 
002666 	237 	66 	130 	130 
002667 	237 	66 	130 	130 
002668 	251 	66 	130 	130 
002669 	251 	66 	130 	130 
002670 	251 	66 	130 	130 
002671 	251 	66 	130 	130 
002672 	251 	66 	130 	130 
002673 	251 	66 	130 	130 
