Identity  : 	id10292
Reference : 	ENIHEvg_VLM
Offset    : 	-4
FV Conf   : 	16.643
ASD Conf  : 	6.164

FRAME 	X 	Y 	W 	H 
002688 	251 	66 	130 	130 
002689 	251 	66 	130 	130 
002690 	251 	66 	130 	130 
002691 	251 	66 	130 	130 
002692 	251 	66 	130 	130 
002693 	251 	66 	130 	130 
002694 	251 	66 	130 	130 
002695 	251 	66 	130 	130 
002696 	251 	66 	130 	130 
002697 	237 	66 	130 	130 
002698 	237 	66 	130 	130 
002699 	237 	66 	130 	130 
002700 	237 	66 	130 	130 
002701 	237 	66 	130 	130 
002702 	237 	66 	130 	130 
002703 	237 	66 	130 	130 
002704 	237 	66 	130 	130 
002705 	237 	80 	130 	130 
002706 	237 	66 	130 	130 
002707 	237 	66 	130 	130 
002708 	237 	80 	130 	130 
002709 	237 	80 	130 	130 
002710 	237 	80 	130 	130 
002711 	237 	80 	130 	130 
002712 	237 	80 	130 	130 
002713 	237 	94 	130 	130 
002714 	237 	94 	130 	130 
002715 	237 	94 	130 	130 
002716 	237 	94 	130 	130 
002717 	237 	94 	130 	130 
002718 	237 	80 	130 	130 
002719 	237 	80 	130 	130 
002720 	237 	80 	130 	130 
002721 	237 	80 	130 	130 
002722 	223 	80 	130 	130 
002723 	223 	80 	130 	130 
002724 	223 	80 	130 	130 
002725 	223 	80 	130 	130 
002726 	223 	80 	130 	130 
002727 	237 	66 	130 	130 
002728 	237 	66 	130 	130 
002729 	237 	66 	130 	130 
002730 	237 	66 	130 	130 
002731 	237 	66 	130 	130 
002732 	237 	66 	130 	130 
002733 	237 	66 	130 	130 
002734 	237 	66 	130 	130 
002735 	237 	66 	130 	130 
002736 	237 	66 	130 	130 
002737 	237 	66 	130 	130 
002738 	237 	66 	130 	130 
002739 	237 	66 	130 	130 
002740 	237 	66 	130 	130 
002741 	237 	66 	130 	130 
002742 	237 	66 	130 	130 
002743 	237 	66 	130 	130 
002744 	237 	66 	130 	130 
002745 	237 	66 	130 	130 
002746 	237 	66 	130 	130 
002747 	251 	66 	130 	130 
002748 	251 	66 	130 	130 
002749 	251 	66 	130 	130 
002750 	266 	66 	130 	130 
002751 	266 	66 	130 	130 
002752 	266 	66 	130 	130 
002753 	266 	66 	130 	130 
002754 	266 	66 	130 	130 
002755 	250 	62 	156 	155 
002756 	250 	62 	156 	155 
002757 	266 	66 	130 	130 
002758 	266 	66 	130 	130 
002759 	266 	66 	130 	130 
002760 	266 	66 	130 	130 
002761 	266 	66 	130 	130 
002762 	266 	66 	130 	130 
002763 	266 	66 	130 	130 
002764 	250 	62 	156 	155 
002765 	266 	66 	130 	130 
002766 	266 	66 	130 	130 
002767 	266 	66 	130 	130 
002768 	266 	80 	130 	130 
002769 	266 	66 	130 	130 
002770 	266 	66 	130 	130 
002771 	266 	66 	130 	130 
002772 	266 	66 	130 	130 
002773 	266 	66 	130 	130 
002774 	266 	66 	130 	130 
002775 	266 	66 	130 	130 
002776 	251 	66 	130 	130 
002777 	251 	66 	130 	130 
002778 	251 	66 	130 	130 
002779 	251 	66 	130 	130 
002780 	251 	66 	130 	130 
002781 	251 	66 	130 	130 
002782 	251 	66 	130 	130 
002783 	251 	66 	130 	130 
002784 	251 	66 	130 	130 
002785 	251 	66 	130 	130 
002786 	251 	66 	130 	130 
002787 	251 	66 	130 	130 
002788 	251 	66 	130 	130 
002789 	251 	66 	130 	130 
002790 	266 	66 	130 	130 
002791 	266 	66 	130 	130 
002792 	266 	66 	130 	130 
002793 	266 	66 	130 	130 
002794 	266 	80 	130 	130 
002795 	266 	80 	130 	130 
002796 	266 	80 	130 	130 
002797 	266 	80 	130 	130 
002798 	266 	80 	130 	130 
002799 	266 	80 	130 	130 
002800 	266 	80 	130 	130 
002801 	251 	80 	130 	130 
002802 	251 	80 	130 	130 
002803 	251 	80 	130 	130 
002804 	251 	80 	130 	130 
002805 	237 	80 	130 	130 
002806 	237 	66 	130 	130 
002807 	237 	66 	130 	130 
002808 	223 	66 	130 	130 
002809 	223 	66 	130 	130 
002810 	223 	66 	130 	130 
002811 	223 	66 	130 	130 
002812 	223 	66 	130 	130 
002813 	223 	66 	130 	130 
002814 	223 	66 	130 	130 
002815 	223 	80 	130 	130 
002816 	223 	80 	130 	130 
002817 	223 	80 	130 	130 
002818 	223 	80 	130 	130 
002819 	223 	80 	130 	130 
002820 	237 	66 	130 	130 
002821 	237 	66 	130 	130 
002822 	237 	66 	130 	130 
002823 	237 	66 	130 	130 
002824 	237 	66 	130 	130 
002825 	237 	66 	130 	130 
002826 	237 	66 	130 	130 
002827 	223 	80 	130 	130 
002828 	223 	66 	130 	130 
002829 	223 	66 	130 	130 
002830 	223 	66 	130 	130 
002831 	223 	66 	130 	130 
002832 	223 	66 	130 	130 
002833 	223 	66 	130 	130 
002834 	223 	66 	130 	130 
002835 	223 	66 	130 	130 
002836 	237 	80 	130 	130 
002837 	237 	80 	130 	130 
002838 	237 	80 	130 	130 
002839 	237 	80 	130 	130 
002840 	237 	80 	130 	130 
002841 	237 	94 	130 	130 
002842 	237 	94 	130 	130 
002843 	237 	94 	130 	130 
002844 	237 	94 	130 	130 
002845 	237 	94 	130 	130 
002846 	237 	94 	130 	130 
002847 	237 	94 	130 	130 
002848 	237 	94 	130 	130 
002849 	237 	94 	130 	130 
002850 	237 	94 	130 	130 
002851 	237 	94 	130 	130 
002852 	237 	94 	130 	130 
002853 	237 	94 	130 	130 
002854 	237 	94 	130 	130 
002855 	223 	94 	130 	130 
002856 	223 	94 	130 	130 
002857 	223 	94 	130 	130 
002858 	223 	94 	130 	130 
002859 	223 	94 	130 	130 
002860 	223 	94 	130 	130 
002861 	208 	94 	130 	130 
002862 	208 	94 	130 	130 
002863 	208 	94 	130 	130 
002864 	194 	80 	130 	130 
002865 	194 	80 	130 	130 
002866 	194 	94 	130 	130 
002867 	194 	94 	130 	130 
002868 	181 	96 	156 	156 
002869 	181 	96 	156 	156 
002870 	181 	96 	156 	156 
002871 	181 	96 	156 	156 
002872 	181 	96 	156 	156 
002873 	199 	96 	155 	156 
002874 	223 	109 	130 	130 
002875 	223 	109 	130 	130 
002876 	230 	116 	130 	130 
002877 	237 	123 	130 	130 
002878 	237 	123 	130 	130 
002879 	237 	123 	130 	130 
002880 	237 	118 	130 	130 
002881 	237 	114 	130 	130 
002882 	237 	109 	130 	130 
