Identity  : 	id10292
Reference : 	ENIHEvg_VLM
Offset    : 	-4
FV Conf   : 	14.466
ASD Conf  : 	6.098

FRAME 	X 	Y 	W 	H 
001535 	269 	90 	108 	109 
001536 	269 	90 	108 	109 
001537 	266 	80 	130 	130 
001538 	266 	80 	130 	130 
001539 	266 	80 	130 	130 
001540 	266 	80 	130 	130 
001541 	266 	80 	130 	130 
001542 	251 	80 	130 	130 
001543 	251 	80 	130 	130 
001544 	251 	80 	130 	130 
001545 	251 	80 	130 	130 
001546 	251 	80 	130 	130 
001547 	251 	80 	130 	130 
001548 	251 	80 	130 	130 
001549 	237 	80 	130 	130 
001550 	237 	80 	130 	130 
001551 	237 	80 	130 	130 
001552 	237 	80 	130 	130 
001553 	237 	80 	130 	130 
001554 	237 	80 	130 	130 
001555 	237 	80 	130 	130 
001556 	237 	80 	130 	130 
001557 	237 	80 	130 	130 
001558 	237 	80 	130 	130 
001559 	237 	80 	130 	130 
001560 	223 	94 	130 	130 
001561 	223 	94 	130 	130 
001562 	223 	80 	130 	130 
001563 	223 	80 	130 	130 
001564 	223 	80 	130 	130 
001565 	223 	80 	130 	130 
001566 	221 	102 	109 	109 
001567 	221 	102 	109 	109 
001568 	221 	102 	109 	109 
001569 	221 	102 	109 	109 
001570 	221 	102 	109 	109 
001571 	208 	94 	130 	130 
001572 	208 	94 	130 	130 
001573 	208 	94 	130 	130 
001574 	208 	94 	130 	130 
001575 	209 	102 	109 	109 
001576 	209 	102 	109 	109 
001577 	209 	102 	109 	109 
001578 	209 	102 	109 	109 
001579 	209 	102 	109 	109 
001580 	209 	102 	109 	109 
001581 	209 	102 	109 	109 
001582 	209 	102 	109 	109 
001583 	209 	102 	109 	109 
001584 	209 	102 	109 	109 
001585 	194 	94 	130 	130 
001586 	194 	94 	130 	130 
001587 	194 	94 	130 	130 
001588 	194 	94 	130 	130 
001589 	194 	94 	130 	130 
001590 	194 	94 	130 	130 
001591 	194 	94 	130 	130 
001592 	194 	109 	130 	130 
001593 	194 	109 	130 	130 
001594 	194 	109 	130 	130 
001595 	194 	109 	130 	130 
001596 	194 	109 	130 	130 
001597 	194 	109 	130 	130 
001598 	194 	109 	130 	130 
001599 	194 	109 	130 	130 
001600 	194 	109 	130 	130 
001601 	194 	109 	130 	130 
001602 	194 	109 	130 	130 
001603 	209 	114 	109 	109 
001604 	209 	114 	109 	109 
001605 	209 	114 	109 	109 
001606 	208 	109 	130 	130 
001607 	208 	94 	130 	130 
001608 	208 	94 	130 	130 
001609 	208 	94 	130 	130 
001610 	208 	94 	130 	130 
001611 	208 	94 	130 	130 
001612 	208 	94 	130 	130 
001613 	221 	114 	109 	109 
001614 	221 	114 	109 	109 
001615 	221 	114 	109 	109 
001616 	221 	114 	109 	109 
001617 	221 	114 	109 	109 
001618 	221 	114 	109 	109 
001619 	221 	114 	109 	109 
001620 	221 	114 	109 	109 
001621 	221 	114 	109 	109 
001622 	221 	114 	109 	109 
001623 	221 	114 	109 	109 
001624 	221 	114 	109 	109 
001625 	208 	94 	130 	130 
001626 	223 	94 	130 	130 
001627 	223 	94 	130 	130 
001628 	223 	94 	130 	130 
001629 	223 	94 	130 	130 
001630 	221 	102 	109 	109 
001631 	221 	102 	109 	109 
001632 	208 	94 	130 	130 
001633 	208 	94 	130 	130 
001634 	208 	94 	130 	130 
001635 	208 	94 	130 	130 
001636 	208 	94 	130 	130 
001637 	209 	102 	109 	109 
001638 	209 	102 	109 	109 
001639 	209 	102 	109 	109 
001640 	194 	94 	130 	130 
001641 	194 	94 	130 	130 
001642 	194 	94 	130 	130 
001643 	194 	94 	130 	130 
001644 	194 	94 	130 	130 
001645 	194 	94 	130 	130 
001646 	197 	102 	109 	109 
001647 	197 	102 	109 	109 
001648 	197 	102 	109 	109 
001649 	180 	94 	130 	130 
001650 	180 	94 	130 	130 
001651 	180 	94 	130 	130 
001652 	180 	94 	130 	130 
001653 	180 	94 	130 	130 
001654 	180 	94 	130 	130 
001655 	180 	94 	130 	130 
001656 	185 	102 	109 	109 
001657 	185 	102 	109 	109 
001658 	165 	94 	130 	130 
001659 	165 	94 	130 	130 
001660 	165 	94 	130 	130 
001661 	165 	94 	130 	130 
001662 	165 	94 	130 	130 
001663 	165 	94 	130 	130 
001664 	165 	94 	130 	130 
001665 	165 	94 	130 	130 
001666 	165 	94 	130 	130 
001667 	165 	94 	130 	130 
001668 	165 	94 	130 	130 
001669 	185 	114 	109 	109 
001670 	185 	102 	109 	109 
001671 	165 	94 	130 	130 
001672 	185 	102 	109 	109 
001673 	185 	102 	109 	109 
001674 	185 	102 	109 	109 
001675 	180 	94 	130 	130 
001676 	197 	102 	109 	109 
001677 	197 	102 	109 	109 
001678 	194 	94 	130 	130 
001679 	209 	102 	109 	109 
001680 	208 	80 	130 	130 
001681 	221 	90 	109 	109 
001682 	223 	80 	130 	130 
001683 	223 	80 	130 	130 
001684 	237 	80 	130 	130 
001685 	237 	80 	130 	130 
001686 	237 	80 	130 	130 
001687 	237 	80 	130 	130 
001688 	251 	80 	130 	130 
001689 	251 	80 	130 	130 
001690 	251 	80 	130 	130 
001691 	251 	94 	130 	130 
001692 	251 	94 	130 	130 
001693 	251 	94 	130 	130 
001694 	251 	94 	130 	130 
001695 	251 	94 	130 	130 
001696 	251 	94 	130 	130 
001697 	251 	94 	130 	130 
001698 	251 	94 	130 	130 
001699 	251 	80 	130 	130 
001700 	251 	80 	130 	130 
001701 	251 	80 	130 	130 
001702 	251 	80 	130 	130 
001703 	251 	80 	130 	130 
001704 	251 	80 	130 	130 
001705 	251 	80 	130 	130 
001706 	251 	80 	130 	130 
001707 	251 	80 	130 	130 
001708 	251 	66 	130 	130 
001709 	251 	66 	130 	130 
001710 	251 	66 	130 	130 
001711 	251 	66 	130 	130 
001712 	251 	66 	130 	130 
001713 	251 	66 	130 	130 
001714 	251 	66 	130 	130 
001715 	251 	66 	130 	130 
001716 	251 	66 	130 	130 
001717 	251 	66 	130 	130 
001718 	251 	66 	130 	130 
001719 	251 	66 	130 	130 
001720 	251 	66 	130 	130 
001721 	251 	66 	130 	130 
001722 	251 	66 	130 	130 
001723 	251 	66 	130 	130 
001724 	251 	66 	130 	130 
001725 	251 	66 	130 	130 
001726 	251 	66 	130 	130 
001727 	269 	78 	108 	109 
001728 	269 	78 	108 	109 
001729 	266 	80 	130 	130 
001730 	266 	80 	130 	130 
001731 	266 	80 	130 	130 
001732 	251 	80 	130 	130 
001733 	251 	80 	130 	130 
001734 	251 	80 	130 	130 
001735 	251 	94 	130 	130 
001736 	251 	94 	130 	130 
001737 	251 	94 	130 	130 
001738 	251 	94 	130 	130 
001739 	251 	94 	130 	130 
001740 	251 	94 	130 	130 
001741 	251 	94 	130 	130 
001742 	251 	94 	130 	130 
001743 	251 	94 	130 	130 
001744 	251 	80 	130 	130 
001745 	251 	80 	130 	130 
001746 	251 	80 	130 	130 
001747 	251 	80 	130 	130 
001748 	251 	80 	130 	130 
001749 	251 	80 	130 	130 
001750 	251 	80 	130 	130 
001751 	251 	80 	130 	130 
001752 	251 	80 	130 	130 
001753 	251 	80 	130 	130 
001754 	251 	80 	130 	130 
001755 	251 	80 	130 	130 
001756 	251 	80 	130 	130 
001757 	251 	80 	130 	130 
001758 	251 	80 	130 	130 
001759 	251 	80 	130 	130 
001760 	251 	80 	130 	130 
001761 	251 	80 	130 	130 
001762 	251 	80 	130 	130 
001763 	269 	90 	108 	109 
001764 	251 	80 	130 	130 
001765 	251 	80 	130 	130 
001766 	251 	80 	130 	130 
001767 	251 	80 	130 	130 
001768 	251 	80 	130 	130 
001769 	251 	80 	130 	130 
001770 	251 	80 	130 	130 
001771 	251 	80 	130 	130 
