Identity  : 	id10301
Reference : 	eVfmXU0RtRo
Offset    : 	0
FV Conf   : 	18.356
ASD Conf  : 	5.360

FRAME 	X 	Y 	W 	H 
001548 	162 	54 	75 	76 
001549 	162 	54 	75 	76 
001550 	162 	54 	75 	76 
001551 	162 	54 	75 	76 
001552 	170 	54 	75 	76 
001553 	170 	54 	75 	76 
001554 	178 	54 	76 	76 
001555 	178 	54 	76 	76 
001556 	174 	45 	91 	91 
001557 	174 	45 	91 	91 
001558 	186 	46 	76 	76 
001559 	186 	46 	76 	76 
001560 	186 	46 	76 	76 
001561 	186 	46 	76 	76 
001562 	186 	46 	76 	76 
001563 	186 	46 	76 	76 
001564 	174 	35 	91 	91 
001565 	174 	45 	91 	91 
001566 	174 	45 	91 	91 
001567 	178 	46 	76 	76 
001568 	178 	46 	76 	76 
001569 	178 	46 	76 	76 
001570 	178 	46 	76 	76 
001571 	178 	46 	76 	76 
001572 	178 	46 	76 	76 
001573 	178 	46 	76 	76 
001574 	178 	46 	76 	76 
001575 	178 	46 	76 	76 
001576 	178 	46 	76 	76 
001577 	178 	46 	76 	76 
001578 	178 	46 	76 	76 
001579 	178 	46 	76 	76 
001580 	178 	54 	76 	76 
001581 	178 	54 	76 	76 
001582 	178 	54 	76 	76 
001583 	178 	54 	76 	76 
001584 	178 	54 	76 	76 
001585 	178 	54 	76 	76 
001586 	178 	54 	76 	76 
001587 	178 	54 	76 	76 
001588 	178 	54 	76 	76 
001589 	178 	54 	76 	76 
001590 	178 	54 	76 	76 
001591 	178 	54 	76 	76 
001592 	178 	54 	76 	76 
001593 	178 	54 	76 	76 
001594 	174 	45 	91 	91 
001595 	178 	54 	76 	76 
001596 	178 	54 	76 	76 
001597 	178 	54 	76 	76 
001598 	178 	54 	76 	76 
001599 	178 	54 	76 	76 
001600 	178 	54 	76 	76 
001601 	178 	54 	76 	76 
001602 	178 	54 	76 	76 
001603 	178 	54 	76 	76 
001604 	178 	54 	76 	76 
001605 	178 	62 	76 	76 
001606 	178 	62 	76 	76 
001607 	178 	62 	76 	76 
001608 	178 	62 	76 	76 
001609 	178 	54 	76 	76 
001610 	178 	54 	76 	76 
001611 	178 	54 	76 	76 
001612 	178 	54 	76 	76 
001613 	174 	45 	91 	91 
001614 	174 	45 	91 	91 
001615 	174 	45 	91 	91 
001616 	174 	45 	91 	91 
001617 	174 	55 	91 	91 
001618 	174 	45 	91 	91 
001619 	174 	55 	91 	91 
001620 	174 	55 	91 	91 
001621 	174 	45 	91 	91 
001622 	174 	45 	91 	91 
001623 	174 	45 	91 	91 
001624 	174 	45 	91 	91 
001625 	174 	45 	91 	91 
001626 	174 	45 	91 	91 
001627 	174 	45 	91 	91 
001628 	174 	45 	91 	91 
001629 	174 	45 	91 	91 
001630 	174 	45 	91 	91 
001631 	174 	45 	91 	91 
001632 	174 	45 	91 	91 
001633 	174 	45 	91 	91 
001634 	178 	54 	76 	76 
001635 	178 	54 	76 	76 
001636 	178 	54 	76 	76 
001637 	178 	62 	76 	76 
001638 	178 	62 	76 	76 
001639 	178 	62 	76 	76 
001640 	174 	55 	91 	91 
001641 	164 	55 	91 	91 
001642 	164 	55 	91 	91 
001643 	178 	62 	76 	76 
001644 	164 	55 	91 	91 
001645 	164 	45 	91 	91 
001646 	164 	45 	91 	91 
001647 	164 	45 	91 	91 
001648 	178 	54 	76 	76 
001649 	164 	45 	91 	91 
001650 	178 	54 	76 	76 
001651 	178 	54 	76 	76 
001652 	178 	54 	76 	76 
001653 	174 	45 	91 	91 
001654 	174 	45 	91 	91 
001655 	174 	45 	91 	91 
001656 	174 	45 	91 	91 
