Identity  : 	id10283
Reference : 	j5ArtKwbobY
Offset    : 	-1
FV Conf   : 	17.589
ASD Conf  : 	9.233

FRAME 	X 	Y 	W 	H 
009104 	115 	95 	187 	186 
009105 	115 	95 	187 	186 
009106 	113 	113 	155 	156 
009107 	113 	113 	155 	156 
009108 	95 	113 	156 	156 
009109 	95 	113 	156 	156 
009110 	95 	113 	156 	156 
009111 	95 	113 	156 	156 
009112 	113 	113 	155 	156 
009113 	113 	113 	155 	156 
009114 	115 	95 	187 	186 
009115 	115 	95 	187 	186 
009116 	115 	95 	187 	186 
009117 	115 	95 	187 	186 
009118 	115 	95 	187 	186 
009119 	115 	95 	187 	186 
009120 	113 	113 	155 	156 
009121 	130 	113 	156 	156 
009122 	130 	113 	156 	156 
009123 	130 	113 	156 	156 
009124 	130 	130 	156 	156 
009125 	130 	130 	156 	156 
009126 	135 	115 	187 	187 
009127 	135 	115 	187 	187 
009128 	147 	113 	156 	156 
009129 	147 	113 	156 	156 
009130 	130 	113 	156 	156 
009131 	130 	113 	156 	156 
009132 	130 	113 	156 	156 
009133 	130 	113 	156 	156 
009134 	130 	113 	156 	156 
009135 	130 	113 	156 	156 
009136 	130 	113 	156 	156 
009137 	130 	113 	156 	156 
009138 	130 	113 	156 	156 
009139 	130 	113 	156 	156 
009140 	130 	113 	156 	156 
009141 	130 	113 	156 	156 
009142 	130 	113 	156 	156 
009143 	130 	113 	156 	156 
009144 	130 	113 	156 	156 
009145 	130 	113 	156 	156 
009146 	130 	113 	156 	156 
009147 	130 	113 	156 	156 
009148 	130 	113 	156 	156 
009149 	130 	113 	156 	156 
009150 	147 	113 	156 	156 
009151 	147 	113 	156 	156 
009152 	147 	113 	156 	156 
009153 	147 	113 	156 	156 
009154 	147 	113 	156 	156 
009155 	130 	113 	156 	156 
009156 	130 	113 	156 	156 
009157 	130 	113 	156 	156 
009158 	130 	113 	156 	156 
009159 	130 	113 	156 	156 
009160 	130 	113 	156 	156 
009161 	130 	113 	156 	156 
009162 	130 	113 	156 	156 
009163 	130 	113 	156 	156 
009164 	130 	113 	156 	156 
009165 	130 	113 	156 	156 
009166 	130 	113 	156 	156 
009167 	130 	113 	156 	156 
009168 	130 	113 	156 	156 
009169 	147 	113 	156 	156 
009170 	130 	113 	156 	156 
009171 	130 	113 	156 	156 
009172 	115 	95 	187 	186 
009173 	113 	96 	155 	156 
009174 	113 	96 	155 	156 
009175 	115 	74 	187 	187 
009176 	115 	74 	187 	187 
009177 	113 	96 	155 	156 
009178 	113 	96 	155 	156 
009179 	94 	74 	187 	187 
009180 	113 	96 	155 	156 
009181 	113 	96 	155 	156 
009182 	115 	74 	187 	187 
009183 	115 	74 	187 	187 
009184 	115 	74 	187 	187 
009185 	115 	53 	187 	187 
009186 	94 	53 	187 	187 
009187 	94 	53 	187 	187 
009188 	113 	62 	155 	155 
009189 	113 	62 	155 	155 
009190 	113 	62 	155 	155 
009191 	94 	53 	187 	187 
009192 	94 	53 	187 	187 
009193 	94 	53 	187 	187 
009194 	94 	53 	187 	187 
009195 	94 	53 	187 	187 
009196 	94 	53 	187 	187 
009197 	95 	79 	156 	156 
009198 	94 	74 	187 	187 
009199 	94 	74 	187 	187 
009200 	94 	74 	187 	187 
009201 	94 	74 	187 	187 
009202 	94 	74 	187 	187 
009203 	113 	96 	155 	156 
009204 	113 	96 	155 	156 
009205 	113 	113 	155 	156 
009206 	113 	113 	155 	156 
009207 	113 	113 	155 	156 
009208 	113 	113 	155 	156 
009209 	113 	113 	155 	156 
009210 	130 	113 	156 	156 
009211 	130 	113 	156 	156 
009212 	130 	113 	156 	156 
009213 	130 	113 	156 	156 
009214 	115 	115 	187 	187 
009215 	113 	130 	155 	156 
009216 	113 	130 	155 	156 
009217 	113 	130 	155 	156 
009218 	113 	130 	155 	156 
009219 	113 	130 	155 	156 
009220 	113 	130 	155 	156 
009221 	113 	130 	155 	156 
009222 	94 	115 	187 	187 
009223 	94 	115 	187 	187 
009224 	94 	115 	187 	187 
009225 	94 	115 	187 	187 
009226 	94 	115 	187 	187 
009227 	113 	130 	155 	156 
009228 	113 	113 	155 	156 
009229 	115 	95 	187 	186 
009230 	113 	113 	155 	156 
009231 	113 	113 	155 	156 
009232 	113 	113 	155 	156 
009233 	113 	113 	155 	156 
009234 	115 	95 	187 	186 
009235 	130 	113 	156 	156 
009236 	130 	113 	156 	156 
009237 	130 	130 	156 	156 
009238 	130 	130 	156 	156 
009239 	130 	130 	156 	156 
009240 	130 	113 	156 	156 
009241 	135 	95 	187 	186 
009242 	135 	95 	187 	186 
009243 	147 	96 	156 	156 
009244 	147 	96 	156 	156 
009245 	135 	95 	187 	186 
009246 	130 	113 	156 	156 
009247 	130 	96 	156 	156 
009248 	130 	96 	156 	156 
009249 	115 	74 	187 	187 
009250 	115 	74 	187 	187 
009251 	115 	74 	187 	187 
009252 	115 	74 	187 	187 
009253 	130 	96 	156 	156 
009254 	115 	74 	187 	187 
009255 	130 	96 	156 	156 
009256 	130 	96 	156 	156 
009257 	115 	95 	187 	186 
009258 	113 	96 	155 	156 
009259 	113 	96 	155 	156 
009260 	113 	96 	155 	156 
009261 	113 	113 	155 	156 
009262 	113 	113 	155 	156 
009263 	94 	95 	187 	186 
009264 	94 	95 	187 	186 
009265 	94 	95 	187 	186 
009266 	94 	95 	187 	186 
009267 	94 	95 	187 	186 
009268 	113 	113 	155 	156 
009269 	113 	113 	155 	156 
009270 	113 	113 	155 	156 
009271 	113 	130 	155 	156 
009272 	113 	113 	155 	156 
009273 	115 	95 	187 	186 
009274 	115 	95 	187 	186 
009275 	115 	95 	187 	186 
009276 	130 	113 	156 	156 
009277 	130 	113 	156 	156 
009278 	130 	113 	156 	156 
009279 	130 	113 	156 	156 
009280 	130 	113 	156 	156 
009281 	130 	113 	156 	156 
009282 	130 	113 	156 	156 
009283 	130 	113 	156 	156 
009284 	130 	113 	156 	156 
009285 	113 	130 	155 	156 
009286 	113 	130 	155 	156 
009287 	113 	130 	155 	156 
009288 	113 	130 	155 	156 
009289 	113 	130 	155 	156 
009290 	94 	115 	187 	187 
009291 	94 	115 	187 	187 
009292 	94 	115 	187 	187 
009293 	94 	115 	187 	187 
009294 	113 	113 	155 	156 
009295 	130 	113 	156 	156 
009296 	147 	113 	156 	156 
009297 	164 	113 	156 	156 
009298 	164 	113 	156 	156 
009299 	164 	113 	156 	156 
009300 	164 	113 	156 	156 
009301 	147 	113 	156 	156 
009302 	147 	113 	156 	156 
009303 	147 	113 	156 	156 
009304 	147 	113 	156 	156 
009305 	147 	113 	156 	156 
009306 	147 	113 	156 	156 
009307 	147 	113 	156 	156 
009308 	147 	113 	156 	156 
009309 	147 	113 	156 	156 
009310 	130 	113 	156 	156 
009311 	130 	113 	156 	156 
009312 	130 	113 	156 	156 
009313 	130 	113 	156 	156 
009314 	130 	113 	156 	156 
009315 	130 	113 	156 	156 
009316 	115 	95 	187 	186 
009317 	115 	95 	187 	186 
009318 	115 	95 	187 	186 
009319 	115 	95 	187 	186 
009320 	115 	95 	187 	186 
009321 	115 	95 	187 	186 
009322 	115 	95 	187 	186 
009323 	115 	95 	187 	186 
009324 	130 	113 	156 	156 
009325 	130 	113 	156 	156 
009326 	130 	113 	156 	156 
009327 	130 	113 	156 	156 
009328 	113 	113 	155 	156 
009329 	113 	113 	155 	156 
009330 	115 	95 	187 	186 
009331 	115 	95 	187 	186 
009332 	115 	95 	187 	186 
009333 	115 	95 	187 	186 
009334 	115 	95 	187 	186 
009335 	115 	95 	187 	186 
009336 	113 	96 	155 	156 
009337 	113 	96 	155 	156 
009338 	115 	74 	187 	187 
009339 	115 	74 	187 	187 
009340 	113 	96 	155 	156 
009341 	113 	96 	155 	156 
009342 	113 	96 	155 	156 
009343 	113 	96 	155 	156 
009344 	95 	96 	156 	156 
009345 	95 	113 	156 	156 
009346 	74 	95 	186 	186 
009347 	78 	113 	156 	156 
009348 	78 	113 	156 	156 
009349 	95 	113 	156 	156 
009350 	95 	113 	156 	156 
009351 	94 	95 	187 	186 
009352 	94 	95 	187 	186 
009353 	95 	130 	156 	156 
009354 	95 	130 	156 	156 
009355 	95 	130 	156 	156 
009356 	94 	136 	187 	187 
009357 	113 	148 	155 	155 
009358 	113 	148 	155 	155 
009359 	113 	148 	155 	155 
009360 	130 	130 	156 	156 
009361 	130 	130 	156 	156 
009362 	147 	130 	156 	156 
009363 	147 	130 	156 	156 
009364 	135 	115 	187 	187 
009365 	135 	115 	187 	187 
009366 	130 	130 	156 	156 
009367 	130 	113 	156 	156 
009368 	130 	113 	156 	156 
009369 	115 	115 	187 	187 
009370 	115 	115 	187 	187 
009371 	113 	113 	155 	156 
009372 	115 	95 	187 	186 
009373 	115 	95 	187 	186 
009374 	115 	95 	187 	186 
009375 	113 	113 	155 	156 
009376 	113 	113 	155 	156 
009377 	113 	113 	155 	156 
009378 	94 	95 	187 	186 
009379 	94 	95 	187 	186 
009380 	113 	113 	155 	156 
009381 	115 	95 	187 	186 
009382 	130 	130 	156 	156 
009383 	130 	130 	156 	156 
009384 	130 	148 	156 	155 
009385 	115 	136 	187 	187 
009386 	115 	136 	187 	187 
009387 	115 	136 	187 	187 
009388 	115 	136 	187 	187 
009389 	135 	136 	187 	187 
009390 	135 	115 	187 	187 
009391 	135 	115 	187 	187 
009392 	135 	115 	187 	187 
009393 	135 	115 	187 	187 
009394 	130 	130 	156 	156 
009395 	130 	130 	156 	156 
009396 	115 	136 	187 	187 
009397 	115 	136 	187 	187 
009398 	113 	148 	155 	155 
009399 	113 	148 	155 	155 
009400 	113 	148 	155 	155 
009401 	113 	148 	155 	155 
009402 	113 	148 	155 	155 
009403 	113 	148 	155 	155 
009404 	113 	148 	155 	155 
009405 	113 	130 	155 	156 
009406 	113 	130 	155 	156 
009407 	113 	130 	155 	156 
009408 	115 	115 	187 	187 
009409 	130 	148 	156 	155 
009410 	130 	148 	156 	155 
009411 	130 	148 	156 	155 
009412 	130 	148 	156 	155 
009413 	130 	148 	156 	155 
009414 	130 	148 	156 	155 
009415 	130 	165 	156 	156 
009416 	147 	148 	156 	155 
009417 	147 	148 	156 	155 
009418 	135 	136 	187 	187 
009419 	147 	130 	156 	156 
009420 	135 	115 	187 	187 
009421 	130 	113 	156 	156 
009422 	130 	113 	156 	156 
009423 	115 	95 	187 	186 
009424 	130 	96 	156 	156 
009425 	115 	74 	187 	187 
009426 	115 	74 	187 	187 
009427 	115 	74 	187 	187 
009428 	115 	74 	187 	187 
009429 	115 	53 	187 	187 
009430 	115 	74 	187 	187 
009431 	115 	74 	187 	187 
009432 	115 	74 	187 	187 
009433 	115 	74 	187 	187 
009434 	115 	74 	187 	187 
009435 	115 	74 	187 	187 
009436 	115 	74 	187 	187 
009437 	115 	74 	187 	187 
009438 	115 	74 	187 	187 
009439 	115 	74 	187 	187 
009440 	115 	74 	187 	187 
009441 	113 	96 	155 	156 
009442 	113 	96 	155 	156 
009443 	115 	74 	187 	187 
009444 	115 	74 	187 	187 
009445 	115 	74 	187 	187 
009446 	115 	95 	187 	186 
009447 	113 	96 	155 	156 
009448 	113 	96 	155 	156 
009449 	94 	95 	187 	186 
009450 	95 	113 	156 	156 
009451 	95 	113 	156 	156 
009452 	78 	113 	156 	156 
009453 	78 	113 	156 	156 
009454 	78 	113 	156 	156 
009455 	78 	113 	156 	156 
009456 	78 	113 	156 	156 
009457 	78 	130 	156 	156 
009458 	74 	115 	186 	187 
009459 	95 	130 	156 	156 
009460 	94 	115 	187 	187 
009461 	113 	113 	155 	156 
009462 	130 	113 	156 	156 
009463 	130 	113 	156 	156 
009464 	147 	113 	156 	156 
009465 	147 	113 	156 	156 
009466 	135 	95 	187 	186 
009467 	135 	95 	187 	186 
009468 	147 	113 	156 	156 
009469 	147 	113 	156 	156 
009470 	147 	113 	156 	156 
009471 	130 	113 	156 	156 
009472 	130 	113 	156 	156 
009473 	113 	113 	155 	156 
009474 	95 	130 	156 	156 
009475 	95 	130 	156 	156 
009476 	95 	130 	156 	156 
009477 	95 	130 	156 	156 
009478 	113 	113 	155 	156 
009479 	130 	113 	156 	156 
009480 	135 	95 	187 	186 
009481 	135 	95 	187 	186 
009482 	130 	113 	156 	156 
009483 	115 	95 	187 	186 
009484 	115 	95 	187 	186 
009485 	113 	113 	155 	156 
009486 	115 	95 	187 	186 
009487 	130 	113 	156 	156 
009488 	135 	95 	187 	186 
009489 	135 	95 	187 	186 
009490 	147 	113 	156 	156 
009491 	135 	95 	187 	186 
009492 	135 	95 	187 	186 
009493 	135 	95 	187 	186 
009494 	147 	113 	156 	156 
009495 	147 	113 	156 	156 
009496 	147 	113 	156 	156 
009497 	147 	113 	156 	156 
009498 	135 	95 	187 	186 
009499 	135 	95 	187 	186 
009500 	130 	113 	156 	156 
009501 	130 	113 	156 	156 
009502 	113 	130 	155 	156 
009503 	113 	130 	155 	156 
009504 	95 	130 	156 	156 
009505 	95 	130 	156 	156 
009506 	113 	130 	155 	156 
009507 	122 	122 	156 	156 
009508 	130 	113 	156 	156 
009509 	130 	113 	156 	156 
009510 	130 	113 	156 	156 
009511 	130 	113 	156 	156 
009512 	115 	115 	187 	187 
009513 	113 	130 	155 	156 
009514 	113 	130 	155 	156 
009515 	113 	130 	155 	156 
009516 	130 	113 	156 	156 
009517 	130 	113 	156 	156 
009518 	130 	113 	156 	156 
009519 	130 	130 	156 	156 
009520 	130 	130 	156 	156 
009521 	115 	115 	187 	187 
009522 	113 	130 	155 	156 
009523 	113 	130 	155 	156 
009524 	113 	130 	155 	156 
009525 	95 	130 	156 	156 
009526 	74 	133 	172 	172 
009527 	53 	136 	187 	187 
009528 	53 	136 	187 	187 
009529 	53 	136 	187 	187 
009530 	53 	136 	187 	187 
009531 	67 	134 	177 	177 
009532 	81 	132 	166 	166 
009533 	95 	130 	156 	156 
009534 	112 	122 	156 	156 
009535 	130 	113 	156 	156 
009536 	130 	113 	156 	156 
009537 	130 	113 	156 	156 
009538 	115 	95 	187 	186 
009539 	115 	95 	187 	186 
009540 	115 	95 	187 	186 
009541 	115 	95 	187 	186 
009542 	115 	95 	187 	186 
009543 	115 	95 	187 	186 
009544 	115 	95 	187 	186 
009545 	130 	113 	156 	156 
009546 	130 	113 	156 	156 
009547 	130 	113 	156 	156 
009548 	130 	113 	156 	156 
009549 	130 	130 	156 	156 
009550 	130 	130 	156 	156 
009551 	130 	130 	156 	156 
009552 	130 	130 	156 	156 
009553 	130 	130 	156 	156 
009554 	130 	130 	156 	156 
009555 	130 	130 	156 	156 
009556 	130 	130 	156 	156 
009557 	130 	130 	156 	156 
009558 	115 	115 	187 	187 
009559 	113 	148 	155 	155 
009560 	113 	148 	155 	155 
009561 	113 	130 	155 	156 
009562 	113 	130 	155 	156 
009563 	113 	130 	155 	156 
009564 	113 	130 	155 	156 
009565 	113 	130 	155 	156 
009566 	113 	148 	155 	155 
009567 	113 	130 	155 	156 
009568 	113 	130 	155 	156 
009569 	130 	130 	156 	156 
009570 	130 	130 	156 	156 
009571 	130 	130 	156 	156 
009572 	130 	130 	156 	156 
009573 	113 	130 	155 	156 
009574 	113 	130 	155 	156 
009575 	113 	130 	155 	156 
009576 	113 	130 	155 	156 
009577 	113 	113 	155 	156 
009578 	113 	113 	155 	156 
009579 	115 	95 	187 	186 
009580 	130 	113 	156 	156 
009581 	113 	113 	155 	156 
009582 	113 	113 	155 	156 
009583 	113 	113 	155 	156 
009584 	113 	113 	155 	156 
009585 	113 	113 	155 	156 
009586 	113 	113 	155 	156 
009587 	113 	113 	155 	156 
009588 	113 	113 	155 	156 
009589 	113 	113 	155 	156 
009590 	113 	113 	155 	156 
009591 	113 	113 	155 	156 
009592 	115 	95 	187 	186 
009593 	130 	113 	156 	156 
009594 	130 	113 	156 	156 
009595 	130 	113 	156 	156 
009596 	115 	95 	187 	186 
009597 	115 	95 	187 	186 
009598 	115 	95 	187 	186 
009599 	115 	95 	187 	186 
009600 	115 	95 	187 	186 
009601 	130 	96 	156 	156 
009602 	130 	96 	156 	156 
009603 	130 	96 	156 	156 
009604 	130 	96 	156 	156 
009605 	130 	96 	156 	156 
009606 	130 	96 	156 	156 
009607 	135 	95 	187 	186 
009608 	135 	95 	187 	186 
009609 	135 	95 	187 	186 
009610 	135 	95 	187 	186 
009611 	147 	113 	156 	156 
009612 	147 	113 	156 	156 
009613 	147 	130 	156 	156 
009614 	147 	130 	156 	156 
009615 	130 	130 	156 	156 
009616 	130 	130 	156 	156 
009617 	130 	130 	156 	156 
009618 	130 	130 	156 	156 
009619 	130 	130 	156 	156 
009620 	130 	148 	156 	155 
009621 	130 	148 	156 	155 
009622 	130 	148 	156 	155 
009623 	130 	130 	156 	156 
009624 	130 	148 	156 	155 
009625 	115 	115 	187 	187 
009626 	115 	115 	187 	187 
009627 	115 	115 	187 	187 
009628 	113 	130 	155 	156 
009629 	113 	130 	155 	156 
009630 	113 	130 	155 	156 
009631 	113 	113 	155 	156 
009632 	113 	113 	155 	156 
009633 	113 	113 	155 	156 
009634 	113 	113 	155 	156 
009635 	113 	113 	155 	156 
009636 	113 	113 	155 	156 
009637 	113 	113 	155 	156 
009638 	113 	113 	155 	156 
009639 	113 	113 	155 	156 
009640 	113 	113 	155 	156 
009641 	115 	95 	187 	186 
009642 	115 	95 	187 	186 
009643 	115 	95 	187 	186 
009644 	115 	95 	187 	186 
009645 	115 	95 	187 	186 
009646 	115 	95 	187 	186 
009647 	130 	96 	156 	156 
009648 	130 	96 	156 	156 
009649 	130 	113 	156 	156 
009650 	130 	113 	156 	156 
009651 	115 	95 	187 	186 
009652 	115 	95 	187 	186 
009653 	113 	113 	155 	156 
009654 	113 	113 	155 	156 
009655 	113 	113 	155 	156 
009656 	113 	113 	155 	156 
009657 	113 	113 	155 	156 
009658 	94 	95 	187 	186 
009659 	94 	95 	187 	186 
009660 	94 	95 	187 	186 
009661 	94 	95 	187 	186 
009662 	113 	113 	155 	156 
009663 	113 	113 	155 	156 
009664 	113 	113 	155 	156 
009665 	113 	113 	155 	156 
009666 	113 	113 	155 	156 
009667 	113 	113 	155 	156 
009668 	94 	95 	187 	186 
009669 	94 	95 	187 	186 
009670 	94 	95 	187 	186 
009671 	94 	95 	187 	186 
009672 	94 	95 	187 	186 
009673 	95 	113 	156 	156 
009674 	94 	95 	187 	186 
009675 	94 	95 	187 	186 
009676 	113 	113 	155 	156 
009677 	115 	95 	187 	186 
009678 	130 	113 	156 	156 
009679 	147 	96 	156 	156 
009680 	135 	95 	187 	186 
009681 	147 	96 	156 	156 
009682 	147 	96 	156 	156 
009683 	135 	74 	187 	187 
009684 	135 	74 	187 	187 
009685 	147 	79 	156 	156 
009686 	147 	79 	156 	156 
009687 	130 	79 	156 	156 
009688 	130 	79 	156 	156 
009689 	130 	79 	156 	156 
009690 	147 	79 	156 	156 
009691 	147 	79 	156 	156 
009692 	130 	79 	156 	156 
009693 	130 	79 	156 	156 
009694 	115 	53 	187 	187 
009695 	115 	53 	187 	187 
009696 	115 	53 	187 	187 
