Identity  : 	id10293
Reference : 	TnOGBL8p-RM
Offset    : 	-2
FV Conf   : 	16.052
ASD Conf  : 	6.997

FRAME 	X 	Y 	W 	H 
000938 	228 	62 	76 	76 
000939 	228 	62 	76 	76 
000940 	228 	62 	76 	76 
000941 	228 	62 	76 	76 
000942 	228 	62 	76 	76 
000943 	228 	62 	76 	76 
000944 	228 	62 	76 	76 
000945 	228 	62 	76 	76 
000946 	228 	62 	76 	76 
000947 	228 	62 	76 	76 
000948 	228 	62 	76 	76 
000949 	228 	62 	76 	76 
000950 	228 	62 	76 	76 
000951 	214 	55 	91 	91 
000952 	220 	62 	75 	76 
000953 	220 	62 	75 	76 
000954 	220 	71 	75 	75 
000955 	220 	71 	75 	75 
000956 	220 	71 	75 	75 
000957 	220 	71 	75 	75 
000958 	220 	71 	75 	75 
000959 	220 	71 	75 	75 
000960 	204 	65 	91 	91 
000961 	220 	71 	75 	75 
000962 	220 	71 	75 	75 
000963 	220 	62 	75 	76 
000964 	220 	62 	75 	76 
000965 	220 	62 	75 	76 
000966 	220 	62 	75 	76 
000967 	220 	62 	75 	76 
000968 	220 	62 	75 	76 
000969 	220 	62 	75 	76 
000970 	220 	62 	75 	76 
000971 	220 	62 	75 	76 
000972 	220 	62 	75 	76 
000973 	220 	62 	75 	76 
000974 	220 	62 	75 	76 
000975 	211 	54 	76 	76 
000976 	211 	54 	76 	76 
000977 	211 	54 	76 	76 
000978 	211 	54 	76 	76 
000979 	211 	54 	76 	76 
000980 	211 	54 	76 	76 
000981 	211 	62 	76 	76 
000982 	211 	62 	76 	76 
000983 	211 	62 	76 	76 
000984 	211 	62 	76 	76 
000985 	211 	62 	76 	76 
000986 	211 	62 	76 	76 
000987 	211 	62 	76 	76 
000988 	211 	62 	76 	76 
000989 	211 	62 	76 	76 
000990 	211 	62 	76 	76 
000991 	211 	62 	76 	76 
000992 	211 	62 	76 	76 
000993 	211 	62 	76 	76 
000994 	211 	62 	76 	76 
000995 	211 	62 	76 	76 
000996 	211 	62 	76 	76 
000997 	211 	62 	76 	76 
000998 	211 	62 	76 	76 
000999 	211 	62 	76 	76 
001000 	211 	62 	76 	76 
001001 	211 	62 	76 	76 
001002 	211 	62 	76 	76 
001003 	211 	62 	76 	76 
001004 	211 	62 	76 	76 
001005 	211 	62 	76 	76 
001006 	211 	62 	76 	76 
001007 	211 	62 	76 	76 
001008 	211 	62 	76 	76 
001009 	211 	62 	76 	76 
001010 	211 	62 	76 	76 
001011 	211 	62 	76 	76 
001012 	204 	55 	91 	91 
001013 	211 	71 	76 	75 
001014 	211 	71 	76 	75 
001015 	204 	55 	91 	91 
001016 	203 	71 	76 	75 
001017 	203 	71 	76 	75 
001018 	203 	71 	76 	75 
001019 	203 	71 	76 	75 
001020 	203 	71 	76 	75 
001021 	203 	71 	76 	75 
001022 	203 	71 	76 	75 
001023 	203 	71 	76 	75 
001024 	211 	71 	76 	75 
001025 	211 	71 	76 	75 
001026 	211 	71 	76 	75 
001027 	211 	71 	76 	75 
001028 	211 	71 	76 	75 
001029 	211 	71 	76 	75 
001030 	211 	71 	76 	75 
001031 	203 	71 	76 	75 
001032 	203 	71 	76 	75 
001033 	203 	71 	76 	75 
001034 	203 	71 	76 	75 
001035 	203 	71 	76 	75 
001036 	203 	71 	76 	75 
001037 	203 	71 	76 	75 
001038 	203 	71 	76 	75 
001039 	203 	71 	76 	75 
001040 	203 	71 	76 	75 
001041 	203 	71 	76 	75 
001042 	203 	71 	76 	75 
001043 	203 	71 	76 	75 
001044 	203 	71 	76 	75 
001045 	203 	71 	76 	75 
001046 	194 	55 	91 	91 
001047 	194 	55 	91 	91 
001048 	194 	55 	91 	91 
001049 	203 	71 	76 	75 
001050 	194 	65 	91 	91 
001051 	203 	71 	76 	75 
001052 	203 	71 	76 	75 
001053 	203 	71 	76 	75 
001054 	203 	71 	76 	75 
001055 	203 	71 	76 	75 
001056 	203 	71 	76 	75 
001057 	203 	71 	76 	75 
001058 	203 	71 	76 	75 
001059 	203 	71 	76 	75 
001060 	203 	71 	76 	75 
001061 	203 	62 	76 	76 
001062 	203 	62 	76 	76 
001063 	203 	62 	76 	76 
001064 	203 	62 	76 	76 
001065 	203 	62 	76 	76 
001066 	203 	62 	76 	76 
001067 	203 	62 	76 	76 
001068 	203 	62 	76 	76 
001069 	203 	62 	76 	76 
001070 	194 	55 	91 	91 
001071 	194 	55 	91 	91 
001072 	203 	62 	76 	76 
001073 	203 	71 	76 	75 
001074 	203 	71 	76 	75 
001075 	203 	71 	76 	75 
001076 	195 	71 	75 	75 
001077 	195 	71 	75 	75 
001078 	195 	71 	75 	75 
001079 	195 	71 	75 	75 
001080 	195 	71 	75 	75 
001081 	195 	71 	75 	75 
001082 	195 	71 	75 	75 
001083 	195 	71 	75 	75 
001084 	195 	71 	75 	75 
001085 	195 	71 	75 	75 
001086 	184 	65 	91 	91 
001087 	186 	71 	76 	75 
001088 	186 	71 	76 	75 
001089 	186 	71 	76 	75 
001090 	186 	71 	76 	75 
001091 	186 	71 	76 	75 
001092 	186 	71 	76 	75 
001093 	186 	71 	76 	75 
001094 	186 	71 	76 	75 
001095 	195 	71 	75 	75 
001096 	195 	71 	75 	75 
001097 	195 	71 	75 	75 
001098 	195 	71 	75 	75 
001099 	195 	71 	75 	75 
001100 	195 	71 	75 	75 
001101 	195 	71 	75 	75 
001102 	195 	71 	75 	75 
001103 	195 	71 	75 	75 
