Identity  : 	id10293
Reference : 	TnOGBL8p-RM
Offset    : 	-2
FV Conf   : 	19.138
ASD Conf  : 	5.643

FRAME 	X 	Y 	W 	H 
001485 	220 	79 	75 	76 
001486 	220 	79 	75 	76 
001487 	220 	79 	75 	76 
001488 	220 	79 	75 	76 
001489 	220 	79 	75 	76 
001490 	220 	79 	75 	76 
001491 	220 	79 	75 	76 
001492 	220 	79 	75 	76 
001493 	220 	79 	75 	76 
001494 	220 	79 	75 	76 
001495 	220 	79 	75 	76 
001496 	220 	79 	75 	76 
001497 	220 	79 	75 	76 
001498 	220 	79 	75 	76 
001499 	220 	71 	75 	75 
001500 	220 	71 	75 	75 
001501 	220 	71 	75 	75 
001502 	220 	71 	75 	75 
001503 	220 	71 	75 	75 
001504 	220 	71 	75 	75 
001505 	220 	71 	75 	75 
001506 	220 	71 	75 	75 
001507 	220 	71 	75 	75 
001508 	220 	71 	75 	75 
001509 	220 	71 	75 	75 
001510 	220 	71 	75 	75 
001511 	220 	71 	75 	75 
001512 	220 	71 	75 	75 
001513 	220 	71 	75 	75 
001514 	220 	71 	75 	75 
001515 	220 	71 	75 	75 
001516 	220 	71 	75 	75 
001517 	220 	71 	75 	75 
001518 	220 	71 	75 	75 
001519 	220 	71 	75 	75 
001520 	220 	71 	75 	75 
001521 	220 	71 	75 	75 
001522 	220 	71 	75 	75 
001523 	220 	71 	75 	75 
001524 	220 	71 	75 	75 
001525 	220 	71 	75 	75 
001526 	220 	71 	75 	75 
001527 	220 	71 	75 	75 
001528 	220 	71 	75 	75 
001529 	220 	71 	75 	75 
001530 	220 	71 	75 	75 
001531 	220 	71 	75 	75 
001532 	220 	71 	75 	75 
001533 	220 	79 	75 	76 
001534 	211 	79 	76 	76 
001535 	211 	79 	76 	76 
001536 	211 	79 	76 	76 
001537 	220 	79 	75 	76 
001538 	220 	79 	75 	76 
001539 	220 	79 	75 	76 
001540 	204 	65 	91 	91 
001541 	220 	71 	75 	75 
001542 	220 	71 	75 	75 
001543 	204 	65 	91 	91 
001544 	220 	71 	75 	75 
001545 	220 	71 	75 	75 
001546 	220 	71 	75 	75 
001547 	220 	71 	75 	75 
001548 	220 	71 	75 	75 
001549 	220 	71 	75 	75 
001550 	220 	71 	75 	75 
001551 	220 	71 	75 	75 
001552 	204 	65 	91 	91 
001553 	204 	65 	91 	91 
001554 	220 	71 	75 	75 
001555 	220 	71 	75 	75 
001556 	220 	71 	75 	75 
001557 	220 	71 	75 	75 
001558 	220 	71 	75 	75 
001559 	220 	71 	75 	75 
001560 	220 	71 	75 	75 
001561 	220 	71 	75 	75 
001562 	220 	71 	75 	75 
001563 	211 	71 	76 	75 
001564 	211 	71 	76 	75 
001565 	211 	71 	76 	75 
001566 	211 	71 	76 	75 
001567 	211 	71 	76 	75 
001568 	211 	71 	76 	75 
001569 	211 	71 	76 	75 
001570 	203 	71 	76 	75 
001571 	203 	71 	76 	75 
001572 	203 	71 	76 	75 
001573 	203 	71 	76 	75 
001574 	204 	65 	91 	91 
001575 	204 	65 	91 	91 
001576 	203 	71 	76 	75 
001577 	203 	71 	76 	75 
001578 	203 	71 	76 	75 
001579 	203 	71 	76 	75 
001580 	203 	71 	76 	75 
001581 	203 	71 	76 	75 
001582 	203 	71 	76 	75 
001583 	203 	71 	76 	75 
001584 	203 	71 	76 	75 
001585 	203 	71 	76 	75 
001586 	211 	71 	76 	75 
001587 	211 	71 	76 	75 
001588 	211 	71 	76 	75 
001589 	211 	71 	76 	75 
001590 	211 	71 	76 	75 
001591 	211 	71 	76 	75 
001592 	211 	71 	76 	75 
001593 	211 	71 	76 	75 
001594 	211 	71 	76 	75 
001595 	211 	71 	76 	75 
001596 	211 	71 	76 	75 
001597 	211 	71 	76 	75 
001598 	211 	71 	76 	75 
001599 	204 	55 	91 	91 
001600 	194 	55 	91 	91 
001601 	194 	55 	91 	91 
001602 	194 	55 	91 	91 
001603 	195 	62 	75 	76 
001604 	194 	55 	91 	91 
001605 	203 	62 	76 	76 
001606 	203 	62 	76 	76 
001607 	203 	62 	76 	76 
001608 	203 	62 	76 	76 
001609 	203 	62 	76 	76 
001610 	203 	62 	76 	76 
001611 	203 	62 	76 	76 
001612 	203 	62 	76 	76 
001613 	203 	62 	76 	76 
001614 	203 	71 	76 	75 
001615 	203 	71 	76 	75 
001616 	211 	71 	76 	75 
001617 	211 	71 	76 	75 
001618 	211 	71 	76 	75 
001619 	211 	71 	76 	75 
001620 	204 	65 	91 	91 
001621 	204 	65 	91 	91 
001622 	220 	71 	75 	75 
001623 	220 	71 	75 	75 
001624 	220 	71 	75 	75 
001625 	211 	71 	76 	75 
001626 	211 	71 	76 	75 
001627 	211 	71 	76 	75 
001628 	211 	71 	76 	75 
001629 	211 	71 	76 	75 
001630 	211 	71 	76 	75 
001631 	211 	71 	76 	75 
001632 	211 	71 	76 	75 
001633 	211 	71 	76 	75 
001634 	211 	71 	76 	75 
001635 	211 	62 	76 	76 
001636 	211 	62 	76 	76 
001637 	203 	62 	76 	76 
001638 	203 	62 	76 	76 
001639 	194 	55 	91 	91 
001640 	194 	55 	91 	91 
001641 	194 	55 	91 	91 
001642 	195 	62 	75 	76 
001643 	195 	62 	75 	76 
001644 	195 	62 	75 	76 
001645 	195 	62 	75 	76 
001646 	195 	62 	75 	76 
001647 	184 	55 	91 	91 
001648 	184 	55 	91 	91 
001649 	184 	55 	91 	91 
001650 	184 	55 	91 	91 
001651 	184 	55 	91 	91 
001652 	184 	55 	91 	91 
001653 	184 	55 	91 	91 
001654 	184 	55 	91 	91 
001655 	184 	55 	91 	91 
001656 	184 	55 	91 	91 
001657 	184 	55 	91 	91 
001658 	195 	62 	75 	76 
001659 	184 	55 	91 	91 
001660 	195 	62 	75 	76 
001661 	195 	62 	75 	76 
001662 	195 	62 	75 	76 
001663 	195 	62 	75 	76 
001664 	195 	62 	75 	76 
001665 	194 	55 	91 	91 
001666 	194 	55 	91 	91 
001667 	194 	55 	91 	91 
001668 	194 	55 	91 	91 
001669 	194 	55 	91 	91 
001670 	194 	55 	91 	91 
001671 	195 	62 	75 	76 
001672 	195 	62 	75 	76 
001673 	195 	62 	75 	76 
001674 	195 	62 	75 	76 
001675 	195 	62 	75 	76 
001676 	195 	62 	75 	76 
001677 	195 	62 	75 	76 
001678 	184 	55 	91 	91 
001679 	184 	55 	91 	91 
001680 	184 	55 	91 	91 
001681 	184 	55 	91 	91 
001682 	184 	55 	91 	91 
001683 	195 	71 	75 	75 
001684 	195 	71 	75 	75 
001685 	184 	65 	91 	91 
001686 	184 	65 	91 	91 
001687 	184 	65 	91 	91 
001688 	184 	65 	91 	91 
001689 	195 	71 	75 	75 
001690 	195 	71 	75 	75 
001691 	195 	71 	75 	75 
001692 	195 	71 	75 	75 
001693 	195 	71 	75 	75 
001694 	195 	71 	75 	75 
001695 	195 	71 	75 	75 
001696 	195 	71 	75 	75 
001697 	195 	71 	75 	75 
001698 	195 	71 	75 	75 
001699 	195 	71 	75 	75 
001700 	195 	71 	75 	75 
001701 	195 	71 	75 	75 
001702 	195 	71 	75 	75 
001703 	195 	71 	75 	75 
001704 	195 	71 	75 	75 
001705 	195 	71 	75 	75 
001706 	195 	71 	75 	75 
001707 	195 	71 	75 	75 
001708 	195 	71 	75 	75 
001709 	195 	71 	75 	75 
001710 	195 	71 	75 	75 
001711 	194 	65 	91 	91 
001712 	194 	65 	91 	91 
001713 	194 	65 	91 	91 
001714 	203 	71 	76 	75 
001715 	203 	71 	76 	75 
001716 	203 	71 	76 	75 
001717 	194 	65 	91 	91 
001718 	194 	65 	91 	91 
001719 	194 	65 	91 	91 
001720 	194 	65 	91 	91 
001721 	194 	65 	91 	91 
001722 	194 	65 	91 	91 
001723 	194 	65 	91 	91 
001724 	194 	65 	91 	91 
001725 	194 	65 	91 	91 
001726 	194 	65 	91 	91 
001727 	194 	65 	91 	91 
001728 	203 	71 	76 	75 
001729 	203 	71 	76 	75 
001730 	203 	71 	76 	75 
001731 	203 	71 	76 	75 
001732 	203 	71 	76 	75 
001733 	203 	71 	76 	75 
001734 	203 	71 	76 	75 
001735 	203 	71 	76 	75 
001736 	203 	71 	76 	75 
001737 	203 	71 	76 	75 
001738 	203 	71 	76 	75 
001739 	203 	71 	76 	75 
001740 	203 	71 	76 	75 
001741 	211 	71 	76 	75 
001742 	204 	65 	91 	91 
001743 	203 	71 	76 	75 
001744 	203 	71 	76 	75 
001745 	203 	71 	76 	75 
001746 	203 	71 	76 	75 
001747 	203 	71 	76 	75 
001748 	203 	71 	76 	75 
001749 	203 	71 	76 	75 
001750 	203 	71 	76 	75 
001751 	203 	71 	76 	75 
001752 	203 	71 	76 	75 
001753 	203 	71 	76 	75 
001754 	203 	71 	76 	75 
001755 	203 	71 	76 	75 
001756 	203 	71 	76 	75 
001757 	203 	71 	76 	75 
001758 	203 	71 	76 	75 
