Identity  : 	id10293
Reference : 	TnOGBL8p-RM
Offset    : 	-2
FV Conf   : 	16.052
ASD Conf  : 	5.925

FRAME 	X 	Y 	W 	H 
001129 	203 	71 	76 	75 
001130 	203 	71 	76 	75 
001131 	203 	71 	76 	75 
001132 	203 	71 	76 	75 
001133 	203 	71 	76 	75 
001134 	203 	71 	76 	75 
001135 	203 	71 	76 	75 
001136 	194 	65 	91 	91 
001137 	194 	65 	91 	91 
001138 	194 	65 	91 	91 
001139 	194 	65 	91 	91 
001140 	203 	71 	76 	75 
001141 	203 	71 	76 	75 
001142 	194 	65 	91 	91 
001143 	203 	71 	76 	75 
001144 	203 	71 	76 	75 
001145 	203 	71 	76 	75 
001146 	203 	71 	76 	75 
001147 	203 	71 	76 	75 
001148 	203 	71 	76 	75 
001149 	194 	65 	91 	91 
001150 	194 	65 	91 	91 
001151 	194 	65 	91 	91 
001152 	203 	71 	76 	75 
001153 	203 	71 	76 	75 
001154 	194 	65 	91 	91 
001155 	194 	65 	91 	91 
001156 	195 	71 	75 	75 
001157 	195 	71 	75 	75 
001158 	195 	71 	75 	75 
001159 	195 	71 	75 	75 
001160 	195 	71 	75 	75 
001161 	195 	71 	75 	75 
001162 	195 	71 	75 	75 
001163 	195 	71 	75 	75 
001164 	195 	71 	75 	75 
001165 	195 	71 	75 	75 
001166 	195 	71 	75 	75 
001167 	195 	71 	75 	75 
001168 	195 	71 	75 	75 
001169 	195 	71 	75 	75 
001170 	195 	71 	75 	75 
001171 	195 	71 	75 	75 
001172 	195 	71 	75 	75 
001173 	195 	71 	75 	75 
001174 	195 	71 	75 	75 
001175 	195 	71 	75 	75 
001176 	195 	71 	75 	75 
001177 	195 	71 	75 	75 
001178 	195 	71 	75 	75 
001179 	195 	71 	75 	75 
001180 	195 	71 	75 	75 
001181 	195 	71 	75 	75 
001182 	195 	71 	75 	75 
001183 	195 	71 	75 	75 
001184 	195 	71 	75 	75 
001185 	195 	71 	75 	75 
001186 	195 	71 	75 	75 
001187 	195 	71 	75 	75 
001188 	195 	71 	75 	75 
001189 	195 	71 	75 	75 
001190 	195 	71 	75 	75 
001191 	195 	71 	75 	75 
001192 	195 	71 	75 	75 
001193 	195 	71 	75 	75 
001194 	195 	71 	75 	75 
001195 	195 	71 	75 	75 
001196 	195 	71 	75 	75 
001197 	195 	71 	75 	75 
001198 	195 	71 	75 	75 
001199 	195 	71 	75 	75 
001200 	195 	71 	75 	75 
001201 	195 	71 	75 	75 
001202 	195 	71 	75 	75 
001203 	195 	71 	75 	75 
001204 	195 	71 	75 	75 
001205 	195 	71 	75 	75 
001206 	195 	71 	75 	75 
001207 	195 	71 	75 	75 
001208 	195 	71 	75 	75 
001209 	195 	71 	75 	75 
001210 	195 	71 	75 	75 
001211 	195 	71 	75 	75 
001212 	195 	71 	75 	75 
001213 	195 	71 	75 	75 
001214 	195 	71 	75 	75 
001215 	195 	71 	75 	75 
001216 	195 	71 	75 	75 
001217 	195 	71 	75 	75 
001218 	195 	71 	75 	75 
001219 	195 	71 	75 	75 
001220 	195 	71 	75 	75 
001221 	195 	71 	75 	75 
001222 	195 	71 	75 	75 
001223 	195 	71 	75 	75 
001224 	195 	71 	75 	75 
001225 	195 	71 	75 	75 
001226 	195 	71 	75 	75 
001227 	195 	71 	75 	75 
001228 	195 	71 	75 	75 
001229 	195 	71 	75 	75 
001230 	184 	65 	91 	91 
001231 	184 	65 	91 	91 
001232 	184 	65 	91 	91 
001233 	186 	71 	76 	75 
001234 	186 	71 	76 	75 
001235 	186 	71 	76 	75 
001236 	184 	65 	91 	91 
001237 	184 	55 	91 	91 
001238 	195 	62 	75 	76 
001239 	195 	62 	75 	76 
001240 	195 	62 	75 	76 
001241 	195 	62 	75 	76 
001242 	184 	55 	91 	91 
001243 	184 	55 	91 	91 
001244 	184 	55 	91 	91 
001245 	184 	55 	91 	91 
001246 	195 	62 	75 	76 
001247 	195 	62 	75 	76 
001248 	195 	71 	75 	75 
001249 	195 	71 	75 	75 
001250 	195 	71 	75 	75 
001251 	195 	62 	75 	76 
001252 	195 	71 	75 	75 
001253 	195 	62 	75 	76 
001254 	195 	62 	75 	76 
001255 	195 	62 	75 	76 
001256 	195 	62 	75 	76 
001257 	195 	62 	75 	76 
001258 	195 	71 	75 	75 
001259 	195 	71 	75 	75 
001260 	195 	71 	75 	75 
001261 	195 	71 	75 	75 
001262 	195 	71 	75 	75 
001263 	195 	71 	75 	75 
001264 	195 	71 	75 	75 
001265 	195 	71 	75 	75 
001266 	195 	71 	75 	75 
001267 	195 	71 	75 	75 
001268 	195 	71 	75 	75 
001269 	195 	71 	75 	75 
001270 	195 	71 	75 	75 
001271 	195 	71 	75 	75 
001272 	195 	71 	75 	75 
001273 	195 	71 	75 	75 
001274 	195 	71 	75 	75 
