Identity  : 	id10293
Reference : 	TnOGBL8p-RM
Offset    : 	-2
FV Conf   : 	19.138
ASD Conf  : 	6.706

FRAME 	X 	Y 	W 	H 
003425 	211 	62 	76 	76 
003426 	204 	55 	91 	91 
003427 	220 	62 	75 	76 
003428 	220 	62 	75 	76 
003429 	220 	62 	75 	76 
003430 	220 	54 	75 	76 
003431 	220 	54 	75 	76 
003432 	220 	54 	75 	76 
003433 	220 	54 	75 	76 
003434 	228 	54 	76 	76 
003435 	220 	54 	75 	76 
003436 	220 	54 	75 	76 
003437 	220 	54 	75 	76 
003438 	220 	54 	75 	76 
003439 	220 	62 	75 	76 
003440 	220 	62 	75 	76 
003441 	220 	62 	75 	76 
003442 	214 	55 	91 	91 
003443 	214 	55 	91 	91 
003444 	220 	62 	75 	76 
003445 	220 	62 	75 	76 
003446 	220 	62 	75 	76 
003447 	220 	62 	75 	76 
003448 	220 	62 	75 	76 
003449 	220 	62 	75 	76 
003450 	220 	62 	75 	76 
003451 	220 	62 	75 	76 
003452 	220 	62 	75 	76 
003453 	220 	62 	75 	76 
003454 	220 	62 	75 	76 
003455 	220 	62 	75 	76 
003456 	220 	62 	75 	76 
003457 	220 	62 	75 	76 
003458 	220 	62 	75 	76 
003459 	220 	62 	75 	76 
003460 	220 	62 	75 	76 
003461 	220 	62 	75 	76 
003462 	220 	62 	75 	76 
003463 	220 	62 	75 	76 
003464 	220 	62 	75 	76 
003465 	220 	62 	75 	76 
003466 	220 	62 	75 	76 
003467 	211 	62 	76 	76 
003468 	211 	62 	76 	76 
003469 	211 	62 	76 	76 
003470 	211 	62 	76 	76 
003471 	203 	62 	76 	76 
003472 	203 	62 	76 	76 
003473 	203 	62 	76 	76 
003474 	203 	62 	76 	76 
003475 	203 	62 	76 	76 
003476 	203 	62 	76 	76 
003477 	203 	62 	76 	76 
003478 	211 	62 	76 	76 
003479 	211 	62 	76 	76 
003480 	211 	62 	76 	76 
003481 	211 	62 	76 	76 
003482 	211 	62 	76 	76 
003483 	211 	62 	76 	76 
003484 	211 	62 	76 	76 
003485 	211 	62 	76 	76 
003486 	211 	62 	76 	76 
003487 	211 	62 	76 	76 
003488 	211 	62 	76 	76 
003489 	203 	62 	76 	76 
003490 	203 	62 	76 	76 
003491 	203 	62 	76 	76 
003492 	194 	55 	91 	91 
003493 	194 	55 	91 	91 
003494 	195 	71 	75 	75 
003495 	195 	71 	75 	75 
003496 	195 	71 	75 	75 
003497 	184 	55 	91 	91 
003498 	186 	62 	76 	76 
003499 	186 	62 	76 	76 
003500 	186 	62 	76 	76 
003501 	186 	62 	76 	76 
003502 	186 	62 	76 	76 
003503 	184 	55 	91 	91 
003504 	184 	55 	91 	91 
003505 	184 	55 	91 	91 
003506 	195 	62 	75 	76 
003507 	195 	62 	75 	76 
003508 	195 	62 	75 	76 
003509 	195 	62 	75 	76 
003510 	195 	62 	75 	76 
003511 	195 	62 	75 	76 
003512 	195 	62 	75 	76 
003513 	195 	62 	75 	76 
003514 	195 	62 	75 	76 
003515 	195 	62 	75 	76 
003516 	195 	62 	75 	76 
003517 	195 	62 	75 	76 
003518 	195 	62 	75 	76 
003519 	195 	62 	75 	76 
003520 	195 	62 	75 	76 
003521 	195 	62 	75 	76 
003522 	195 	62 	75 	76 
003523 	195 	62 	75 	76 
003524 	195 	62 	75 	76 
003525 	195 	62 	75 	76 
003526 	195 	62 	75 	76 
003527 	184 	55 	91 	91 
003528 	184 	55 	91 	91 
003529 	195 	62 	75 	76 
003530 	184 	55 	91 	91 
003531 	184 	55 	91 	91 
003532 	195 	62 	75 	76 
003533 	195 	62 	75 	76 
003534 	184 	55 	91 	91 
003535 	184 	65 	91 	91 
003536 	195 	71 	75 	75 
003537 	195 	71 	75 	75 
003538 	195 	71 	75 	75 
003539 	195 	71 	75 	75 
003540 	184 	65 	91 	91 
003541 	184 	65 	91 	91 
003542 	184 	65 	91 	91 
003543 	184 	65 	91 	91 
003544 	195 	71 	75 	75 
003545 	195 	71 	75 	75 
003546 	195 	71 	75 	75 
003547 	195 	71 	75 	75 
003548 	195 	62 	75 	76 
003549 	195 	62 	75 	76 
003550 	195 	62 	75 	76 
003551 	195 	62 	75 	76 
003552 	194 	55 	91 	91 
003553 	194 	55 	91 	91 
003554 	194 	55 	91 	91 
003555 	194 	55 	91 	91 
003556 	203 	62 	76 	76 
003557 	203 	62 	76 	76 
003558 	203 	62 	76 	76 
003559 	203 	62 	76 	76 
003560 	203 	62 	76 	76 
003561 	203 	62 	76 	76 
003562 	203 	62 	76 	76 
003563 	211 	62 	76 	76 
003564 	211 	62 	76 	76 
003565 	211 	62 	76 	76 
003566 	211 	62 	76 	76 
003567 	211 	62 	76 	76 
003568 	204 	55 	91 	91 
003569 	203 	62 	76 	76 
003570 	204 	55 	91 	91 
003571 	204 	55 	91 	91 
003572 	203 	71 	76 	75 
003573 	204 	55 	91 	91 
003574 	204 	55 	91 	91 
003575 	203 	71 	76 	75 
003576 	204 	55 	91 	91 
003577 	203 	62 	76 	76 
003578 	203 	62 	76 	76 
003579 	203 	62 	76 	76 
003580 	203 	62 	76 	76 
003581 	203 	62 	76 	76 
003582 	194 	55 	91 	91 
003583 	194 	55 	91 	91 
003584 	203 	62 	76 	76 
003585 	203 	62 	76 	76 
003586 	203 	62 	76 	76 
003587 	203 	62 	76 	76 
003588 	203 	62 	76 	76 
003589 	203 	62 	76 	76 
003590 	203 	62 	76 	76 
003591 	203 	62 	76 	76 
003592 	203 	62 	76 	76 
003593 	203 	62 	76 	76 
003594 	203 	62 	76 	76 
003595 	203 	62 	76 	76 
003596 	203 	62 	76 	76 
003597 	203 	62 	76 	76 
003598 	203 	62 	76 	76 
003599 	203 	62 	76 	76 
003600 	203 	62 	76 	76 
003601 	203 	62 	76 	76 
003602 	203 	62 	76 	76 
003603 	203 	62 	76 	76 
003604 	203 	62 	76 	76 
003605 	203 	62 	76 	76 
003606 	203 	62 	76 	76 
003607 	203 	62 	76 	76 
003608 	203 	62 	76 	76 
003609 	203 	62 	76 	76 
003610 	203 	62 	76 	76 
003611 	203 	62 	76 	76 
003612 	203 	62 	76 	76 
003613 	203 	62 	76 	76 
003614 	194 	55 	91 	91 
003615 	194 	55 	91 	91 
003616 	194 	55 	91 	91 
003617 	194 	55 	91 	91 
003618 	195 	62 	75 	76 
003619 	195 	62 	75 	76 
003620 	195 	62 	75 	76 
003621 	195 	62 	75 	76 
003622 	195 	62 	75 	76 
003623 	195 	62 	75 	76 
003624 	195 	62 	75 	76 
003625 	195 	62 	75 	76 
003626 	195 	62 	75 	76 
003627 	195 	62 	75 	76 
003628 	195 	62 	75 	76 
003629 	195 	62 	75 	76 
003630 	195 	62 	75 	76 
003631 	195 	62 	75 	76 
003632 	195 	62 	75 	76 
003633 	195 	62 	75 	76 
003634 	195 	62 	75 	76 
003635 	195 	62 	75 	76 
003636 	195 	62 	75 	76 
003637 	195 	71 	75 	75 
003638 	195 	71 	75 	75 
003639 	195 	71 	75 	75 
003640 	195 	71 	75 	75 
003641 	195 	71 	75 	75 
