Identity  : 	id10293
Reference : 	TnOGBL8p-RM
Offset    : 	-2
FV Conf   : 	19.138
ASD Conf  : 	6.116

FRAME 	X 	Y 	W 	H 
003805 	228 	71 	76 	75 
003806 	228 	71 	76 	75 
003807 	228 	71 	76 	75 
003808 	228 	71 	76 	75 
003809 	228 	71 	76 	75 
003810 	228 	71 	76 	75 
003811 	228 	62 	76 	76 
003812 	214 	55 	91 	91 
003813 	214 	55 	91 	91 
003814 	220 	62 	75 	76 
003815 	211 	62 	76 	76 
003816 	211 	62 	76 	76 
003817 	211 	62 	76 	76 
003818 	211 	62 	76 	76 
003819 	211 	62 	76 	76 
003820 	211 	62 	76 	76 
003821 	211 	62 	76 	76 
003822 	211 	62 	76 	76 
003823 	211 	62 	76 	76 
003824 	211 	62 	76 	76 
003825 	211 	62 	76 	76 
003826 	211 	62 	76 	76 
003827 	211 	62 	76 	76 
003828 	211 	62 	76 	76 
003829 	211 	62 	76 	76 
003830 	211 	62 	76 	76 
003831 	211 	62 	76 	76 
003832 	211 	62 	76 	76 
003833 	211 	54 	76 	76 
003834 	211 	54 	76 	76 
003835 	211 	62 	76 	76 
003836 	211 	62 	76 	76 
003837 	211 	62 	76 	76 
003838 	211 	62 	76 	76 
003839 	211 	62 	76 	76 
003840 	211 	62 	76 	76 
003841 	211 	62 	76 	76 
003842 	211 	62 	76 	76 
003843 	211 	62 	76 	76 
003844 	211 	62 	76 	76 
003845 	211 	62 	76 	76 
003846 	211 	62 	76 	76 
003847 	211 	62 	76 	76 
003848 	203 	62 	76 	76 
003849 	203 	62 	76 	76 
003850 	203 	62 	76 	76 
003851 	203 	62 	76 	76 
003852 	194 	55 	91 	91 
003853 	203 	62 	76 	76 
003854 	203 	62 	76 	76 
003855 	203 	62 	76 	76 
003856 	211 	62 	76 	76 
003857 	211 	54 	76 	76 
003858 	220 	54 	75 	76 
003859 	228 	54 	76 	76 
003860 	236 	54 	76 	76 
003861 	234 	45 	90 	91 
003862 	244 	54 	76 	76 
003863 	253 	46 	75 	76 
003864 	244 	45 	90 	91 
003865 	244 	45 	90 	91 
003866 	244 	45 	90 	91 
003867 	244 	45 	90 	91 
003868 	244 	54 	76 	76 
003869 	244 	54 	76 	76 
003870 	244 	54 	76 	76 
003871 	244 	54 	76 	76 
003872 	244 	54 	76 	76 
003873 	244 	54 	76 	76 
003874 	244 	54 	76 	76 
003875 	244 	54 	76 	76 
003876 	244 	54 	76 	76 
003877 	244 	54 	76 	76 
003878 	234 	55 	90 	91 
003879 	234 	55 	90 	91 
003880 	236 	62 	76 	76 
003881 	236 	71 	76 	75 
003882 	236 	71 	76 	75 
003883 	236 	71 	76 	75 
003884 	236 	79 	76 	76 
003885 	236 	79 	76 	76 
003886 	224 	75 	91 	91 
003887 	224 	75 	91 	91 
003888 	236 	79 	76 	76 
003889 	236 	79 	76 	76 
003890 	234 	65 	90 	91 
003891 	234 	65 	90 	91 
003892 	234 	65 	90 	91 
003893 	234 	55 	90 	91 
003894 	234 	55 	90 	91 
003895 	234 	55 	90 	91 
003896 	234 	55 	90 	91 
003897 	234 	55 	90 	91 
003898 	234 	55 	90 	91 
003899 	234 	55 	90 	91 
003900 	234 	55 	90 	91 
003901 	234 	55 	90 	91 
003902 	236 	62 	76 	76 
003903 	224 	55 	91 	91 
003904 	236 	62 	76 	76 
003905 	228 	62 	76 	76 
003906 	228 	62 	76 	76 
003907 	220 	62 	75 	76 
003908 	220 	62 	75 	76 
003909 	220 	62 	75 	76 
003910 	220 	62 	75 	76 
003911 	220 	62 	75 	76 
003912 	220 	62 	75 	76 
003913 	220 	62 	75 	76 
003914 	204 	55 	91 	91 
003915 	204 	55 	91 	91 
003916 	204 	55 	91 	91 
003917 	204 	55 	91 	91 
003918 	204 	55 	91 	91 
003919 	211 	62 	76 	76 
003920 	204 	55 	91 	91 
003921 	204 	55 	91 	91 
003922 	211 	62 	76 	76 
003923 	211 	62 	76 	76 
003924 	211 	62 	76 	76 
003925 	211 	62 	76 	76 
003926 	203 	62 	76 	76 
003927 	194 	55 	91 	91 
003928 	194 	55 	91 	91 
003929 	194 	55 	91 	91 
003930 	195 	62 	75 	76 
003931 	195 	62 	75 	76 
003932 	195 	62 	75 	76 
003933 	195 	62 	75 	76 
003934 	195 	62 	75 	76 
003935 	195 	62 	75 	76 
003936 	195 	62 	75 	76 
003937 	195 	62 	75 	76 
003938 	195 	62 	75 	76 
003939 	194 	55 	91 	91 
003940 	194 	55 	91 	91 
003941 	194 	55 	91 	91 
003942 	194 	55 	91 	91 
003943 	194 	55 	91 	91 
003944 	194 	55 	91 	91 
003945 	194 	55 	91 	91 
003946 	203 	62 	76 	76 
003947 	203 	62 	76 	76 
003948 	203 	62 	76 	76 
003949 	194 	55 	91 	91 
003950 	194 	55 	91 	91 
003951 	203 	62 	76 	76 
003952 	203 	62 	76 	76 
003953 	203 	62 	76 	76 
003954 	203 	62 	76 	76 
003955 	203 	62 	76 	76 
003956 	203 	62 	76 	76 
003957 	203 	62 	76 	76 
003958 	203 	62 	76 	76 
003959 	203 	62 	76 	76 
003960 	211 	62 	76 	76 
003961 	211 	62 	76 	76 
003962 	211 	62 	76 	76 
003963 	211 	62 	76 	76 
003964 	211 	62 	76 	76 
003965 	211 	62 	76 	76 
003966 	211 	62 	76 	76 
003967 	211 	62 	76 	76 
003968 	220 	62 	75 	76 
003969 	214 	55 	91 	91 
003970 	228 	71 	76 	75 
003971 	228 	71 	76 	75 
003972 	228 	71 	76 	75 
003973 	228 	71 	76 	75 
003974 	228 	71 	76 	75 
003975 	228 	71 	76 	75 
003976 	228 	71 	76 	75 
003977 	228 	71 	76 	75 
003978 	228 	71 	76 	75 
003979 	224 	65 	91 	91 
003980 	236 	71 	76 	75 
003981 	236 	62 	76 	76 
003982 	234 	55 	90 	91 
003983 	244 	62 	76 	76 
003984 	244 	62 	76 	76 
003985 	244 	62 	76 	76 
003986 	244 	62 	76 	76 
003987 	244 	62 	76 	76 
003988 	244 	62 	76 	76 
003989 	244 	62 	76 	76 
003990 	244 	62 	76 	76 
003991 	244 	45 	90 	91 
003992 	244 	54 	76 	76 
003993 	244 	45 	90 	91 
003994 	244 	45 	90 	91 
003995 	244 	45 	90 	91 
003996 	244 	45 	90 	91 
003997 	244 	45 	90 	91 
003998 	244 	45 	90 	91 
003999 	244 	54 	76 	76 
004000 	244 	54 	76 	76 
004001 	244 	54 	76 	76 
004002 	234 	45 	90 	91 
004003 	236 	54 	76 	76 
004004 	236 	54 	76 	76 
004005 	224 	45 	91 	91 
004006 	224 	45 	91 	91 
004007 	228 	54 	76 	76 
004008 	228 	54 	76 	76 
004009 	228 	54 	76 	76 
004010 	228 	54 	76 	76 
004011 	228 	54 	76 	76 
004012 	228 	54 	76 	76 
004013 	228 	54 	76 	76 
004014 	228 	54 	76 	76 
004015 	228 	54 	76 	76 
004016 	228 	54 	76 	76 
004017 	228 	54 	76 	76 
004018 	228 	54 	76 	76 
004019 	228 	54 	76 	76 
004020 	228 	54 	76 	76 
004021 	228 	54 	76 	76 
004022 	228 	54 	76 	76 
004023 	228 	54 	76 	76 
004024 	228 	54 	76 	76 
004025 	228 	54 	76 	76 
004026 	228 	54 	76 	76 
004027 	228 	54 	76 	76 
004028 	220 	54 	75 	76 
004029 	220 	54 	75 	76 
004030 	220 	54 	75 	76 
004031 	220 	54 	75 	76 
004032 	220 	54 	75 	76 
004033 	220 	54 	75 	76 
004034 	220 	54 	75 	76 
004035 	220 	54 	75 	76 
004036 	220 	54 	75 	76 
004037 	220 	54 	75 	76 
004038 	220 	54 	75 	76 
004039 	220 	54 	75 	76 
004040 	220 	54 	75 	76 
004041 	220 	54 	75 	76 
004042 	220 	54 	75 	76 
004043 	220 	54 	75 	76 
004044 	220 	62 	75 	76 
004045 	220 	62 	75 	76 
004046 	220 	62 	75 	76 
004047 	211 	62 	76 	76 
004048 	211 	62 	76 	76 
004049 	211 	71 	76 	75 
004050 	211 	71 	76 	75 
004051 	211 	71 	76 	75 
004052 	211 	71 	76 	75 
004053 	211 	79 	76 	76 
004054 	211 	71 	76 	75 
004055 	204 	65 	91 	91 
004056 	204 	65 	91 	91 
004057 	204 	65 	91 	91 
004058 	211 	71 	76 	75 
004059 	211 	71 	76 	75 
004060 	211 	71 	76 	75 
004061 	211 	71 	76 	75 
004062 	211 	71 	76 	75 
004063 	211 	71 	76 	75 
004064 	211 	71 	76 	75 
004065 	204 	55 	91 	91 
004066 	204 	55 	91 	91 
004067 	204 	55 	91 	91 
004068 	211 	62 	76 	76 
004069 	211 	62 	76 	76 
004070 	211 	62 	76 	76 
004071 	211 	62 	76 	76 
004072 	211 	62 	76 	76 
004073 	211 	62 	76 	76 
004074 	211 	62 	76 	76 
004075 	211 	62 	76 	76 
004076 	211 	62 	76 	76 
004077 	211 	62 	76 	76 
004078 	211 	62 	76 	76 
004079 	211 	62 	76 	76 
004080 	211 	62 	76 	76 
004081 	211 	62 	76 	76 
004082 	204 	55 	91 	91 
004083 	211 	62 	76 	76 
004084 	204 	55 	91 	91 
004085 	211 	62 	76 	76 
004086 	211 	62 	76 	76 
004087 	220 	62 	75 	76 
004088 	220 	62 	75 	76 
004089 	220 	62 	75 	76 
004090 	220 	62 	75 	76 
004091 	220 	62 	75 	76 
004092 	220 	62 	75 	76 
004093 	220 	62 	75 	76 
004094 	220 	62 	75 	76 
004095 	204 	55 	91 	91 
004096 	211 	62 	76 	76 
004097 	220 	62 	75 	76 
004098 	211 	62 	76 	76 
004099 	220 	62 	75 	76 
004100 	220 	62 	75 	76 
004101 	220 	62 	75 	76 
004102 	220 	62 	75 	76 
004103 	220 	62 	75 	76 
004104 	220 	62 	75 	76 
004105 	220 	62 	75 	76 
004106 	220 	62 	75 	76 
004107 	220 	62 	75 	76 
004108 	220 	62 	75 	76 
004109 	220 	62 	75 	76 
004110 	220 	62 	75 	76 
004111 	220 	62 	75 	76 
004112 	220 	62 	75 	76 
004113 	220 	62 	75 	76 
004114 	220 	62 	75 	76 
004115 	220 	62 	75 	76 
004116 	220 	62 	75 	76 
004117 	220 	62 	75 	76 
004118 	220 	62 	75 	76 
004119 	220 	62 	75 	76 
004120 	211 	62 	76 	76 
004121 	211 	62 	76 	76 
004122 	211 	62 	76 	76 
004123 	211 	62 	76 	76 
004124 	211 	62 	76 	76 
004125 	211 	62 	76 	76 
