Identity  : 	id10283
Reference : 	j8UugkSTzzk
Offset    : 	-1
FV Conf   : 	12.828
ASD Conf  : 	8.270

FRAME 	X 	Y 	W 	H 
003324 	138 	54 	108 	109 
003325 	138 	54 	108 	109 
003326 	154 	55 	91 	91 
003327 	154 	55 	91 	91 
003328 	154 	55 	91 	91 
003329 	154 	55 	91 	91 
003330 	164 	55 	91 	91 
003331 	164 	55 	91 	91 
003332 	164 	55 	91 	91 
003333 	164 	55 	91 	91 
003334 	164 	55 	91 	91 
003335 	164 	55 	91 	91 
003336 	164 	55 	91 	91 
003337 	164 	55 	91 	91 
003338 	164 	55 	91 	91 
003339 	161 	54 	109 	109 
003340 	161 	54 	109 	109 
003341 	150 	54 	108 	109 
003342 	150 	54 	108 	109 
003343 	150 	54 	108 	109 
003344 	150 	54 	108 	109 
003345 	154 	65 	91 	91 
003346 	154 	65 	91 	91 
003347 	154 	65 	91 	91 
003348 	154 	65 	91 	91 
003349 	154 	65 	91 	91 
003350 	144 	65 	91 	91 
003351 	144 	65 	91 	91 
003352 	138 	66 	108 	109 
003353 	144 	65 	91 	91 
003354 	144 	65 	91 	91 
003355 	144 	65 	91 	91 
003356 	138 	66 	108 	109 
003357 	138 	66 	108 	109 
003358 	134 	75 	91 	91 
003359 	134 	75 	91 	91 
003360 	134 	75 	91 	91 
003361 	134 	75 	91 	91 
003362 	124 	75 	91 	91 
003363 	124 	75 	91 	91 
003364 	124 	75 	91 	91 
003365 	124 	75 	91 	91 
003366 	124 	75 	91 	91 
003367 	114 	75 	91 	91 
003368 	114 	75 	91 	91 
003369 	114 	75 	91 	91 
003370 	114 	66 	108 	109 
003371 	114 	66 	108 	109 
003372 	114 	66 	108 	109 
003373 	124 	75 	91 	91 
003374 	124 	75 	91 	91 
003375 	124 	75 	91 	91 
003376 	124 	75 	91 	91 
003377 	124 	75 	91 	91 
003378 	134 	75 	91 	91 
003379 	134 	75 	91 	91 
003380 	134 	75 	91 	91 
003381 	134 	75 	91 	91 
003382 	134 	75 	91 	91 
003383 	134 	75 	91 	91 
003384 	134 	75 	91 	91 
003385 	134 	75 	91 	91 
003386 	134 	75 	91 	91 
003387 	144 	75 	91 	91 
003388 	144 	75 	91 	91 
003389 	144 	75 	91 	91 
003390 	144 	65 	91 	91 
003391 	144 	65 	91 	91 
003392 	144 	65 	91 	91 
003393 	154 	65 	91 	91 
003394 	154 	65 	91 	91 
003395 	154 	65 	91 	91 
003396 	154 	65 	91 	91 
003397 	154 	65 	91 	91 
003398 	154 	65 	91 	91 
003399 	154 	65 	91 	91 
003400 	154 	65 	91 	91 
003401 	154 	65 	91 	91 
003402 	154 	65 	91 	91 
003403 	144 	65 	91 	91 
003404 	144 	65 	91 	91 
003405 	154 	65 	91 	91 
003406 	154 	65 	91 	91 
003407 	154 	65 	91 	91 
003408 	154 	65 	91 	91 
003409 	154 	65 	91 	91 
003410 	164 	65 	91 	91 
003411 	164 	65 	91 	91 
003412 	161 	66 	109 	109 
003413 	161 	66 	109 	109 
003414 	161 	66 	109 	109 
003415 	161 	66 	109 	109 
003416 	161 	66 	109 	109 
003417 	161 	66 	109 	109 
003418 	161 	66 	109 	109 
003419 	161 	66 	109 	109 
003420 	161 	66 	109 	109 
003421 	164 	75 	91 	91 
003422 	164 	75 	91 	91 
003423 	164 	75 	91 	91 
003424 	150 	66 	108 	109 
003425 	154 	75 	91 	91 
003426 	154 	75 	91 	91 
003427 	154 	85 	91 	91 
003428 	144 	85 	91 	91 
003429 	144 	85 	91 	91 
003430 	144 	85 	91 	91 
003431 	144 	85 	91 	91 
003432 	144 	75 	91 	91 
003433 	144 	75 	91 	91 
003434 	144 	75 	91 	91 
003435 	144 	75 	91 	91 
003436 	144 	75 	91 	91 
003437 	154 	75 	91 	91 
003438 	154 	65 	91 	91 
003439 	154 	65 	91 	91 
003440 	154 	65 	91 	91 
003441 	150 	54 	108 	109 
003442 	150 	54 	108 	109 
003443 	150 	54 	108 	109 
003444 	150 	54 	108 	109 
003445 	150 	54 	108 	109 
003446 	150 	54 	108 	109 
003447 	150 	54 	108 	109 
003448 	161 	54 	109 	109 
003449 	161 	54 	109 	109 
003450 	161 	54 	109 	109 
003451 	161 	54 	109 	109 
003452 	161 	54 	109 	109 
003453 	161 	54 	109 	109 
003454 	174 	65 	91 	91 
003455 	174 	65 	91 	91 
003456 	174 	75 	91 	91 
003457 	174 	75 	91 	91 
003458 	174 	65 	91 	91 
003459 	174 	65 	91 	91 
003460 	174 	65 	91 	91 
003461 	164 	65 	91 	91 
003462 	164 	65 	91 	91 
003463 	164 	65 	91 	91 
003464 	164 	65 	91 	91 
003465 	150 	54 	108 	109 
003466 	154 	65 	91 	91 
003467 	154 	65 	91 	91 
003468 	150 	54 	108 	109 
003469 	138 	54 	108 	109 
003470 	138 	54 	108 	109 
003471 	144 	55 	91 	91 
003472 	144 	55 	91 	91 
003473 	138 	54 	108 	109 
003474 	138 	54 	108 	109 
003475 	138 	54 	108 	109 
003476 	138 	54 	108 	109 
003477 	138 	54 	108 	109 
003478 	138 	54 	108 	109 
003479 	138 	54 	108 	109 
003480 	138 	54 	108 	109 
003481 	154 	65 	91 	91 
003482 	154 	65 	91 	91 
003483 	154 	65 	91 	91 
003484 	154 	65 	91 	91 
003485 	154 	65 	91 	91 
003486 	150 	54 	108 	109 
003487 	138 	54 	108 	109 
003488 	138 	54 	108 	109 
003489 	138 	54 	108 	109 
003490 	138 	54 	108 	109 
003491 	138 	54 	108 	109 
003492 	138 	54 	108 	109 
003493 	138 	54 	108 	109 
003494 	138 	54 	108 	109 
003495 	138 	54 	108 	109 
003496 	138 	54 	108 	109 
003497 	144 	65 	91 	91 
003498 	144 	65 	91 	91 
003499 	144 	65 	91 	91 
003500 	144 	65 	91 	91 
003501 	154 	75 	91 	91 
003502 	144 	65 	91 	91 
003503 	154 	75 	91 	91 
003504 	154 	75 	91 	91 
003505 	154 	65 	91 	91 
003506 	154 	65 	91 	91 
003507 	154 	65 	91 	91 
003508 	154 	65 	91 	91 
003509 	154 	65 	91 	91 
003510 	154 	65 	91 	91 
003511 	154 	65 	91 	91 
003512 	154 	65 	91 	91 
003513 	154 	65 	91 	91 
003514 	154 	65 	91 	91 
003515 	154 	65 	91 	91 
003516 	154 	65 	91 	91 
003517 	150 	66 	108 	109 
003518 	150 	66 	108 	109 
003519 	150 	66 	108 	109 
003520 	150 	66 	108 	109 
003521 	164 	75 	91 	91 
003522 	164 	75 	91 	91 
003523 	164 	75 	91 	91 
003524 	164 	75 	91 	91 
003525 	164 	75 	91 	91 
003526 	161 	78 	109 	109 
003527 	174 	85 	91 	91 
003528 	174 	85 	91 	91 
003529 	174 	85 	91 	91 
003530 	174 	85 	91 	91 
003531 	174 	85 	91 	91 
003532 	174 	85 	91 	91 
003533 	174 	75 	91 	91 
003534 	174 	75 	91 	91 
003535 	161 	66 	109 	109 
003536 	164 	75 	91 	91 
003537 	164 	75 	91 	91 
003538 	164 	75 	91 	91 
003539 	164 	75 	91 	91 
003540 	164 	75 	91 	91 
003541 	164 	75 	91 	91 
003542 	164 	75 	91 	91 
003543 	164 	75 	91 	91 
003544 	164 	65 	91 	91 
003545 	164 	65 	91 	91 
003546 	161 	66 	109 	109 
003547 	161 	66 	109 	109 
003548 	164 	75 	91 	91 
003549 	164 	75 	91 	91 
003550 	164 	75 	91 	91 
003551 	164 	75 	91 	91 
003552 	164 	75 	91 	91 
003553 	164 	65 	91 	91 
003554 	164 	65 	91 	91 
003555 	164 	65 	91 	91 
003556 	150 	54 	108 	109 
003557 	150 	54 	108 	109 
003558 	154 	65 	91 	91 
003559 	154 	65 	91 	91 
003560 	154 	65 	91 	91 
003561 	150 	54 	108 	109 
003562 	150 	54 	108 	109 
003563 	154 	55 	91 	91 
003564 	154 	55 	91 	91 
003565 	154 	55 	91 	91 
003566 	150 	54 	108 	109 
003567 	154 	55 	91 	91 
003568 	150 	54 	108 	109 
003569 	150 	54 	108 	109 
003570 	150 	54 	108 	109 
003571 	154 	65 	91 	91 
003572 	154 	65 	91 	91 
003573 	154 	65 	91 	91 
003574 	154 	75 	91 	91 
003575 	154 	75 	91 	91 
003576 	154 	75 	91 	91 
003577 	154 	65 	91 	91 
003578 	154 	65 	91 	91 
003579 	154 	65 	91 	91 
003580 	154 	65 	91 	91 
003581 	150 	66 	108 	109 
003582 	164 	75 	91 	91 
003583 	164 	75 	91 	91 
003584 	164 	75 	91 	91 
003585 	164 	75 	91 	91 
003586 	164 	75 	91 	91 
003587 	150 	66 	108 	109 
003588 	150 	66 	108 	109 
003589 	150 	66 	108 	109 
003590 	150 	66 	108 	109 
003591 	150 	66 	108 	109 
003592 	150 	66 	108 	109 
003593 	154 	75 	91 	91 
003594 	150 	66 	108 	109 
003595 	150 	66 	108 	109 
003596 	150 	66 	108 	109 
003597 	150 	66 	108 	109 
003598 	150 	66 	108 	109 
003599 	150 	66 	108 	109 
003600 	150 	66 	108 	109 
003601 	164 	75 	91 	91 
003602 	164 	75 	91 	91 
003603 	164 	75 	91 	91 
003604 	164 	75 	91 	91 
003605 	164 	75 	91 	91 
003606 	164 	75 	91 	91 
003607 	161 	66 	109 	109 
003608 	161 	66 	109 	109 
003609 	161 	66 	109 	109 
003610 	161 	66 	109 	109 
003611 	161 	66 	109 	109 
003612 	174 	65 	91 	91 
003613 	174 	65 	91 	91 
003614 	174 	65 	91 	91 
003615 	174 	65 	91 	91 
003616 	174 	65 	91 	91 
003617 	174 	65 	91 	91 
003618 	174 	65 	91 	91 
003619 	174 	65 	91 	91 
003620 	174 	65 	91 	91 
003621 	174 	65 	91 	91 
003622 	174 	65 	91 	91 
003623 	174 	65 	91 	91 
003624 	161 	66 	109 	109 
003625 	161 	66 	109 	109 
003626 	161 	66 	109 	109 
003627 	161 	54 	109 	109 
003628 	161 	54 	109 	109 
003629 	161 	54 	109 	109 
003630 	161 	54 	109 	109 
003631 	161 	54 	109 	109 
003632 	174 	65 	91 	91 
003633 	161 	66 	109 	109 
003634 	161 	66 	109 	109 
003635 	161 	66 	109 	109 
003636 	161 	66 	109 	109 
003637 	173 	66 	109 	109 
003638 	173 	66 	109 	109 
003639 	173 	66 	109 	109 
003640 	173 	66 	109 	109 
003641 	173 	66 	109 	109 
003642 	173 	66 	109 	109 
003643 	173 	66 	109 	109 
003644 	173 	66 	109 	109 
003645 	173 	66 	109 	109 
003646 	173 	66 	109 	109 
003647 	173 	66 	109 	109 
003648 	173 	66 	109 	109 
003649 	173 	66 	109 	109 
003650 	174 	75 	91 	91 
003651 	174 	75 	91 	91 
003652 	174 	75 	91 	91 
003653 	174 	75 	91 	91 
003654 	174 	75 	91 	91 
003655 	174 	75 	91 	91 
003656 	174 	75 	91 	91 
003657 	174 	75 	91 	91 
003658 	174 	75 	91 	91 
003659 	174 	75 	91 	91 
003660 	174 	75 	91 	91 
003661 	174 	75 	91 	91 
003662 	174 	75 	91 	91 
003663 	174 	75 	91 	91 
003664 	174 	75 	91 	91 
003665 	161 	66 	109 	109 
003666 	161 	66 	109 	109 
003667 	161 	66 	109 	109 
003668 	161 	66 	109 	109 
003669 	161 	66 	109 	109 
003670 	161 	66 	109 	109 
003671 	161 	66 	109 	109 
003672 	161 	66 	109 	109 
003673 	161 	66 	109 	109 
003674 	161 	66 	109 	109 
003675 	161 	66 	109 	109 
003676 	161 	66 	109 	109 
003677 	161 	66 	109 	109 
003678 	161 	66 	109 	109 
003679 	161 	66 	109 	109 
003680 	161 	66 	109 	109 
003681 	161 	66 	109 	109 
003682 	161 	66 	109 	109 
003683 	164 	65 	91 	91 
003684 	164 	65 	91 	91 
003685 	164 	65 	91 	91 
003686 	150 	66 	108 	109 
003687 	150 	54 	108 	109 
003688 	150 	54 	108 	109 
003689 	150 	54 	108 	109 
003690 	150 	54 	108 	109 
003691 	150 	54 	108 	109 
003692 	150 	54 	108 	109 
003693 	150 	54 	108 	109 
003694 	150 	54 	108 	109 
003695 	150 	54 	108 	109 
003696 	164 	65 	91 	91 
003697 	161 	54 	109 	109 
003698 	161 	54 	109 	109 
003699 	161 	54 	109 	109 
003700 	161 	54 	109 	109 
003701 	174 	65 	91 	91 
003702 	174 	65 	91 	91 
003703 	174 	65 	91 	91 
003704 	174 	65 	91 	91 
003705 	174 	65 	91 	91 
003706 	173 	66 	109 	109 
003707 	173 	66 	109 	109 
003708 	173 	66 	109 	109 
003709 	173 	66 	109 	109 
003710 	173 	66 	109 	109 
003711 	173 	66 	109 	109 
003712 	173 	66 	109 	109 
003713 	174 	75 	91 	91 
003714 	174 	75 	91 	91 
003715 	174 	75 	91 	91 
003716 	174 	75 	91 	91 
003717 	174 	75 	91 	91 
003718 	174 	75 	91 	91 
003719 	174 	75 	91 	91 
003720 	174 	75 	91 	91 
003721 	161 	66 	109 	109 
003722 	161 	66 	109 	109 
003723 	161 	66 	109 	109 
003724 	161 	66 	109 	109 
003725 	161 	66 	109 	109 
003726 	161 	66 	109 	109 
003727 	161 	66 	109 	109 
003728 	161 	66 	109 	109 
003729 	161 	66 	109 	109 
003730 	161 	66 	109 	109 
003731 	161 	66 	109 	109 
003732 	161 	66 	109 	109 
003733 	161 	66 	109 	109 
003734 	161 	66 	109 	109 
003735 	161 	66 	109 	109 
003736 	161 	66 	109 	109 
003737 	161 	66 	109 	109 
003738 	161 	66 	109 	109 
003739 	161 	66 	109 	109 
003740 	161 	66 	109 	109 
003741 	161 	66 	109 	109 
003742 	161 	66 	109 	109 
003743 	161 	66 	109 	109 
003744 	161 	66 	109 	109 
003745 	161 	66 	109 	109 
003746 	161 	66 	109 	109 
003747 	161 	66 	109 	109 
003748 	161 	66 	109 	109 
003749 	161 	66 	109 	109 
003750 	161 	66 	109 	109 
003751 	161 	66 	109 	109 
003752 	161 	66 	109 	109 
003753 	161 	66 	109 	109 
003754 	161 	66 	109 	109 
003755 	164 	85 	91 	91 
003756 	164 	85 	91 	91 
003757 	164 	85 	91 	91 
003758 	164 	85 	91 	91 
003759 	164 	85 	91 	91 
003760 	164 	85 	91 	91 
003761 	164 	85 	91 	91 
003762 	164 	85 	91 	91 
003763 	164 	85 	91 	91 
003764 	164 	85 	91 	91 
003765 	164 	85 	91 	91 
003766 	164 	85 	91 	91 
003767 	164 	85 	91 	91 
003768 	164 	85 	91 	91 
003769 	161 	66 	109 	109 
003770 	161 	66 	109 	109 
003771 	161 	66 	109 	109 
003772 	161 	66 	109 	109 
003773 	161 	66 	109 	109 
003774 	161 	66 	109 	109 
003775 	161 	66 	109 	109 
003776 	161 	66 	109 	109 
003777 	161 	66 	109 	109 
003778 	161 	66 	109 	109 
003779 	174 	75 	91 	91 
003780 	174 	75 	91 	91 
003781 	174 	75 	91 	91 
003782 	173 	66 	109 	109 
003783 	184 	75 	91 	91 
003784 	184 	75 	91 	91 
003785 	185 	66 	109 	109 
003786 	185 	66 	109 	109 
003787 	185 	66 	109 	109 
003788 	185 	66 	109 	109 
003789 	185 	66 	109 	109 
003790 	185 	66 	109 	109 
003791 	184 	75 	91 	91 
003792 	173 	66 	109 	109 
003793 	173 	66 	109 	109 
003794 	161 	66 	109 	109 
003795 	161 	66 	109 	109 
003796 	161 	66 	109 	109 
003797 	161 	66 	109 	109 
003798 	161 	66 	109 	109 
003799 	161 	66 	109 	109 
003800 	161 	66 	109 	109 
003801 	161 	66 	109 	109 
003802 	161 	66 	109 	109 
003803 	161 	66 	109 	109 
003804 	161 	66 	109 	109 
003805 	161 	66 	109 	109 
003806 	161 	66 	109 	109 
003807 	161 	66 	109 	109 
003808 	174 	75 	91 	91 
003809 	161 	66 	109 	109 
003810 	174 	75 	91 	91 
003811 	174 	75 	91 	91 
003812 	174 	75 	91 	91 
003813 	174 	75 	91 	91 
003814 	174 	75 	91 	91 
003815 	174 	75 	91 	91 
003816 	174 	75 	91 	91 
003817 	161 	66 	109 	109 
003818 	161 	66 	109 	109 
003819 	161 	66 	109 	109 
003820 	161 	66 	109 	109 
003821 	161 	66 	109 	109 
003822 	161 	66 	109 	109 
003823 	161 	66 	109 	109 
003824 	161 	66 	109 	109 
003825 	161 	66 	109 	109 
003826 	161 	66 	109 	109 
003827 	161 	66 	109 	109 
003828 	161 	66 	109 	109 
003829 	161 	66 	109 	109 
003830 	161 	66 	109 	109 
003831 	161 	66 	109 	109 
003832 	164 	75 	91 	91 
003833 	164 	65 	91 	91 
003834 	164 	65 	91 	91 
003835 	164 	75 	91 	91 
003836 	161 	66 	109 	109 
003837 	161 	66 	109 	109 
003838 	161 	66 	109 	109 
003839 	161 	66 	109 	109 
003840 	161 	66 	109 	109 
003841 	161 	66 	109 	109 
003842 	164 	75 	91 	91 
003843 	164 	75 	91 	91 
003844 	164 	75 	91 	91 
003845 	161 	66 	109 	109 
003846 	161 	66 	109 	109 
003847 	161 	66 	109 	109 
003848 	161 	66 	109 	109 
003849 	164 	75 	91 	91 
003850 	164 	75 	91 	91 
003851 	164 	75 	91 	91 
003852 	164 	75 	91 	91 
003853 	164 	85 	91 	91 
003854 	164 	85 	91 	91 
003855 	164 	85 	91 	91 
003856 	164 	85 	91 	91 
003857 	164 	85 	91 	91 
003858 	164 	85 	91 	91 
003859 	164 	85 	91 	91 
003860 	161 	78 	109 	109 
003861 	161 	78 	109 	109 
003862 	161 	78 	109 	109 
003863 	161 	78 	109 	109 
003864 	161 	78 	109 	109 
003865 	161 	78 	109 	109 
003866 	161 	78 	109 	109 
003867 	161 	78 	109 	109 
003868 	161 	78 	109 	109 
003869 	164 	85 	91 	91 
003870 	164 	85 	91 	91 
003871 	164 	85 	91 	91 
003872 	164 	85 	91 	91 
003873 	164 	85 	91 	91 
003874 	164 	85 	91 	91 
003875 	164 	85 	91 	91 
003876 	164 	85 	91 	91 
003877 	164 	85 	91 	91 
003878 	161 	78 	109 	109 
003879 	161 	78 	109 	109 
003880 	161 	78 	109 	109 
003881 	161 	78 	109 	109 
003882 	161 	78 	109 	109 
003883 	161 	78 	109 	109 
003884 	161 	78 	109 	109 
003885 	161 	78 	109 	109 
003886 	161 	78 	109 	109 
003887 	161 	78 	109 	109 
003888 	164 	85 	91 	91 
003889 	164 	85 	91 	91 
003890 	164 	85 	91 	91 
003891 	164 	85 	91 	91 
003892 	164 	85 	91 	91 
003893 	164 	85 	91 	91 
003894 	164 	85 	91 	91 
003895 	164 	85 	91 	91 
003896 	164 	85 	91 	91 
003897 	164 	85 	91 	91 
003898 	164 	85 	91 	91 
003899 	161 	78 	109 	109 
003900 	161 	66 	109 	109 
003901 	164 	75 	91 	91 
003902 	164 	75 	91 	91 
003903 	161 	66 	109 	109 
003904 	161 	66 	109 	109 
003905 	161 	66 	109 	109 
003906 	161 	66 	109 	109 
003907 	161 	78 	109 	109 
003908 	161 	78 	109 	109 
003909 	161 	78 	109 	109 
003910 	174 	85 	91 	91 
003911 	174 	75 	91 	91 
003912 	174 	75 	91 	91 
003913 	174 	75 	91 	91 
003914 	161 	78 	109 	109 
003915 	161 	78 	109 	109 
003916 	161 	78 	109 	109 
003917 	161 	78 	109 	109 
003918 	174 	85 	91 	91 
003919 	174 	75 	91 	91 
003920 	174 	75 	91 	91 
003921 	174 	75 	91 	91 
003922 	174 	75 	91 	91 
003923 	174 	75 	91 	91 
003924 	161 	66 	109 	109 
003925 	161 	66 	109 	109 
003926 	161 	66 	109 	109 
003927 	161 	66 	109 	109 
003928 	161 	66 	109 	109 
003929 	161 	66 	109 	109 
003930 	161 	66 	109 	109 
003931 	161 	66 	109 	109 
003932 	161 	66 	109 	109 
003933 	161 	66 	109 	109 
003934 	161 	66 	109 	109 
003935 	161 	66 	109 	109 
003936 	161 	66 	109 	109 
003937 	161 	66 	109 	109 
003938 	161 	66 	109 	109 
003939 	161 	66 	109 	109 
003940 	161 	66 	109 	109 
003941 	161 	66 	109 	109 
003942 	161 	66 	109 	109 
003943 	161 	66 	109 	109 
003944 	174 	75 	91 	91 
003945 	174 	75 	91 	91 
003946 	174 	75 	91 	91 
003947 	174 	75 	91 	91 
003948 	174 	75 	91 	91 
003949 	174 	75 	91 	91 
003950 	174 	75 	91 	91 
003951 	174 	75 	91 	91 
003952 	174 	75 	91 	91 
003953 	174 	75 	91 	91 
003954 	161 	66 	109 	109 
003955 	161 	66 	109 	109 
003956 	161 	66 	109 	109 
003957 	161 	66 	109 	109 
003958 	161 	66 	109 	109 
003959 	164 	75 	91 	91 
003960 	164 	75 	91 	91 
003961 	164 	75 	91 	91 
003962 	164 	75 	91 	91 
003963 	164 	75 	91 	91 
003964 	164 	75 	91 	91 
003965 	150 	66 	108 	109 
003966 	150 	66 	108 	109 
003967 	150 	66 	108 	109 
003968 	150 	66 	108 	109 
003969 	154 	75 	91 	91 
003970 	154 	75 	91 	91 
003971 	154 	75 	91 	91 
003972 	150 	66 	108 	109 
003973 	150 	66 	108 	109 
003974 	150 	66 	108 	109 
003975 	150 	66 	108 	109 
003976 	150 	66 	108 	109 
003977 	150 	66 	108 	109 
003978 	164 	65 	91 	91 
003979 	164 	75 	91 	91 
003980 	164 	75 	91 	91 
003981 	161 	66 	109 	109 
003982 	161 	66 	109 	109 
003983 	161 	66 	109 	109 
003984 	161 	66 	109 	109 
003985 	161 	66 	109 	109 
003986 	164 	75 	91 	91 
003987 	161 	66 	109 	109 
003988 	164 	75 	91 	91 
003989 	161 	66 	109 	109 
003990 	161 	66 	109 	109 
003991 	161 	66 	109 	109 
003992 	161 	66 	109 	109 
003993 	161 	66 	109 	109 
003994 	164 	75 	91 	91 
003995 	164 	75 	91 	91 
003996 	164 	75 	91 	91 
003997 	164 	75 	91 	91 
003998 	164 	75 	91 	91 
003999 	164 	75 	91 	91 
004000 	150 	66 	108 	109 
004001 	150 	66 	108 	109 
004002 	150 	66 	108 	109 
004003 	150 	66 	108 	109 
004004 	150 	66 	108 	109 
004005 	150 	66 	108 	109 
004006 	150 	66 	108 	109 
004007 	150 	66 	108 	109 
004008 	150 	66 	108 	109 
004009 	150 	66 	108 	109 
004010 	150 	66 	108 	109 
004011 	150 	66 	108 	109 
004012 	150 	66 	108 	109 
004013 	150 	66 	108 	109 
004014 	150 	66 	108 	109 
004015 	150 	66 	108 	109 
004016 	150 	66 	108 	109 
004017 	150 	66 	108 	109 
004018 	150 	66 	108 	109 
004019 	150 	66 	108 	109 
004020 	150 	66 	108 	109 
004021 	164 	75 	91 	91 
004022 	164 	75 	91 	91 
004023 	164 	75 	91 	91 
004024 	164 	75 	91 	91 
004025 	164 	75 	91 	91 
004026 	164 	75 	91 	91 
004027 	164 	75 	91 	91 
004028 	164 	75 	91 	91 
004029 	164 	75 	91 	91 
004030 	164 	75 	91 	91 
004031 	164 	75 	91 	91 
004032 	164 	75 	91 	91 
004033 	164 	75 	91 	91 
004034 	164 	75 	91 	91 
004035 	164 	65 	91 	91 
004036 	164 	65 	91 	91 
004037 	164 	65 	91 	91 
004038 	164 	65 	91 	91 
004039 	164 	65 	91 	91 
004040 	150 	54 	108 	109 
004041 	150 	54 	108 	109 
004042 	150 	54 	108 	109 
004043 	150 	54 	108 	109 
004044 	150 	54 	108 	109 
004045 	150 	54 	108 	109 
004046 	150 	54 	108 	109 
004047 	150 	54 	108 	109 
004048 	150 	54 	108 	109 
004049 	150 	54 	108 	109 
004050 	150 	54 	108 	109 
004051 	150 	54 	108 	109 
004052 	164 	65 	91 	91 
004053 	164 	65 	91 	91 
004054 	161 	54 	109 	109 
004055 	161 	54 	109 	109 
004056 	164 	65 	91 	91 
004057 	161 	66 	109 	109 
004058 	161 	66 	109 	109 
004059 	161 	66 	109 	109 
004060 	161 	66 	109 	109 
004061 	161 	66 	109 	109 
004062 	164 	65 	91 	91 
004063 	164 	65 	91 	91 
004064 	164 	65 	91 	91 
004065 	164 	65 	91 	91 
004066 	164 	65 	91 	91 
004067 	164 	75 	91 	91 
004068 	164 	75 	91 	91 
004069 	164 	75 	91 	91 
004070 	164 	75 	91 	91 
004071 	164 	75 	91 	91 
004072 	164 	75 	91 	91 
004073 	164 	75 	91 	91 
004074 	161 	66 	109 	109 
004075 	164 	75 	91 	91 
004076 	164 	75 	91 	91 
004077 	164 	75 	91 	91 
004078 	164 	75 	91 	91 
004079 	164 	75 	91 	91 
004080 	164 	75 	91 	91 
004081 	164 	75 	91 	91 
004082 	164 	75 	91 	91 
004083 	164 	75 	91 	91 
004084 	164 	75 	91 	91 
004085 	164 	75 	91 	91 
004086 	164 	75 	91 	91 
004087 	164 	75 	91 	91 
004088 	161 	66 	109 	109 
004089 	161 	66 	109 	109 
004090 	161 	66 	109 	109 
004091 	161 	66 	109 	109 
004092 	161 	66 	109 	109 
004093 	161 	66 	109 	109 
004094 	161 	66 	109 	109 
004095 	161 	66 	109 	109 
004096 	161 	66 	109 	109 
004097 	161 	66 	109 	109 
004098 	161 	66 	109 	109 
004099 	161 	66 	109 	109 
004100 	161 	66 	109 	109 
004101 	161 	66 	109 	109 
004102 	161 	66 	109 	109 
004103 	161 	66 	109 	109 
004104 	161 	66 	109 	109 
004105 	164 	75 	91 	91 
004106 	164 	75 	91 	91 
004107 	164 	75 	91 	91 
004108 	164 	75 	91 	91 
004109 	164 	75 	91 	91 
004110 	161 	66 	109 	109 
004111 	161 	66 	109 	109 
004112 	161 	66 	109 	109 
004113 	161 	66 	109 	109 
004114 	161 	66 	109 	109 
004115 	174 	75 	91 	91 
004116 	174 	75 	91 	91 
004117 	174 	75 	91 	91 
004118 	174 	75 	91 	91 
004119 	173 	66 	109 	109 
004120 	173 	66 	109 	109 
004121 	173 	66 	109 	109 
004122 	173 	66 	109 	109 
004123 	173 	78 	109 	109 
004124 	173 	66 	109 	109 
004125 	173 	66 	109 	109 
004126 	174 	75 	91 	91 
004127 	174 	75 	91 	91 
004128 	174 	75 	91 	91 
004129 	174 	75 	91 	91 
004130 	161 	66 	109 	109 
004131 	161 	66 	109 	109 
004132 	161 	66 	109 	109 
004133 	161 	66 	109 	109 
004134 	161 	66 	109 	109 
004135 	161 	66 	109 	109 
004136 	161 	66 	109 	109 
004137 	161 	66 	109 	109 
004138 	161 	66 	109 	109 
004139 	161 	66 	109 	109 
004140 	161 	66 	109 	109 
004141 	161 	66 	109 	109 
004142 	161 	66 	109 	109 
004143 	161 	66 	109 	109 
004144 	161 	66 	109 	109 
004145 	161 	66 	109 	109 
004146 	161 	66 	109 	109 
004147 	164 	75 	91 	91 
004148 	161 	66 	109 	109 
004149 	164 	75 	91 	91 
004150 	164 	75 	91 	91 
004151 	164 	75 	91 	91 
004152 	164 	75 	91 	91 
004153 	164 	75 	91 	91 
004154 	164 	75 	91 	91 
004155 	164 	75 	91 	91 
004156 	164 	75 	91 	91 
004157 	161 	66 	109 	109 
004158 	161 	66 	109 	109 
004159 	161 	66 	109 	109 
004160 	161 	66 	109 	109 
004161 	161 	66 	109 	109 
004162 	161 	66 	109 	109 
004163 	161 	66 	109 	109 
004164 	161 	66 	109 	109 
004165 	161 	66 	109 	109 
004166 	161 	66 	109 	109 
004167 	161 	66 	109 	109 
004168 	161 	66 	109 	109 
004169 	161 	66 	109 	109 
004170 	161 	66 	109 	109 
004171 	164 	65 	91 	91 
004172 	164 	65 	91 	91 
004173 	164 	65 	91 	91 
004174 	164 	65 	91 	91 
004175 	164 	65 	91 	91 
004176 	150 	66 	108 	109 
004177 	150 	66 	108 	109 
004178 	150 	66 	108 	109 
004179 	150 	66 	108 	109 
004180 	150 	66 	108 	109 
004181 	150 	66 	108 	109 
004182 	150 	66 	108 	109 
004183 	150 	66 	108 	109 
004184 	150 	66 	108 	109 
004185 	150 	66 	108 	109 
004186 	164 	65 	91 	91 
004187 	164 	65 	91 	91 
004188 	164 	65 	91 	91 
004189 	164 	65 	91 	91 
004190 	164 	65 	91 	91 
004191 	164 	65 	91 	91 
004192 	164 	75 	91 	91 
004193 	164 	75 	91 	91 
004194 	161 	66 	109 	109 
004195 	161 	66 	109 	109 
004196 	174 	75 	91 	91 
004197 	173 	66 	109 	109 
004198 	173 	66 	109 	109 
004199 	173 	78 	109 	109 
004200 	173 	78 	109 	109 
004201 	173 	78 	109 	109 
004202 	173 	78 	109 	109 
004203 	174 	95 	91 	91 
004204 	174 	95 	91 	91 
004205 	161 	78 	109 	109 
004206 	161 	78 	109 	109 
004207 	161 	78 	109 	109 
004208 	161 	78 	109 	109 
004209 	164 	85 	91 	91 
004210 	164 	85 	91 	91 
004211 	164 	85 	91 	91 
004212 	161 	78 	109 	109 
004213 	161 	78 	109 	109 
004214 	161 	78 	109 	109 
004215 	164 	75 	91 	91 
004216 	164 	75 	91 	91 
004217 	164 	75 	91 	91 
004218 	164 	75 	91 	91 
004219 	164 	75 	91 	91 
004220 	164 	75 	91 	91 
004221 	164 	75 	91 	91 
004222 	164 	75 	91 	91 
004223 	164 	75 	91 	91 
004224 	164 	75 	91 	91 
004225 	164 	75 	91 	91 
004226 	164 	75 	91 	91 
004227 	164 	75 	91 	91 
004228 	164 	75 	91 	91 
004229 	161 	66 	109 	109 
004230 	161 	66 	109 	109 
004231 	161 	66 	109 	109 
004232 	161 	66 	109 	109 
004233 	161 	66 	109 	109 
004234 	161 	66 	109 	109 
004235 	161 	66 	109 	109 
004236 	161 	66 	109 	109 
004237 	161 	66 	109 	109 
004238 	161 	66 	109 	109 
004239 	161 	66 	109 	109 
004240 	161 	66 	109 	109 
004241 	161 	66 	109 	109 
004242 	161 	66 	109 	109 
004243 	161 	66 	109 	109 
004244 	161 	66 	109 	109 
004245 	161 	66 	109 	109 
004246 	161 	66 	109 	109 
004247 	161 	66 	109 	109 
004248 	161 	66 	109 	109 
004249 	161 	66 	109 	109 
004250 	161 	66 	109 	109 
004251 	161 	66 	109 	109 
004252 	161 	66 	109 	109 
004253 	161 	66 	109 	109 
004254 	174 	75 	91 	91 
004255 	174 	75 	91 	91 
004256 	174 	75 	91 	91 
004257 	174 	75 	91 	91 
004258 	174 	85 	91 	91 
004259 	174 	85 	91 	91 
004260 	174 	85 	91 	91 
004261 	174 	85 	91 	91 
004262 	161 	66 	109 	109 
004263 	161 	66 	109 	109 
004264 	164 	75 	91 	91 
004265 	164 	75 	91 	91 
004266 	150 	66 	108 	109 
004267 	150 	66 	108 	109 
004268 	154 	75 	91 	91 
004269 	150 	66 	108 	109 
004270 	154 	75 	91 	91 
004271 	150 	66 	108 	109 
004272 	164 	75 	91 	91 
004273 	164 	65 	91 	91 
004274 	161 	66 	109 	109 
004275 	161 	66 	109 	109 
004276 	174 	75 	91 	91 
004277 	174 	75 	91 	91 
004278 	174 	75 	91 	91 
004279 	174 	75 	91 	91 
004280 	173 	66 	109 	109 
004281 	173 	66 	109 	109 
004282 	185 	66 	109 	109 
004283 	173 	66 	109 	109 
004284 	173 	66 	109 	109 
004285 	173 	66 	109 	109 
004286 	173 	66 	109 	109 
004287 	173 	66 	109 	109 
004288 	173 	66 	109 	109 
004289 	173 	66 	109 	109 
004290 	174 	75 	91 	91 
004291 	174 	75 	91 	91 
004292 	161 	66 	109 	109 
004293 	161 	66 	109 	109 
004294 	161 	66 	109 	109 
004295 	161 	66 	109 	109 
004296 	164 	75 	91 	91 
004297 	164 	75 	91 	91 
004298 	164 	75 	91 	91 
004299 	164 	75 	91 	91 
004300 	164 	75 	91 	91 
004301 	164 	75 	91 	91 
004302 	164 	75 	91 	91 
004303 	164 	75 	91 	91 
004304 	164 	75 	91 	91 
004305 	164 	75 	91 	91 
004306 	164 	85 	91 	91 
004307 	161 	78 	109 	109 
004308 	161 	78 	109 	109 
004309 	161 	78 	109 	109 
004310 	161 	78 	109 	109 
004311 	161 	78 	109 	109 
004312 	161 	78 	109 	109 
004313 	161 	78 	109 	109 
004314 	161 	66 	109 	109 
004315 	161 	66 	109 	109 
004316 	161 	78 	109 	109 
004317 	161 	66 	109 	109 
004318 	161 	66 	109 	109 
004319 	161 	66 	109 	109 
004320 	161 	66 	109 	109 
004321 	161 	66 	109 	109 
004322 	161 	66 	109 	109 
004323 	161 	66 	109 	109 
004324 	161 	66 	109 	109 
004325 	161 	66 	109 	109 
004326 	161 	66 	109 	109 
004327 	161 	66 	109 	109 
004328 	161 	66 	109 	109 
004329 	161 	66 	109 	109 
004330 	161 	66 	109 	109 
004331 	161 	66 	109 	109 
004332 	161 	66 	109 	109 
004333 	161 	66 	109 	109 
004334 	161 	66 	109 	109 
004335 	161 	66 	109 	109 
004336 	164 	65 	91 	91 
004337 	164 	65 	91 	91 
004338 	164 	65 	91 	91 
004339 	164 	65 	91 	91 
004340 	164 	65 	91 	91 
004341 	164 	65 	91 	91 
004342 	164 	65 	91 	91 
004343 	164 	65 	91 	91 
004344 	164 	65 	91 	91 
004345 	164 	65 	91 	91 
004346 	164 	65 	91 	91 
004347 	164 	65 	91 	91 
004348 	164 	65 	91 	91 
004349 	164 	65 	91 	91 
004350 	164 	65 	91 	91 
004351 	161 	66 	109 	109 
004352 	161 	66 	109 	109 
004353 	161 	66 	109 	109 
004354 	161 	66 	109 	109 
004355 	161 	66 	109 	109 
004356 	161 	54 	109 	109 
004357 	161 	54 	109 	109 
004358 	161 	54 	109 	109 
004359 	161 	54 	109 	109 
004360 	161 	54 	109 	109 
004361 	161 	66 	109 	109 
004362 	161 	66 	109 	109 
004363 	161 	66 	109 	109 
004364 	161 	66 	109 	109 
004365 	161 	66 	109 	109 
004366 	161 	66 	109 	109 
004367 	161 	66 	109 	109 
004368 	164 	75 	91 	91 
004369 	164 	75 	91 	91 
004370 	164 	75 	91 	91 
004371 	164 	75 	91 	91 
004372 	150 	66 	108 	109 
004373 	150 	66 	108 	109 
004374 	150 	66 	108 	109 
004375 	150 	66 	108 	109 
004376 	150 	66 	108 	109 
004377 	150 	66 	108 	109 
004378 	150 	66 	108 	109 
004379 	150 	66 	108 	109 
004380 	150 	66 	108 	109 
004381 	150 	66 	108 	109 
004382 	150 	66 	108 	109 
004383 	150 	66 	108 	109 
004384 	150 	66 	108 	109 
004385 	150 	66 	108 	109 
004386 	150 	66 	108 	109 
004387 	150 	66 	108 	109 
004388 	150 	66 	108 	109 
004389 	150 	66 	108 	109 
004390 	154 	75 	91 	91 
004391 	150 	66 	108 	109 
004392 	150 	66 	108 	109 
004393 	150 	66 	108 	109 
004394 	150 	66 	108 	109 
004395 	150 	66 	108 	109 
004396 	150 	66 	108 	109 
004397 	150 	66 	108 	109 
004398 	150 	66 	108 	109 
004399 	161 	66 	109 	109 
004400 	161 	66 	109 	109 
004401 	161 	66 	109 	109 
004402 	161 	66 	109 	109 
004403 	161 	66 	109 	109 
004404 	161 	78 	109 	109 
004405 	161 	78 	109 	109 
004406 	161 	78 	109 	109 
004407 	161 	78 	109 	109 
004408 	161 	78 	109 	109 
004409 	164 	85 	91 	91 
004410 	164 	85 	91 	91 
004411 	164 	85 	91 	91 
004412 	150 	78 	108 	109 
004413 	164 	75 	91 	91 
004414 	164 	75 	91 	91 
004415 	164 	75 	91 	91 
004416 	164 	85 	91 	91 
004417 	164 	85 	91 	91 
004418 	164 	75 	91 	91 
004419 	164 	75 	91 	91 
004420 	150 	78 	108 	109 
004421 	150 	66 	108 	109 
004422 	154 	75 	91 	91 
004423 	154 	85 	91 	91 
004424 	154 	85 	91 	91 
004425 	154 	85 	91 	91 
004426 	154 	85 	91 	91 
004427 	154 	85 	91 	91 
004428 	154 	85 	91 	91 
004429 	154 	75 	91 	91 
004430 	154 	75 	91 	91 
004431 	154 	75 	91 	91 
004432 	150 	66 	108 	109 
004433 	150 	66 	108 	109 
004434 	154 	75 	91 	91 
004435 	150 	78 	108 	109 
004436 	154 	75 	91 	91 
004437 	150 	78 	108 	109 
004438 	150 	78 	108 	109 
004439 	150 	78 	108 	109 
004440 	154 	85 	91 	91 
004441 	154 	85 	91 	91 
004442 	154 	85 	91 	91 
004443 	154 	85 	91 	91 
004444 	154 	85 	91 	91 
004445 	154 	85 	91 	91 
004446 	154 	85 	91 	91 
004447 	154 	85 	91 	91 
004448 	154 	85 	91 	91 
004449 	154 	85 	91 	91 
004450 	154 	85 	91 	91 
004451 	154 	85 	91 	91 
004452 	154 	85 	91 	91 
004453 	154 	85 	91 	91 
004454 	154 	85 	91 	91 
004455 	154 	75 	91 	91 
004456 	154 	75 	91 	91 
004457 	154 	75 	91 	91 
004458 	150 	66 	108 	109 
004459 	164 	75 	91 	91 
004460 	164 	75 	91 	91 
004461 	164 	75 	91 	91 
004462 	164 	75 	91 	91 
004463 	164 	75 	91 	91 
004464 	164 	75 	91 	91 
004465 	164 	75 	91 	91 
004466 	164 	75 	91 	91 
004467 	150 	66 	108 	109 
004468 	150 	66 	108 	109 
004469 	150 	66 	108 	109 
004470 	150 	66 	108 	109 
004471 	150 	66 	108 	109 
004472 	150 	66 	108 	109 
004473 	154 	75 	91 	91 
004474 	150 	66 	108 	109 
004475 	154 	75 	91 	91 
004476 	150 	66 	108 	109 
004477 	150 	66 	108 	109 
004478 	164 	75 	91 	91 
004479 	164 	75 	91 	91 
004480 	161 	66 	109 	109 
004481 	161 	66 	109 	109 
004482 	164 	75 	91 	91 
004483 	164 	75 	91 	91 
004484 	150 	66 	108 	109 
004485 	150 	66 	108 	109 
004486 	150 	66 	108 	109 
004487 	150 	66 	108 	109 
004488 	150 	66 	108 	109 
004489 	150 	66 	108 	109 
004490 	150 	66 	108 	109 
004491 	150 	66 	108 	109 
004492 	150 	66 	108 	109 
004493 	150 	66 	108 	109 
004494 	150 	66 	108 	109 
004495 	150 	66 	108 	109 
004496 	150 	66 	108 	109 
004497 	164 	75 	91 	91 
004498 	164 	75 	91 	91 
004499 	164 	75 	91 	91 
004500 	164 	75 	91 	91 
004501 	164 	75 	91 	91 
004502 	164 	75 	91 	91 
004503 	164 	75 	91 	91 
004504 	161 	66 	109 	109 
004505 	161 	66 	109 	109 
004506 	161 	66 	109 	109 
004507 	161 	66 	109 	109 
004508 	161 	66 	109 	109 
004509 	161 	66 	109 	109 
004510 	174 	75 	91 	91 
004511 	174 	75 	91 	91 
004512 	173 	66 	109 	109 
004513 	173 	66 	109 	109 
004514 	173 	66 	109 	109 
004515 	173 	66 	109 	109 
004516 	173 	66 	109 	109 
004517 	173 	66 	109 	109 
004518 	174 	75 	91 	91 
004519 	161 	66 	109 	109 
004520 	161 	66 	109 	109 
004521 	161 	66 	109 	109 
004522 	161 	66 	109 	109 
004523 	161 	66 	109 	109 
004524 	161 	66 	109 	109 
004525 	161 	66 	109 	109 
004526 	161 	66 	109 	109 
004527 	161 	66 	109 	109 
004528 	161 	66 	109 	109 
004529 	161 	66 	109 	109 
004530 	161 	66 	109 	109 
004531 	161 	66 	109 	109 
004532 	161 	66 	109 	109 
004533 	161 	66 	109 	109 
004534 	161 	66 	109 	109 
004535 	161 	66 	109 	109 
004536 	161 	66 	109 	109 
004537 	164 	75 	91 	91 
004538 	161 	66 	109 	109 
004539 	164 	75 	91 	91 
004540 	164 	75 	91 	91 
004541 	164 	75 	91 	91 
004542 	161 	66 	109 	109 
004543 	161 	66 	109 	109 
004544 	161 	66 	109 	109 
004545 	161 	66 	109 	109 
004546 	161 	66 	109 	109 
004547 	161 	66 	109 	109 
004548 	161 	66 	109 	109 
004549 	161 	66 	109 	109 
004550 	161 	66 	109 	109 
004551 	161 	66 	109 	109 
004552 	174 	65 	91 	91 
004553 	174 	65 	91 	91 
004554 	174 	65 	91 	91 
004555 	174 	65 	91 	91 
004556 	174 	65 	91 	91 
004557 	173 	54 	109 	109 
004558 	173 	54 	109 	109 
004559 	173 	54 	109 	109 
004560 	173 	54 	109 	109 
004561 	173 	54 	109 	109 
004562 	173 	54 	109 	109 
004563 	174 	65 	91 	91 
004564 	174 	65 	91 	91 
004565 	174 	65 	91 	91 
004566 	174 	55 	91 	91 
004567 	174 	55 	91 	91 
004568 	174 	55 	91 	91 
004569 	184 	55 	91 	91 
004570 	173 	54 	109 	109 
004571 	173 	54 	109 	109 
004572 	173 	54 	109 	109 
004573 	174 	65 	91 	91 
004574 	174 	65 	91 	91 
004575 	174 	65 	91 	91 
004576 	173 	54 	109 	109 
004577 	173 	54 	109 	109 
004578 	173 	54 	109 	109 
004579 	173 	54 	109 	109 
004580 	174 	65 	91 	91 
004581 	174 	65 	91 	91 
004582 	173 	54 	109 	109 
004583 	184 	65 	91 	91 
004584 	184 	65 	91 	91 
004585 	184 	65 	91 	91 
004586 	184 	65 	91 	91 
004587 	184 	65 	91 	91 
004588 	184 	65 	91 	91 
004589 	184 	65 	91 	91 
004590 	184 	65 	91 	91 
004591 	184 	65 	91 	91 
004592 	173 	54 	109 	109 
004593 	173 	54 	109 	109 
004594 	174 	65 	91 	91 
004595 	174 	65 	91 	91 
004596 	174 	65 	91 	91 
004597 	174 	65 	91 	91 
004598 	174 	65 	91 	91 
004599 	161 	54 	109 	109 
004600 	161 	54 	109 	109 
004601 	161 	54 	109 	109 
004602 	164 	65 	91 	91 
004603 	164 	65 	91 	91 
004604 	164 	65 	91 	91 
004605 	164 	65 	91 	91 
004606 	164 	65 	91 	91 
004607 	164 	65 	91 	91 
004608 	164 	65 	91 	91 
004609 	164 	65 	91 	91 
004610 	164 	65 	91 	91 
004611 	164 	65 	91 	91 
004612 	164 	65 	91 	91 
004613 	164 	65 	91 	91 
004614 	164 	65 	91 	91 
004615 	164 	65 	91 	91 
004616 	164 	65 	91 	91 
004617 	164 	65 	91 	91 
004618 	164 	65 	91 	91 
004619 	164 	65 	91 	91 
004620 	161 	54 	109 	109 
004621 	161 	54 	109 	109 
004622 	174 	65 	91 	91 
004623 	174 	65 	91 	91 
004624 	174 	65 	91 	91 
004625 	173 	66 	109 	109 
004626 	173 	66 	109 	109 
004627 	173 	66 	109 	109 
004628 	173 	66 	109 	109 
004629 	173 	66 	109 	109 
004630 	173 	66 	109 	109 
004631 	173 	66 	109 	109 
004632 	173 	66 	109 	109 
004633 	173 	66 	109 	109 
004634 	173 	66 	109 	109 
004635 	173 	66 	109 	109 
004636 	173 	66 	109 	109 
004637 	173 	66 	109 	109 
004638 	173 	66 	109 	109 
004639 	173 	66 	109 	109 
004640 	173 	66 	109 	109 
004641 	173 	66 	109 	109 
004642 	173 	66 	109 	109 
004643 	173 	66 	109 	109 
004644 	173 	66 	109 	109 
004645 	173 	66 	109 	109 
004646 	173 	66 	109 	109 
004647 	173 	66 	109 	109 
004648 	161 	66 	109 	109 
004649 	161 	66 	109 	109 
004650 	161 	66 	109 	109 
004651 	161 	66 	109 	109 
004652 	161 	66 	109 	109 
004653 	164 	75 	91 	91 
004654 	164 	75 	91 	91 
004655 	164 	75 	91 	91 
004656 	161 	66 	109 	109 
004657 	161 	66 	109 	109 
004658 	161 	78 	109 	109 
004659 	161 	78 	109 	109 
004660 	161 	78 	109 	109 
004661 	161 	78 	109 	109 
004662 	161 	78 	109 	109 
004663 	161 	78 	109 	109 
004664 	161 	78 	109 	109 
004665 	161 	78 	109 	109 
004666 	161 	78 	109 	109 
004667 	161 	78 	109 	109 
004668 	161 	78 	109 	109 
004669 	161 	66 	109 	109 
004670 	161 	66 	109 	109 
004671 	161 	66 	109 	109 
004672 	161 	66 	109 	109 
004673 	161 	66 	109 	109 
004674 	161 	66 	109 	109 
004675 	161 	66 	109 	109 
004676 	161 	66 	109 	109 
004677 	161 	66 	109 	109 
004678 	161 	66 	109 	109 
004679 	161 	66 	109 	109 
004680 	174 	75 	91 	91 
004681 	174 	75 	91 	91 
004682 	173 	66 	109 	109 
004683 	173 	66 	109 	109 
004684 	173 	66 	109 	109 
004685 	173 	66 	109 	109 
004686 	173 	66 	109 	109 
004687 	173 	66 	109 	109 
004688 	173 	66 	109 	109 
004689 	173 	66 	109 	109 
004690 	173 	66 	109 	109 
004691 	173 	66 	109 	109 
004692 	173 	66 	109 	109 
004693 	174 	75 	91 	91 
004694 	174 	75 	91 	91 
004695 	161 	66 	109 	109 
004696 	161 	66 	109 	109 
004697 	161 	66 	109 	109 
004698 	164 	65 	91 	91 
004699 	164 	65 	91 	91 
004700 	164 	65 	91 	91 
004701 	164 	65 	91 	91 
004702 	164 	75 	91 	91 
004703 	150 	66 	108 	109 
004704 	154 	75 	91 	91 
004705 	154 	65 	91 	91 
004706 	154 	75 	91 	91 
004707 	154 	75 	91 	91 
004708 	154 	75 	91 	91 
004709 	154 	75 	91 	91 
004710 	154 	75 	91 	91 
004711 	154 	75 	91 	91 
004712 	154 	75 	91 	91 
004713 	154 	75 	91 	91 
004714 	154 	75 	91 	91 
004715 	154 	75 	91 	91 
004716 	154 	75 	91 	91 
004717 	154 	75 	91 	91 
004718 	154 	75 	91 	91 
004719 	154 	75 	91 	91 
004720 	154 	75 	91 	91 
004721 	150 	66 	108 	109 
004722 	150 	66 	108 	109 
004723 	164 	75 	91 	91 
004724 	161 	66 	109 	109 
004725 	161 	66 	109 	109 
004726 	161 	66 	109 	109 
004727 	161 	66 	109 	109 
004728 	174 	75 	91 	91 
004729 	174 	75 	91 	91 
004730 	174 	75 	91 	91 
004731 	174 	75 	91 	91 
004732 	174 	75 	91 	91 
004733 	174 	85 	91 	91 
004734 	174 	85 	91 	91 
004735 	161 	78 	109 	109 
004736 	161 	78 	109 	109 
004737 	164 	95 	91 	91 
004738 	154 	95 	91 	91 
004739 	154 	95 	91 	91 
004740 	154 	95 	91 	91 
004741 	154 	95 	91 	91 
004742 	150 	78 	108 	109 
004743 	150 	78 	108 	109 
004744 	164 	85 	91 	91 
004745 	164 	75 	91 	91 
004746 	164 	75 	91 	91 
004747 	164 	75 	91 	91 
004748 	161 	66 	109 	109 
004749 	161 	66 	109 	109 
004750 	161 	66 	109 	109 
004751 	161 	66 	109 	109 
004752 	164 	75 	91 	91 
004753 	164 	75 	91 	91 
004754 	150 	78 	108 	109 
004755 	150 	78 	108 	109 
004756 	150 	78 	108 	109 
004757 	150 	78 	108 	109 
004758 	150 	78 	108 	109 
004759 	150 	78 	108 	109 
004760 	164 	85 	91 	91 
004761 	164 	85 	91 	91 
004762 	164 	85 	91 	91 
004763 	164 	85 	91 	91 
004764 	150 	78 	108 	109 
004765 	150 	78 	108 	109 
004766 	150 	78 	108 	109 
004767 	150 	78 	108 	109 
004768 	150 	78 	108 	109 
004769 	154 	85 	91 	91 
004770 	154 	85 	91 	91 
004771 	154 	85 	91 	91 
004772 	154 	85 	91 	91 
004773 	154 	75 	91 	91 
004774 	154 	85 	91 	91 
004775 	154 	85 	91 	91 
004776 	154 	75 	91 	91 
004777 	138 	66 	108 	109 
004778 	144 	75 	91 	91 
004779 	144 	75 	91 	91 
004780 	138 	66 	108 	109 
004781 	144 	75 	91 	91 
004782 	144 	75 	91 	91 
004783 	144 	75 	91 	91 
004784 	144 	75 	91 	91 
004785 	138 	66 	108 	109 
004786 	138 	66 	108 	109 
004787 	138 	66 	108 	109 
004788 	138 	66 	108 	109 
004789 	154 	75 	91 	91 
004790 	154 	75 	91 	91 
004791 	154 	65 	91 	91 
004792 	154 	65 	91 	91 
004793 	154 	65 	91 	91 
004794 	138 	66 	108 	109 
004795 	138 	66 	108 	109 
004796 	138 	66 	108 	109 
004797 	138 	66 	108 	109 
004798 	138 	66 	108 	109 
004799 	144 	65 	91 	91 
004800 	144 	65 	91 	91 
004801 	144 	65 	91 	91 
004802 	144 	65 	91 	91 
004803 	144 	65 	91 	91 
004804 	144 	65 	91 	91 
004805 	144 	75 	91 	91 
004806 	144 	75 	91 	91 
004807 	144 	75 	91 	91 
004808 	144 	75 	91 	91 
004809 	144 	75 	91 	91 
004810 	144 	75 	91 	91 
004811 	144 	75 	91 	91 
004812 	144 	75 	91 	91 
004813 	144 	75 	91 	91 
004814 	138 	66 	108 	109 
004815 	154 	75 	91 	91 
004816 	154 	75 	91 	91 
004817 	154 	75 	91 	91 
004818 	154 	75 	91 	91 
004819 	154 	75 	91 	91 
004820 	154 	75 	91 	91 
004821 	150 	54 	108 	109 
004822 	150 	54 	108 	109 
004823 	150 	54 	108 	109 
004824 	164 	65 	91 	91 
004825 	164 	65 	91 	91 
004826 	164 	65 	91 	91 
004827 	164 	65 	91 	91 
004828 	164 	65 	91 	91 
004829 	164 	65 	91 	91 
004830 	164 	65 	91 	91 
004831 	164 	65 	91 	91 
004832 	164 	65 	91 	91 
004833 	164 	65 	91 	91 
004834 	161 	54 	109 	109 
004835 	161 	54 	109 	109 
004836 	161 	54 	109 	109 
004837 	164 	65 	91 	91 
004838 	164 	65 	91 	91 
004839 	164 	65 	91 	91 
004840 	161 	66 	109 	109 
004841 	161 	66 	109 	109 
004842 	161 	66 	109 	109 
004843 	161 	66 	109 	109 
004844 	161 	66 	109 	109 
004845 	161 	66 	109 	109 
004846 	161 	66 	109 	109 
004847 	164 	75 	91 	91 
004848 	164 	75 	91 	91 
004849 	161 	66 	109 	109 
004850 	161 	66 	109 	109 
004851 	161 	66 	109 	109 
004852 	161 	66 	109 	109 
004853 	161 	66 	109 	109 
004854 	161 	66 	109 	109 
004855 	161 	66 	109 	109 
004856 	161 	66 	109 	109 
004857 	161 	66 	109 	109 
004858 	161 	66 	109 	109 
004859 	174 	75 	91 	91 
004860 	174 	85 	91 	91 
004861 	174 	85 	91 	91 
004862 	174 	85 	91 	91 
004863 	174 	85 	91 	91 
004864 	174 	85 	91 	91 
004865 	174 	85 	91 	91 
004866 	174 	85 	91 	91 
004867 	174 	85 	91 	91 
004868 	174 	85 	91 	91 
004869 	161 	78 	109 	109 
004870 	161 	78 	109 	109 
004871 	161 	78 	109 	109 
004872 	161 	78 	109 	109 
004873 	161 	78 	109 	109 
004874 	161 	78 	109 	109 
004875 	161 	78 	109 	109 
004876 	161 	78 	109 	109 
004877 	161 	78 	109 	109 
004878 	161 	78 	109 	109 
004879 	161 	78 	109 	109 
