Identity  : 	id10306
Reference : 	YVeA3K_cPoc
Offset    : 	-2
FV Conf   : 	18.444
ASD Conf  : 	6.826

FRAME 	X 	Y 	W 	H 
001274 	250 	79 	156 	156 
001275 	250 	79 	156 	156 
001276 	250 	79 	156 	156 
001277 	250 	79 	156 	156 
001278 	250 	79 	156 	156 
001279 	250 	79 	156 	156 
001280 	250 	79 	156 	156 
001281 	250 	79 	156 	156 
001282 	250 	79 	156 	156 
001283 	250 	79 	156 	156 
001284 	250 	79 	156 	156 
001285 	250 	79 	156 	156 
001286 	250 	79 	156 	156 
001287 	250 	79 	156 	156 
001288 	250 	79 	156 	156 
001289 	250 	79 	156 	156 
001290 	250 	79 	156 	156 
001291 	250 	79 	156 	156 
001292 	250 	79 	156 	156 
001293 	250 	79 	156 	156 
001294 	250 	79 	156 	156 
001295 	250 	79 	156 	156 
001296 	250 	79 	156 	156 
001297 	218 	53 	187 	187 
001298 	233 	62 	156 	155 
001299 	233 	62 	156 	155 
001300 	233 	62 	156 	155 
001301 	233 	62 	156 	155 
001302 	233 	62 	156 	155 
001303 	233 	62 	156 	155 
001304 	233 	62 	156 	155 
001305 	233 	62 	156 	155 
001306 	233 	62 	156 	155 
001307 	233 	62 	156 	155 
001308 	233 	62 	156 	155 
001309 	233 	62 	156 	155 
001310 	233 	62 	156 	155 
001311 	233 	62 	156 	155 
001312 	233 	62 	156 	155 
001313 	233 	62 	156 	155 
001314 	233 	62 	156 	155 
001315 	233 	79 	156 	156 
001316 	233 	79 	156 	156 
001317 	233 	79 	156 	156 
001318 	233 	62 	156 	155 
001319 	233 	62 	156 	155 
001320 	233 	62 	156 	155 
001321 	233 	62 	156 	155 
001322 	233 	79 	156 	156 
001323 	233 	79 	156 	156 
001324 	233 	62 	156 	155 
001325 	233 	62 	156 	155 
001326 	233 	62 	156 	155 
001327 	233 	62 	156 	155 
001328 	233 	62 	156 	155 
001329 	233 	62 	156 	155 
001330 	233 	62 	156 	155 
001331 	233 	62 	156 	155 
001332 	233 	62 	156 	155 
001333 	233 	62 	156 	155 
001334 	233 	62 	156 	155 
001335 	233 	62 	156 	155 
001336 	233 	62 	156 	155 
001337 	233 	62 	156 	155 
001338 	233 	62 	156 	155 
001339 	233 	62 	156 	155 
001340 	233 	62 	156 	155 
001341 	233 	62 	156 	155 
001342 	233 	62 	156 	155 
001343 	250 	62 	156 	155 
001344 	250 	62 	156 	155 
001345 	250 	62 	156 	155 
001346 	250 	62 	156 	155 
001347 	250 	62 	156 	155 
001348 	250 	62 	156 	155 
001349 	250 	62 	156 	155 
001350 	233 	62 	156 	155 
001351 	233 	62 	156 	155 
001352 	233 	62 	156 	155 
001353 	233 	62 	156 	155 
001354 	233 	62 	156 	155 
001355 	233 	62 	156 	155 
001356 	233 	62 	156 	155 
001357 	233 	62 	156 	155 
001358 	233 	62 	156 	155 
001359 	233 	62 	156 	155 
001360 	233 	62 	156 	155 
001361 	233 	62 	156 	155 
001362 	233 	62 	156 	155 
001363 	233 	62 	156 	155 
001364 	233 	62 	156 	155 
001365 	233 	62 	156 	155 
001366 	233 	79 	156 	156 
001367 	233 	79 	156 	156 
001368 	233 	79 	156 	156 
001369 	233 	79 	156 	156 
001370 	233 	62 	156 	155 
001371 	233 	62 	156 	155 
001372 	233 	62 	156 	155 
001373 	233 	62 	156 	155 
001374 	233 	62 	156 	155 
001375 	233 	44 	156 	156 
001376 	250 	44 	156 	156 
001377 	250 	44 	156 	156 
001378 	250 	44 	156 	156 
001379 	250 	62 	156 	155 
001380 	250 	62 	156 	155 
001381 	250 	62 	156 	155 
001382 	250 	62 	156 	155 
001383 	250 	62 	156 	155 
001384 	250 	62 	156 	155 
001385 	233 	62 	156 	155 
001386 	233 	62 	156 	155 
001387 	233 	62 	156 	155 
001388 	233 	62 	156 	155 
001389 	233 	62 	156 	155 
001390 	233 	62 	156 	155 
001391 	233 	62 	156 	155 
001392 	233 	62 	156 	155 
001393 	233 	62 	156 	155 
001394 	233 	62 	156 	155 
001395 	233 	79 	156 	156 
001396 	233 	79 	156 	156 
001397 	233 	79 	156 	156 
001398 	233 	79 	156 	156 
001399 	233 	79 	156 	156 
001400 	233 	79 	156 	156 
001401 	233 	79 	156 	156 
001402 	233 	79 	156 	156 
001403 	233 	79 	156 	156 
001404 	233 	79 	156 	156 
001405 	233 	79 	156 	156 
001406 	233 	79 	156 	156 
001407 	233 	79 	156 	156 
001408 	233 	79 	156 	156 
001409 	233 	79 	156 	156 
001410 	233 	79 	156 	156 
001411 	233 	79 	156 	156 
001412 	233 	62 	156 	155 
001413 	233 	62 	156 	155 
001414 	233 	62 	156 	155 
001415 	233 	62 	156 	155 
001416 	233 	79 	156 	156 
001417 	233 	79 	156 	156 
001418 	233 	79 	156 	156 
001419 	233 	79 	156 	156 
001420 	233 	79 	156 	156 
001421 	233 	79 	156 	156 
001422 	233 	79 	156 	156 
001423 	233 	79 	156 	156 
001424 	233 	79 	156 	156 
001425 	233 	79 	156 	156 
001426 	233 	79 	156 	156 
001427 	233 	79 	156 	156 
001428 	233 	79 	156 	156 
001429 	233 	79 	156 	156 
001430 	233 	79 	156 	156 
001431 	233 	79 	156 	156 
001432 	233 	79 	156 	156 
001433 	233 	79 	156 	156 
001434 	233 	79 	156 	156 
001435 	233 	79 	156 	156 
001436 	233 	79 	156 	156 
001437 	233 	79 	156 	156 
001438 	233 	79 	156 	156 
001439 	233 	79 	156 	156 
001440 	233 	79 	156 	156 
001441 	233 	79 	156 	156 
001442 	233 	79 	156 	156 
001443 	233 	79 	156 	156 
001444 	233 	79 	156 	156 
001445 	233 	79 	156 	156 
001446 	233 	79 	156 	156 
001447 	233 	79 	156 	156 
001448 	233 	79 	156 	156 
001449 	233 	79 	156 	156 
001450 	233 	79 	156 	156 
001451 	233 	79 	156 	156 
001452 	216 	79 	156 	156 
001453 	216 	79 	156 	156 
001454 	216 	79 	156 	156 
001455 	216 	79 	156 	156 
001456 	216 	79 	156 	156 
001457 	216 	79 	156 	156 
001458 	216 	79 	156 	156 
001459 	216 	79 	156 	156 
001460 	216 	79 	156 	156 
001461 	216 	79 	156 	156 
001462 	216 	79 	156 	156 
001463 	216 	79 	156 	156 
001464 	216 	79 	156 	156 
001465 	216 	79 	156 	156 
001466 	216 	79 	156 	156 
001467 	216 	79 	156 	156 
001468 	216 	79 	156 	156 
001469 	216 	79 	156 	156 
001470 	216 	79 	156 	156 
001471 	216 	79 	156 	156 
001472 	216 	79 	156 	156 
001473 	216 	79 	156 	156 
001474 	216 	79 	156 	156 
001475 	216 	79 	156 	156 
001476 	216 	79 	156 	156 
001477 	216 	79 	156 	156 
001478 	216 	79 	156 	156 
001479 	216 	79 	156 	156 
001480 	216 	79 	156 	156 
001481 	216 	79 	156 	156 
001482 	216 	79 	156 	156 
001483 	216 	79 	156 	156 
001484 	216 	79 	156 	156 
001485 	216 	79 	156 	156 
001486 	216 	79 	156 	156 
001487 	216 	79 	156 	156 
001488 	216 	79 	156 	156 
001489 	216 	79 	156 	156 
001490 	216 	79 	156 	156 
001491 	216 	79 	156 	156 
001492 	216 	79 	156 	156 
001493 	216 	79 	156 	156 
001494 	216 	79 	156 	156 
001495 	216 	79 	156 	156 
001496 	216 	79 	156 	156 
001497 	216 	79 	156 	156 
001498 	216 	79 	156 	156 
001499 	216 	79 	156 	156 
001500 	233 	79 	156 	156 
001501 	250 	79 	156 	156 
001502 	266 	94 	130 	130 
001503 	280 	94 	130 	130 
001504 	280 	94 	130 	130 
001505 	280 	94 	130 	130 
001506 	280 	94 	130 	130 
001507 	280 	94 	130 	130 
001508 	280 	94 	130 	130 
001509 	280 	109 	130 	130 
001510 	275 	107 	131 	131 
001511 	270 	104 	133 	133 
001512 	264 	102 	134 	134 
001513 	259 	99 	135 	135 
001514 	254 	97 	137 	137 
001515 	249 	94 	138 	138 
001516 	244 	92 	140 	139 
001517 	238 	89 	141 	141 
001518 	233 	87 	142 	142 
001519 	228 	84 	144 	143 
001520 	223 	82 	145 	144 
001521 	217 	79 	146 	146 
001522 	212 	77 	148 	147 
001523 	207 	74 	149 	148 
001524 	202 	72 	151 	150 
001525 	197 	69 	152 	151 
001526 	191 	67 	153 	152 
001527 	186 	64 	155 	154 
001528 	181 	62 	156 	155 
001529 	181 	62 	156 	155 
001530 	181 	62 	156 	155 
001531 	181 	62 	156 	155 
001532 	181 	62 	157 	156 
001533 	181 	62 	157 	156 
001534 	182 	62 	157 	156 
001535 	182 	62 	157 	157 
001536 	182 	61 	158 	157 
001537 	182 	61 	158 	157 
001538 	182 	61 	158 	157 
001539 	182 	61 	159 	158 
001540 	183 	61 	159 	158 
001541 	183 	61 	159 	158 
001542 	183 	61 	160 	159 
001543 	183 	61 	160 	159 
001544 	183 	61 	160 	159 
001545 	183 	61 	160 	160 
001546 	183 	61 	161 	160 
001547 	184 	61 	161 	160 
001548 	184 	60 	161 	160 
001549 	184 	60 	162 	161 
001550 	184 	60 	162 	161 
001551 	184 	60 	162 	161 
001552 	184 	60 	162 	162 
001553 	184 	60 	163 	162 
001554 	185 	60 	163 	162 
001555 	185 	60 	163 	163 
001556 	185 	60 	164 	163 
001557 	185 	60 	164 	163 
001558 	185 	60 	164 	163 
