Identity  : 	id10294
Reference : 	zIkTBKfnbso
Offset    : 	-2
FV Conf   : 	12.989
ASD Conf  : 	6.862

FRAME 	X 	Y 	W 	H 
000033 	194 	94 	130 	130 
000034 	181 	79 	156 	156 
000035 	194 	94 	130 	130 
000036 	208 	94 	130 	130 
000037 	208 	94 	130 	130 
000038 	208 	94 	130 	130 
000039 	208 	94 	130 	130 
000040 	208 	94 	130 	130 
000041 	208 	94 	130 	130 
000042 	208 	94 	130 	130 
000043 	208 	94 	130 	130 
000044 	208 	94 	130 	130 
000045 	208 	94 	130 	130 
000046 	208 	94 	130 	130 
000047 	208 	94 	130 	130 
000048 	208 	94 	130 	130 
000049 	208 	94 	130 	130 
000050 	208 	94 	130 	130 
000051 	208 	94 	130 	130 
000052 	208 	94 	130 	130 
000053 	208 	94 	130 	130 
000054 	208 	94 	130 	130 
000055 	208 	94 	130 	130 
000056 	208 	94 	130 	130 
000057 	208 	94 	130 	130 
000058 	208 	94 	130 	130 
000059 	208 	94 	130 	130 
000060 	208 	94 	130 	130 
000061 	208 	94 	130 	130 
000062 	208 	94 	130 	130 
000063 	208 	94 	130 	130 
000064 	208 	94 	130 	130 
000065 	208 	94 	130 	130 
000066 	208 	94 	130 	130 
000067 	208 	94 	130 	130 
000068 	208 	94 	130 	130 
000069 	208 	94 	130 	130 
000070 	208 	94 	130 	130 
000071 	208 	94 	130 	130 
000072 	208 	94 	130 	130 
000073 	208 	94 	130 	130 
000074 	208 	94 	130 	130 
000075 	208 	94 	130 	130 
000076 	208 	94 	130 	130 
000077 	208 	94 	130 	130 
000078 	208 	94 	130 	130 
000079 	208 	94 	130 	130 
000080 	208 	94 	130 	130 
000081 	208 	94 	130 	130 
000082 	208 	94 	130 	130 
000083 	208 	94 	130 	130 
000084 	199 	79 	155 	156 
000085 	208 	109 	130 	130 
000086 	208 	94 	130 	130 
000087 	199 	96 	155 	156 
000088 	199 	96 	155 	156 
000089 	199 	96 	155 	156 
000090 	199 	96 	155 	156 
000091 	199 	96 	155 	156 
000092 	199 	96 	155 	156 
000093 	199 	96 	155 	156 
000094 	199 	96 	155 	156 
000095 	199 	96 	155 	156 
000096 	199 	96 	155 	156 
000097 	199 	96 	155 	156 
000098 	199 	96 	155 	156 
000099 	208 	123 	130 	130 
000100 	208 	123 	130 	130 
000101 	208 	123 	130 	130 
000102 	208 	123 	130 	130 
000103 	181 	113 	156 	156 
000104 	208 	123 	130 	130 
000105 	199 	113 	155 	156 
000106 	199 	113 	155 	156 
000107 	199 	113 	155 	156 
000108 	208 	123 	130 	130 
000109 	208 	123 	130 	130 
000110 	208 	123 	130 	130 
000111 	181 	113 	156 	156 
000112 	181 	113 	156 	156 
000113 	194 	123 	130 	130 
000114 	181 	113 	156 	156 
000115 	194 	123 	130 	130 
000116 	194 	123 	130 	130 
000117 	194 	123 	130 	130 
000118 	194 	123 	130 	130 
000119 	194 	123 	130 	130 
000120 	194 	123 	130 	130 
000121 	194 	123 	130 	130 
000122 	194 	123 	130 	130 
000123 	194 	123 	130 	130 
000124 	194 	123 	130 	130 
000125 	194 	123 	130 	130 
000126 	194 	123 	130 	130 
000127 	194 	123 	130 	130 
000128 	194 	123 	130 	130 
000129 	194 	123 	130 	130 
000130 	194 	123 	130 	130 
000131 	194 	109 	130 	130 
000132 	194 	109 	130 	130 
000133 	194 	109 	130 	130 
000134 	194 	109 	130 	130 
000135 	194 	109 	130 	130 
000136 	194 	109 	130 	130 
000137 	194 	109 	130 	130 
000138 	194 	109 	130 	130 
000139 	194 	109 	130 	130 
000140 	194 	109 	130 	130 
000141 	194 	109 	130 	130 
000142 	194 	109 	130 	130 
000143 	194 	109 	130 	130 
000144 	194 	109 	130 	130 
000145 	194 	109 	130 	130 
000146 	194 	109 	130 	130 
000147 	208 	109 	130 	130 
000148 	208 	123 	130 	130 
000149 	208 	123 	130 	130 
000150 	208 	123 	130 	130 
000151 	208 	123 	130 	130 
000152 	208 	123 	130 	130 
000153 	194 	123 	130 	130 
000154 	208 	123 	130 	130 
000155 	208 	123 	130 	130 
000156 	208 	123 	130 	130 
000157 	208 	123 	130 	130 
000158 	208 	123 	130 	130 
000159 	194 	123 	130 	130 
000160 	194 	123 	130 	130 
000161 	194 	123 	130 	130 
000162 	194 	123 	130 	130 
000163 	194 	123 	130 	130 
000164 	194 	123 	130 	130 
000165 	181 	113 	156 	156 
000166 	208 	123 	130 	130 
000167 	208 	123 	130 	130 
000168 	208 	123 	130 	130 
000169 	208 	123 	130 	130 
000170 	194 	123 	130 	130 
000171 	194 	123 	130 	130 
000172 	194 	123 	130 	130 
000173 	194 	123 	130 	130 
000174 	194 	123 	130 	130 
000175 	194 	123 	130 	130 
000176 	194 	109 	130 	130 
000177 	194 	109 	130 	130 
000178 	194 	109 	130 	130 
000179 	194 	109 	130 	130 
000180 	194 	109 	130 	130 
000181 	194 	109 	130 	130 
000182 	194 	109 	130 	130 
000183 	194 	94 	130 	130 
000184 	194 	94 	130 	130 
000185 	194 	94 	130 	130 
000186 	194 	94 	130 	130 
000187 	194 	94 	130 	130 
000188 	181 	62 	156 	155 
000189 	194 	80 	130 	130 
000190 	194 	80 	130 	130 
000191 	194 	80 	130 	130 
000192 	194 	80 	130 	130 
000193 	194 	80 	130 	130 
000194 	194 	80 	130 	130 
000195 	194 	80 	130 	130 
000196 	194 	80 	130 	130 
000197 	194 	80 	130 	130 
000198 	194 	80 	130 	130 
000199 	194 	80 	130 	130 
000200 	194 	80 	130 	130 
000201 	194 	80 	130 	130 
