Identity  : 	id10301
Reference : 	Eu8Bj1gx5_4
Offset    : 	-3
FV Conf   : 	12.848
ASD Conf  : 	6.725

FRAME 	X 	Y 	W 	H 
001629 	250 	62 	156 	155 
001630 	239 	53 	186 	187 
001631 	250 	62 	156 	155 
001632 	250 	62 	156 	155 
001633 	250 	62 	156 	155 
001634 	250 	62 	156 	155 
001635 	250 	62 	156 	155 
001636 	250 	62 	156 	155 
001637 	250 	62 	156 	155 
001638 	250 	62 	156 	155 
001639 	250 	62 	156 	155 
001640 	218 	33 	187 	187 
001641 	218 	33 	187 	187 
001642 	218 	33 	187 	187 
001643 	218 	33 	187 	187 
001644 	250 	79 	156 	156 
001645 	250 	79 	156 	156 
001646 	250 	79 	156 	156 
001647 	250 	79 	156 	156 
001648 	250 	79 	156 	156 
001649 	250 	79 	156 	156 
001650 	250 	79 	156 	156 
001651 	218 	53 	187 	187 
001652 	218 	53 	187 	187 
001653 	218 	53 	187 	187 
001654 	218 	53 	187 	187 
001655 	218 	53 	187 	187 
001656 	218 	53 	187 	187 
001657 	218 	53 	187 	187 
001658 	218 	53 	187 	187 
001659 	218 	53 	187 	187 
001660 	218 	53 	187 	187 
001661 	218 	53 	187 	187 
001662 	218 	53 	187 	187 
001663 	218 	53 	187 	187 
001664 	218 	53 	187 	187 
001665 	218 	53 	187 	187 
001666 	218 	53 	187 	187 
001667 	218 	53 	187 	187 
001668 	218 	53 	187 	187 
001669 	218 	53 	187 	187 
001670 	218 	53 	187 	187 
001671 	218 	53 	187 	187 
001672 	218 	53 	187 	187 
001673 	218 	53 	187 	187 
001674 	218 	53 	187 	187 
001675 	218 	53 	187 	187 
001676 	218 	53 	187 	187 
001677 	218 	53 	187 	187 
001678 	218 	53 	187 	187 
001679 	218 	53 	187 	187 
001680 	218 	53 	187 	187 
001681 	218 	53 	187 	187 
001682 	218 	53 	187 	187 
001683 	218 	53 	187 	187 
001684 	218 	53 	187 	187 
001685 	218 	53 	187 	187 
001686 	218 	53 	187 	187 
001687 	218 	53 	187 	187 
001688 	218 	53 	187 	187 
001689 	218 	53 	187 	187 
001690 	218 	53 	187 	187 
001691 	218 	53 	187 	187 
001692 	218 	53 	187 	187 
001693 	218 	53 	187 	187 
001694 	218 	53 	187 	187 
001695 	218 	53 	187 	187 
001696 	218 	53 	187 	187 
001697 	218 	53 	187 	187 
001698 	218 	53 	187 	187 
001699 	218 	33 	187 	187 
001700 	218 	33 	187 	187 
001701 	218 	33 	187 	187 
001702 	218 	33 	187 	187 
001703 	233 	62 	156 	155 
001704 	233 	62 	156 	155 
001705 	218 	33 	187 	187 
001706 	218 	33 	187 	187 
001707 	218 	33 	187 	187 
001708 	218 	33 	187 	187 
001709 	233 	62 	156 	155 
001710 	233 	62 	156 	155 
001711 	233 	62 	156 	155 
001712 	233 	62 	156 	155 
001713 	233 	62 	156 	155 
001714 	233 	62 	156 	155 
001715 	250 	62 	156 	155 
001716 	250 	62 	156 	155 
001717 	250 	62 	156 	155 
001718 	239 	53 	186 	187 
001719 	243 	53 	186 	187 
001720 	247 	53 	186 	187 
001721 	251 	53 	187 	187 
001722 	255 	53 	187 	187 
001723 	259 	53 	187 	187 
001724 	272 	58 	171 	171 
001725 	285 	62 	155 	155 
001726 	285 	62 	155 	155 
001727 	285 	62 	155 	155 
001728 	285 	62 	155 	155 
001729 	285 	62 	155 	155 
001730 	267 	62 	156 	155 
001731 	267 	62 	156 	155 
001732 	267 	62 	156 	155 
001733 	267 	79 	156 	156 
001734 	267 	79 	156 	156 
001735 	267 	79 	156 	156 
001736 	267 	79 	156 	156 
001737 	267 	79 	156 	156 
001738 	267 	62 	156 	155 
001739 	267 	62 	156 	155 
001740 	267 	62 	156 	155 
001741 	267 	79 	156 	156 
001742 	267 	79 	156 	156 
001743 	267 	79 	156 	156 
001744 	267 	79 	156 	156 
001745 	267 	62 	156 	155 
001746 	239 	53 	186 	187 
001747 	239 	53 	186 	187 
001748 	250 	79 	156 	156 
001749 	250 	79 	156 	156 
