Identity  : 	id10280
Reference : 	v0Q-VyO4TjI
Offset    : 	-7
FV Conf   : 	18.132
ASD Conf  : 	6.462

FRAME 	X 	Y 	W 	H 
000449 	257 	102 	109 	109 
000450 	257 	102 	109 	109 
000451 	257 	102 	109 	109 
000452 	257 	102 	109 	109 
000453 	257 	102 	109 	109 
000454 	257 	102 	109 	109 
000455 	257 	102 	109 	109 
000456 	257 	102 	109 	109 
000457 	257 	102 	109 	109 
000458 	257 	102 	109 	109 
000459 	257 	102 	109 	109 
000460 	257 	102 	109 	109 
000461 	257 	102 	109 	109 
000462 	257 	102 	109 	109 
000463 	257 	102 	109 	109 
000464 	257 	102 	109 	109 
000465 	257 	102 	109 	109 
000466 	257 	102 	109 	109 
000467 	257 	102 	109 	109 
000468 	257 	102 	109 	109 
000469 	257 	102 	109 	109 
000470 	257 	102 	109 	109 
000471 	257 	102 	109 	109 
000472 	257 	102 	109 	109 
000473 	257 	102 	109 	109 
000474 	245 	102 	109 	109 
000475 	245 	102 	109 	109 
000476 	245 	102 	109 	109 
000477 	245 	102 	109 	109 
000478 	245 	102 	109 	109 
000479 	245 	102 	109 	109 
000480 	245 	102 	109 	109 
000481 	245 	102 	109 	109 
000482 	245 	102 	109 	109 
000483 	245 	102 	109 	109 
000484 	245 	102 	109 	109 
000485 	245 	102 	109 	109 
000486 	245 	102 	109 	109 
000487 	245 	102 	109 	109 
000488 	257 	102 	109 	109 
000489 	257 	102 	109 	109 
000490 	257 	102 	109 	109 
000491 	254 	115 	90 	91 
000492 	254 	115 	90 	91 
000493 	245 	102 	109 	109 
000494 	254 	115 	90 	91 
000495 	254 	115 	90 	91 
000496 	254 	115 	90 	91 
000497 	245 	102 	109 	109 
000498 	245 	102 	109 	109 
000499 	245 	102 	109 	109 
000500 	245 	102 	109 	109 
000501 	245 	102 	109 	109 
000502 	245 	102 	109 	109 
000503 	245 	102 	109 	109 
000504 	245 	102 	109 	109 
000505 	245 	102 	109 	109 
000506 	245 	102 	109 	109 
000507 	245 	102 	109 	109 
000508 	245 	102 	109 	109 
000509 	245 	102 	109 	109 
000510 	245 	102 	109 	109 
000511 	245 	102 	109 	109 
000512 	245 	102 	109 	109 
000513 	245 	102 	109 	109 
000514 	245 	102 	109 	109 
000515 	245 	102 	109 	109 
000516 	245 	102 	109 	109 
000517 	245 	102 	109 	109 
000518 	245 	102 	109 	109 
000519 	244 	105 	90 	91 
000520 	244 	105 	90 	91 
000521 	244 	105 	90 	91 
000522 	245 	102 	109 	109 
000523 	245 	102 	109 	109 
000524 	245 	102 	109 	109 
000525 	245 	102 	109 	109 
000526 	245 	102 	109 	109 
000527 	245 	102 	109 	109 
000528 	245 	102 	109 	109 
000529 	245 	102 	109 	109 
000530 	245 	102 	109 	109 
000531 	245 	102 	109 	109 
000532 	245 	102 	109 	109 
000533 	245 	102 	109 	109 
000534 	245 	102 	109 	109 
000535 	245 	102 	109 	109 
000536 	245 	102 	109 	109 
000537 	245 	102 	109 	109 
000538 	245 	102 	109 	109 
000539 	245 	102 	109 	109 
000540 	245 	102 	109 	109 
000541 	223 	80 	130 	130 
000542 	223 	80 	130 	130 
000543 	245 	90 	109 	109 
000544 	245 	90 	109 	109 
000545 	245 	90 	109 	109 
000546 	233 	90 	109 	109 
000547 	233 	90 	109 	109 
000548 	233 	90 	109 	109 
000549 	233 	90 	109 	109 
000550 	233 	90 	109 	109 
000551 	233 	90 	109 	109 
000552 	233 	90 	109 	109 
000553 	233 	90 	109 	109 
000554 	233 	90 	109 	109 
000555 	233 	90 	109 	109 
000556 	245 	90 	109 	109 
000557 	245 	90 	109 	109 
000558 	245 	90 	109 	109 
000559 	245 	90 	109 	109 
000560 	245 	90 	109 	109 
000561 	245 	90 	109 	109 
000562 	245 	90 	109 	109 
000563 	245 	90 	109 	109 
000564 	245 	90 	109 	109 
000565 	245 	90 	109 	109 
000566 	245 	90 	109 	109 
000567 	245 	90 	109 	109 
000568 	245 	90 	109 	109 
000569 	245 	90 	109 	109 
000570 	245 	90 	109 	109 
000571 	245 	90 	109 	109 
000572 	245 	90 	109 	109 
000573 	245 	90 	109 	109 
000574 	245 	90 	109 	109 
000575 	245 	90 	109 	109 
000576 	245 	90 	109 	109 
000577 	245 	90 	109 	109 
000578 	245 	90 	109 	109 
000579 	245 	102 	109 	109 
000580 	245 	102 	109 	109 
000581 	245 	102 	109 	109 
000582 	257 	102 	109 	109 
000583 	257 	102 	109 	109 
000584 	257 	102 	109 	109 
000585 	257 	102 	109 	109 
000586 	257 	102 	109 	109 
000587 	257 	102 	109 	109 
000588 	257 	102 	109 	109 
000589 	257 	102 	109 	109 
000590 	257 	102 	109 	109 
000591 	257 	102 	109 	109 
000592 	257 	102 	109 	109 
000593 	257 	102 	109 	109 
000594 	257 	102 	109 	109 
000595 	257 	102 	109 	109 
000596 	257 	102 	109 	109 
000597 	257 	102 	109 	109 
000598 	257 	102 	109 	109 
000599 	257 	102 	109 	109 
000600 	257 	102 	109 	109 
000601 	257 	102 	109 	109 
000602 	257 	102 	109 	109 
000603 	257 	102 	109 	109 
000604 	257 	102 	109 	109 
000605 	257 	102 	109 	109 
000606 	257 	102 	109 	109 
000607 	257 	102 	109 	109 
000608 	257 	102 	109 	109 
000609 	237 	80 	130 	130 
000610 	257 	90 	109 	109 
000611 	245 	90 	109 	109 
000612 	245 	90 	109 	109 
000613 	245 	90 	109 	109 
000614 	245 	90 	109 	109 
000615 	245 	90 	109 	109 
000616 	245 	90 	109 	109 
000617 	245 	90 	109 	109 
000618 	245 	90 	109 	109 
000619 	245 	90 	109 	109 
000620 	245 	90 	109 	109 
000621 	245 	90 	109 	109 
000622 	245 	90 	109 	109 
000623 	245 	90 	109 	109 
000624 	245 	90 	109 	109 
000625 	245 	90 	109 	109 
000626 	245 	90 	109 	109 
000627 	245 	90 	109 	109 
000628 	245 	90 	109 	109 
000629 	245 	90 	109 	109 
000630 	245 	90 	109 	109 
000631 	245 	90 	109 	109 
000632 	245 	90 	109 	109 
000633 	245 	90 	109 	109 
000634 	245 	90 	109 	109 
000635 	245 	90 	109 	109 
000636 	245 	90 	109 	109 
000637 	245 	90 	109 	109 
000638 	245 	90 	109 	109 
000639 	233 	90 	109 	109 
000640 	233 	90 	109 	109 
000641 	233 	90 	109 	109 
000642 	233 	90 	109 	109 
000643 	233 	90 	109 	109 
000644 	233 	90 	109 	109 
000645 	233 	90 	109 	109 
000646 	233 	90 	109 	109 
000647 	234 	105 	90 	91 
000648 	234 	105 	90 	91 
000649 	234 	105 	90 	91 
000650 	234 	105 	90 	91 
000651 	233 	90 	109 	109 
000652 	233 	90 	109 	109 
000653 	233 	90 	109 	109 
000654 	233 	90 	109 	109 
000655 	233 	90 	109 	109 
000656 	233 	90 	109 	109 
000657 	233 	90 	109 	109 
000658 	233 	90 	109 	109 
000659 	233 	90 	109 	109 
000660 	233 	90 	109 	109 
000661 	233 	90 	109 	109 
000662 	233 	90 	109 	109 
000663 	233 	90 	109 	109 
000664 	233 	90 	109 	109 
000665 	233 	90 	109 	109 
000666 	233 	90 	109 	109 
000667 	233 	90 	109 	109 
000668 	233 	90 	109 	109 
000669 	233 	90 	109 	109 
000670 	233 	90 	109 	109 
000671 	233 	90 	109 	109 
000672 	233 	90 	109 	109 
000673 	233 	102 	109 	109 
000674 	233 	102 	109 	109 
000675 	233 	102 	109 	109 
000676 	233 	102 	109 	109 
000677 	233 	102 	109 	109 
000678 	233 	102 	109 	109 
000679 	233 	102 	109 	109 
000680 	233 	102 	109 	109 
000681 	233 	90 	109 	109 
000682 	233 	90 	109 	109 
000683 	233 	90 	109 	109 
000684 	233 	90 	109 	109 
000685 	233 	90 	109 	109 
000686 	233 	90 	109 	109 
000687 	245 	102 	109 	109 
000688 	245 	102 	109 	109 
000689 	245 	102 	109 	109 
000690 	245 	102 	109 	109 
000691 	245 	102 	109 	109 
000692 	245 	102 	109 	109 
000693 	245 	102 	109 	109 
000694 	245 	102 	109 	109 
000695 	245 	102 	109 	109 
000696 	245 	102 	109 	109 
000697 	245 	102 	109 	109 
000698 	245 	102 	109 	109 
000699 	245 	102 	109 	109 
000700 	245 	102 	109 	109 
000701 	245 	102 	109 	109 
000702 	245 	102 	109 	109 
000703 	245 	102 	109 	109 
000704 	245 	102 	109 	109 
000705 	245 	102 	109 	109 
000706 	245 	102 	109 	109 
000707 	245 	102 	109 	109 
000708 	245 	102 	109 	109 
000709 	245 	102 	109 	109 
000710 	245 	102 	109 	109 
000711 	245 	102 	109 	109 
000712 	245 	102 	109 	109 
000713 	245 	102 	109 	109 
000714 	254 	105 	90 	91 
000715 	245 	102 	109 	109 
000716 	257 	102 	109 	109 
000717 	257 	102 	109 	109 
000718 	257 	102 	109 	109 
000719 	257 	102 	109 	109 
000720 	257 	102 	109 	109 
000721 	257 	102 	109 	109 
000722 	257 	102 	109 	109 
000723 	245 	102 	109 	109 
000724 	245 	102 	109 	109 
000725 	245 	102 	109 	109 
000726 	245 	102 	109 	109 
000727 	245 	102 	109 	109 
000728 	245 	102 	109 	109 
000729 	245 	102 	109 	109 
000730 	245 	102 	109 	109 
000731 	245 	102 	109 	109 
000732 	245 	102 	109 	109 
000733 	245 	102 	109 	109 
000734 	245 	102 	109 	109 
000735 	245 	102 	109 	109 
000736 	245 	102 	109 	109 
000737 	245 	102 	109 	109 
000738 	245 	102 	109 	109 
000739 	245 	102 	109 	109 
000740 	245 	102 	109 	109 
000741 	245 	102 	109 	109 
000742 	245 	102 	109 	109 
000743 	245 	102 	109 	109 
000744 	245 	102 	109 	109 
000745 	245 	102 	109 	109 
000746 	245 	102 	109 	109 
000747 	245 	102 	109 	109 
000748 	245 	102 	109 	109 
000749 	245 	102 	109 	109 
000750 	245 	102 	109 	109 
000751 	245 	90 	109 	109 
000752 	245 	90 	109 	109 
000753 	245 	90 	109 	109 
000754 	245 	90 	109 	109 
000755 	245 	102 	109 	109 
000756 	245 	102 	109 	109 
000757 	245 	102 	109 	109 
000758 	245 	102 	109 	109 
000759 	245 	102 	109 	109 
000760 	245 	102 	109 	109 
000761 	245 	102 	109 	109 
000762 	245 	102 	109 	109 
000763 	245 	102 	109 	109 
000764 	245 	102 	109 	109 
000765 	245 	102 	109 	109 
000766 	245 	102 	109 	109 
000767 	245 	102 	109 	109 
000768 	245 	102 	109 	109 
000769 	245 	102 	109 	109 
000770 	245 	102 	109 	109 
000771 	245 	102 	109 	109 
000772 	245 	102 	109 	109 
000773 	245 	102 	109 	109 
000774 	245 	102 	109 	109 
000775 	245 	102 	109 	109 
000776 	245 	102 	109 	109 
000777 	245 	102 	109 	109 
000778 	245 	102 	109 	109 
000779 	245 	102 	109 	109 
000780 	245 	102 	109 	109 
000781 	245 	102 	109 	109 
000782 	245 	102 	109 	109 
000783 	245 	102 	109 	109 
000784 	245 	102 	109 	109 
000785 	245 	102 	109 	109 
000786 	245 	102 	109 	109 
