Identity  : 	id10298
Reference : 	hjvQiiG71rM
Offset    : 	0
FV Conf   : 	19.503
ASD Conf  : 	7.475

FRAME 	X 	Y 	W 	H 
005774 	154 	95 	91 	91 
005775 	154 	95 	91 	91 
005776 	154 	95 	91 	91 
005777 	154 	95 	91 	91 
005778 	154 	95 	91 	91 
005779 	154 	95 	91 	91 
005780 	154 	95 	91 	91 
005781 	154 	85 	91 	91 
005782 	154 	85 	91 	91 
005783 	154 	85 	91 	91 
005784 	154 	85 	91 	91 
005785 	154 	85 	91 	91 
005786 	154 	85 	91 	91 
005787 	154 	85 	91 	91 
005788 	154 	85 	91 	91 
005789 	144 	85 	91 	91 
005790 	144 	85 	91 	91 
005791 	144 	85 	91 	91 
005792 	144 	85 	91 	91 
005793 	144 	85 	91 	91 
005794 	144 	75 	91 	91 
005795 	144 	75 	91 	91 
005796 	144 	75 	91 	91 
005797 	144 	75 	91 	91 
005798 	144 	75 	91 	91 
005799 	144 	75 	91 	91 
005800 	144 	75 	91 	91 
005801 	144 	75 	91 	91 
005802 	144 	75 	91 	91 
005803 	144 	75 	91 	91 
005804 	144 	75 	91 	91 
005805 	154 	75 	91 	91 
005806 	154 	75 	91 	91 
005807 	154 	75 	91 	91 
005808 	154 	75 	91 	91 
005809 	154 	75 	91 	91 
005810 	154 	75 	91 	91 
005811 	154 	75 	91 	91 
005812 	154 	75 	91 	91 
005813 	154 	75 	91 	91 
005814 	154 	75 	91 	91 
005815 	154 	75 	91 	91 
005816 	154 	75 	91 	91 
005817 	154 	75 	91 	91 
005818 	154 	75 	91 	91 
005819 	154 	75 	91 	91 
005820 	154 	75 	91 	91 
005821 	154 	75 	91 	91 
005822 	154 	75 	91 	91 
005823 	154 	75 	91 	91 
005824 	154 	75 	91 	91 
005825 	154 	75 	91 	91 
005826 	154 	75 	91 	91 
005827 	154 	75 	91 	91 
005828 	154 	75 	91 	91 
005829 	154 	75 	91 	91 
005830 	154 	75 	91 	91 
005831 	154 	75 	91 	91 
005832 	154 	75 	91 	91 
005833 	154 	75 	91 	91 
005834 	154 	75 	91 	91 
005835 	154 	75 	91 	91 
005836 	154 	75 	91 	91 
005837 	144 	65 	91 	91 
005838 	144 	75 	91 	91 
005839 	134 	65 	91 	91 
005840 	144 	65 	91 	91 
005841 	144 	65 	91 	91 
005842 	144 	65 	91 	91 
005843 	144 	65 	91 	91 
005844 	144 	65 	91 	91 
005845 	144 	65 	91 	91 
005846 	144 	65 	91 	91 
005847 	153 	71 	76 	75 
005848 	153 	71 	76 	75 
005849 	153 	71 	76 	75 
005850 	154 	65 	91 	91 
005851 	154 	65 	91 	91 
005852 	154 	55 	91 	91 
005853 	154 	55 	91 	91 
005854 	154 	65 	91 	91 
005855 	154 	65 	91 	91 
005856 	154 	65 	91 	91 
005857 	154 	65 	91 	91 
005858 	154 	65 	91 	91 
005859 	154 	65 	91 	91 
005860 	154 	65 	91 	91 
005861 	154 	75 	91 	91 
005862 	164 	75 	91 	91 
005863 	164 	75 	91 	91 
005864 	164 	75 	91 	91 
005865 	164 	75 	91 	91 
005866 	164 	75 	91 	91 
005867 	164 	75 	91 	91 
005868 	164 	85 	91 	91 
005869 	164 	85 	91 	91 
005870 	164 	85 	91 	91 
005871 	164 	85 	91 	91 
005872 	164 	85 	91 	91 
005873 	164 	85 	91 	91 
005874 	164 	85 	91 	91 
005875 	164 	85 	91 	91 
005876 	164 	85 	91 	91 
005877 	164 	85 	91 	91 
005878 	164 	85 	91 	91 
005879 	164 	85 	91 	91 
005880 	164 	85 	91 	91 
005881 	164 	85 	91 	91 
005882 	164 	75 	91 	91 
005883 	164 	75 	91 	91 
005884 	164 	75 	91 	91 
005885 	154 	75 	91 	91 
005886 	154 	75 	91 	91 
005887 	144 	75 	91 	91 
005888 	144 	75 	91 	91 
005889 	144 	75 	91 	91 
005890 	144 	85 	91 	91 
005891 	144 	85 	91 	91 
005892 	144 	85 	91 	91 
005893 	144 	85 	91 	91 
005894 	154 	85 	91 	91 
005895 	144 	75 	91 	91 
005896 	154 	75 	91 	91 
005897 	154 	75 	91 	91 
005898 	154 	75 	91 	91 
005899 	154 	75 	91 	91 
005900 	154 	65 	91 	91 
005901 	154 	65 	91 	91 
005902 	154 	65 	91 	91 
005903 	154 	65 	91 	91 
005904 	154 	65 	91 	91 
005905 	154 	65 	91 	91 
005906 	154 	65 	91 	91 
005907 	154 	65 	91 	91 
005908 	154 	65 	91 	91 
005909 	154 	65 	91 	91 
005910 	154 	65 	91 	91 
005911 	144 	65 	91 	91 
005912 	144 	65 	91 	91 
005913 	144 	65 	91 	91 
005914 	144 	65 	91 	91 
005915 	134 	65 	91 	91 
005916 	124 	65 	91 	91 
005917 	124 	65 	91 	91 
005918 	114 	55 	91 	91 
005919 	114 	55 	91 	91 
005920 	124 	65 	91 	91 
005921 	114 	55 	91 	91 
005922 	124 	65 	91 	91 
005923 	124 	65 	91 	91 
005924 	124 	65 	91 	91 
005925 	124 	65 	91 	91 
005926 	124 	65 	91 	91 
005927 	134 	65 	91 	91 
005928 	134 	65 	91 	91 
005929 	134 	65 	91 	91 
005930 	134 	65 	91 	91 
005931 	134 	65 	91 	91 
005932 	144 	75 	91 	91 
005933 	144 	75 	91 	91 
005934 	144 	75 	91 	91 
005935 	144 	75 	91 	91 
005936 	144 	75 	91 	91 
005937 	134 	75 	91 	91 
005938 	124 	65 	91 	91 
005939 	124 	65 	91 	91 
005940 	124 	65 	91 	91 
005941 	124 	75 	91 	91 
005942 	124 	75 	91 	91 
005943 	124 	75 	91 	91 
005944 	124 	75 	91 	91 
005945 	114 	65 	91 	91 
005946 	114 	65 	91 	91 
005947 	114 	65 	91 	91 
005948 	114 	65 	91 	91 
005949 	114 	65 	91 	91 
005950 	114 	65 	91 	91 
005951 	114 	65 	91 	91 
005952 	124 	65 	91 	91 
005953 	124 	65 	91 	91 
005954 	124 	65 	91 	91 
005955 	124 	65 	91 	91 
005956 	124 	65 	91 	91 
005957 	134 	65 	91 	91 
005958 	134 	65 	91 	91 
005959 	134 	65 	91 	91 
005960 	134 	65 	91 	91 
005961 	144 	75 	91 	91 
005962 	134 	65 	91 	91 
005963 	144 	75 	91 	91 
005964 	144 	75 	91 	91 
005965 	144 	75 	91 	91 
005966 	145 	87 	76 	76 
005967 	134 	75 	91 	91 
005968 	134 	75 	91 	91 
005969 	134 	75 	91 	91 
005970 	134 	75 	91 	91 
005971 	144 	85 	91 	91 
005972 	144 	85 	91 	91 
005973 	144 	85 	91 	91 
005974 	153 	87 	76 	76 
005975 	154 	85 	91 	91 
005976 	154 	85 	91 	91 
005977 	154 	85 	91 	91 
005978 	164 	85 	91 	91 
005979 	164 	85 	91 	91 
005980 	164 	85 	91 	91 
005981 	174 	85 	91 	91 
005982 	174 	85 	91 	91 
005983 	174 	85 	91 	91 
005984 	186 	96 	76 	75 
005985 	184 	85 	91 	91 
005986 	184 	85 	91 	91 
005987 	195 	87 	75 	76 
005988 	195 	87 	75 	76 
005989 	194 	75 	91 	91 
005990 	194 	75 	91 	91 
005991 	194 	75 	91 	91 
005992 	194 	75 	91 	91 
005993 	194 	75 	91 	91 
005994 	194 	75 	91 	91 
005995 	194 	75 	91 	91 
005996 	194 	75 	91 	91 
005997 	184 	75 	91 	91 
005998 	184 	75 	91 	91 
005999 	184 	75 	91 	91 
006000 	184 	75 	91 	91 
006001 	184 	75 	91 	91 
006002 	184 	75 	91 	91 
006003 	184 	75 	91 	91 
006004 	184 	75 	91 	91 
006005 	184 	75 	91 	91 
006006 	184 	75 	91 	91 
006007 	184 	75 	91 	91 
006008 	184 	75 	91 	91 
006009 	184 	75 	91 	91 
006010 	184 	75 	91 	91 
006011 	184 	75 	91 	91 
006012 	184 	75 	91 	91 
006013 	184 	75 	91 	91 
006014 	184 	75 	91 	91 
006015 	186 	79 	76 	76 
006016 	186 	79 	76 	76 
006017 	186 	79 	76 	76 
006018 	186 	79 	76 	76 
006019 	186 	79 	76 	76 
006020 	186 	79 	76 	76 
006021 	186 	79 	76 	76 
006022 	186 	79 	76 	76 
006023 	186 	79 	76 	76 
006024 	186 	79 	76 	76 
006025 	186 	79 	76 	76 
006026 	186 	79 	76 	76 
006027 	186 	79 	76 	76 
006028 	186 	79 	76 	76 
006029 	186 	79 	76 	76 
006030 	186 	79 	76 	76 
006031 	186 	79 	76 	76 
006032 	186 	79 	76 	76 
006033 	186 	79 	76 	76 
006034 	186 	79 	76 	76 
006035 	174 	75 	91 	91 
006036 	174 	75 	91 	91 
006037 	174 	75 	91 	91 
006038 	174 	75 	91 	91 
006039 	174 	75 	91 	91 
006040 	174 	75 	91 	91 
006041 	174 	75 	91 	91 
006042 	174 	75 	91 	91 
006043 	174 	75 	91 	91 
006044 	174 	85 	91 	91 
006045 	174 	85 	91 	91 
006046 	174 	85 	91 	91 
006047 	174 	85 	91 	91 
006048 	174 	85 	91 	91 
006049 	174 	85 	91 	91 
006050 	174 	85 	91 	91 
006051 	178 	87 	76 	76 
006052 	174 	85 	91 	91 
006053 	174 	85 	91 	91 
006054 	174 	85 	91 	91 
006055 	174 	85 	91 	91 
006056 	174 	85 	91 	91 
006057 	174 	85 	91 	91 
006058 	174 	85 	91 	91 
006059 	174 	85 	91 	91 
006060 	174 	85 	91 	91 
006061 	174 	85 	91 	91 
006062 	174 	85 	91 	91 
006063 	174 	85 	91 	91 
006064 	174 	85 	91 	91 
006065 	174 	85 	91 	91 
006066 	174 	85 	91 	91 
006067 	174 	85 	91 	91 
006068 	186 	87 	76 	76 
006069 	184 	85 	91 	91 
006070 	184 	85 	91 	91 
006071 	184 	85 	91 	91 
006072 	184 	85 	91 	91 
006073 	184 	85 	91 	91 
006074 	184 	85 	91 	91 
006075 	195 	87 	75 	76 
006076 	195 	87 	75 	76 
006077 	195 	87 	75 	76 
006078 	195 	87 	75 	76 
006079 	195 	87 	75 	76 
006080 	195 	87 	75 	76 
006081 	184 	75 	91 	91 
006082 	184 	75 	91 	91 
006083 	184 	75 	91 	91 
006084 	184 	75 	91 	91 
006085 	184 	75 	91 	91 
006086 	184 	75 	91 	91 
006087 	184 	75 	91 	91 
006088 	184 	75 	91 	91 
006089 	184 	75 	91 	91 
006090 	186 	79 	76 	76 
006091 	186 	79 	76 	76 
006092 	184 	65 	91 	91 
006093 	184 	65 	91 	91 
006094 	186 	71 	76 	75 
006095 	186 	71 	76 	75 
006096 	186 	71 	76 	75 
006097 	186 	79 	76 	76 
006098 	186 	71 	76 	75 
006099 	186 	71 	76 	75 
006100 	186 	71 	76 	75 
006101 	186 	71 	76 	75 
006102 	186 	71 	76 	75 
006103 	186 	71 	76 	75 
006104 	186 	71 	76 	75 
006105 	186 	71 	76 	75 
006106 	184 	65 	91 	91 
006107 	184 	65 	91 	91 
006108 	184 	65 	91 	91 
006109 	184 	65 	91 	91 
006110 	184 	65 	91 	91 
006111 	184 	65 	91 	91 
006112 	184 	65 	91 	91 
006113 	184 	65 	91 	91 
006114 	184 	65 	91 	91 
006115 	186 	71 	76 	75 
006116 	186 	71 	76 	75 
006117 	186 	71 	76 	75 
006118 	174 	65 	91 	91 
006119 	174 	65 	91 	91 
006120 	174 	65 	91 	91 
006121 	174 	65 	91 	91 
006122 	174 	75 	91 	91 
006123 	178 	79 	76 	76 
006124 	164 	65 	91 	91 
006125 	164 	65 	91 	91 
006126 	164 	65 	91 	91 
006127 	164 	75 	91 	91 
006128 	154 	65 	91 	91 
006129 	154 	65 	91 	91 
006130 	154 	65 	91 	91 
006131 	154 	65 	91 	91 
006132 	154 	65 	91 	91 
006133 	154 	65 	91 	91 
006134 	154 	75 	91 	91 
006135 	154 	75 	91 	91 
006136 	144 	65 	91 	91 
006137 	144 	65 	91 	91 
006138 	144 	65 	91 	91 
006139 	144 	65 	91 	91 
006140 	144 	65 	91 	91 
006141 	144 	65 	91 	91 
006142 	144 	65 	91 	91 
006143 	144 	65 	91 	91 
006144 	144 	65 	91 	91 
006145 	144 	65 	91 	91 
006146 	144 	65 	91 	91 
006147 	144 	65 	91 	91 
006148 	144 	65 	91 	91 
006149 	144 	65 	91 	91 
006150 	154 	75 	91 	91 
006151 	144 	65 	91 	91 
006152 	154 	75 	91 	91 
006153 	154 	75 	91 	91 
006154 	154 	75 	91 	91 
006155 	154 	75 	91 	91 
006156 	154 	75 	91 	91 
006157 	154 	75 	91 	91 
