Identity  : 	id10298
Reference : 	hjvQiiG71rM
Offset    : 	0
FV Conf   : 	16.334
ASD Conf  : 	8.760

FRAME 	X 	Y 	W 	H 
006369 	154 	75 	91 	91 
006370 	154 	75 	91 	91 
006371 	154 	75 	91 	91 
006372 	154 	75 	91 	91 
006373 	154 	75 	91 	91 
006374 	154 	75 	91 	91 
006375 	154 	75 	91 	91 
006376 	154 	75 	91 	91 
006377 	154 	75 	91 	91 
006378 	154 	75 	91 	91 
006379 	154 	75 	91 	91 
006380 	154 	75 	91 	91 
006381 	154 	75 	91 	91 
006382 	154 	75 	91 	91 
006383 	154 	75 	91 	91 
006384 	154 	75 	91 	91 
006385 	154 	75 	91 	91 
006386 	154 	75 	91 	91 
006387 	154 	75 	91 	91 
006388 	154 	75 	91 	91 
006389 	154 	75 	91 	91 
006390 	154 	75 	91 	91 
006391 	154 	75 	91 	91 
006392 	154 	75 	91 	91 
006393 	144 	75 	91 	91 
006394 	144 	75 	91 	91 
006395 	134 	65 	91 	91 
006396 	134 	65 	91 	91 
006397 	134 	65 	91 	91 
006398 	134 	65 	91 	91 
006399 	134 	65 	91 	91 
006400 	144 	75 	91 	91 
006401 	144 	75 	91 	91 
006402 	144 	75 	91 	91 
006403 	134 	75 	91 	91 
006404 	134 	75 	91 	91 
006405 	134 	75 	91 	91 
006406 	134 	75 	91 	91 
006407 	134 	75 	91 	91 
006408 	134 	75 	91 	91 
006409 	134 	75 	91 	91 
006410 	134 	75 	91 	91 
006411 	144 	75 	91 	91 
006412 	144 	75 	91 	91 
006413 	144 	75 	91 	91 
006414 	144 	75 	91 	91 
006415 	144 	75 	91 	91 
006416 	144 	75 	91 	91 
006417 	144 	75 	91 	91 
006418 	134 	75 	91 	91 
006419 	134 	75 	91 	91 
006420 	124 	75 	91 	91 
006421 	124 	75 	91 	91 
006422 	124 	75 	91 	91 
006423 	124 	75 	91 	91 
006424 	124 	75 	91 	91 
006425 	124 	75 	91 	91 
006426 	124 	75 	91 	91 
006427 	124 	75 	91 	91 
006428 	124 	75 	91 	91 
006429 	124 	75 	91 	91 
006430 	124 	75 	91 	91 
006431 	134 	75 	91 	91 
006432 	134 	75 	91 	91 
006433 	134 	75 	91 	91 
006434 	134 	75 	91 	91 
006435 	134 	75 	91 	91 
006436 	134 	75 	91 	91 
006437 	134 	75 	91 	91 
006438 	134 	75 	91 	91 
006439 	134 	75 	91 	91 
006440 	134 	75 	91 	91 
006441 	134 	75 	91 	91 
006442 	134 	75 	91 	91 
006443 	134 	75 	91 	91 
006444 	134 	75 	91 	91 
006445 	134 	75 	91 	91 
006446 	134 	75 	91 	91 
006447 	144 	75 	91 	91 
006448 	144 	75 	91 	91 
006449 	144 	75 	91 	91 
006450 	144 	75 	91 	91 
006451 	154 	75 	91 	91 
006452 	154 	75 	91 	91 
006453 	154 	75 	91 	91 
006454 	164 	75 	91 	91 
006455 	164 	75 	91 	91 
006456 	164 	75 	91 	91 
006457 	164 	75 	91 	91 
006458 	164 	75 	91 	91 
006459 	174 	75 	91 	91 
006460 	174 	75 	91 	91 
006461 	174 	75 	91 	91 
006462 	174 	85 	91 	91 
006463 	174 	85 	91 	91 
006464 	174 	85 	91 	91 
006465 	174 	85 	91 	91 
006466 	174 	85 	91 	91 
006467 	174 	85 	91 	91 
006468 	174 	85 	91 	91 
006469 	174 	85 	91 	91 
006470 	174 	85 	91 	91 
006471 	174 	85 	91 	91 
006472 	174 	85 	91 	91 
006473 	174 	75 	91 	91 
006474 	164 	75 	91 	91 
006475 	164 	75 	91 	91 
006476 	154 	75 	91 	91 
006477 	154 	75 	91 	91 
006478 	154 	75 	91 	91 
006479 	144 	65 	91 	91 
006480 	144 	75 	91 	91 
006481 	144 	75 	91 	91 
006482 	144 	75 	91 	91 
006483 	144 	75 	91 	91 
006484 	144 	75 	91 	91 
006485 	134 	75 	91 	91 
006486 	134 	75 	91 	91 
006487 	144 	75 	91 	91 
006488 	144 	75 	91 	91 
006489 	144 	75 	91 	91 
006490 	144 	75 	91 	91 
006491 	144 	75 	91 	91 
006492 	144 	75 	91 	91 
006493 	144 	75 	91 	91 
006494 	144 	65 	91 	91 
006495 	144 	65 	91 	91 
006496 	144 	65 	91 	91 
006497 	145 	71 	76 	75 
006498 	134 	65 	91 	91 
006499 	134 	65 	91 	91 
006500 	134 	65 	91 	91 
006501 	134 	55 	91 	91 
006502 	124 	55 	91 	91 
006503 	124 	55 	91 	91 
006504 	134 	65 	91 	91 
006505 	145 	71 	76 	75 
006506 	145 	71 	76 	75 
006507 	145 	71 	76 	75 
006508 	134 	65 	91 	91 
006509 	144 	75 	91 	91 
006510 	134 	65 	91 	91 
006511 	145 	79 	76 	76 
006512 	134 	65 	91 	91 
006513 	144 	75 	91 	91 
006514 	134 	75 	91 	91 
006515 	144 	85 	91 	91 
006516 	144 	85 	91 	91 
006517 	144 	85 	91 	91 
006518 	144 	85 	91 	91 
006519 	144 	85 	91 	91 
006520 	144 	85 	91 	91 
006521 	144 	85 	91 	91 
006522 	144 	85 	91 	91 
006523 	144 	85 	91 	91 
006524 	144 	85 	91 	91 
006525 	144 	85 	91 	91 
006526 	144 	85 	91 	91 
006527 	144 	85 	91 	91 
006528 	144 	85 	91 	91 
006529 	144 	85 	91 	91 
006530 	144 	85 	91 	91 
006531 	144 	85 	91 	91 
006532 	144 	75 	91 	91 
006533 	144 	75 	91 	91 
006534 	144 	75 	91 	91 
006535 	144 	75 	91 	91 
006536 	144 	85 	91 	91 
006537 	144 	85 	91 	91 
006538 	144 	85 	91 	91 
006539 	144 	85 	91 	91 
006540 	144 	85 	91 	91 
006541 	144 	85 	91 	91 
006542 	144 	85 	91 	91 
006543 	134 	75 	91 	91 
006544 	144 	85 	91 	91 
006545 	144 	85 	91 	91 
006546 	144 	75 	91 	91 
006547 	134 	75 	91 	91 
006548 	134 	75 	91 	91 
006549 	144 	85 	91 	91 
006550 	144 	85 	91 	91 
006551 	144 	85 	91 	91 
006552 	134 	75 	91 	91 
006553 	134 	75 	91 	91 
006554 	134 	75 	91 	91 
006555 	134 	75 	91 	91 
006556 	134 	75 	91 	91 
006557 	134 	75 	91 	91 
006558 	134 	75 	91 	91 
006559 	134 	75 	91 	91 
006560 	134 	75 	91 	91 
006561 	134 	75 	91 	91 
006562 	134 	75 	91 	91 
006563 	134 	75 	91 	91 
006564 	134 	75 	91 	91 
006565 	134 	75 	91 	91 
006566 	134 	75 	91 	91 
006567 	134 	75 	91 	91 
006568 	134 	75 	91 	91 
006569 	145 	79 	76 	76 
006570 	145 	79 	76 	76 
006571 	145 	79 	76 	76 
006572 	145 	79 	76 	76 
006573 	145 	79 	76 	76 
006574 	144 	75 	91 	91 
006575 	144 	75 	91 	91 
006576 	144 	75 	91 	91 
006577 	153 	79 	76 	76 
006578 	153 	79 	76 	76 
006579 	154 	75 	91 	91 
006580 	162 	79 	75 	76 
006581 	154 	75 	91 	91 
006582 	154 	75 	91 	91 
006583 	154 	75 	91 	91 
006584 	154 	75 	91 	91 
006585 	154 	75 	91 	91 
006586 	154 	75 	91 	91 
006587 	154 	75 	91 	91 
006588 	154 	75 	91 	91 
006589 	164 	75 	91 	91 
006590 	170 	87 	75 	76 
006591 	170 	87 	75 	76 
006592 	170 	87 	75 	76 
006593 	154 	75 	91 	91 
006594 	154 	75 	91 	91 
006595 	154 	75 	91 	91 
006596 	154 	75 	91 	91 
006597 	154 	75 	91 	91 
006598 	154 	75 	91 	91 
006599 	154 	75 	91 	91 
006600 	144 	75 	91 	91 
006601 	144 	75 	91 	91 
006602 	144 	75 	91 	91 
006603 	144 	75 	91 	91 
006604 	144 	75 	91 	91 
006605 	144 	75 	91 	91 
006606 	144 	75 	91 	91 
006607 	134 	65 	91 	91 
006608 	134 	65 	91 	91 
006609 	134 	65 	91 	91 
006610 	134 	65 	91 	91 
006611 	134 	65 	91 	91 
006612 	134 	65 	91 	91 
006613 	134 	65 	91 	91 
006614 	134 	65 	91 	91 
006615 	134 	65 	91 	91 
006616 	134 	65 	91 	91 
006617 	134 	65 	91 	91 
006618 	134 	65 	91 	91 
006619 	134 	65 	91 	91 
006620 	134 	65 	91 	91 
006621 	134 	65 	91 	91 
006622 	134 	65 	91 	91 
006623 	134 	65 	91 	91 
006624 	134 	65 	91 	91 
006625 	134 	65 	91 	91 
006626 	134 	75 	91 	91 
006627 	134 	75 	91 	91 
006628 	134 	75 	91 	91 
006629 	134 	75 	91 	91 
006630 	134 	75 	91 	91 
006631 	134 	75 	91 	91 
006632 	134 	75 	91 	91 
006633 	144 	75 	91 	91 
006634 	144 	75 	91 	91 
006635 	144 	65 	91 	91 
006636 	144 	65 	91 	91 
006637 	144 	65 	91 	91 
006638 	144 	65 	91 	91 
006639 	134 	65 	91 	91 
006640 	134 	65 	91 	91 
006641 	134 	65 	91 	91 
006642 	144 	65 	91 	91 
006643 	144 	65 	91 	91 
006644 	144 	65 	91 	91 
006645 	134 	65 	91 	91 
006646 	134 	65 	91 	91 
006647 	134 	65 	91 	91 
006648 	134 	65 	91 	91 
006649 	134 	65 	91 	91 
006650 	134 	65 	91 	91 
006651 	134 	65 	91 	91 
006652 	134 	65 	91 	91 
006653 	134 	65 	91 	91 
006654 	134 	65 	91 	91 
006655 	134 	65 	91 	91 
006656 	134 	65 	91 	91 
006657 	134 	65 	91 	91 
006658 	134 	65 	91 	91 
006659 	134 	65 	91 	91 
006660 	134 	65 	91 	91 
006661 	134 	65 	91 	91 
006662 	134 	65 	91 	91 
006663 	134 	65 	91 	91 
006664 	134 	65 	91 	91 
006665 	134 	65 	91 	91 
006666 	134 	65 	91 	91 
006667 	134 	65 	91 	91 
006668 	134 	65 	91 	91 
006669 	134 	65 	91 	91 
006670 	134 	65 	91 	91 
006671 	134 	65 	91 	91 
006672 	134 	65 	91 	91 
006673 	144 	65 	91 	91 
006674 	144 	65 	91 	91 
006675 	144 	65 	91 	91 
006676 	144 	65 	91 	91 
006677 	144 	65 	91 	91 
006678 	144 	65 	91 	91 
006679 	144 	75 	91 	91 
006680 	144 	75 	91 	91 
006681 	144 	75 	91 	91 
006682 	144 	75 	91 	91 
006683 	144 	75 	91 	91 
006684 	144 	65 	91 	91 
006685 	144 	65 	91 	91 
006686 	144 	75 	91 	91 
006687 	144 	75 	91 	91 
006688 	144 	65 	91 	91 
006689 	144 	75 	91 	91 
006690 	144 	75 	91 	91 
006691 	144 	75 	91 	91 
006692 	144 	75 	91 	91 
006693 	144 	75 	91 	91 
006694 	144 	75 	91 	91 
006695 	144 	75 	91 	91 
006696 	144 	75 	91 	91 
006697 	144 	75 	91 	91 
006698 	144 	75 	91 	91 
006699 	144 	75 	91 	91 
006700 	144 	75 	91 	91 
006701 	144 	75 	91 	91 
006702 	144 	75 	91 	91 
006703 	144 	65 	91 	91 
006704 	144 	75 	91 	91 
006705 	144 	75 	91 	91 
006706 	134 	75 	91 	91 
006707 	134 	65 	91 	91 
006708 	134 	65 	91 	91 
006709 	134 	65 	91 	91 
