Identity  : 	id10272
Reference : 	wb6ligRbbZ4
Offset    : 	-1
FV Conf   : 	17.939
ASD Conf  : 	6.349

FRAME 	X 	Y 	W 	H 
003908 	278 	46 	75 	76 
003909 	278 	46 	75 	76 
003910 	278 	46 	75 	76 
003911 	278 	46 	75 	76 
003912 	278 	46 	75 	76 
003913 	278 	46 	75 	76 
003914 	278 	46 	75 	76 
003915 	278 	46 	75 	76 
003916 	278 	46 	75 	76 
003917 	278 	46 	75 	76 
003918 	278 	46 	75 	76 
003919 	278 	46 	75 	76 
003920 	278 	46 	75 	76 
003921 	278 	46 	75 	76 
003922 	278 	46 	75 	76 
003923 	278 	46 	75 	76 
003924 	278 	46 	75 	76 
003925 	274 	45 	90 	91 
003926 	278 	54 	75 	76 
003927 	278 	54 	75 	76 
003928 	264 	45 	90 	91 
003929 	264 	45 	90 	91 
003930 	278 	54 	75 	76 
003931 	274 	45 	90 	91 
003932 	274 	45 	90 	91 
003933 	274 	45 	90 	91 
003934 	274 	45 	90 	91 
003935 	274 	45 	90 	91 
003936 	274 	45 	90 	91 
003937 	274 	45 	90 	91 
003938 	278 	46 	75 	76 
003939 	278 	46 	75 	76 
003940 	278 	46 	75 	76 
003941 	278 	46 	75 	76 
003942 	278 	46 	75 	76 
003943 	278 	46 	75 	76 
003944 	278 	46 	75 	76 
003945 	274 	45 	90 	91 
003946 	274 	45 	90 	91 
003947 	278 	46 	75 	76 
003948 	278 	46 	75 	76 
003949 	278 	46 	75 	76 
003950 	278 	46 	75 	76 
003951 	278 	46 	75 	76 
003952 	278 	46 	75 	76 
003953 	274 	45 	90 	91 
003954 	274 	45 	90 	91 
003955 	274 	45 	90 	91 
003956 	274 	45 	90 	91 
003957 	274 	45 	90 	91 
003958 	274 	45 	90 	91 
003959 	278 	54 	75 	76 
003960 	278 	54 	75 	76 
003961 	278 	54 	75 	76 
003962 	264 	45 	90 	91 
003963 	269 	62 	76 	76 
003964 	254 	55 	90 	91 
003965 	253 	62 	75 	76 
003966 	253 	62 	75 	76 
003967 	253 	54 	75 	76 
003968 	253 	54 	75 	76 
003969 	261 	62 	76 	76 
003970 	254 	55 	90 	91 
003971 	254 	45 	90 	91 
003972 	254 	45 	90 	91 
003973 	254 	45 	90 	91 
003974 	264 	55 	90 	91 
003975 	264 	45 	90 	91 
003976 	264 	45 	90 	91 
003977 	264 	45 	90 	91 
003978 	264 	45 	90 	91 
003979 	264 	45 	90 	91 
003980 	264 	45 	90 	91 
003981 	264 	45 	90 	91 
003982 	264 	45 	90 	91 
003983 	264 	45 	90 	91 
003984 	264 	45 	90 	91 
003985 	264 	45 	90 	91 
003986 	264 	45 	90 	91 
003987 	264 	55 	90 	91 
003988 	254 	45 	90 	91 
003989 	254 	55 	90 	91 
003990 	254 	55 	90 	91 
003991 	254 	55 	90 	91 
003992 	254 	55 	90 	91 
003993 	254 	55 	90 	91 
003994 	254 	55 	90 	91 
003995 	254 	55 	90 	91 
003996 	254 	55 	90 	91 
003997 	254 	55 	90 	91 
003998 	254 	55 	90 	91 
003999 	254 	55 	90 	91 
004000 	254 	55 	90 	91 
004001 	254 	55 	90 	91 
004002 	254 	55 	90 	91 
004003 	254 	55 	90 	91 
004004 	254 	55 	90 	91 
004005 	254 	55 	90 	91 
004006 	254 	55 	90 	91 
004007 	254 	55 	90 	91 
004008 	254 	55 	90 	91 
004009 	254 	55 	90 	91 
004010 	254 	55 	90 	91 
004011 	254 	55 	90 	91 
004012 	254 	55 	90 	91 
004013 	254 	55 	90 	91 
004014 	254 	55 	90 	91 
004015 	254 	55 	90 	91 
004016 	254 	55 	90 	91 
004017 	254 	55 	90 	91 
004018 	254 	55 	90 	91 
004019 	254 	55 	90 	91 
004020 	254 	55 	90 	91 
004021 	254 	55 	90 	91 
004022 	254 	55 	90 	91 
004023 	254 	55 	90 	91 
004024 	254 	55 	90 	91 
004025 	254 	55 	90 	91 
004026 	254 	55 	90 	91 
004027 	254 	55 	90 	91 
004028 	254 	55 	90 	91 
004029 	254 	55 	90 	91 
004030 	254 	55 	90 	91 
004031 	254 	55 	90 	91 
004032 	254 	55 	90 	91 
004033 	254 	55 	90 	91 
004034 	254 	55 	90 	91 
004035 	254 	55 	90 	91 
004036 	254 	55 	90 	91 
004037 	254 	55 	90 	91 
004038 	254 	55 	90 	91 
004039 	254 	55 	90 	91 
004040 	254 	55 	90 	91 
004041 	254 	55 	90 	91 
004042 	254 	55 	90 	91 
004043 	254 	55 	90 	91 
004044 	254 	55 	90 	91 
004045 	254 	55 	90 	91 
004046 	254 	55 	90 	91 
004047 	254 	65 	90 	91 
004048 	254 	65 	90 	91 
004049 	254 	55 	90 	91 
004050 	254 	55 	90 	91 
004051 	254 	55 	90 	91 
004052 	254 	55 	90 	91 
004053 	254 	55 	90 	91 
004054 	254 	55 	90 	91 
004055 	254 	55 	90 	91 
004056 	254 	55 	90 	91 
