Identity  : 	id10272
Reference : 	wb6ligRbbZ4
Offset    : 	-1
FV Conf   : 	13.178
ASD Conf  : 	6.226

FRAME 	X 	Y 	W 	H 
001704 	286 	62 	76 	76 
001705 	286 	62 	76 	76 
001706 	274 	55 	90 	91 
001707 	286 	54 	76 	76 
001708 	286 	54 	76 	76 
001709 	286 	54 	76 	76 
001710 	294 	62 	76 	76 
001711 	294 	54 	76 	76 
001712 	294 	55 	90 	91 
001713 	303 	62 	75 	76 
001714 	303 	62 	75 	76 
001715 	304 	55 	90 	91 
001716 	311 	62 	75 	76 
001717 	311 	62 	75 	76 
001718 	311 	62 	75 	76 
001719 	311 	62 	75 	76 
001720 	311 	62 	75 	76 
001721 	304 	55 	90 	91 
001722 	311 	62 	75 	76 
001723 	311 	62 	75 	76 
001724 	311 	62 	75 	76 
001725 	311 	62 	75 	76 
001726 	311 	62 	75 	76 
001727 	311 	62 	75 	76 
001728 	311 	62 	75 	76 
001729 	311 	62 	75 	76 
001730 	311 	62 	75 	76 
001731 	311 	62 	75 	76 
001732 	311 	62 	75 	76 
001733 	304 	65 	90 	91 
001734 	304 	65 	90 	91 
001735 	319 	71 	76 	75 
001736 	319 	71 	76 	75 
001737 	314 	65 	90 	91 
001738 	314 	65 	90 	91 
001739 	314 	65 	90 	91 
001740 	314 	55 	90 	91 
001741 	319 	62 	76 	76 
001742 	319 	62 	76 	76 
001743 	304 	55 	90 	91 
001744 	304 	55 	90 	91 
001745 	304 	65 	90 	91 
001746 	319 	71 	76 	75 
001747 	319 	71 	76 	75 
001748 	319 	71 	76 	75 
001749 	319 	62 	76 	76 
001750 	319 	62 	76 	76 
001751 	319 	71 	76 	75 
001752 	319 	71 	76 	75 
001753 	319 	71 	76 	75 
001754 	319 	71 	76 	75 
001755 	319 	71 	76 	75 
001756 	319 	71 	76 	75 
001757 	319 	71 	76 	75 
001758 	319 	71 	76 	75 
001759 	319 	71 	76 	75 
001760 	319 	71 	76 	75 
001761 	319 	71 	76 	75 
001762 	319 	71 	76 	75 
001763 	319 	71 	76 	75 
001764 	319 	71 	76 	75 
001765 	319 	71 	76 	75 
001766 	319 	71 	76 	75 
001767 	319 	62 	76 	76 
001768 	319 	62 	76 	76 
001769 	319 	71 	76 	75 
001770 	304 	65 	90 	91 
001771 	304 	65 	90 	91 
001772 	311 	62 	75 	76 
001773 	311 	71 	75 	75 
001774 	311 	71 	75 	75 
001775 	311 	71 	75 	75 
001776 	311 	71 	75 	75 
001777 	294 	65 	90 	91 
001778 	294 	65 	90 	91 
001779 	294 	65 	90 	91 
001780 	294 	65 	90 	91 
001781 	294 	65 	90 	91 
001782 	284 	65 	90 	91 
001783 	284 	65 	90 	91 
001784 	284 	65 	90 	91 
001785 	284 	65 	90 	91 
001786 	284 	65 	90 	91 
001787 	284 	65 	90 	91 
001788 	284 	65 	90 	91 
001789 	284 	65 	90 	91 
001790 	284 	65 	90 	91 
001791 	284 	65 	90 	91 
001792 	284 	65 	90 	91 
001793 	284 	65 	90 	91 
001794 	284 	65 	90 	91 
001795 	284 	65 	90 	91 
001796 	284 	65 	90 	91 
001797 	284 	65 	90 	91 
001798 	284 	65 	90 	91 
001799 	284 	65 	90 	91 
001800 	284 	65 	90 	91 
001801 	284 	65 	90 	91 
001802 	284 	65 	90 	91 
001803 	284 	65 	90 	91 
001804 	284 	65 	90 	91 
001805 	286 	71 	76 	75 
001806 	274 	65 	90 	91 
001807 	274 	65 	90 	91 
001808 	274 	65 	90 	91 
001809 	274 	65 	90 	91 
001810 	274 	65 	90 	91 
001811 	286 	71 	76 	75 
001812 	280 	63 	83 	83 
001813 	274 	55 	90 	91 
001814 	275 	54 	90 	91 
001815 	276 	53 	90 	91 
001816 	276 	52 	90 	91 
001817 	277 	52 	90 	91 
001818 	278 	51 	90 	91 
