Identity  : 	id10309
Reference : 	V_tzoDBiP8A
Offset    : 	-2
FV Conf   : 	16.478
ASD Conf  : 	7.667

FRAME 	X 	Y 	W 	H 
008020 	173 	66 	109 	109 
008021 	173 	66 	109 	109 
008022 	173 	66 	109 	109 
008023 	184 	75 	91 	91 
008024 	184 	75 	91 	91 
008025 	184 	75 	91 	91 
008026 	184 	75 	91 	91 
008027 	184 	75 	91 	91 
008028 	184 	75 	91 	91 
008029 	184 	75 	91 	91 
008030 	184 	75 	91 	91 
008031 	184 	65 	91 	91 
008032 	184 	65 	91 	91 
008033 	184 	65 	91 	91 
008034 	184 	75 	91 	91 
008035 	185 	66 	109 	109 
008036 	185 	66 	109 	109 
008037 	185 	66 	109 	109 
008038 	185 	66 	109 	109 
008039 	194 	85 	91 	91 
008040 	194 	85 	91 	91 
008041 	185 	78 	109 	109 
008042 	185 	78 	109 	109 
008043 	185 	78 	109 	109 
008044 	185 	78 	109 	109 
008045 	185 	78 	109 	109 
008046 	185 	78 	109 	109 
008047 	185 	78 	109 	109 
008048 	197 	78 	109 	109 
008049 	204 	95 	91 	91 
008050 	204 	95 	91 	91 
008051 	204 	95 	91 	91 
008052 	197 	78 	109 	109 
008053 	197 	78 	109 	109 
008054 	197 	78 	109 	109 
008055 	197 	78 	109 	109 
008056 	197 	78 	109 	109 
008057 	197 	78 	109 	109 
008058 	197 	78 	109 	109 
008059 	214 	85 	91 	91 
008060 	209 	66 	109 	109 
008061 	209 	66 	109 	109 
008062 	209 	66 	109 	109 
008063 	214 	85 	91 	91 
008064 	214 	85 	91 	91 
008065 	214 	85 	91 	91 
008066 	209 	66 	109 	109 
008067 	209 	66 	109 	109 
008068 	209 	66 	109 	109 
008069 	209 	66 	109 	109 
008070 	209 	66 	109 	109 
008071 	209 	66 	109 	109 
008072 	209 	66 	109 	109 
008073 	209 	66 	109 	109 
008074 	209 	66 	109 	109 
008075 	209 	66 	109 	109 
008076 	209 	66 	109 	109 
008077 	209 	66 	109 	109 
008078 	209 	66 	109 	109 
008079 	209 	54 	109 	109 
008080 	209 	54 	109 	109 
008081 	209 	54 	109 	109 
008082 	209 	54 	109 	109 
008083 	209 	54 	109 	109 
008084 	214 	55 	91 	91 
008085 	197 	43 	109 	108 
008086 	197 	43 	109 	108 
008087 	185 	43 	109 	108 
008088 	185 	43 	109 	108 
008089 	185 	43 	109 	108 
008090 	185 	43 	109 	108 
008091 	185 	43 	109 	108 
008092 	185 	43 	109 	108 
008093 	194 	45 	91 	91 
008094 	204 	45 	91 	91 
008095 	204 	45 	91 	91 
008096 	214 	45 	91 	91 
008097 	214 	45 	91 	91 
008098 	214 	45 	91 	91 
008099 	204 	45 	91 	91 
008100 	204 	45 	91 	91 
008101 	204 	45 	91 	91 
008102 	204 	45 	91 	91 
008103 	204 	45 	91 	91 
008104 	204 	45 	91 	91 
008105 	204 	45 	91 	91 
008106 	204 	45 	91 	91 
008107 	204 	45 	91 	91 
008108 	197 	43 	109 	108 
008109 	204 	45 	91 	91 
008110 	197 	43 	109 	108 
008111 	204 	45 	91 	91 
008112 	204 	45 	91 	91 
008113 	204 	45 	91 	91 
008114 	204 	45 	91 	91 
008115 	204 	45 	91 	91 
008116 	204 	45 	91 	91 
008117 	204 	45 	91 	91 
008118 	204 	45 	91 	91 
008119 	204 	45 	91 	91 
008120 	204 	45 	91 	91 
008121 	204 	45 	91 	91 
008122 	204 	45 	91 	91 
008123 	204 	45 	91 	91 
008124 	197 	43 	109 	108 
008125 	197 	43 	109 	108 
008126 	204 	45 	91 	91 
008127 	204 	45 	91 	91 
008128 	204 	45 	91 	91 
008129 	194 	45 	91 	91 
008130 	194 	45 	91 	91 
008131 	185 	31 	109 	108 
008132 	184 	35 	91 	91 
008133 	184 	35 	91 	91 
008134 	184 	45 	91 	91 
008135 	184 	45 	91 	91 
008136 	184 	55 	91 	91 
008137 	184 	65 	91 	91 
008138 	174 	65 	91 	91 
008139 	174 	75 	91 	91 
008140 	173 	54 	109 	109 
008141 	173 	54 	109 	109 
008142 	184 	55 	91 	91 
008143 	185 	43 	109 	108 
008144 	185 	43 	109 	108 
008145 	185 	43 	109 	108 
008146 	185 	43 	109 	108 
008147 	185 	43 	109 	108 
008148 	185 	43 	109 	108 
008149 	185 	54 	109 	109 
008150 	184 	65 	91 	91 
008151 	173 	54 	109 	109 
008152 	184 	55 	91 	91 
008153 	173 	43 	109 	108 
008154 	184 	45 	91 	91 
008155 	184 	45 	91 	91 
008156 	184 	45 	91 	91 
008157 	184 	45 	91 	91 
008158 	184 	45 	91 	91 
008159 	185 	43 	109 	108 
008160 	185 	54 	109 	109 
008161 	185 	54 	109 	109 
008162 	185 	66 	109 	109 
008163 	185 	66 	109 	109 
008164 	197 	66 	109 	109 
008165 	197 	66 	109 	109 
008166 	197 	66 	109 	109 
008167 	197 	66 	109 	109 
008168 	197 	66 	109 	109 
008169 	197 	66 	109 	109 
008170 	197 	66 	109 	109 
008171 	197 	66 	109 	109 
008172 	197 	66 	109 	109 
008173 	197 	78 	109 	109 
008174 	197 	78 	109 	109 
008175 	214 	85 	91 	91 
008176 	214 	85 	91 	91 
008177 	214 	85 	91 	91 
008178 	209 	78 	109 	109 
008179 	209 	78 	109 	109 
008180 	209 	78 	109 	109 
008181 	209 	78 	109 	109 
008182 	209 	78 	109 	109 
008183 	209 	78 	109 	109 
008184 	209 	78 	109 	109 
008185 	209 	78 	109 	109 
008186 	209 	78 	109 	109 
008187 	209 	78 	109 	109 
008188 	209 	78 	109 	109 
008189 	209 	78 	109 	109 
008190 	209 	78 	109 	109 
008191 	209 	78 	109 	109 
008192 	209 	78 	109 	109 
008193 	209 	66 	109 	109 
008194 	209 	66 	109 	109 
008195 	209 	66 	109 	109 
008196 	209 	66 	109 	109 
008197 	209 	66 	109 	109 
008198 	214 	75 	91 	91 
008199 	209 	54 	109 	109 
008200 	197 	54 	109 	109 
008201 	197 	54 	109 	109 
008202 	197 	54 	109 	109 
008203 	197 	54 	109 	109 
008204 	197 	54 	109 	109 
008205 	185 	54 	109 	109 
008206 	185 	54 	109 	109 
008207 	185 	54 	109 	109 
008208 	194 	65 	91 	91 
008209 	194 	65 	91 	91 
008210 	194 	65 	91 	91 
008211 	194 	68 	91 	91 
008212 	194 	72 	91 	91 
008213 	194 	75 	91 	91 
008214 	184 	75 	91 	91 
008215 	184 	75 	91 	91 
008216 	184 	75 	91 	91 
008217 	184 	75 	91 	91 
008218 	173 	66 	109 	109 
008219 	174 	65 	91 	91 
008220 	174 	65 	91 	91 
008221 	161 	54 	109 	109 
008222 	164 	65 	91 	91 
008223 	164 	65 	91 	91 
008224 	154 	65 	91 	91 
008225 	154 	65 	91 	91 
008226 	154 	65 	91 	91 
008227 	154 	55 	91 	91 
008228 	154 	55 	91 	91 
008229 	154 	55 	91 	91 
008230 	154 	55 	91 	91 
008231 	154 	55 	91 	91 
008232 	154 	55 	91 	91 
008233 	154 	45 	91 	91 
008234 	154 	45 	91 	91 
008235 	154 	45 	91 	91 
008236 	154 	45 	91 	91 
008237 	154 	45 	91 	91 
008238 	154 	45 	91 	91 
008239 	150 	31 	108 	108 
008240 	164 	45 	91 	91 
008241 	164 	45 	91 	91 
008242 	164 	45 	91 	91 
008243 	164 	45 	91 	91 
008244 	164 	45 	91 	91 
008245 	164 	55 	91 	91 
008246 	164 	55 	91 	91 
008247 	164 	55 	91 	91 
008248 	164 	55 	91 	91 
008249 	164 	55 	91 	91 
008250 	164 	55 	91 	91 
008251 	164 	55 	91 	91 
008252 	164 	55 	91 	91 
008253 	164 	55 	91 	91 
008254 	164 	55 	91 	91 
008255 	164 	65 	91 	91 
008256 	164 	65 	91 	91 
008257 	164 	65 	91 	91 
008258 	164 	65 	91 	91 
008259 	164 	65 	91 	91 
008260 	164 	65 	91 	91 
008261 	164 	65 	91 	91 
008262 	164 	65 	91 	91 
008263 	164 	65 	91 	91 
008264 	164 	65 	91 	91 
008265 	164 	65 	91 	91 
008266 	164 	65 	91 	91 
008267 	164 	55 	91 	91 
008268 	164 	55 	91 	91 
008269 	150 	43 	108 	108 
008270 	164 	45 	91 	91 
008271 	161 	42 	94 	94 
008272 	158 	39 	98 	98 
008273 	156 	37 	101 	101 
008274 	153 	34 	105 	105 
008275 	150 	31 	108 	108 
008276 	150 	31 	108 	108 
008277 	154 	45 	91 	91 
008278 	154 	45 	91 	91 
008279 	144 	45 	91 	91 
008280 	144 	45 	91 	91 
008281 	144 	35 	91 	91 
008282 	144 	35 	91 	91 
008283 	134 	35 	91 	91 
008284 	134 	35 	91 	91 
008285 	134 	35 	91 	91 
008286 	134 	35 	91 	91 
008287 	134 	45 	91 	91 
008288 	134 	45 	91 	91 
008289 	134 	45 	91 	91 
008290 	134 	45 	91 	91 
008291 	134 	35 	91 	91 
008292 	134 	35 	91 	91 
008293 	134 	35 	91 	91 
008294 	134 	35 	91 	91 
008295 	134 	35 	91 	91 
008296 	134 	35 	91 	91 
008297 	134 	35 	91 	91 
008298 	134 	45 	91 	91 
008299 	134 	45 	91 	91 
008300 	134 	45 	91 	91 
008301 	144 	45 	91 	91 
008302 	144 	45 	91 	91 
008303 	144 	45 	91 	91 
008304 	144 	35 	91 	91 
008305 	138 	31 	108 	108 
008306 	138 	31 	108 	108 
008307 	154 	45 	91 	91 
008308 	154 	45 	91 	91 
008309 	154 	45 	91 	91 
008310 	164 	45 	91 	91 
008311 	164 	45 	91 	91 
008312 	161 	43 	109 	108 
008313 	161 	43 	109 	108 
008314 	174 	55 	91 	91 
008315 	174 	55 	91 	91 
008316 	173 	43 	109 	108 
008317 	173 	54 	109 	109 
008318 	184 	65 	91 	91 
008319 	184 	65 	91 	91 
008320 	184 	65 	91 	91 
008321 	184 	65 	91 	91 
008322 	194 	65 	91 	91 
008323 	194 	65 	91 	91 
008324 	194 	65 	91 	91 
008325 	194 	65 	91 	91 
008326 	194 	65 	91 	91 
008327 	194 	65 	91 	91 
008328 	194 	65 	91 	91 
008329 	194 	65 	91 	91 
008330 	194 	65 	91 	91 
008331 	197 	54 	109 	109 
008332 	204 	65 	91 	91 
008333 	194 	65 	91 	91 
008334 	194 	65 	91 	91 
008335 	194 	65 	91 	91 
008336 	194 	65 	91 	91 
008337 	194 	65 	91 	91 
008338 	185 	54 	109 	109 
008339 	185 	54 	109 	109 
008340 	185 	54 	109 	109 
008341 	185 	54 	109 	109 
008342 	184 	55 	91 	91 
008343 	173 	54 	109 	109 
008344 	173 	54 	109 	109 
008345 	174 	65 	91 	91 
008346 	161 	54 	109 	109 
008347 	164 	55 	91 	91 
008348 	164 	55 	91 	91 
008349 	164 	55 	91 	91 
008350 	150 	54 	108 	109 
008351 	150 	54 	108 	109 
008352 	164 	55 	91 	91 
008353 	164 	55 	91 	91 
008354 	164 	55 	91 	91 
008355 	164 	55 	91 	91 
008356 	164 	55 	91 	91 
008357 	164 	55 	91 	91 
008358 	164 	55 	91 	91 
008359 	164 	55 	91 	91 
008360 	164 	55 	91 	91 
008361 	164 	55 	91 	91 
008362 	164 	55 	91 	91 
008363 	164 	55 	91 	91 
008364 	164 	55 	91 	91 
008365 	174 	55 	91 	91 
008366 	174 	55 	91 	91 
008367 	174 	55 	91 	91 
008368 	173 	54 	109 	109 
008369 	173 	54 	109 	109 
008370 	184 	65 	91 	91 
008371 	185 	54 	109 	109 
008372 	185 	54 	109 	109 
008373 	185 	54 	109 	109 
008374 	185 	54 	109 	109 
008375 	185 	54 	109 	109 
008376 	185 	54 	109 	109 
008377 	194 	75 	91 	91 
008378 	194 	75 	91 	91 
008379 	194 	75 	91 	91 
008380 	194 	75 	91 	91 
008381 	194 	75 	91 	91 
008382 	194 	75 	91 	91 
008383 	204 	75 	91 	91 
008384 	204 	75 	91 	91 
008385 	204 	75 	91 	91 
008386 	204 	75 	91 	91 
008387 	204 	75 	91 	91 
008388 	204 	75 	91 	91 
008389 	197 	66 	109 	109 
008390 	197 	66 	109 	109 
008391 	197 	66 	109 	109 
008392 	204 	75 	91 	91 
008393 	197 	66 	109 	109 
008394 	197 	66 	109 	109 
008395 	197 	66 	109 	109 
008396 	197 	66 	109 	109 
008397 	204 	75 	91 	91 
008398 	197 	66 	109 	109 
008399 	204 	75 	91 	91 
008400 	197 	66 	109 	109 
008401 	204 	75 	91 	91 
008402 	204 	75 	91 	91 
008403 	204 	75 	91 	91 
008404 	204 	75 	91 	91 
008405 	197 	66 	109 	109 
008406 	197 	66 	109 	109 
008407 	197 	66 	109 	109 
008408 	197 	66 	109 	109 
008409 	197 	66 	109 	109 
008410 	197 	66 	109 	109 
008411 	197 	66 	109 	109 
008412 	197 	66 	109 	109 
008413 	197 	66 	109 	109 
008414 	204 	75 	91 	91 
008415 	197 	66 	109 	109 
008416 	197 	66 	109 	109 
008417 	197 	66 	109 	109 
008418 	197 	66 	109 	109 
008419 	197 	66 	109 	109 
008420 	197 	66 	109 	109 
008421 	209 	66 	109 	109 
008422 	209 	66 	109 	109 
008423 	209 	66 	109 	109 
008424 	209 	66 	109 	109 
008425 	209 	66 	109 	109 
008426 	197 	66 	109 	109 
008427 	197 	66 	109 	109 
008428 	197 	66 	109 	109 
008429 	197 	66 	109 	109 
008430 	197 	66 	109 	109 
008431 	197 	66 	109 	109 
008432 	197 	66 	109 	109 
008433 	197 	66 	109 	109 
008434 	197 	66 	109 	109 
008435 	197 	66 	109 	109 
008436 	197 	66 	109 	109 
008437 	204 	75 	91 	91 
008438 	197 	66 	109 	109 
008439 	197 	66 	109 	109 
008440 	197 	66 	109 	109 
008441 	197 	66 	109 	109 
008442 	197 	66 	109 	109 
008443 	197 	66 	109 	109 
008444 	204 	75 	91 	91 
008445 	204 	75 	91 	91 
008446 	204 	75 	91 	91 
008447 	204 	75 	91 	91 
008448 	204 	75 	91 	91 
008449 	204 	75 	91 	91 
008450 	204 	75 	91 	91 
008451 	204 	75 	91 	91 
008452 	204 	75 	91 	91 
008453 	204 	75 	91 	91 
008454 	204 	75 	91 	91 
008455 	204 	75 	91 	91 
008456 	204 	65 	91 	91 
008457 	204 	65 	91 	91 
008458 	185 	54 	109 	109 
008459 	185 	54 	109 	109 
008460 	185 	54 	109 	109 
008461 	185 	54 	109 	109 
008462 	185 	54 	109 	109 
008463 	185 	54 	109 	109 
008464 	185 	54 	109 	109 
008465 	185 	54 	109 	109 
008466 	194 	75 	91 	91 
008467 	194 	75 	91 	91 
008468 	194 	75 	91 	91 
008469 	194 	75 	91 	91 
008470 	194 	75 	91 	91 
008471 	194 	75 	91 	91 
008472 	194 	75 	91 	91 
008473 	194 	75 	91 	91 
008474 	194 	75 	91 	91 
008475 	204 	75 	91 	91 
008476 	204 	75 	91 	91 
008477 	204 	75 	91 	91 
008478 	194 	75 	91 	91 
008479 	194 	75 	91 	91 
008480 	204 	75 	91 	91 
008481 	194 	75 	91 	91 
008482 	185 	54 	109 	109 
008483 	185 	54 	109 	109 
008484 	185 	54 	109 	109 
008485 	185 	54 	109 	109 
008486 	184 	65 	91 	91 
008487 	173 	54 	109 	109 
008488 	173 	54 	109 	109 
008489 	173 	54 	109 	109 
008490 	173 	54 	109 	109 
008491 	173 	54 	109 	109 
008492 	173 	54 	109 	109 
008493 	173 	54 	109 	109 
008494 	184 	55 	91 	91 
008495 	184 	55 	91 	91 
008496 	184 	55 	91 	91 
008497 	173 	54 	109 	109 
008498 	173 	54 	109 	109 
008499 	184 	65 	91 	91 
008500 	173 	54 	109 	109 
008501 	173 	43 	109 	108 
008502 	173 	43 	109 	108 
008503 	184 	55 	91 	91 
008504 	173 	54 	109 	109 
008505 	173 	54 	109 	109 
008506 	173 	54 	109 	109 
008507 	173 	54 	109 	109 
008508 	173 	43 	109 	108 
008509 	173 	43 	109 	108 
008510 	173 	43 	109 	108 
008511 	174 	55 	91 	91 
008512 	173 	43 	109 	108 
008513 	174 	55 	91 	91 
008514 	173 	43 	109 	108 
008515 	173 	43 	109 	108 
008516 	173 	54 	109 	109 
008517 	173 	54 	109 	109 
008518 	173 	54 	109 	109 
008519 	173 	54 	109 	109 
008520 	173 	54 	109 	109 
008521 	173 	54 	109 	109 
008522 	173 	54 	109 	109 
008523 	173 	54 	109 	109 
008524 	173 	54 	109 	109 
008525 	173 	54 	109 	109 
008526 	174 	65 	91 	91 
008527 	173 	54 	109 	109 
008528 	173 	54 	109 	109 
008529 	173 	54 	109 	109 
008530 	173 	54 	109 	109 
008531 	173 	54 	109 	109 
008532 	173 	54 	109 	109 
008533 	173 	54 	109 	109 
008534 	173 	54 	109 	109 
008535 	173 	54 	109 	109 
008536 	173 	54 	109 	109 
008537 	173 	54 	109 	109 
008538 	184 	65 	91 	91 
008539 	184 	75 	91 	91 
008540 	184 	75 	91 	91 
008541 	173 	66 	109 	109 
008542 	173 	66 	109 	109 
008543 	184 	85 	91 	91 
008544 	174 	85 	91 	91 
008545 	174 	85 	91 	91 
008546 	174 	85 	91 	91 
008547 	174 	85 	91 	91 
008548 	174 	85 	91 	91 
008549 	174 	85 	91 	91 
008550 	174 	85 	91 	91 
008551 	174 	95 	91 	91 
008552 	174 	95 	91 	91 
008553 	174 	95 	91 	91 
008554 	174 	95 	91 	91 
008555 	174 	95 	91 	91 
008556 	173 	78 	109 	109 
008557 	174 	85 	91 	91 
008558 	173 	66 	109 	109 
008559 	173 	66 	109 	109 
008560 	173 	66 	109 	109 
008561 	174 	75 	91 	91 
008562 	174 	75 	91 	91 
008563 	174 	75 	91 	91 
008564 	173 	66 	109 	109 
008565 	173 	54 	109 	109 
008566 	173 	54 	109 	109 
008567 	173 	54 	109 	109 
008568 	173 	54 	109 	109 
