Identity  : 	id10305
Reference : 	Ih2s_PikIdI
Offset    : 	-1
FV Conf   : 	20.717
ASD Conf  : 	7.668

FRAME 	X 	Y 	W 	H 
001966 	329 	102 	108 	109 
001967 	329 	102 	108 	109 
001968 	329 	102 	108 	109 
001969 	329 	102 	108 	109 
001970 	329 	102 	108 	109 
001971 	309 	94 	130 	130 
001972 	309 	94 	130 	130 
001973 	309 	94 	130 	130 
001974 	309 	94 	130 	130 
001975 	309 	94 	130 	130 
001976 	309 	94 	130 	130 
001977 	309 	94 	130 	130 
001978 	309 	94 	130 	130 
001979 	309 	94 	130 	130 
001980 	309 	94 	130 	130 
001981 	309 	94 	130 	130 
001982 	309 	80 	130 	130 
001983 	309 	80 	130 	130 
001984 	309 	80 	130 	130 
001985 	317 	90 	108 	109 
001986 	294 	80 	130 	130 
001987 	294 	80 	130 	130 
001988 	294 	80 	130 	130 
001989 	294 	80 	130 	130 
001990 	294 	80 	130 	130 
001991 	309 	94 	130 	130 
001992 	309 	94 	130 	130 
001993 	309 	94 	130 	130 
001994 	309 	94 	130 	130 
001995 	309 	94 	130 	130 
001996 	309 	94 	130 	130 
001997 	323 	80 	130 	130 
001998 	323 	80 	130 	130 
001999 	323 	94 	130 	130 
002000 	323 	94 	130 	130 
002001 	323 	94 	130 	130 
002002 	323 	94 	130 	130 
002003 	323 	94 	130 	130 
002004 	323 	94 	130 	130 
002005 	323 	94 	130 	130 
002006 	329 	90 	108 	109 
002007 	309 	94 	130 	130 
002008 	309 	94 	130 	130 
002009 	309 	94 	130 	130 
002010 	309 	94 	130 	130 
002011 	309 	94 	130 	130 
002012 	309 	94 	130 	130 
002013 	309 	94 	130 	130 
002014 	309 	94 	130 	130 
002015 	309 	94 	130 	130 
002016 	309 	94 	130 	130 
002017 	309 	94 	130 	130 
002018 	309 	94 	130 	130 
002019 	309 	94 	130 	130 
002020 	309 	94 	130 	130 
002021 	309 	94 	130 	130 
002022 	309 	94 	130 	130 
002023 	309 	94 	130 	130 
002024 	309 	94 	130 	130 
002025 	309 	94 	130 	130 
002026 	309 	94 	130 	130 
002027 	309 	94 	130 	130 
002028 	309 	94 	130 	130 
002029 	309 	94 	130 	130 
002030 	294 	94 	130 	130 
002031 	294 	94 	130 	130 
002032 	294 	94 	130 	130 
002033 	294 	94 	130 	130 
002034 	294 	94 	130 	130 
002035 	294 	94 	130 	130 
002036 	294 	80 	130 	130 
002037 	294 	94 	130 	130 
002038 	294 	94 	130 	130 
002039 	294 	94 	130 	130 
002040 	294 	94 	130 	130 
002041 	294 	94 	130 	130 
002042 	294 	94 	130 	130 
002043 	309 	80 	130 	130 
002044 	309 	80 	130 	130 
002045 	309 	80 	130 	130 
002046 	309 	80 	130 	130 
002047 	309 	80 	130 	130 
002048 	309 	80 	130 	130 
002049 	309 	80 	130 	130 
002050 	309 	80 	130 	130 
002051 	309 	80 	130 	130 
002052 	309 	80 	130 	130 
002053 	309 	80 	130 	130 
002054 	294 	80 	130 	130 
002055 	294 	80 	130 	130 
002056 	294 	80 	130 	130 
002057 	294 	80 	130 	130 
002058 	294 	80 	130 	130 
002059 	294 	80 	130 	130 
002060 	294 	80 	130 	130 
002061 	294 	80 	130 	130 
002062 	294 	80 	130 	130 
002063 	294 	94 	130 	130 
002064 	294 	94 	130 	130 
002065 	280 	94 	130 	130 
002066 	280 	94 	130 	130 
002067 	280 	94 	130 	130 
002068 	280 	94 	130 	130 
