Identity  : 	id10304
Reference : 	GRv7pEnTwUc
Offset    : 	1
FV Conf   : 	16.060
ASD Conf  : 	6.604

FRAME 	X 	Y 	W 	H 
001290 	194 	80 	130 	130 
001291 	194 	80 	130 	130 
001292 	194 	66 	130 	130 
001293 	208 	80 	130 	130 
001294 	208 	66 	130 	130 
001295 	223 	80 	130 	130 
001296 	223 	80 	130 	130 
001297 	237 	80 	130 	130 
001298 	237 	80 	130 	130 
001299 	251 	80 	130 	130 
001300 	251 	80 	130 	130 
001301 	251 	80 	130 	130 
001302 	266 	80 	130 	130 
001303 	266 	80 	130 	130 
001304 	281 	90 	108 	109 
001305 	280 	80 	130 	130 
001306 	280 	80 	130 	130 
001307 	280 	80 	130 	130 
001308 	280 	80 	130 	130 
001309 	280 	80 	130 	130 
001310 	280 	80 	130 	130 
001311 	280 	80 	130 	130 
001312 	280 	80 	130 	130 
001313 	280 	80 	130 	130 
001314 	280 	80 	130 	130 
001315 	266 	80 	130 	130 
001316 	266 	80 	130 	130 
001317 	266 	80 	130 	130 
001318 	266 	80 	130 	130 
001319 	266 	80 	130 	130 
001320 	266 	80 	130 	130 
001321 	266 	80 	130 	130 
001322 	266 	80 	130 	130 
001323 	266 	80 	130 	130 
001324 	266 	80 	130 	130 
001325 	281 	90 	108 	109 
001326 	266 	80 	130 	130 
001327 	266 	80 	130 	130 
001328 	266 	80 	130 	130 
001329 	266 	80 	130 	130 
001330 	281 	90 	108 	109 
001331 	266 	80 	130 	130 
001332 	281 	90 	108 	109 
001333 	281 	90 	108 	109 
001334 	281 	90 	108 	109 
001335 	281 	90 	108 	109 
001336 	281 	90 	108 	109 
001337 	281 	90 	108 	109 
001338 	266 	80 	130 	130 
001339 	281 	90 	108 	109 
001340 	281 	90 	108 	109 
001341 	281 	90 	108 	109 
001342 	281 	90 	108 	109 
001343 	266 	80 	130 	130 
001344 	266 	80 	130 	130 
001345 	266 	80 	130 	130 
001346 	266 	80 	130 	130 
001347 	266 	80 	130 	130 
001348 	269 	90 	108 	109 
001349 	266 	80 	130 	130 
001350 	269 	90 	108 	109 
001351 	269 	90 	108 	109 
001352 	269 	90 	108 	109 
001353 	269 	90 	108 	109 
001354 	269 	90 	108 	109 
001355 	269 	90 	108 	109 
001356 	269 	90 	108 	109 
001357 	269 	90 	108 	109 
001358 	269 	90 	108 	109 
001359 	266 	80 	130 	130 
001360 	266 	80 	130 	130 
001361 	266 	80 	130 	130 
001362 	266 	80 	130 	130 
001363 	266 	80 	130 	130 
001364 	269 	90 	108 	109 
001365 	269 	90 	108 	109 
001366 	269 	90 	108 	109 
001367 	269 	90 	108 	109 
001368 	269 	90 	108 	109 
001369 	269 	90 	108 	109 
001370 	269 	90 	108 	109 
001371 	269 	90 	108 	109 
001372 	269 	90 	108 	109 
001373 	269 	90 	108 	109 
001374 	269 	90 	108 	109 
001375 	266 	80 	130 	130 
001376 	266 	80 	130 	130 
001377 	266 	80 	130 	130 
001378 	266 	80 	130 	130 
001379 	266 	80 	130 	130 
001380 	266 	80 	130 	130 
001381 	266 	80 	130 	130 
001382 	281 	90 	108 	109 
001383 	281 	90 	108 	109 
001384 	266 	80 	130 	130 
001385 	266 	80 	130 	130 
001386 	281 	90 	108 	109 
001387 	280 	80 	130 	130 
001388 	280 	66 	130 	130 
001389 	280 	66 	130 	130 
001390 	280 	66 	130 	130 
001391 	280 	66 	130 	130 
001392 	280 	66 	130 	130 
001393 	280 	66 	130 	130 
001394 	280 	66 	130 	130 
001395 	280 	66 	130 	130 
001396 	280 	66 	130 	130 
001397 	294 	66 	130 	130 
001398 	294 	66 	130 	130 
001399 	294 	66 	130 	130 
001400 	294 	66 	130 	130 
001401 	294 	66 	130 	130 
001402 	294 	66 	130 	130 
001403 	294 	66 	130 	130 
001404 	294 	66 	130 	130 
001405 	294 	66 	130 	130 
001406 	294 	66 	130 	130 
001407 	294 	66 	130 	130 
001408 	280 	66 	130 	130 
001409 	280 	66 	130 	130 
001410 	280 	66 	130 	130 
001411 	280 	66 	130 	130 
001412 	280 	66 	130 	130 
001413 	281 	90 	108 	109 
001414 	266 	80 	130 	130 
001415 	266 	80 	130 	130 
001416 	269 	90 	108 	109 
001417 	269 	90 	108 	109 
001418 	269 	90 	108 	109 
001419 	269 	90 	108 	109 
001420 	269 	90 	108 	109 
001421 	251 	80 	130 	130 
001422 	251 	80 	130 	130 
001423 	251 	80 	130 	130 
001424 	251 	80 	130 	130 
001425 	251 	80 	130 	130 
001426 	251 	80 	130 	130 
001427 	251 	80 	130 	130 
001428 	251 	80 	130 	130 
001429 	251 	80 	130 	130 
001430 	251 	80 	130 	130 
001431 	251 	80 	130 	130 
001432 	251 	80 	130 	130 
001433 	251 	80 	130 	130 
001434 	257 	90 	109 	109 
001435 	257 	90 	109 	109 
001436 	257 	90 	109 	109 
001437 	245 	90 	109 	109 
001438 	245 	90 	109 	109 
001439 	245 	90 	109 	109 
001440 	237 	80 	130 	130 
001441 	237 	80 	130 	130 
001442 	223 	80 	130 	130 
001443 	223 	80 	130 	130 
001444 	223 	80 	130 	130 
001445 	223 	80 	130 	130 
001446 	223 	80 	130 	130 
001447 	245 	90 	109 	109 
001448 	245 	90 	109 	109 
001449 	245 	90 	109 	109 
001450 	245 	90 	109 	109 
001451 	245 	90 	109 	109 
001452 	245 	90 	109 	109 
001453 	245 	90 	109 	109 
001454 	257 	90 	109 	109 
001455 	257 	90 	109 	109 
001456 	257 	90 	109 	109 
001457 	257 	90 	109 	109 
001458 	257 	90 	109 	109 
001459 	251 	80 	130 	130 
001460 	251 	80 	130 	130 
001461 	251 	80 	130 	130 
001462 	251 	80 	130 	130 
001463 	251 	80 	130 	130 
001464 	251 	94 	130 	130 
001465 	251 	80 	130 	130 
001466 	251 	80 	130 	130 
001467 	251 	80 	130 	130 
001468 	251 	80 	130 	130 
001469 	251 	80 	130 	130 
001470 	251 	80 	130 	130 
001471 	251 	80 	130 	130 
001472 	251 	80 	130 	130 
001473 	251 	80 	130 	130 
001474 	251 	80 	130 	130 
001475 	251 	80 	130 	130 
001476 	251 	80 	130 	130 
001477 	251 	80 	130 	130 
001478 	251 	80 	130 	130 
001479 	266 	80 	130 	130 
001480 	266 	80 	130 	130 
001481 	266 	80 	130 	130 
001482 	266 	80 	130 	130 
001483 	266 	80 	130 	130 
001484 	266 	66 	130 	130 
001485 	266 	66 	130 	130 
001486 	266 	66 	130 	130 
001487 	266 	80 	130 	130 
001488 	266 	80 	130 	130 
001489 	266 	66 	130 	130 
001490 	266 	66 	130 	130 
001491 	266 	80 	130 	130 
001492 	266 	66 	130 	130 
001493 	266 	80 	130 	130 
001494 	280 	66 	130 	130 
001495 	280 	66 	130 	130 
001496 	280 	66 	130 	130 
001497 	280 	66 	130 	130 
001498 	280 	66 	130 	130 
001499 	280 	66 	130 	130 
001500 	280 	66 	130 	130 
001501 	280 	80 	130 	130 
001502 	280 	80 	130 	130 
001503 	280 	80 	130 	130 
001504 	280 	80 	130 	130 
001505 	280 	80 	130 	130 
001506 	280 	80 	130 	130 
001507 	280 	80 	130 	130 
001508 	280 	80 	130 	130 
001509 	280 	80 	130 	130 
001510 	280 	80 	130 	130 
001511 	280 	80 	130 	130 
001512 	280 	80 	130 	130 
001513 	280 	80 	130 	130 
001514 	280 	80 	130 	130 
001515 	280 	80 	130 	130 
001516 	280 	80 	130 	130 
001517 	280 	66 	130 	130 
001518 	280 	80 	130 	130 
001519 	280 	80 	130 	130 
001520 	280 	80 	130 	130 
001521 	280 	66 	130 	130 
001522 	280 	66 	130 	130 
001523 	280 	66 	130 	130 
001524 	280 	80 	130 	130 
001525 	280 	80 	130 	130 
001526 	280 	80 	130 	130 
001527 	280 	80 	130 	130 
001528 	280 	80 	130 	130 
001529 	280 	66 	130 	130 
001530 	280 	80 	130 	130 
001531 	280 	80 	130 	130 
001532 	280 	66 	130 	130 
001533 	280 	66 	130 	130 
001534 	280 	66 	130 	130 
001535 	266 	80 	130 	130 
001536 	281 	90 	108 	109 
001537 	266 	80 	130 	130 
001538 	266 	80 	130 	130 
001539 	266 	80 	130 	130 
001540 	266 	80 	130 	130 
001541 	266 	80 	130 	130 
001542 	266 	80 	130 	130 
001543 	266 	80 	130 	130 
001544 	266 	80 	130 	130 
001545 	266 	80 	130 	130 
001546 	266 	80 	130 	130 
001547 	266 	80 	130 	130 
001548 	266 	80 	130 	130 
001549 	281 	90 	108 	109 
001550 	266 	80 	130 	130 
001551 	269 	90 	108 	109 
001552 	266 	80 	130 	130 
001553 	266 	80 	130 	130 
001554 	266 	80 	130 	130 
001555 	269 	90 	108 	109 
001556 	266 	80 	130 	130 
001557 	266 	80 	130 	130 
001558 	269 	90 	108 	109 
001559 	266 	80 	130 	130 
001560 	266 	80 	130 	130 
001561 	266 	80 	130 	130 
001562 	266 	80 	130 	130 
001563 	266 	80 	130 	130 
001564 	266 	66 	130 	130 
001565 	266 	66 	130 	130 
001566 	266 	66 	130 	130 
001567 	269 	90 	108 	109 
001568 	266 	80 	130 	130 
001569 	251 	80 	130 	130 
001570 	251 	80 	130 	130 
001571 	251 	80 	130 	130 
001572 	251 	80 	130 	130 
001573 	251 	80 	130 	130 
001574 	251 	80 	130 	130 
001575 	251 	80 	130 	130 
001576 	251 	80 	130 	130 
001577 	251 	80 	130 	130 
001578 	266 	80 	130 	130 
001579 	266 	80 	130 	130 
001580 	251 	80 	130 	130 
001581 	266 	94 	130 	130 
001582 	266 	94 	130 	130 
001583 	266 	94 	130 	130 
001584 	266 	94 	130 	130 
001585 	266 	80 	130 	130 
001586 	266 	80 	130 	130 
001587 	266 	80 	130 	130 
001588 	266 	80 	130 	130 
001589 	266 	80 	130 	130 
001590 	266 	80 	130 	130 
001591 	266 	80 	130 	130 
001592 	280 	66 	130 	130 
001593 	280 	80 	130 	130 
001594 	280 	80 	130 	130 
001595 	266 	80 	130 	130 
001596 	266 	80 	130 	130 
001597 	266 	80 	130 	130 
001598 	266 	80 	130 	130 
001599 	269 	102 	108 	109 
001600 	251 	80 	130 	130 
001601 	251 	80 	130 	130 
001602 	269 	90 	108 	109 
001603 	251 	66 	130 	130 
001604 	251 	66 	130 	130 
001605 	266 	66 	130 	130 
