Identity  : 	id10289
Reference : 	8l5ZnDf-FUA
Offset    : 	-2
FV Conf   : 	24.333
ASD Conf  : 	6.478

FRAME 	X 	Y 	W 	H 
001650 	385 	79 	76 	76 
001651 	383 	65 	91 	91 
001652 	383 	65 	91 	91 
001653 	394 	79 	75 	76 
001654 	394 	79 	75 	76 
001655 	393 	75 	91 	91 
001656 	393 	75 	91 	91 
001657 	383 	75 	91 	91 
001658 	383 	75 	91 	91 
001659 	383 	75 	91 	91 
001660 	383 	75 	91 	91 
001661 	383 	75 	91 	91 
001662 	383 	75 	91 	91 
001663 	383 	75 	91 	91 
001664 	383 	75 	91 	91 
001665 	383 	75 	91 	91 
001666 	383 	75 	91 	91 
001667 	383 	75 	91 	91 
001668 	383 	75 	91 	91 
001669 	383 	75 	91 	91 
001670 	383 	75 	91 	91 
001671 	383 	75 	91 	91 
001672 	383 	75 	91 	91 
001673 	383 	75 	91 	91 
001674 	383 	75 	91 	91 
001675 	383 	75 	91 	91 
001676 	383 	75 	91 	91 
001677 	383 	75 	91 	91 
001678 	383 	75 	91 	91 
001679 	383 	75 	91 	91 
001680 	383 	75 	91 	91 
001681 	383 	75 	91 	91 
001682 	383 	75 	91 	91 
001683 	383 	75 	91 	91 
001684 	383 	75 	91 	91 
001685 	383 	75 	91 	91 
001686 	383 	75 	91 	91 
001687 	383 	75 	91 	91 
001688 	383 	75 	91 	91 
001689 	383 	75 	91 	91 
001690 	383 	75 	91 	91 
001691 	383 	75 	91 	91 
001692 	383 	75 	91 	91 
001693 	393 	75 	91 	91 
001694 	393 	75 	91 	91 
001695 	393 	75 	91 	91 
001696 	393 	75 	91 	91 
001697 	393 	75 	91 	91 
001698 	393 	75 	91 	91 
001699 	393 	75 	91 	91 
001700 	393 	75 	91 	91 
001701 	393 	75 	91 	91 
001702 	393 	75 	91 	91 
001703 	393 	75 	91 	91 
001704 	393 	75 	91 	91 
001705 	393 	75 	91 	91 
001706 	393 	75 	91 	91 
001707 	393 	75 	91 	91 
001708 	402 	87 	76 	76 
001709 	383 	75 	91 	91 
001710 	383 	75 	91 	91 
001711 	383 	75 	91 	91 
001712 	383 	75 	91 	91 
001713 	383 	75 	91 	91 
001714 	383 	75 	91 	91 
001715 	383 	75 	91 	91 
001716 	383 	75 	91 	91 
001717 	383 	75 	91 	91 
001718 	383 	75 	91 	91 
001719 	383 	75 	91 	91 
001720 	383 	75 	91 	91 
001721 	383 	75 	91 	91 
001722 	383 	75 	91 	91 
001723 	383 	75 	91 	91 
001724 	383 	75 	91 	91 
001725 	383 	75 	91 	91 
001726 	383 	75 	91 	91 
001727 	383 	75 	91 	91 
001728 	383 	75 	91 	91 
001729 	383 	75 	91 	91 
001730 	383 	75 	91 	91 
001731 	383 	75 	91 	91 
001732 	383 	75 	91 	91 
001733 	383 	75 	91 	91 
001734 	383 	75 	91 	91 
001735 	383 	75 	91 	91 
001736 	394 	87 	75 	76 
001737 	394 	87 	75 	76 
001738 	394 	87 	75 	76 
001739 	394 	87 	75 	76 
001740 	394 	87 	75 	76 
001741 	394 	87 	75 	76 
001742 	394 	87 	75 	76 
001743 	394 	87 	75 	76 
001744 	394 	87 	75 	76 
001745 	394 	87 	75 	76 
001746 	394 	87 	75 	76 
001747 	394 	87 	75 	76 
001748 	394 	87 	75 	76 
001749 	394 	87 	75 	76 
001750 	383 	75 	91 	91 
001751 	383 	75 	91 	91 
001752 	383 	75 	91 	91 
001753 	402 	87 	76 	76 
001754 	402 	87 	76 	76 
001755 	393 	75 	91 	91 
001756 	393 	75 	91 	91 
001757 	393 	75 	91 	91 
001758 	393 	75 	91 	91 
001759 	393 	75 	91 	91 
001760 	393 	75 	91 	91 
001761 	393 	75 	91 	91 
