Identity  : 	id10289
Reference : 	8l5ZnDf-FUA
Offset    : 	-2
FV Conf   : 	24.333
ASD Conf  : 	6.756

FRAME 	X 	Y 	W 	H 
000563 	413 	55 	91 	91 
000564 	419 	62 	75 	76 
000565 	413 	55 	91 	91 
000566 	413 	55 	91 	91 
000567 	413 	55 	91 	91 
000568 	413 	55 	91 	91 
000569 	427 	62 	76 	76 
000570 	427 	62 	76 	76 
000571 	427 	62 	76 	76 
000572 	427 	62 	76 	76 
000573 	413 	45 	91 	91 
000574 	413 	45 	91 	91 
000575 	413 	45 	91 	91 
000576 	413 	45 	91 	91 
000577 	413 	45 	91 	91 
000578 	413 	45 	91 	91 
000579 	413 	45 	91 	91 
000580 	413 	45 	91 	91 
000581 	413 	45 	91 	91 
000582 	413 	45 	91 	91 
000583 	413 	45 	91 	91 
000584 	413 	45 	91 	91 
000585 	413 	45 	91 	91 
000586 	413 	45 	91 	91 
000587 	413 	45 	91 	91 
000588 	413 	45 	91 	91 
000589 	413 	45 	91 	91 
000590 	413 	45 	91 	91 
000591 	413 	45 	91 	91 
000592 	413 	45 	91 	91 
000593 	413 	45 	91 	91 
000594 	413 	45 	91 	91 
000595 	419 	62 	75 	76 
000596 	419 	62 	75 	76 
000597 	419 	62 	75 	76 
000598 	419 	62 	75 	76 
000599 	419 	62 	75 	76 
000600 	419 	62 	75 	76 
000601 	419 	62 	75 	76 
000602 	403 	55 	91 	91 
000603 	403 	55 	91 	91 
000604 	403 	55 	91 	91 
000605 	403 	55 	91 	91 
000606 	403 	55 	91 	91 
000607 	403 	55 	91 	91 
000608 	403 	55 	91 	91 
000609 	403 	55 	91 	91 
000610 	403 	55 	91 	91 
000611 	403 	55 	91 	91 
000612 	403 	55 	91 	91 
000613 	403 	55 	91 	91 
000614 	403 	55 	91 	91 
000615 	403 	55 	91 	91 
000616 	403 	65 	91 	91 
000617 	403 	65 	91 	91 
000618 	403 	65 	91 	91 
000619 	403 	65 	91 	91 
000620 	403 	65 	91 	91 
000621 	403 	65 	91 	91 
000622 	403 	75 	91 	91 
000623 	403 	75 	91 	91 
000624 	403 	75 	91 	91 
000625 	403 	75 	91 	91 
000626 	403 	75 	91 	91 
000627 	403 	75 	91 	91 
000628 	403 	75 	91 	91 
000629 	403 	75 	91 	91 
000630 	403 	75 	91 	91 
000631 	403 	75 	91 	91 
000632 	403 	75 	91 	91 
000633 	403 	75 	91 	91 
000634 	410 	87 	76 	76 
000635 	410 	87 	76 	76 
000636 	403 	75 	91 	91 
000637 	403 	75 	91 	91 
000638 	403 	75 	91 	91 
000639 	403 	75 	91 	91 
000640 	403 	75 	91 	91 
000641 	410 	79 	76 	76 
000642 	410 	79 	76 	76 
000643 	410 	79 	76 	76 
000644 	403 	65 	91 	91 
000645 	403 	65 	91 	91 
000646 	403 	65 	91 	91 
000647 	403 	65 	91 	91 
000648 	403 	65 	91 	91 
000649 	403 	65 	91 	91 
000650 	403 	65 	91 	91 
000651 	403 	65 	91 	91 
000652 	403 	65 	91 	91 
000653 	403 	65 	91 	91 
000654 	403 	65 	91 	91 
000655 	403 	65 	91 	91 
000656 	403 	65 	91 	91 
000657 	403 	65 	91 	91 
000658 	403 	65 	91 	91 
000659 	410 	79 	76 	76 
000660 	410 	79 	76 	76 
000661 	403 	65 	91 	91 
000662 	403 	65 	91 	91 
000663 	403 	65 	91 	91 
000664 	403 	65 	91 	91 
000665 	403 	65 	91 	91 
000666 	403 	65 	91 	91 
000667 	403 	65 	91 	91 
000668 	403 	65 	91 	91 
000669 	403 	65 	91 	91 
000670 	403 	65 	91 	91 
000671 	403 	65 	91 	91 
000672 	403 	65 	91 	91 
000673 	403 	65 	91 	91 
000674 	403 	65 	91 	91 
000675 	403 	65 	91 	91 
000676 	403 	65 	91 	91 
000677 	403 	65 	91 	91 
000678 	403 	65 	91 	91 
000679 	403 	65 	91 	91 
000680 	403 	65 	91 	91 
000681 	403 	65 	91 	91 
000682 	403 	65 	91 	91 
000683 	410 	79 	76 	76 
000684 	410 	79 	76 	76 
000685 	403 	75 	91 	91 
000686 	403 	75 	91 	91 
000687 	403 	75 	91 	91 
000688 	410 	79 	76 	76 
000689 	410 	87 	76 	76 
000690 	410 	87 	76 	76 
000691 	410 	87 	76 	76 
000692 	410 	87 	76 	76 
000693 	410 	87 	76 	76 
000694 	410 	87 	76 	76 
000695 	410 	87 	76 	76 
000696 	410 	87 	76 	76 
000697 	410 	87 	76 	76 
000698 	410 	87 	76 	76 
000699 	410 	87 	76 	76 
000700 	410 	79 	76 	76 
000701 	410 	79 	76 	76 
