Identity  : 	id10289
Reference : 	8l5ZnDf-FUA
Offset    : 	-2
FV Conf   : 	20.699
ASD Conf  : 	5.854

FRAME 	X 	Y 	W 	H 
006638 	393 	65 	91 	91 
006639 	393 	65 	91 	91 
006640 	393 	65 	91 	91 
006641 	393 	65 	91 	91 
006642 	393 	65 	91 	91 
006643 	393 	65 	91 	91 
006644 	393 	65 	91 	91 
006645 	393 	65 	91 	91 
006646 	393 	65 	91 	91 
006647 	393 	65 	91 	91 
006648 	393 	65 	91 	91 
006649 	393 	65 	91 	91 
006650 	402 	71 	76 	75 
006651 	402 	71 	76 	75 
006652 	402 	71 	76 	75 
006653 	402 	71 	76 	75 
006654 	402 	71 	76 	75 
006655 	402 	71 	76 	75 
006656 	393 	65 	91 	91 
006657 	410 	71 	76 	75 
006658 	410 	71 	76 	75 
006659 	410 	71 	76 	75 
006660 	393 	65 	91 	91 
006661 	393 	65 	91 	91 
006662 	393 	65 	91 	91 
006663 	393 	65 	91 	91 
006664 	393 	65 	91 	91 
006665 	393 	65 	91 	91 
006666 	410 	79 	76 	76 
006667 	410 	79 	76 	76 
006668 	410 	79 	76 	76 
006669 	410 	79 	76 	76 
006670 	410 	79 	76 	76 
006671 	410 	79 	76 	76 
006672 	403 	75 	91 	91 
006673 	410 	79 	76 	76 
006674 	403 	75 	91 	91 
006675 	403 	75 	91 	91 
006676 	403 	75 	91 	91 
006677 	403 	75 	91 	91 
006678 	403 	75 	91 	91 
006679 	403 	75 	91 	91 
006680 	410 	79 	76 	76 
006681 	403 	75 	91 	91 
006682 	410 	79 	76 	76 
006683 	410 	79 	76 	76 
006684 	403 	75 	91 	91 
006685 	403 	75 	91 	91 
006686 	403 	75 	91 	91 
006687 	403 	75 	91 	91 
006688 	403 	75 	91 	91 
006689 	419 	79 	75 	76 
006690 	403 	75 	91 	91 
006691 	403 	65 	91 	91 
006692 	403 	65 	91 	91 
006693 	419 	79 	75 	76 
006694 	410 	79 	76 	76 
006695 	410 	79 	76 	76 
006696 	410 	79 	76 	76 
006697 	410 	79 	76 	76 
006698 	410 	79 	76 	76 
006699 	410 	79 	76 	76 
006700 	410 	79 	76 	76 
006701 	410 	79 	76 	76 
006702 	410 	79 	76 	76 
006703 	410 	79 	76 	76 
006704 	410 	79 	76 	76 
006705 	410 	79 	76 	76 
006706 	410 	79 	76 	76 
006707 	410 	79 	76 	76 
006708 	410 	79 	76 	76 
006709 	410 	79 	76 	76 
006710 	410 	79 	76 	76 
006711 	410 	79 	76 	76 
006712 	403 	75 	91 	91 
006713 	403 	75 	91 	91 
006714 	403 	75 	91 	91 
006715 	410 	79 	76 	76 
006716 	410 	79 	76 	76 
006717 	410 	79 	76 	76 
006718 	410 	79 	76 	76 
006719 	410 	79 	76 	76 
006720 	410 	79 	76 	76 
006721 	393 	65 	91 	91 
006722 	393 	65 	91 	91 
006723 	393 	65 	91 	91 
006724 	393 	65 	91 	91 
006725 	393 	65 	91 	91 
006726 	393 	65 	91 	91 
006727 	393 	65 	91 	91 
006728 	393 	65 	91 	91 
006729 	393 	65 	91 	91 
006730 	393 	65 	91 	91 
006731 	393 	65 	91 	91 
006732 	393 	65 	91 	91 
006733 	393 	65 	91 	91 
006734 	393 	65 	91 	91 
006735 	393 	65 	91 	91 
006736 	393 	65 	91 	91 
006737 	393 	65 	91 	91 
006738 	393 	65 	91 	91 
006739 	393 	65 	91 	91 
006740 	393 	65 	91 	91 
006741 	393 	65 	91 	91 
006742 	393 	65 	91 	91 
006743 	393 	65 	91 	91 
006744 	393 	65 	91 	91 
006745 	393 	65 	91 	91 
006746 	393 	65 	91 	91 
006747 	393 	65 	91 	91 
006748 	393 	65 	91 	91 
006749 	393 	65 	91 	91 
006750 	393 	65 	91 	91 
006751 	393 	65 	91 	91 
006752 	393 	65 	91 	91 
006753 	393 	65 	91 	91 
006754 	393 	65 	91 	91 
006755 	393 	65 	91 	91 
006756 	393 	65 	91 	91 
006757 	393 	65 	91 	91 
006758 	393 	65 	91 	91 
006759 	393 	65 	91 	91 
006760 	393 	65 	91 	91 
006761 	393 	65 	91 	91 
006762 	393 	65 	91 	91 
006763 	393 	65 	91 	91 
006764 	393 	65 	91 	91 
006765 	393 	65 	91 	91 
006766 	393 	65 	91 	91 
006767 	393 	65 	91 	91 
006768 	393 	65 	91 	91 
