Identity  : 	id10304
Reference : 	JQtDfEz08aU
Offset    : 	-4
FV Conf   : 	16.531
ASD Conf  : 	8.204

FRAME 	X 	Y 	W 	H 
006886 	267 	113 	156 	156 
006887 	267 	113 	156 	156 
006888 	267 	130 	156 	156 
006889 	267 	130 	156 	156 
006890 	267 	130 	156 	156 
006891 	267 	130 	156 	156 
006892 	267 	130 	156 	156 
006893 	267 	130 	156 	156 
006894 	267 	130 	156 	156 
006895 	239 	95 	186 	186 
006896 	239 	95 	186 	186 
006897 	239 	95 	186 	186 
006898 	239 	95 	186 	186 
006899 	239 	95 	186 	186 
006900 	239 	95 	186 	186 
006901 	259 	95 	187 	186 
006902 	267 	113 	156 	156 
006903 	259 	95 	187 	186 
006904 	267 	113 	156 	156 
006905 	239 	95 	186 	186 
006906 	239 	95 	186 	186 
006907 	239 	95 	186 	186 
006908 	239 	95 	186 	186 
006909 	239 	95 	186 	186 
006910 	239 	95 	186 	186 
006911 	239 	95 	186 	186 
006912 	239 	95 	186 	186 
006913 	239 	95 	186 	186 
006914 	239 	95 	186 	186 
006915 	239 	95 	186 	186 
006916 	239 	95 	186 	186 
006917 	239 	95 	186 	186 
006918 	239 	95 	186 	186 
006919 	239 	95 	186 	186 
006920 	239 	95 	186 	186 
006921 	239 	74 	186 	187 
006922 	239 	95 	186 	186 
006923 	239 	95 	186 	186 
006924 	250 	113 	156 	156 
006925 	218 	95 	187 	186 
006926 	218 	95 	187 	186 
006927 	218 	95 	187 	186 
006928 	218 	95 	187 	186 
006929 	218 	95 	187 	186 
006930 	218 	95 	187 	186 
006931 	218 	95 	187 	186 
006932 	218 	95 	187 	186 
006933 	218 	95 	187 	186 
006934 	218 	95 	187 	186 
006935 	218 	95 	187 	186 
006936 	218 	95 	187 	186 
006937 	218 	95 	187 	186 
006938 	218 	95 	187 	186 
006939 	218 	95 	187 	186 
006940 	239 	95 	186 	186 
006941 	239 	95 	186 	186 
006942 	239 	95 	186 	186 
006943 	239 	95 	186 	186 
006944 	239 	95 	186 	186 
006945 	239 	95 	186 	186 
006946 	239 	95 	186 	186 
006947 	239 	95 	186 	186 
006948 	239 	74 	186 	187 
006949 	239 	95 	186 	186 
006950 	239 	74 	186 	187 
006951 	239 	74 	186 	187 
006952 	239 	74 	186 	187 
006953 	239 	74 	186 	187 
006954 	239 	74 	186 	187 
006955 	239 	74 	186 	187 
006956 	239 	74 	186 	187 
006957 	267 	96 	156 	156 
006958 	267 	96 	156 	156 
006959 	267 	96 	156 	156 
006960 	267 	96 	156 	156 
006961 	261 	96 	162 	162 
006962 	256 	96 	168 	168 
006963 	250 	95 	174 	174 
006964 	245 	95 	180 	180 
006965 	239 	95 	186 	186 
006966 	239 	95 	186 	186 
006967 	239 	95 	186 	186 
006968 	239 	74 	186 	187 
006969 	239 	74 	186 	187 
006970 	239 	74 	186 	187 
006971 	267 	113 	156 	156 
006972 	267 	113 	156 	156 
006973 	239 	74 	186 	187 
006974 	239 	74 	186 	187 
006975 	267 	96 	156 	156 
006976 	267 	96 	156 	156 
006977 	267 	96 	156 	156 
006978 	267 	96 	156 	156 
006979 	267 	96 	156 	156 
006980 	267 	96 	156 	156 
006981 	267 	96 	156 	156 
006982 	267 	96 	156 	156 
006983 	267 	96 	156 	156 
006984 	259 	74 	187 	187 
006985 	259 	74 	187 	187 
006986 	259 	74 	187 	187 
006987 	259 	74 	187 	187 
006988 	259 	74 	187 	187 
006989 	259 	74 	187 	187 
006990 	280 	95 	187 	186 
006991 	280 	74 	187 	187 
006992 	280 	74 	187 	187 
006993 	280 	74 	187 	187 
006994 	280 	74 	187 	187 
006995 	280 	74 	187 	187 
006996 	280 	74 	187 	187 
006997 	280 	74 	187 	187 
006998 	280 	74 	187 	187 
006999 	280 	74 	187 	187 
007000 	301 	74 	186 	187 
007001 	301 	74 	186 	187 
007002 	301 	74 	186 	187 
007003 	301 	74 	186 	187 
007004 	301 	74 	186 	187 
007005 	301 	74 	186 	187 
007006 	301 	74 	186 	187 
007007 	301 	74 	186 	187 
007008 	301 	74 	186 	187 
007009 	301 	74 	186 	187 
007010 	302 	96 	156 	156 
007011 	280 	74 	187 	187 
007012 	280 	74 	187 	187 
007013 	280 	74 	187 	187 
007014 	280 	74 	187 	187 
007015 	280 	74 	187 	187 
007016 	280 	74 	187 	187 
007017 	301 	74 	186 	187 
007018 	301 	74 	186 	187 
007019 	301 	74 	186 	187 
007020 	280 	74 	187 	187 
007021 	280 	74 	187 	187 
007022 	280 	74 	187 	187 
007023 	280 	74 	187 	187 
007024 	280 	74 	187 	187 
007025 	259 	74 	187 	187 
007026 	259 	74 	187 	187 
007027 	259 	74 	187 	187 
007028 	259 	74 	187 	187 
007029 	239 	74 	186 	187 
007030 	267 	96 	156 	156 
007031 	267 	96 	156 	156 
007032 	267 	96 	156 	156 
007033 	267 	96 	156 	156 
007034 	259 	74 	187 	187 
007035 	267 	96 	156 	156 
007036 	267 	96 	156 	156 
007037 	267 	96 	156 	156 
007038 	267 	96 	156 	156 
007039 	267 	96 	156 	156 
007040 	259 	95 	187 	186 
007041 	259 	95 	187 	186 
007042 	259 	95 	187 	186 
007043 	239 	74 	186 	187 
007044 	239 	74 	186 	187 
007045 	239 	74 	186 	187 
007046 	259 	74 	187 	187 
007047 	259 	74 	187 	187 
007048 	259 	74 	187 	187 
007049 	259 	74 	187 	187 
007050 	259 	74 	187 	187 
007051 	259 	95 	187 	186 
007052 	259 	95 	187 	186 
007053 	259 	95 	187 	186 
007054 	259 	95 	187 	186 
007055 	259 	95 	187 	186 
007056 	259 	95 	187 	186 
007057 	259 	95 	187 	186 
007058 	285 	113 	155 	156 
007059 	285 	113 	155 	156 
