Identity  : 	id10304
Reference : 	JQtDfEz08aU
Offset    : 	-4
FV Conf   : 	15.638
ASD Conf  : 	6.454

FRAME 	X 	Y 	W 	H 
004887 	266 	109 	130 	130 
004888 	266 	109 	130 	130 
004889 	250 	79 	156 	156 
004890 	250 	79 	156 	156 
004891 	250 	79 	156 	156 
004892 	250 	79 	156 	156 
004893 	250 	79 	156 	156 
004894 	250 	79 	156 	156 
004895 	250 	79 	156 	156 
004896 	250 	79 	156 	156 
004897 	250 	96 	156 	156 
004898 	250 	96 	156 	156 
004899 	250 	79 	156 	156 
004900 	266 	94 	130 	130 
004901 	266 	94 	130 	130 
004902 	250 	79 	156 	156 
004903 	250 	79 	156 	156 
004904 	250 	79 	156 	156 
004905 	250 	79 	156 	156 
004906 	267 	79 	156 	156 
004907 	267 	79 	156 	156 
004908 	267 	96 	156 	156 
004909 	267 	96 	156 	156 
004910 	267 	79 	156 	156 
004911 	250 	79 	156 	156 
004912 	250 	79 	156 	156 
004913 	266 	109 	130 	130 
004914 	250 	96 	156 	156 
004915 	250 	96 	156 	156 
004916 	250 	96 	156 	156 
004917 	250 	96 	156 	156 
004918 	250 	96 	156 	156 
004919 	250 	96 	156 	156 
004920 	250 	96 	156 	156 
004921 	266 	109 	130 	130 
004922 	267 	79 	156 	156 
004923 	266 	109 	130 	130 
004924 	267 	79 	156 	156 
004925 	280 	109 	130 	130 
004926 	294 	109 	130 	130 
004927 	285 	96 	155 	156 
004928 	309 	109 	130 	130 
004929 	309 	109 	130 	130 
004930 	302 	79 	156 	156 
004931 	302 	79 	156 	156 
004932 	302 	79 	156 	156 
004933 	285 	79 	155 	156 
004934 	285 	79 	155 	156 
004935 	285 	79 	155 	156 
004936 	285 	79 	155 	156 
004937 	302 	79 	156 	156 
004938 	285 	79 	155 	156 
004939 	285 	79 	155 	156 
004940 	285 	96 	155 	156 
004941 	285 	96 	155 	156 
004942 	267 	96 	156 	156 
004943 	267 	79 	156 	156 
004944 	266 	94 	130 	130 
004945 	267 	79 	156 	156 
004946 	267 	79 	156 	156 
004947 	267 	79 	156 	156 
004948 	267 	79 	156 	156 
004949 	267 	79 	156 	156 
004950 	280 	94 	130 	130 
004951 	280 	94 	130 	130 
004952 	266 	94 	130 	130 
004953 	250 	79 	156 	156 
004954 	250 	79 	156 	156 
004955 	250 	79 	156 	156 
004956 	250 	79 	156 	156 
004957 	250 	79 	156 	156 
004958 	250 	79 	156 	156 
004959 	250 	79 	156 	156 
004960 	250 	79 	156 	156 
004961 	250 	79 	156 	156 
004962 	250 	79 	156 	156 
004963 	250 	79 	156 	156 
004964 	266 	94 	130 	130 
004965 	250 	79 	156 	156 
004966 	266 	94 	130 	130 
004967 	266 	94 	130 	130 
004968 	266 	94 	130 	130 
004969 	266 	94 	130 	130 
004970 	266 	94 	130 	130 
004971 	266 	94 	130 	130 
004972 	266 	94 	130 	130 
004973 	266 	94 	130 	130 
004974 	250 	79 	156 	156 
004975 	266 	94 	130 	130 
004976 	250 	79 	156 	156 
004977 	250 	79 	156 	156 
004978 	250 	79 	156 	156 
004979 	250 	79 	156 	156 
004980 	250 	79 	156 	156 
004981 	250 	79 	156 	156 
004982 	250 	79 	156 	156 
004983 	250 	79 	156 	156 
004984 	250 	79 	156 	156 
004985 	250 	79 	156 	156 
004986 	250 	79 	156 	156 
004987 	250 	79 	156 	156 
004988 	250 	79 	156 	156 
004989 	250 	79 	156 	156 
004990 	250 	79 	156 	156 
004991 	250 	79 	156 	156 
