Identity  : 	id10304
Reference : 	JQtDfEz08aU
Offset    : 	-4
FV Conf   : 	16.210
ASD Conf  : 	6.376

FRAME 	X 	Y 	W 	H 
006322 	218 	74 	187 	187 
006323 	218 	74 	187 	187 
006324 	218 	74 	187 	187 
006325 	218 	74 	187 	187 
006326 	218 	74 	187 	187 
006327 	239 	53 	186 	187 
006328 	250 	96 	156 	156 
006329 	267 	96 	156 	156 
006330 	239 	53 	186 	187 
006331 	239 	53 	186 	187 
006332 	239 	53 	186 	187 
006333 	239 	53 	186 	187 
006334 	239 	53 	186 	187 
006335 	239 	53 	186 	187 
006336 	239 	53 	186 	187 
006337 	239 	53 	186 	187 
006338 	239 	53 	186 	187 
006339 	239 	53 	186 	187 
006340 	239 	53 	186 	187 
006341 	239 	53 	186 	187 
006342 	239 	53 	186 	187 
006343 	239 	53 	186 	187 
006344 	250 	96 	156 	156 
006345 	239 	74 	186 	187 
006346 	239 	74 	186 	187 
006347 	239 	74 	186 	187 
006348 	239 	74 	186 	187 
006349 	239 	74 	186 	187 
006350 	239 	74 	186 	187 
006351 	239 	74 	186 	187 
006352 	239 	74 	186 	187 
006353 	250 	79 	156 	156 
006354 	239 	74 	186 	187 
006355 	250 	79 	156 	156 
006356 	239 	74 	186 	187 
006357 	239 	74 	186 	187 
006358 	239 	74 	186 	187 
006359 	239 	74 	186 	187 
006360 	239 	74 	186 	187 
006361 	239 	74 	186 	187 
006362 	239 	74 	186 	187 
006363 	239 	74 	186 	187 
006364 	239 	74 	186 	187 
006365 	239 	74 	186 	187 
006366 	239 	74 	186 	187 
006367 	239 	74 	186 	187 
006368 	239 	74 	186 	187 
006369 	239 	95 	186 	186 
006370 	239 	95 	186 	186 
006371 	250 	96 	156 	156 
006372 	250 	96 	156 	156 
006373 	250 	96 	156 	156 
006374 	250 	96 	156 	156 
006375 	250 	96 	156 	156 
006376 	250 	96 	156 	156 
006377 	239 	74 	186 	187 
006378 	239 	74 	186 	187 
006379 	239 	74 	186 	187 
006380 	239 	74 	186 	187 
006381 	239 	74 	186 	187 
006382 	239 	74 	186 	187 
006383 	239 	74 	186 	187 
006384 	239 	74 	186 	187 
006385 	239 	74 	186 	187 
006386 	239 	74 	186 	187 
006387 	239 	74 	186 	187 
006388 	239 	74 	186 	187 
006389 	239 	74 	186 	187 
006390 	239 	74 	186 	187 
006391 	239 	74 	186 	187 
006392 	239 	74 	186 	187 
006393 	239 	74 	186 	187 
006394 	239 	74 	186 	187 
006395 	239 	74 	186 	187 
006396 	239 	74 	186 	187 
006397 	239 	74 	186 	187 
006398 	239 	74 	186 	187 
006399 	239 	74 	186 	187 
006400 	267 	96 	156 	156 
006401 	267 	96 	156 	156 
006402 	259 	95 	187 	186 
006403 	259 	95 	187 	186 
006404 	267 	113 	156 	156 
006405 	259 	95 	187 	186 
006406 	267 	113 	156 	156 
006407 	285 	130 	155 	156 
006408 	259 	115 	187 	187 
006409 	259 	115 	187 	187 
006410 	285 	130 	155 	156 
006411 	280 	95 	187 	186 
006412 	280 	95 	187 	186 
006413 	280 	95 	187 	186 
006414 	280 	95 	187 	186 
006415 	280 	95 	187 	186 
006416 	280 	95 	187 	186 
006417 	280 	74 	187 	187 
006418 	285 	113 	155 	156 
006419 	259 	95 	187 	186 
006420 	239 	95 	186 	186 
006421 	239 	95 	186 	186 
006422 	239 	95 	186 	186 
006423 	239 	95 	186 	186 
006424 	239 	95 	186 	186 
006425 	239 	95 	186 	186 
006426 	239 	95 	186 	186 
006427 	239 	95 	186 	186 
006428 	239 	95 	186 	186 
006429 	239 	95 	186 	186 
006430 	239 	95 	186 	186 
006431 	239 	95 	186 	186 
006432 	239 	95 	186 	186 
006433 	239 	95 	186 	186 
006434 	239 	95 	186 	186 
006435 	239 	95 	186 	186 
006436 	239 	95 	186 	186 
006437 	239 	95 	186 	186 
006438 	250 	96 	156 	156 
006439 	239 	95 	186 	186 
006440 	239 	95 	186 	186 
006441 	250 	96 	156 	156 
006442 	239 	74 	186 	187 
006443 	239 	74 	186 	187 
006444 	239 	74 	186 	187 
006445 	239 	74 	186 	187 
006446 	267 	96 	156 	156 
006447 	267 	96 	156 	156 
006448 	267 	96 	156 	156 
006449 	267 	96 	156 	156 
006450 	267 	96 	156 	156 
006451 	267 	96 	156 	156 
006452 	267 	96 	156 	156 
006453 	267 	96 	156 	156 
006454 	267 	96 	156 	156 
006455 	239 	74 	186 	187 
006456 	239 	74 	186 	187 
006457 	239 	74 	186 	187 
006458 	239 	74 	186 	187 
006459 	239 	74 	186 	187 
006460 	239 	74 	186 	187 
006461 	239 	74 	186 	187 
006462 	239 	74 	186 	187 
006463 	239 	74 	186 	187 
006464 	239 	74 	186 	187 
006465 	250 	96 	156 	156 
006466 	250 	96 	156 	156 
006467 	250 	96 	156 	156 
006468 	250 	96 	156 	156 
006469 	250 	96 	156 	156 
006470 	250 	96 	156 	156 
006471 	239 	74 	186 	187 
006472 	239 	74 	186 	187 
006473 	239 	74 	186 	187 
006474 	239 	74 	186 	187 
006475 	239 	74 	186 	187 
006476 	239 	74 	186 	187 
006477 	239 	74 	186 	187 
006478 	239 	74 	186 	187 
006479 	239 	74 	186 	187 
006480 	267 	96 	156 	156 
006481 	267 	96 	156 	156 
006482 	239 	74 	186 	187 
006483 	239 	74 	186 	187 
006484 	239 	74 	186 	187 
006485 	239 	95 	186 	186 
006486 	239 	95 	186 	186 
006487 	239 	95 	186 	186 
006488 	239 	74 	186 	187 
006489 	239 	74 	186 	187 
006490 	239 	74 	186 	187 
006491 	239 	74 	186 	187 
006492 	239 	74 	186 	187 
006493 	239 	95 	186 	186 
006494 	239 	74 	186 	187 
006495 	239 	74 	186 	187 
006496 	239 	74 	186 	187 
006497 	239 	74 	186 	187 
006498 	239 	74 	186 	187 
006499 	250 	96 	156 	156 
006500 	239 	74 	186 	187 
006501 	239 	74 	186 	187 
006502 	267 	96 	156 	156 
006503 	239 	74 	186 	187 
006504 	239 	74 	186 	187 
006505 	239 	74 	186 	187 
006506 	239 	74 	186 	187 
006507 	267 	96 	156 	156 
006508 	259 	74 	187 	187 
006509 	239 	74 	186 	187 
006510 	259 	74 	187 	187 
006511 	259 	74 	187 	187 
006512 	259 	74 	187 	187 
006513 	239 	74 	186 	187 
006514 	239 	74 	186 	187 
006515 	239 	74 	186 	187 
006516 	239 	74 	186 	187 
006517 	239 	74 	186 	187 
006518 	239 	74 	186 	187 
006519 	239 	74 	186 	187 
006520 	239 	74 	186 	187 
006521 	239 	74 	186 	187 
006522 	239 	74 	186 	187 
006523 	239 	74 	186 	187 
006524 	239 	74 	186 	187 
006525 	239 	95 	186 	186 
006526 	239 	95 	186 	186 
006527 	250 	96 	156 	156 
006528 	239 	95 	186 	186 
006529 	239 	95 	186 	186 
006530 	239 	95 	186 	186 
006531 	239 	95 	186 	186 
006532 	239 	95 	186 	186 
006533 	239 	95 	186 	186 
006534 	239 	95 	186 	186 
006535 	239 	95 	186 	186 
006536 	250 	113 	156 	156 
006537 	239 	95 	186 	186 
006538 	239 	95 	186 	186 
006539 	239 	95 	186 	186 
006540 	267 	113 	156 	156 
006541 	267 	113 	156 	156 
006542 	259 	115 	187 	187 
006543 	285 	113 	155 	156 
006544 	259 	115 	187 	187 
006545 	259 	115 	187 	187 
006546 	285 	113 	155 	156 
006547 	285 	113 	155 	156 
006548 	285 	113 	155 	156 
006549 	285 	113 	155 	156 
006550 	267 	113 	156 	156 
006551 	267 	113 	156 	156 
006552 	239 	95 	186 	186 
006553 	239 	74 	186 	187 
006554 	239 	74 	186 	187 
