Identity  : 	id10304
Reference : 	JQtDfEz08aU
Offset    : 	-4
FV Conf   : 	17.573
ASD Conf  : 	6.877

FRAME 	X 	Y 	W 	H 
012160 	239 	74 	186 	187 
012161 	239 	95 	186 	186 
012162 	267 	79 	156 	156 
012163 	267 	79 	156 	156 
012164 	267 	96 	156 	156 
012165 	267 	96 	156 	156 
012166 	267 	96 	156 	156 
012167 	267 	96 	156 	156 
012168 	239 	74 	186 	187 
012169 	267 	79 	156 	156 
012170 	267 	79 	156 	156 
012171 	267 	96 	156 	156 
012172 	259 	74 	187 	187 
012173 	267 	96 	156 	156 
012174 	259 	74 	187 	187 
012175 	259 	74 	187 	187 
012176 	259 	74 	187 	187 
012177 	259 	74 	187 	187 
012178 	259 	95 	187 	186 
012179 	259 	95 	187 	186 
012180 	259 	95 	187 	186 
012181 	259 	95 	187 	186 
012182 	259 	95 	187 	186 
012183 	259 	95 	187 	186 
012184 	259 	95 	187 	186 
012185 	285 	96 	155 	156 
012186 	285 	96 	155 	156 
012187 	285 	96 	155 	156 
012188 	285 	96 	155 	156 
012189 	285 	96 	155 	156 
012190 	285 	96 	155 	156 
012191 	259 	95 	187 	186 
012192 	259 	95 	187 	186 
012193 	259 	95 	187 	186 
012194 	285 	96 	155 	156 
012195 	259 	95 	187 	186 
012196 	267 	96 	156 	156 
012197 	267 	96 	156 	156 
012198 	267 	96 	156 	156 
012199 	267 	96 	156 	156 
012200 	267 	96 	156 	156 
012201 	267 	96 	156 	156 
012202 	267 	96 	156 	156 
012203 	267 	96 	156 	156 
012204 	239 	95 	186 	186 
012205 	250 	96 	156 	156 
012206 	239 	95 	186 	186 
012207 	239 	95 	186 	186 
012208 	239 	95 	186 	186 
012209 	239 	95 	186 	186 
012210 	239 	74 	186 	187 
012211 	239 	95 	186 	186 
012212 	239 	74 	186 	187 
012213 	239 	74 	186 	187 
012214 	250 	113 	156 	156 
012215 	239 	74 	186 	187 
012216 	239 	74 	186 	187 
012217 	239 	74 	186 	187 
012218 	239 	74 	186 	187 
012219 	239 	74 	186 	187 
012220 	239 	74 	186 	187 
012221 	239 	74 	186 	187 
012222 	239 	74 	186 	187 
012223 	239 	74 	186 	187 
012224 	239 	74 	186 	187 
012225 	250 	113 	156 	156 
012226 	250 	113 	156 	156 
012227 	250 	113 	156 	156 
012228 	250 	113 	156 	156 
012229 	250 	113 	156 	156 
012230 	250 	113 	156 	156 
012231 	250 	113 	156 	156 
012232 	250 	113 	156 	156 
012233 	250 	113 	156 	156 
012234 	250 	113 	156 	156 
012235 	250 	113 	156 	156 
012236 	250 	113 	156 	156 
012237 	250 	113 	156 	156 
012238 	250 	113 	156 	156 
012239 	250 	113 	156 	156 
012240 	250 	113 	156 	156 
012241 	250 	113 	156 	156 
012242 	250 	113 	156 	156 
012243 	250 	113 	156 	156 
012244 	250 	113 	156 	156 
012245 	250 	113 	156 	156 
012246 	250 	113 	156 	156 
012247 	250 	113 	156 	156 
012248 	250 	113 	156 	156 
012249 	250 	113 	156 	156 
012250 	250 	113 	156 	156 
012251 	250 	113 	156 	156 
012252 	250 	113 	156 	156 
012253 	250 	113 	156 	156 
012254 	250 	113 	156 	156 
012255 	250 	96 	156 	156 
012256 	250 	96 	156 	156 
012257 	250 	96 	156 	156 
012258 	250 	96 	156 	156 
012259 	250 	96 	156 	156 
012260 	250 	96 	156 	156 
012261 	250 	96 	156 	156 
