Identity  : 	id10304
Reference : 	JQtDfEz08aU
Offset    : 	-4
FV Conf   : 	17.680
ASD Conf  : 	7.036

FRAME 	X 	Y 	W 	H 
016694 	250 	96 	156 	156 
016695 	250 	96 	156 	156 
016696 	250 	96 	156 	156 
016697 	250 	96 	156 	156 
016698 	250 	96 	156 	156 
016699 	250 	96 	156 	156 
016700 	250 	96 	156 	156 
016701 	250 	96 	156 	156 
016702 	250 	96 	156 	156 
016703 	250 	96 	156 	156 
016704 	250 	96 	156 	156 
016705 	250 	79 	156 	156 
016706 	250 	79 	156 	156 
016707 	250 	79 	156 	156 
016708 	250 	79 	156 	156 
016709 	250 	79 	156 	156 
016710 	250 	79 	156 	156 
016711 	250 	79 	156 	156 
016712 	250 	79 	156 	156 
016713 	250 	79 	156 	156 
016714 	250 	79 	156 	156 
016715 	250 	79 	156 	156 
016716 	250 	79 	156 	156 
016717 	239 	53 	186 	187 
016718 	239 	53 	186 	187 
016719 	239 	53 	186 	187 
016720 	239 	53 	186 	187 
016721 	250 	79 	156 	156 
016722 	239 	53 	186 	187 
016723 	239 	53 	186 	187 
016724 	239 	53 	186 	187 
016725 	239 	53 	186 	187 
016726 	239 	53 	186 	187 
016727 	239 	53 	186 	187 
016728 	239 	53 	186 	187 
016729 	239 	53 	186 	187 
016730 	250 	96 	156 	156 
016731 	239 	53 	186 	187 
016732 	239 	53 	186 	187 
016733 	239 	53 	186 	187 
016734 	239 	53 	186 	187 
016735 	242 	64 	178 	179 
016736 	244 	74 	171 	172 
016737 	247 	85 	164 	164 
016738 	250 	96 	156 	156 
016739 	250 	96 	156 	156 
016740 	250 	96 	156 	156 
016741 	250 	96 	156 	156 
016742 	250 	96 	156 	156 
016743 	250 	96 	156 	156 
016744 	266 	123 	130 	130 
016745 	267 	96 	156 	156 
016746 	267 	96 	156 	156 
016747 	267 	113 	156 	156 
016748 	267 	113 	156 	156 
016749 	267 	113 	156 	156 
016750 	267 	113 	156 	156 
016751 	267 	113 	156 	156 
016752 	267 	113 	156 	156 
016753 	267 	113 	156 	156 
016754 	267 	113 	156 	156 
016755 	267 	113 	156 	156 
016756 	267 	113 	156 	156 
016757 	267 	113 	156 	156 
016758 	267 	113 	156 	156 
016759 	267 	113 	156 	156 
016760 	267 	113 	156 	156 
016761 	267 	113 	156 	156 
016762 	267 	113 	156 	156 
016763 	267 	113 	156 	156 
016764 	267 	113 	156 	156 
016765 	267 	113 	156 	156 
016766 	267 	113 	156 	156 
016767 	267 	113 	156 	156 
016768 	267 	113 	156 	156 
016769 	267 	113 	156 	156 
016770 	267 	113 	156 	156 
016771 	267 	113 	156 	156 
016772 	267 	113 	156 	156 
016773 	267 	113 	156 	156 
016774 	267 	113 	156 	156 
016775 	267 	113 	156 	156 
016776 	267 	113 	156 	156 
016777 	267 	113 	156 	156 
016778 	266 	137 	130 	130 
016779 	266 	137 	130 	130 
016780 	266 	137 	130 	130 
016781 	239 	115 	186 	187 
016782 	239 	115 	186 	187 
016783 	239 	115 	186 	187 
016784 	239 	115 	186 	187 
016785 	239 	115 	186 	187 
016786 	239 	115 	186 	187 
016787 	239 	115 	186 	187 
016788 	250 	130 	156 	156 
016789 	250 	130 	156 	156 
016790 	250 	130 	156 	156 
016791 	250 	130 	156 	156 
016792 	250 	130 	156 	156 
016793 	250 	130 	156 	156 
016794 	250 	130 	156 	156 
016795 	250 	130 	156 	156 
016796 	250 	130 	156 	156 
016797 	250 	130 	156 	156 
016798 	250 	130 	156 	156 
016799 	250 	130 	156 	156 
016800 	250 	130 	156 	156 
016801 	250 	113 	156 	156 
016802 	250 	113 	156 	156 
016803 	250 	113 	156 	156 
016804 	250 	113 	156 	156 
016805 	250 	113 	156 	156 
016806 	250 	113 	156 	156 
016807 	250 	113 	156 	156 
016808 	250 	113 	156 	156 
016809 	250 	113 	156 	156 
016810 	250 	113 	156 	156 
016811 	250 	113 	156 	156 
016812 	250 	113 	156 	156 
016813 	250 	113 	156 	156 
016814 	250 	113 	156 	156 
016815 	250 	113 	156 	156 
016816 	250 	113 	156 	156 
016817 	250 	113 	156 	156 
016818 	250 	113 	156 	156 
016819 	250 	113 	156 	156 
016820 	250 	113 	156 	156 
016821 	250 	113 	156 	156 
016822 	250 	113 	156 	156 
016823 	250 	113 	156 	156 
016824 	250 	113 	156 	156 
016825 	250 	113 	156 	156 
016826 	250 	113 	156 	156 
016827 	250 	113 	156 	156 
016828 	250 	113 	156 	156 
016829 	250 	113 	156 	156 
016830 	250 	113 	156 	156 
016831 	250 	113 	156 	156 
016832 	250 	113 	156 	156 
016833 	250 	113 	156 	156 
016834 	250 	113 	156 	156 
016835 	250 	113 	156 	156 
016836 	250 	113 	156 	156 
016837 	250 	113 	156 	156 
016838 	250 	113 	156 	156 
016839 	250 	113 	156 	156 
016840 	250 	113 	156 	156 
016841 	250 	113 	156 	156 
016842 	239 	95 	186 	186 
016843 	239 	95 	186 	186 
016844 	239 	95 	186 	186 
016845 	267 	96 	156 	156 
016846 	267 	96 	156 	156 
016847 	267 	96 	156 	156 
016848 	267 	96 	156 	156 
016849 	267 	96 	156 	156 
016850 	267 	96 	156 	156 
016851 	267 	96 	156 	156 
016852 	250 	113 	156 	156 
016853 	250 	113 	156 	156 
016854 	250 	113 	156 	156 
016855 	250 	113 	156 	156 
016856 	250 	113 	156 	156 
016857 	250 	113 	156 	156 
016858 	250 	113 	156 	156 
016859 	250 	113 	156 	156 
016860 	250 	113 	156 	156 
016861 	239 	95 	186 	186 
016862 	250 	113 	156 	156 
016863 	250 	113 	156 	156 
016864 	250 	113 	156 	156 
016865 	250 	113 	156 	156 
016866 	250 	96 	156 	156 
016867 	250 	96 	156 	156 
016868 	250 	96 	156 	156 
016869 	250 	96 	156 	156 
016870 	250 	113 	156 	156 
016871 	250 	113 	156 	156 
016872 	250 	113 	156 	156 
016873 	250 	96 	156 	156 
016874 	250 	96 	156 	156 
016875 	250 	96 	156 	156 
016876 	250 	113 	156 	156 
016877 	250 	113 	156 	156 
016878 	250 	113 	156 	156 
016879 	218 	95 	187 	186 
016880 	233 	113 	156 	156 
016881 	233 	113 	156 	156 
016882 	233 	96 	156 	156 
016883 	233 	96 	156 	156 
016884 	233 	96 	156 	156 
016885 	233 	113 	156 	156 
016886 	233 	96 	156 	156 
016887 	233 	96 	156 	156 
016888 	233 	96 	156 	156 
016889 	233 	96 	156 	156 
016890 	233 	96 	156 	156 
016891 	233 	96 	156 	156 
016892 	233 	96 	156 	156 
016893 	233 	96 	156 	156 
016894 	233 	96 	156 	156 
016895 	233 	96 	156 	156 
016896 	233 	96 	156 	156 
016897 	233 	96 	156 	156 
016898 	233 	96 	156 	156 
016899 	233 	96 	156 	156 
016900 	233 	96 	156 	156 
016901 	233 	96 	156 	156 
016902 	233 	96 	156 	156 
016903 	233 	96 	156 	156 
016904 	233 	96 	156 	156 
016905 	233 	96 	156 	156 
016906 	233 	96 	156 	156 
016907 	233 	96 	156 	156 
016908 	233 	96 	156 	156 
016909 	233 	96 	156 	156 
016910 	233 	96 	156 	156 
016911 	233 	96 	156 	156 
016912 	233 	96 	156 	156 
016913 	233 	96 	156 	156 
016914 	233 	96 	156 	156 
016915 	233 	96 	156 	156 
016916 	233 	96 	156 	156 
016917 	233 	96 	156 	156 
016918 	233 	96 	156 	156 
016919 	233 	96 	156 	156 
016920 	233 	96 	156 	156 
016921 	233 	96 	156 	156 
016922 	233 	96 	156 	156 
016923 	233 	96 	156 	156 
016924 	233 	113 	156 	156 
016925 	233 	113 	156 	156 
016926 	233 	113 	156 	156 
016927 	233 	96 	156 	156 
016928 	233 	96 	156 	156 
016929 	233 	96 	156 	156 
016930 	233 	96 	156 	156 
016931 	233 	96 	156 	156 
016932 	233 	96 	156 	156 
016933 	233 	96 	156 	156 
016934 	233 	96 	156 	156 
016935 	233 	96 	156 	156 
016936 	233 	96 	156 	156 
016937 	233 	96 	156 	156 
016938 	233 	96 	156 	156 
016939 	233 	96 	156 	156 
016940 	233 	96 	156 	156 
016941 	233 	96 	156 	156 
016942 	233 	96 	156 	156 
016943 	233 	96 	156 	156 
016944 	233 	96 	156 	156 
016945 	233 	96 	156 	156 
016946 	233 	96 	156 	156 
016947 	233 	96 	156 	156 
016948 	218 	74 	187 	187 
016949 	218 	74 	187 	187 
016950 	218 	95 	187 	186 
016951 	218 	95 	187 	186 
016952 	218 	95 	187 	186 
016953 	218 	95 	187 	186 
016954 	218 	95 	187 	186 
016955 	250 	96 	156 	156 
016956 	250 	96 	156 	156 
016957 	250 	96 	156 	156 
016958 	250 	96 	156 	156 
016959 	250 	96 	156 	156 
016960 	250 	96 	156 	156 
016961 	250 	113 	156 	156 
016962 	218 	74 	187 	187 
016963 	218 	74 	187 	187 
016964 	218 	74 	187 	187 
016965 	233 	96 	156 	156 
016966 	250 	96 	156 	156 
016967 	250 	96 	156 	156 
016968 	250 	96 	156 	156 
016969 	250 	96 	156 	156 
016970 	250 	96 	156 	156 
016971 	250 	96 	156 	156 
016972 	250 	96 	156 	156 
016973 	250 	113 	156 	156 
016974 	250 	113 	156 	156 
016975 	250 	96 	156 	156 
016976 	250 	96 	156 	156 
016977 	250 	113 	156 	156 
016978 	250 	113 	156 	156 
016979 	250 	96 	156 	156 
016980 	250 	113 	156 	156 
016981 	250 	96 	156 	156 
016982 	250 	96 	156 	156 
016983 	250 	96 	156 	156 
016984 	250 	96 	156 	156 
016985 	250 	96 	156 	156 
016986 	250 	96 	156 	156 
016987 	250 	96 	156 	156 
016988 	250 	96 	156 	156 
016989 	250 	96 	156 	156 
016990 	250 	96 	156 	156 
016991 	250 	96 	156 	156 
016992 	250 	96 	156 	156 
016993 	239 	74 	186 	187 
016994 	239 	74 	186 	187 
016995 	267 	96 	156 	156 
016996 	267 	96 	156 	156 
016997 	267 	96 	156 	156 
