Identity  : 	id10304
Reference : 	JQtDfEz08aU
Offset    : 	-4
FV Conf   : 	14.696
ASD Conf  : 	6.362

FRAME 	X 	Y 	W 	H 
019056 	267 	96 	156 	156 
019057 	267 	96 	156 	156 
019058 	267 	96 	156 	156 
019059 	267 	96 	156 	156 
019060 	267 	96 	156 	156 
019061 	267 	96 	156 	156 
019062 	267 	96 	156 	156 
019063 	267 	96 	156 	156 
019064 	267 	96 	156 	156 
019065 	267 	96 	156 	156 
019066 	267 	96 	156 	156 
019067 	267 	96 	156 	156 
019068 	267 	96 	156 	156 
019069 	267 	96 	156 	156 
019070 	267 	96 	156 	156 
019071 	267 	96 	156 	156 
019072 	267 	96 	156 	156 
019073 	267 	96 	156 	156 
019074 	267 	96 	156 	156 
019075 	267 	96 	156 	156 
019076 	267 	96 	156 	156 
019077 	267 	96 	156 	156 
019078 	267 	96 	156 	156 
019079 	267 	96 	156 	156 
019080 	267 	79 	156 	156 
019081 	267 	96 	156 	156 
019082 	267 	96 	156 	156 
019083 	267 	96 	156 	156 
019084 	267 	96 	156 	156 
019085 	267 	96 	156 	156 
019086 	267 	96 	156 	156 
019087 	267 	96 	156 	156 
019088 	267 	96 	156 	156 
019089 	267 	96 	156 	156 
019090 	267 	96 	156 	156 
019091 	267 	96 	156 	156 
019092 	267 	96 	156 	156 
019093 	267 	79 	156 	156 
019094 	267 	96 	156 	156 
019095 	267 	96 	156 	156 
019096 	267 	79 	156 	156 
019097 	267 	79 	156 	156 
019098 	267 	79 	156 	156 
019099 	267 	79 	156 	156 
019100 	267 	79 	156 	156 
019101 	267 	79 	156 	156 
019102 	267 	79 	156 	156 
019103 	267 	79 	156 	156 
019104 	267 	79 	156 	156 
019105 	267 	79 	156 	156 
019106 	267 	79 	156 	156 
019107 	267 	79 	156 	156 
019108 	267 	79 	156 	156 
019109 	267 	79 	156 	156 
019110 	267 	79 	156 	156 
019111 	267 	79 	156 	156 
019112 	267 	79 	156 	156 
019113 	267 	79 	156 	156 
019114 	267 	79 	156 	156 
019115 	267 	79 	156 	156 
019116 	267 	79 	156 	156 
019117 	267 	79 	156 	156 
019118 	267 	79 	156 	156 
019119 	267 	79 	156 	156 
019120 	267 	79 	156 	156 
019121 	267 	79 	156 	156 
019122 	267 	79 	156 	156 
019123 	267 	79 	156 	156 
019124 	267 	79 	156 	156 
019125 	267 	79 	156 	156 
019126 	267 	79 	156 	156 
019127 	267 	79 	156 	156 
019128 	267 	79 	156 	156 
019129 	267 	79 	156 	156 
019130 	267 	79 	156 	156 
019131 	267 	79 	156 	156 
019132 	267 	79 	156 	156 
019133 	267 	79 	156 	156 
019134 	267 	79 	156 	156 
019135 	239 	74 	186 	187 
019136 	239 	74 	186 	187 
019137 	239 	74 	186 	187 
019138 	267 	96 	156 	156 
019139 	239 	74 	186 	187 
019140 	267 	96 	156 	156 
019141 	267 	96 	156 	156 
019142 	267 	96 	156 	156 
019143 	267 	96 	156 	156 
019144 	267 	96 	156 	156 
019145 	267 	96 	156 	156 
019146 	267 	96 	156 	156 
019147 	267 	96 	156 	156 
019148 	267 	96 	156 	156 
019149 	267 	96 	156 	156 
019150 	258 	96 	156 	156 
019151 	250 	96 	156 	156 
019152 	250 	96 	156 	156 
019153 	250 	96 	156 	156 
019154 	250 	96 	156 	156 
019155 	250 	96 	156 	156 
019156 	250 	96 	156 	156 
019157 	250 	96 	156 	156 
019158 	250 	96 	156 	156 
019159 	250 	96 	156 	156 
019160 	250 	96 	156 	156 
019161 	250 	96 	156 	156 
019162 	250 	96 	156 	156 
