Identity  : 	id10290
Reference : 	0bA1AJCGEOo
Offset    : 	1
FV Conf   : 	12.104
ASD Conf  : 	7.224

FRAME 	X 	Y 	W 	H 
004286 	423 	75 	91 	91 
004287 	423 	85 	91 	91 
004288 	423 	85 	91 	91 
004289 	423 	85 	91 	91 
004290 	423 	85 	91 	91 
004291 	423 	85 	91 	91 
004292 	423 	85 	91 	91 
004293 	423 	85 	91 	91 
004294 	423 	85 	91 	91 
004295 	423 	85 	91 	91 
004296 	423 	85 	91 	91 
004297 	423 	85 	91 	91 
004298 	423 	85 	91 	91 
004299 	423 	85 	91 	91 
004300 	423 	85 	91 	91 
004301 	423 	85 	91 	91 
004302 	423 	85 	91 	91 
004303 	423 	85 	91 	91 
004304 	423 	85 	91 	91 
004305 	423 	85 	91 	91 
004306 	423 	85 	91 	91 
004307 	423 	85 	91 	91 
004308 	423 	85 	91 	91 
004309 	423 	85 	91 	91 
004310 	423 	85 	91 	91 
004311 	423 	85 	91 	91 
004312 	423 	85 	91 	91 
004313 	423 	85 	91 	91 
004314 	423 	85 	91 	91 
004315 	423 	85 	91 	91 
004316 	423 	85 	91 	91 
004317 	423 	85 	91 	91 
004318 	423 	85 	91 	91 
004319 	423 	85 	91 	91 
004320 	423 	85 	91 	91 
004321 	423 	85 	91 	91 
004322 	423 	85 	91 	91 
004323 	423 	85 	91 	91 
004324 	423 	85 	91 	91 
004325 	423 	85 	91 	91 
004326 	423 	75 	91 	91 
004327 	423 	75 	91 	91 
004328 	423 	75 	91 	91 
004329 	427 	87 	76 	76 
004330 	423 	75 	91 	91 
004331 	423 	75 	91 	91 
004332 	427 	87 	76 	76 
004333 	427 	87 	76 	76 
004334 	423 	75 	91 	91 
004335 	427 	87 	76 	76 
004336 	427 	87 	76 	76 
004337 	423 	75 	91 	91 
004338 	413 	75 	91 	91 
004339 	413 	75 	91 	91 
004340 	413 	75 	91 	91 
004341 	413 	75 	91 	91 
004342 	403 	75 	91 	91 
004343 	403 	75 	91 	91 
004344 	403 	75 	91 	91 
004345 	403 	75 	91 	91 
004346 	403 	75 	91 	91 
004347 	403 	75 	91 	91 
004348 	403 	75 	91 	91 
004349 	403 	75 	91 	91 
004350 	403 	75 	91 	91 
004351 	403 	75 	91 	91 
004352 	403 	75 	91 	91 
004353 	403 	75 	91 	91 
004354 	403 	75 	91 	91 
004355 	403 	75 	91 	91 
004356 	403 	75 	91 	91 
004357 	403 	75 	91 	91 
004358 	403 	75 	91 	91 
004359 	403 	75 	91 	91 
004360 	403 	75 	91 	91 
004361 	403 	75 	91 	91 
004362 	403 	75 	91 	91 
004363 	403 	75 	91 	91 
004364 	403 	75 	91 	91 
004365 	403 	75 	91 	91 
004366 	403 	75 	91 	91 
004367 	403 	75 	91 	91 
004368 	403 	75 	91 	91 
004369 	403 	75 	91 	91 
004370 	403 	75 	91 	91 
004371 	403 	75 	91 	91 
004372 	403 	75 	91 	91 
004373 	403 	75 	91 	91 
004374 	403 	75 	91 	91 
004375 	403 	75 	91 	91 
004376 	403 	75 	91 	91 
004377 	403 	75 	91 	91 
004378 	403 	75 	91 	91 
004379 	403 	75 	91 	91 
004380 	413 	75 	91 	91 
004381 	413 	75 	91 	91 
004382 	413 	75 	91 	91 
004383 	427 	87 	76 	76 
004384 	423 	85 	91 	91 
004385 	423 	85 	91 	91 
004386 	423 	85 	91 	91 
004387 	423 	85 	91 	91 
004388 	423 	85 	91 	91 
004389 	423 	85 	91 	91 
004390 	423 	85 	91 	91 
004391 	423 	85 	91 	91 
004392 	423 	85 	91 	91 
004393 	423 	85 	91 	91 
004394 	423 	85 	91 	91 
004395 	423 	85 	91 	91 
004396 	423 	85 	91 	91 
004397 	423 	85 	91 	91 
004398 	423 	85 	91 	91 
004399 	423 	85 	91 	91 
004400 	423 	85 	91 	91 
004401 	423 	85 	91 	91 
004402 	423 	85 	91 	91 
004403 	423 	85 	91 	91 
004404 	423 	85 	91 	91 
004405 	423 	85 	91 	91 
004406 	423 	85 	91 	91 
004407 	423 	85 	91 	91 
004408 	423 	85 	91 	91 
004409 	435 	87 	76 	76 
004410 	423 	85 	91 	91 
004411 	435 	87 	76 	76 
004412 	435 	87 	76 	76 
004413 	433 	85 	91 	91 
004414 	433 	85 	91 	91 
004415 	433 	85 	91 	91 
004416 	433 	85 	91 	91 
004417 	433 	85 	91 	91 
004418 	435 	87 	76 	76 
004419 	435 	87 	76 	76 
004420 	435 	87 	76 	76 
004421 	435 	87 	76 	76 
004422 	423 	85 	91 	91 
004423 	423 	85 	91 	91 
004424 	423 	85 	91 	91 
004425 	423 	85 	91 	91 
004426 	423 	85 	91 	91 
004427 	423 	85 	91 	91 
004428 	423 	85 	91 	91 
004429 	423 	85 	91 	91 
004430 	423 	85 	91 	91 
004431 	423 	85 	91 	91 
004432 	423 	85 	91 	91 
004433 	423 	85 	91 	91 
004434 	423 	85 	91 	91 
004435 	423 	85 	91 	91 
004436 	423 	85 	91 	91 
004437 	423 	85 	91 	91 
004438 	423 	85 	91 	91 
004439 	423 	85 	91 	91 
004440 	423 	85 	91 	91 
004441 	423 	85 	91 	91 
004442 	423 	85 	91 	91 
004443 	423 	85 	91 	91 
004444 	423 	85 	91 	91 
004445 	423 	85 	91 	91 
004446 	423 	85 	91 	91 
004447 	423 	85 	91 	91 
004448 	423 	85 	91 	91 
004449 	423 	85 	91 	91 
004450 	423 	85 	91 	91 
004451 	423 	85 	91 	91 
004452 	423 	85 	91 	91 
004453 	423 	85 	91 	91 
004454 	423 	85 	91 	91 
004455 	423 	85 	91 	91 
004456 	423 	85 	91 	91 
004457 	423 	85 	91 	91 
004458 	423 	85 	91 	91 
004459 	423 	85 	91 	91 
004460 	423 	85 	91 	91 
004461 	423 	85 	91 	91 
004462 	423 	85 	91 	91 
004463 	423 	85 	91 	91 
004464 	423 	85 	91 	91 
004465 	423 	85 	91 	91 
004466 	423 	85 	91 	91 
004467 	423 	85 	91 	91 
004468 	423 	85 	91 	91 
004469 	423 	85 	91 	91 
004470 	423 	85 	91 	91 
004471 	423 	85 	91 	91 
004472 	423 	85 	91 	91 
004473 	423 	85 	91 	91 
004474 	423 	85 	91 	91 
004475 	423 	85 	91 	91 
004476 	423 	85 	91 	91 
004477 	423 	85 	91 	91 
004478 	423 	85 	91 	91 
004479 	423 	85 	91 	91 
004480 	423 	85 	91 	91 
004481 	423 	85 	91 	91 
004482 	423 	85 	91 	91 
004483 	423 	85 	91 	91 
004484 	423 	85 	91 	91 
004485 	423 	85 	91 	91 
004486 	423 	85 	91 	91 
004487 	435 	96 	76 	75 
004488 	435 	96 	76 	75 
004489 	435 	96 	76 	75 
004490 	435 	96 	76 	75 
004491 	435 	96 	76 	75 
004492 	423 	85 	91 	91 
004493 	423 	85 	91 	91 
004494 	423 	85 	91 	91 
004495 	423 	85 	91 	91 
004496 	423 	85 	91 	91 
004497 	423 	85 	91 	91 
004498 	423 	85 	91 	91 
004499 	423 	85 	91 	91 
004500 	423 	85 	91 	91 
004501 	423 	85 	91 	91 
004502 	423 	85 	91 	91 
004503 	423 	85 	91 	91 
004504 	423 	85 	91 	91 
004505 	423 	85 	91 	91 
004506 	423 	85 	91 	91 
004507 	423 	85 	91 	91 
004508 	423 	85 	91 	91 
004509 	423 	85 	91 	91 
004510 	423 	85 	91 	91 
004511 	423 	85 	91 	91 
004512 	423 	85 	91 	91 
004513 	423 	85 	91 	91 
004514 	423 	85 	91 	91 
004515 	423 	85 	91 	91 
004516 	423 	85 	91 	91 
004517 	423 	85 	91 	91 
004518 	423 	85 	91 	91 
004519 	423 	85 	91 	91 
004520 	423 	85 	91 	91 
004521 	423 	85 	91 	91 
004522 	427 	87 	76 	76 
004523 	427 	87 	76 	76 
004524 	427 	87 	76 	76 
004525 	427 	87 	76 	76 
004526 	427 	87 	76 	76 
004527 	427 	87 	76 	76 
004528 	427 	87 	76 	76 
004529 	423 	85 	91 	91 
004530 	423 	75 	91 	91 
004531 	427 	87 	76 	76 
004532 	427 	87 	76 	76 
004533 	427 	87 	76 	76 
004534 	427 	87 	76 	76 
004535 	427 	87 	76 	76 
004536 	427 	87 	76 	76 
004537 	427 	87 	76 	76 
004538 	427 	87 	76 	76 
004539 	427 	87 	76 	76 
004540 	427 	87 	76 	76 
004541 	427 	87 	76 	76 
004542 	423 	75 	91 	91 
004543 	427 	87 	76 	76 
004544 	427 	87 	76 	76 
004545 	427 	87 	76 	76 
004546 	427 	87 	76 	76 
004547 	427 	87 	76 	76 
004548 	427 	87 	76 	76 
004549 	427 	87 	76 	76 
004550 	427 	87 	76 	76 
004551 	427 	87 	76 	76 
004552 	413 	75 	91 	91 
004553 	413 	75 	91 	91 
004554 	413 	75 	91 	91 
004555 	413 	75 	91 	91 
004556 	413 	75 	91 	91 
004557 	413 	75 	91 	91 
004558 	413 	75 	91 	91 
004559 	413 	75 	91 	91 
004560 	413 	75 	91 	91 
004561 	413 	75 	91 	91 
004562 	413 	75 	91 	91 
004563 	413 	75 	91 	91 
004564 	413 	75 	91 	91 
004565 	413 	75 	91 	91 
004566 	413 	75 	91 	91 
004567 	403 	75 	91 	91 
004568 	403 	75 	91 	91 
004569 	403 	75 	91 	91 
004570 	403 	75 	91 	91 
004571 	403 	75 	91 	91 
004572 	403 	75 	91 	91 
004573 	413 	75 	91 	91 
004574 	413 	75 	91 	91 
004575 	413 	75 	91 	91 
004576 	413 	75 	91 	91 
004577 	419 	87 	75 	76 
004578 	413 	75 	91 	91 
004579 	413 	75 	91 	91 
004580 	413 	75 	91 	91 
004581 	413 	75 	91 	91 
004582 	413 	75 	91 	91 
004583 	413 	75 	91 	91 
004584 	427 	87 	76 	76 
004585 	427 	87 	76 	76 
004586 	423 	85 	91 	91 
004587 	423 	85 	91 	91 
004588 	423 	85 	91 	91 
004589 	423 	85 	91 	91 
004590 	423 	85 	91 	91 
004591 	423 	85 	91 	91 
004592 	423 	85 	91 	91 
004593 	423 	85 	91 	91 
004594 	427 	87 	76 	76 
004595 	413 	85 	91 	91 
004596 	413 	85 	91 	91 
004597 	413 	85 	91 	91 
004598 	413 	85 	91 	91 
004599 	413 	85 	91 	91 
004600 	413 	75 	91 	91 
004601 	413 	85 	91 	91 
004602 	413 	85 	91 	91 
004603 	413 	85 	91 	91 
004604 	413 	85 	91 	91 
004605 	413 	85 	91 	91 
004606 	413 	85 	91 	91 
004607 	413 	85 	91 	91 
004608 	413 	85 	91 	91 
004609 	413 	85 	91 	91 
004610 	427 	87 	76 	76 
004611 	427 	87 	76 	76 
004612 	427 	87 	76 	76 
004613 	427 	87 	76 	76 
004614 	427 	87 	76 	76 
004615 	427 	87 	76 	76 
004616 	427 	87 	76 	76 
004617 	427 	87 	76 	76 
004618 	427 	87 	76 	76 
004619 	427 	87 	76 	76 
004620 	427 	87 	76 	76 
004621 	427 	87 	76 	76 
004622 	427 	87 	76 	76 
004623 	427 	87 	76 	76 
004624 	423 	85 	91 	91 
004625 	427 	87 	76 	76 
004626 	423 	75 	91 	91 
004627 	427 	87 	76 	76 
004628 	427 	87 	76 	76 
004629 	427 	87 	76 	76 
004630 	427 	87 	76 	76 
004631 	427 	87 	76 	76 
004632 	427 	87 	76 	76 
004633 	427 	87 	76 	76 
004634 	427 	87 	76 	76 
004635 	427 	87 	76 	76 
004636 	427 	87 	76 	76 
004637 	427 	87 	76 	76 
004638 	427 	87 	76 	76 
004639 	427 	87 	76 	76 
004640 	427 	87 	76 	76 
004641 	427 	87 	76 	76 
004642 	427 	87 	76 	76 
004643 	427 	87 	76 	76 
004644 	427 	87 	76 	76 
004645 	427 	87 	76 	76 
004646 	427 	87 	76 	76 
004647 	427 	87 	76 	76 
004648 	427 	87 	76 	76 
004649 	427 	87 	76 	76 
004650 	427 	87 	76 	76 
004651 	427 	87 	76 	76 
004652 	427 	87 	76 	76 
004653 	423 	75 	91 	91 
004654 	423 	75 	91 	91 
004655 	423 	75 	91 	91 
004656 	423 	75 	91 	91 
004657 	423 	75 	91 	91 
004658 	423 	75 	91 	91 
004659 	423 	75 	91 	91 
004660 	423 	75 	91 	91 
004661 	423 	75 	91 	91 
004662 	423 	75 	91 	91 
004663 	423 	75 	91 	91 
004664 	423 	75 	91 	91 
004665 	423 	75 	91 	91 
004666 	423 	75 	91 	91 
004667 	423 	75 	91 	91 
004668 	423 	75 	91 	91 
004669 	423 	75 	91 	91 
004670 	423 	75 	91 	91 
004671 	423 	75 	91 	91 
004672 	423 	75 	91 	91 
004673 	423 	75 	91 	91 
004674 	423 	75 	91 	91 
004675 	423 	75 	91 	91 
004676 	423 	75 	91 	91 
004677 	423 	65 	91 	91 
004678 	423 	65 	91 	91 
004679 	423 	65 	91 	91 
004680 	423 	65 	91 	91 
004681 	423 	65 	91 	91 
004682 	423 	65 	91 	91 
004683 	423 	65 	91 	91 
004684 	423 	65 	91 	91 
004685 	423 	65 	91 	91 
004686 	423 	65 	91 	91 
004687 	423 	65 	91 	91 
004688 	423 	65 	91 	91 
004689 	423 	65 	91 	91 
004690 	423 	65 	91 	91 
004691 	423 	65 	91 	91 
004692 	423 	65 	91 	91 
004693 	423 	65 	91 	91 
004694 	423 	65 	91 	91 
004695 	423 	65 	91 	91 
004696 	423 	65 	91 	91 
004697 	423 	65 	91 	91 
004698 	423 	65 	91 	91 
004699 	435 	71 	76 	75 
004700 	435 	71 	76 	75 
004701 	433 	65 	91 	91 
004702 	433 	65 	91 	91 
004703 	433 	65 	91 	91 
004704 	433 	65 	91 	91 
004705 	435 	71 	76 	75 
004706 	423 	65 	91 	91 
004707 	423 	65 	91 	91 
004708 	423 	65 	91 	91 
004709 	423 	65 	91 	91 
004710 	423 	75 	91 	91 
004711 	423 	75 	91 	91 
004712 	423 	75 	91 	91 
004713 	423 	75 	91 	91 
004714 	427 	87 	76 	76 
004715 	427 	87 	76 	76 
004716 	427 	87 	76 	76 
004717 	423 	85 	91 	91 
004718 	423 	85 	91 	91 
004719 	423 	85 	91 	91 
004720 	423 	85 	91 	91 
004721 	423 	85 	91 	91 
004722 	423 	85 	91 	91 
004723 	427 	96 	76 	75 
004724 	427 	96 	76 	75 
004725 	427 	96 	76 	75 
004726 	427 	96 	76 	75 
