Identity  : 	id10286
Reference : 	lJQTN_wK9vA
Offset    : 	-2
FV Conf   : 	13.431
ASD Conf  : 	6.935

FRAME 	X 	Y 	W 	H 
003360 	341 	78 	108 	109 
003361 	341 	78 	108 	109 
003362 	341 	78 	108 	109 
003363 	341 	78 	108 	109 
003364 	341 	78 	108 	109 
003365 	341 	78 	108 	109 
003366 	341 	78 	108 	109 
003367 	341 	78 	108 	109 
003368 	341 	66 	108 	109 
003369 	341 	66 	108 	109 
003370 	341 	66 	108 	109 
003371 	353 	85 	91 	91 
003372 	353 	66 	108 	109 
003373 	353 	66 	108 	109 
003374 	363 	75 	91 	91 
003375 	365 	66 	108 	109 
003376 	365 	66 	108 	109 
003377 	365 	66 	108 	109 
003378 	365 	66 	108 	109 
003379 	365 	66 	108 	109 
003380 	373 	75 	91 	91 
003381 	373 	75 	91 	91 
003382 	373 	75 	91 	91 
003383 	373 	75 	91 	91 
003384 	365 	66 	108 	109 
003385 	365 	66 	108 	109 
003386 	365 	66 	108 	109 
003387 	353 	66 	108 	109 
003388 	353 	66 	108 	109 
003389 	353 	66 	108 	109 
003390 	353 	66 	108 	109 
003391 	353 	66 	108 	109 
003392 	353 	66 	108 	109 
003393 	353 	66 	108 	109 
003394 	353 	66 	108 	109 
003395 	353 	66 	108 	109 
003396 	353 	66 	108 	109 
003397 	353 	66 	108 	109 
003398 	353 	66 	108 	109 
003399 	353 	78 	108 	109 
003400 	353 	66 	108 	109 
003401 	353 	78 	108 	109 
003402 	353 	66 	108 	109 
003403 	353 	66 	108 	109 
003404 	353 	66 	108 	109 
003405 	353 	66 	108 	109 
003406 	353 	66 	108 	109 
003407 	353 	66 	108 	109 
003408 	353 	66 	108 	109 
003409 	353 	66 	108 	109 
003410 	353 	78 	108 	109 
003411 	363 	85 	91 	91 
003412 	363 	85 	91 	91 
003413 	363 	85 	91 	91 
003414 	373 	85 	91 	91 
003415 	373 	85 	91 	91 
003416 	373 	85 	91 	91 
003417 	373 	85 	91 	91 
003418 	373 	85 	91 	91 
003419 	365 	66 	108 	109 
003420 	365 	66 	108 	109 
003421 	365 	66 	108 	109 
003422 	365 	66 	108 	109 
003423 	365 	66 	108 	109 
003424 	365 	66 	108 	109 
003425 	365 	66 	108 	109 
003426 	365 	66 	108 	109 
003427 	365 	66 	108 	109 
003428 	365 	66 	108 	109 
003429 	365 	66 	108 	109 
003430 	365 	66 	108 	109 
003431 	365 	66 	108 	109 
003432 	365 	66 	108 	109 
003433 	365 	66 	108 	109 
003434 	365 	54 	108 	109 
003435 	365 	54 	108 	109 
003436 	365 	54 	108 	109 
003437 	365 	54 	108 	109 
003438 	365 	66 	108 	109 
003439 	383 	75 	91 	91 
003440 	383 	75 	91 	91 
003441 	365 	66 	108 	109 
003442 	365 	66 	108 	109 
003443 	365 	66 	108 	109 
003444 	353 	66 	108 	109 
003445 	353 	66 	108 	109 
003446 	353 	66 	108 	109 
003447 	353 	66 	108 	109 
003448 	353 	66 	108 	109 
003449 	353 	66 	108 	109 
003450 	353 	66 	108 	109 
003451 	353 	66 	108 	109 
003452 	353 	78 	108 	109 
003453 	353 	78 	108 	109 
003454 	353 	78 	108 	109 
003455 	353 	66 	108 	109 
003456 	353 	66 	108 	109 
003457 	363 	85 	91 	91 
003458 	373 	85 	91 	91 
003459 	373 	85 	91 	91 
003460 	373 	85 	91 	91 
003461 	373 	85 	91 	91 
003462 	373 	85 	91 	91 
003463 	373 	85 	91 	91 
003464 	373 	85 	91 	91 
003465 	373 	85 	91 	91 
003466 	365 	66 	108 	109 
003467 	365 	66 	108 	109 
003468 	365 	66 	108 	109 
003469 	365 	66 	108 	109 
003470 	365 	66 	108 	109 
003471 	365 	66 	108 	109 
003472 	365 	66 	108 	109 
003473 	365 	66 	108 	109 
003474 	365 	66 	108 	109 
003475 	373 	75 	91 	91 
003476 	373 	75 	91 	91 
003477 	373 	75 	91 	91 
003478 	353 	66 	108 	109 
003479 	353 	54 	108 	109 
003480 	353 	54 	108 	109 
003481 	353 	54 	108 	109 
003482 	353 	54 	108 	109 
003483 	353 	54 	108 	109 
003484 	353 	54 	108 	109 
003485 	353 	54 	108 	109 
003486 	363 	65 	91 	91 
003487 	363 	65 	91 	91 
003488 	363 	65 	91 	91 
003489 	363 	65 	91 	91 
003490 	353 	54 	108 	109 
003491 	365 	54 	108 	109 
003492 	365 	54 	108 	109 
003493 	383 	55 	91 	91 
003494 	376 	43 	109 	108 
003495 	393 	65 	91 	91 
003496 	393 	65 	91 	91 
003497 	393 	65 	91 	91 
003498 	393 	65 	91 	91 
003499 	393 	55 	91 	91 
003500 	376 	43 	109 	108 
003501 	383 	55 	91 	91 
003502 	365 	43 	108 	108 
003503 	365 	43 	108 	108 
003504 	353 	43 	108 	108 
003505 	353 	54 	108 	109 
003506 	353 	54 	108 	109 
003507 	353 	54 	108 	109 
003508 	341 	54 	108 	109 
003509 	341 	54 	108 	109 
003510 	341 	54 	108 	109 
003511 	341 	54 	108 	109 
003512 	341 	54 	108 	109 
003513 	341 	54 	108 	109 
003514 	329 	66 	108 	109 
003515 	329 	66 	108 	109 
003516 	329 	66 	108 	109 
003517 	329 	66 	108 	109 
003518 	329 	78 	108 	109 
003519 	329 	78 	108 	109 
003520 	329 	78 	108 	109 
003521 	329 	78 	108 	109 
003522 	329 	78 	108 	109 
003523 	329 	78 	108 	109 
003524 	329 	78 	108 	109 
003525 	329 	78 	108 	109 
003526 	317 	78 	108 	109 
003527 	317 	78 	108 	109 
003528 	317 	78 	108 	109 
003529 	333 	95 	91 	91 
003530 	333 	95 	91 	91 
003531 	333 	95 	91 	91 
003532 	317 	90 	108 	109 
003533 	317 	90 	108 	109 
003534 	317 	90 	108 	109 
003535 	317 	90 	108 	109 
003536 	329 	90 	108 	109 
003537 	329 	90 	108 	109 
003538 	343 	95 	91 	91 
003539 	353 	95 	91 	91 
003540 	353 	95 	91 	91 
003541 	353 	95 	91 	91 
003542 	353 	95 	91 	91 
003543 	353 	95 	91 	91 
003544 	353 	95 	91 	91 
003545 	353 	95 	91 	91 
003546 	343 	95 	91 	91 
003547 	343 	85 	91 	91 
003548 	343 	85 	91 	91 
003549 	343 	85 	91 	91 
003550 	343 	85 	91 	91 
003551 	341 	78 	108 	109 
003552 	353 	75 	91 	91 
003553 	353 	75 	91 	91 
003554 	353 	75 	91 	91 
003555 	353 	75 	91 	91 
003556 	353 	75 	91 	91 
003557 	353 	75 	91 	91 
003558 	353 	66 	108 	109 
003559 	353 	66 	108 	109 
003560 	353 	66 	108 	109 
003561 	363 	75 	91 	91 
003562 	353 	66 	108 	109 
003563 	353 	66 	108 	109 
003564 	353 	66 	108 	109 
003565 	363 	75 	91 	91 
003566 	363 	75 	91 	91 
003567 	363 	75 	91 	91 
003568 	363 	75 	91 	91 
003569 	363 	75 	91 	91 
003570 	363 	75 	91 	91 
003571 	363 	75 	91 	91 
003572 	363 	75 	91 	91 
003573 	363 	75 	91 	91 
003574 	363 	75 	91 	91 
003575 	363 	85 	91 	91 
003576 	363 	85 	91 	91 
003577 	363 	85 	91 	91 
003578 	363 	85 	91 	91 
003579 	363 	85 	91 	91 
003580 	363 	85 	91 	91 
003581 	363 	85 	91 	91 
003582 	363 	85 	91 	91 
003583 	363 	85 	91 	91 
003584 	363 	85 	91 	91 
003585 	363 	85 	91 	91 
003586 	363 	85 	91 	91 
003587 	363 	85 	91 	91 
003588 	363 	85 	91 	91 
003589 	363 	85 	91 	91 
003590 	363 	85 	91 	91 
003591 	353 	78 	108 	109 
003592 	353 	78 	108 	109 
003593 	353 	85 	91 	91 
003594 	353 	85 	91 	91 
003595 	353 	85 	91 	91 
003596 	353 	85 	91 	91 
003597 	353 	85 	91 	91 
003598 	353 	85 	91 	91 
003599 	353 	85 	91 	91 
003600 	341 	66 	108 	109 
003601 	341 	78 	108 	109 
003602 	341 	78 	108 	109 
003603 	341 	78 	108 	109 
003604 	341 	78 	108 	109 
003605 	341 	78 	108 	109 
003606 	353 	85 	91 	91 
003607 	353 	85 	91 	91 
003608 	341 	78 	108 	109 
003609 	353 	85 	91 	91 
003610 	353 	85 	91 	91 
003611 	353 	85 	91 	91 
003612 	353 	85 	91 	91 
003613 	353 	85 	91 	91 
003614 	353 	85 	91 	91 
003615 	353 	85 	91 	91 
003616 	353 	85 	91 	91 
003617 	353 	85 	91 	91 
003618 	353 	85 	91 	91 
003619 	353 	85 	91 	91 
003620 	353 	85 	91 	91 
003621 	353 	85 	91 	91 
003622 	353 	85 	91 	91 
003623 	353 	85 	91 	91 
003624 	353 	85 	91 	91 
003625 	353 	85 	91 	91 
003626 	353 	85 	91 	91 
003627 	353 	85 	91 	91 
003628 	353 	85 	91 	91 
003629 	353 	85 	91 	91 
003630 	353 	85 	91 	91 
003631 	353 	85 	91 	91 
003632 	353 	85 	91 	91 
003633 	353 	85 	91 	91 
003634 	353 	85 	91 	91 
003635 	353 	85 	91 	91 
003636 	353 	85 	91 	91 
003637 	353 	85 	91 	91 
003638 	353 	75 	91 	91 
003639 	353 	75 	91 	91 
003640 	353 	75 	91 	91 
003641 	353 	75 	91 	91 
003642 	353 	66 	108 	109 
003643 	353 	66 	108 	109 
003644 	353 	66 	108 	109 
003645 	353 	66 	108 	109 
003646 	353 	66 	108 	109 
003647 	353 	66 	108 	109 
003648 	353 	66 	108 	109 
003649 	353 	66 	108 	109 
003650 	353 	66 	108 	109 
003651 	353 	66 	108 	109 
003652 	353 	66 	108 	109 
003653 	353 	66 	108 	109 
003654 	353 	66 	108 	109 
003655 	353 	66 	108 	109 
003656 	353 	66 	108 	109 
003657 	353 	66 	108 	109 
003658 	353 	66 	108 	109 
003659 	353 	66 	108 	109 
003660 	353 	66 	108 	109 
003661 	353 	66 	108 	109 
003662 	353 	66 	108 	109 
003663 	353 	66 	108 	109 
003664 	353 	66 	108 	109 
003665 	353 	66 	108 	109 
003666 	353 	75 	91 	91 
003667 	353 	75 	91 	91 
003668 	353 	75 	91 	91 
003669 	353 	75 	91 	91 
003670 	353 	75 	91 	91 
003671 	353 	75 	91 	91 
003672 	353 	75 	91 	91 
003673 	353 	75 	91 	91 
003674 	353 	75 	91 	91 
003675 	353 	75 	91 	91 
003676 	353 	75 	91 	91 
003677 	353 	75 	91 	91 
003678 	353 	75 	91 	91 
003679 	353 	75 	91 	91 
003680 	353 	75 	91 	91 
003681 	353 	66 	108 	109 
003682 	353 	75 	91 	91 
003683 	353 	75 	91 	91 
003684 	353 	75 	91 	91 
003685 	353 	75 	91 	91 
003686 	353 	75 	91 	91 
003687 	353 	75 	91 	91 
003688 	353 	75 	91 	91 
003689 	353 	75 	91 	91 
003690 	353 	75 	91 	91 
003691 	353 	75 	91 	91 
003692 	341 	66 	108 	109 
003693 	341 	66 	108 	109 
003694 	341 	78 	108 	109 
003695 	343 	85 	91 	91 
003696 	343 	85 	91 	91 
003697 	343 	85 	91 	91 
003698 	329 	78 	108 	109 
003699 	329 	78 	108 	109 
003700 	329 	78 	108 	109 
003701 	329 	78 	108 	109 
003702 	343 	85 	91 	91 
003703 	343 	85 	91 	91 
003704 	343 	75 	91 	91 
003705 	343 	75 	91 	91 
003706 	341 	54 	108 	109 
003707 	341 	54 	108 	109 
003708 	341 	43 	108 	108 
003709 	341 	43 	108 	108 
003710 	341 	43 	108 	108 
003711 	341 	43 	108 	108 
003712 	363 	45 	91 	91 
003713 	363 	45 	91 	91 
003714 	363 	45 	91 	91 
003715 	373 	55 	91 	91 
003716 	373 	55 	91 	91 
003717 	373 	55 	91 	91 
003718 	373 	55 	91 	91 
003719 	373 	55 	91 	91 
003720 	353 	43 	108 	108 
003721 	353 	43 	108 	108 
003722 	363 	45 	91 	91 
003723 	353 	43 	108 	108 
003724 	353 	43 	108 	108 
003725 	353 	55 	91 	91 
003726 	353 	55 	91 	91 
003727 	353 	55 	91 	91 
003728 	353 	65 	91 	91 
003729 	353 	65 	91 	91 
003730 	353 	65 	91 	91 
003731 	341 	54 	108 	109 
003732 	341 	54 	108 	109 
003733 	341 	54 	108 	109 
003734 	341 	54 	108 	109 
003735 	341 	54 	108 	109 
003736 	341 	54 	108 	109 
003737 	341 	54 	108 	109 
003738 	341 	54 	108 	109 
003739 	341 	54 	108 	109 
003740 	341 	54 	108 	109 
003741 	353 	75 	91 	91 
003742 	353 	66 	108 	109 
003743 	353 	54 	108 	109 
003744 	353 	54 	108 	109 
003745 	363 	65 	91 	91 
003746 	353 	54 	108 	109 
003747 	353 	54 	108 	109 
003748 	353 	54 	108 	109 
003749 	353 	54 	108 	109 
003750 	353 	54 	108 	109 
003751 	373 	65 	91 	91 
003752 	373 	65 	91 	91 
003753 	373 	65 	91 	91 
003754 	365 	54 	108 	109 
003755 	353 	54 	108 	109 
003756 	353 	54 	108 	109 
003757 	353 	66 	108 	109 
003758 	353 	66 	108 	109 
003759 	353 	66 	108 	109 
003760 	353 	66 	108 	109 
003761 	353 	66 	108 	109 
003762 	353 	66 	108 	109 
003763 	353 	78 	108 	109 
003764 	353 	78 	108 	109 
003765 	353 	78 	108 	109 
003766 	353 	78 	108 	109 
003767 	341 	78 	108 	109 
003768 	341 	78 	108 	109 
003769 	341 	78 	108 	109 
003770 	341 	78 	108 	109 
003771 	353 	95 	91 	91 
003772 	353 	95 	91 	91 
003773 	353 	105 	91 	91 
003774 	353 	105 	91 	91 
003775 	353 	105 	91 	91 
003776 	353 	105 	91 	91 
003777 	341 	90 	108 	109 
003778 	353 	105 	91 	91 
003779 	353 	95 	91 	91 
003780 	353 	95 	91 	91 
003781 	353 	95 	91 	91 
003782 	353 	95 	91 	91 
003783 	353 	95 	91 	91 
003784 	341 	78 	108 	109 
003785 	341 	78 	108 	109 
003786 	341 	78 	108 	109 
003787 	343 	85 	91 	91 
003788 	343 	85 	91 	91 
003789 	341 	66 	108 	109 
003790 	341 	66 	108 	109 
003791 	341 	66 	108 	109 
003792 	341 	66 	108 	109 
003793 	341 	66 	108 	109 
003794 	341 	66 	108 	109 
003795 	341 	66 	108 	109 
003796 	341 	66 	108 	109 
003797 	341 	66 	108 	109 
003798 	341 	66 	108 	109 
003799 	353 	85 	91 	91 
003800 	341 	78 	108 	109 
003801 	341 	78 	108 	109 
003802 	341 	78 	108 	109 
003803 	341 	78 	108 	109 
003804 	341 	78 	108 	109 
003805 	341 	78 	108 	109 
003806 	341 	78 	108 	109 
003807 	341 	78 	108 	109 
003808 	341 	78 	108 	109 
003809 	341 	78 	108 	109 
003810 	341 	78 	108 	109 
003811 	363 	95 	91 	91 
003812 	363 	95 	91 	91 
003813 	363 	85 	91 	91 
