Identity  : 	id10278
Reference : 	x5dqrDlwxR4
Offset    : 	2
FV Conf   : 	16.610
ASD Conf  : 	6.059

FRAME 	X 	Y 	W 	H 
004443 	173 	66 	109 	109 
004444 	161 	66 	109 	109 
004445 	161 	66 	109 	109 
004446 	173 	66 	109 	109 
004447 	173 	66 	109 	109 
004448 	173 	78 	109 	109 
004449 	173 	78 	109 	109 
004450 	173 	78 	109 	109 
004451 	173 	78 	109 	109 
004452 	173 	78 	109 	109 
004453 	173 	78 	109 	109 
004454 	173 	78 	109 	109 
004455 	173 	78 	109 	109 
004456 	173 	78 	109 	109 
004457 	173 	78 	109 	109 
004458 	173 	78 	109 	109 
004459 	173 	78 	109 	109 
004460 	173 	78 	109 	109 
004461 	173 	78 	109 	109 
004462 	173 	78 	109 	109 
004463 	173 	78 	109 	109 
004464 	173 	78 	109 	109 
004465 	161 	78 	109 	109 
004466 	161 	78 	109 	109 
004467 	161 	78 	109 	109 
004468 	161 	78 	109 	109 
004469 	161 	78 	109 	109 
004470 	161 	78 	109 	109 
004471 	161 	78 	109 	109 
004472 	161 	78 	109 	109 
004473 	161 	78 	109 	109 
004474 	161 	78 	109 	109 
004475 	161 	78 	109 	109 
004476 	161 	78 	109 	109 
004477 	161 	78 	109 	109 
004478 	161 	78 	109 	109 
004479 	161 	78 	109 	109 
004480 	161 	78 	109 	109 
004481 	161 	66 	109 	109 
004482 	173 	66 	109 	109 
004483 	173 	66 	109 	109 
004484 	173 	66 	109 	109 
004485 	173 	66 	109 	109 
004486 	173 	66 	109 	109 
004487 	173 	66 	109 	109 
004488 	173 	66 	109 	109 
004489 	173 	66 	109 	109 
004490 	161 	66 	109 	109 
004491 	161 	66 	109 	109 
004492 	161 	78 	109 	109 
004493 	161 	78 	109 	109 
004494 	173 	78 	109 	109 
004495 	173 	78 	109 	109 
004496 	173 	78 	109 	109 
004497 	173 	78 	109 	109 
004498 	173 	78 	109 	109 
004499 	173 	78 	109 	109 
004500 	173 	78 	109 	109 
004501 	173 	78 	109 	109 
004502 	173 	78 	109 	109 
004503 	173 	78 	109 	109 
004504 	173 	78 	109 	109 
004505 	173 	78 	109 	109 
004506 	173 	78 	109 	109 
004507 	173 	78 	109 	109 
004508 	173 	78 	109 	109 
004509 	173 	78 	109 	109 
004510 	173 	78 	109 	109 
004511 	161 	78 	109 	109 
004512 	161 	78 	109 	109 
004513 	161 	78 	109 	109 
004514 	161 	78 	109 	109 
004515 	161 	78 	109 	109 
004516 	151 	66 	130 	130 
004517 	150 	90 	108 	109 
004518 	150 	90 	108 	109 
004519 	150 	90 	108 	109 
004520 	137 	80 	130 	130 
004521 	137 	80 	130 	130 
004522 	138 	102 	108 	109 
004523 	138 	102 	108 	109 
004524 	138 	102 	108 	109 
004525 	138 	102 	108 	109 
004526 	138 	102 	108 	109 
004527 	138 	90 	108 	109 
004528 	138 	90 	108 	109 
004529 	150 	90 	108 	109 
004530 	150 	90 	108 	109 
004531 	164 	95 	91 	91 
004532 	161 	78 	109 	109 
004533 	161 	78 	109 	109 
004534 	161 	78 	109 	109 
004535 	161 	78 	109 	109 
004536 	161 	78 	109 	109 
004537 	161 	78 	109 	109 
004538 	161 	78 	109 	109 
004539 	161 	78 	109 	109 
004540 	161 	78 	109 	109 
004541 	161 	78 	109 	109 
004542 	161 	78 	109 	109 
004543 	161 	78 	109 	109 
004544 	161 	78 	109 	109 
004545 	161 	78 	109 	109 
004546 	161 	78 	109 	109 
004547 	161 	78 	109 	109 
004548 	161 	78 	109 	109 
004549 	161 	78 	109 	109 
