Identity  : 	id10290
Reference : 	cIi74VD0LF0
Offset    : 	-1
FV Conf   : 	15.429
ASD Conf  : 	5.911

FRAME 	X 	Y 	W 	H 
004448 	184 	85 	91 	91 
004449 	184 	85 	91 	91 
004450 	184 	85 	91 	91 
004451 	184 	85 	91 	91 
004452 	184 	85 	91 	91 
004453 	184 	85 	91 	91 
004454 	184 	85 	91 	91 
004455 	184 	85 	91 	91 
004456 	184 	85 	91 	91 
004457 	184 	85 	91 	91 
004458 	184 	85 	91 	91 
004459 	184 	85 	91 	91 
004460 	184 	85 	91 	91 
004461 	184 	85 	91 	91 
004462 	184 	85 	91 	91 
004463 	184 	75 	91 	91 
004464 	184 	75 	91 	91 
004465 	184 	75 	91 	91 
004466 	184 	75 	91 	91 
004467 	184 	75 	91 	91 
004468 	184 	75 	91 	91 
004469 	184 	85 	91 	91 
004470 	184 	85 	91 	91 
004471 	184 	75 	91 	91 
004472 	184 	75 	91 	91 
004473 	195 	87 	75 	76 
004474 	195 	87 	75 	76 
004475 	184 	75 	91 	91 
004476 	184 	75 	91 	91 
004477 	184 	75 	91 	91 
004478 	194 	75 	91 	91 
004479 	194 	75 	91 	91 
004480 	194 	75 	91 	91 
004481 	194 	65 	91 	91 
004482 	194 	65 	91 	91 
004483 	194 	65 	91 	91 
004484 	194 	65 	91 	91 
004485 	194 	65 	91 	91 
004486 	194 	65 	91 	91 
004487 	194 	65 	91 	91 
004488 	194 	65 	91 	91 
004489 	194 	65 	91 	91 
004490 	194 	65 	91 	91 
004491 	194 	65 	91 	91 
004492 	194 	65 	91 	91 
004493 	194 	65 	91 	91 
004494 	194 	65 	91 	91 
004495 	194 	65 	91 	91 
004496 	194 	65 	91 	91 
004497 	194 	65 	91 	91 
004498 	185 	54 	109 	109 
004499 	185 	54 	109 	109 
004500 	185 	54 	109 	109 
004501 	185 	54 	109 	109 
004502 	185 	54 	109 	109 
004503 	185 	54 	109 	109 
004504 	185 	54 	109 	109 
004505 	185 	54 	109 	109 
004506 	185 	54 	109 	109 
004507 	185 	54 	109 	109 
004508 	185 	54 	109 	109 
004509 	184 	65 	91 	91 
004510 	184 	65 	91 	91 
004511 	184 	65 	91 	91 
004512 	184 	65 	91 	91 
004513 	184 	65 	91 	91 
004514 	184 	65 	91 	91 
004515 	195 	79 	75 	76 
004516 	195 	79 	75 	76 
004517 	194 	75 	91 	91 
004518 	194 	75 	91 	91 
004519 	194 	75 	91 	91 
004520 	185 	66 	109 	109 
004521 	194 	75 	91 	91 
004522 	194 	75 	91 	91 
004523 	194 	75 	91 	91 
004524 	194 	75 	91 	91 
004525 	194 	75 	91 	91 
004526 	194 	75 	91 	91 
004527 	194 	75 	91 	91 
004528 	194 	75 	91 	91 
004529 	194 	65 	91 	91 
004530 	194 	65 	91 	91 
004531 	194 	65 	91 	91 
004532 	194 	65 	91 	91 
004533 	194 	65 	91 	91 
004534 	194 	65 	91 	91 
004535 	194 	65 	91 	91 
004536 	194 	65 	91 	91 
004537 	194 	65 	91 	91 
004538 	184 	65 	91 	91 
004539 	184 	65 	91 	91 
004540 	184 	65 	91 	91 
004541 	184 	65 	91 	91 
004542 	194 	75 	91 	91 
004543 	194 	75 	91 	91 
004544 	194 	75 	91 	91 
004545 	194 	75 	91 	91 
004546 	194 	75 	91 	91 
004547 	194 	75 	91 	91 
004548 	194 	75 	91 	91 
004549 	184 	65 	91 	91 
004550 	194 	65 	91 	91 
004551 	194 	65 	91 	91 
004552 	194 	65 	91 	91 
004553 	197 	54 	109 	109 
004554 	204 	65 	91 	91 
004555 	197 	54 	109 	109 
004556 	197 	54 	109 	109 
004557 	214 	65 	91 	91 
004558 	214 	65 	91 	91 
004559 	214 	65 	91 	91 
004560 	209 	54 	109 	109 
004561 	209 	54 	109 	109 
004562 	224 	65 	91 	91 
004563 	224 	75 	91 	91 
004564 	221 	66 	109 	109 
004565 	221 	66 	109 	109 
004566 	221 	66 	109 	109 
004567 	234 	75 	90 	91 
004568 	234 	75 	90 	91 
004569 	234 	75 	90 	91 
