Identity  : 	id10290
Reference : 	cIi74VD0LF0
Offset    : 	-1
FV Conf   : 	15.475
ASD Conf  : 	6.107

FRAME 	X 	Y 	W 	H 
000811 	224 	65 	91 	91 
000812 	224 	65 	91 	91 
000813 	224 	65 	91 	91 
000814 	224 	65 	91 	91 
000815 	224 	65 	91 	91 
000816 	224 	65 	91 	91 
000817 	224 	65 	91 	91 
000818 	224 	65 	91 	91 
000819 	224 	65 	91 	91 
000820 	224 	65 	91 	91 
000821 	224 	65 	91 	91 
000822 	224 	75 	91 	91 
000823 	224 	65 	91 	91 
000824 	224 	65 	91 	91 
000825 	224 	65 	91 	91 
000826 	224 	65 	91 	91 
000827 	224 	65 	91 	91 
000828 	224 	65 	91 	91 
000829 	214 	65 	91 	91 
000830 	214 	65 	91 	91 
000831 	214 	65 	91 	91 
000832 	214 	65 	91 	91 
000833 	214 	65 	91 	91 
000834 	214 	65 	91 	91 
000835 	214 	65 	91 	91 
000836 	214 	65 	91 	91 
000837 	209 	54 	109 	109 
000838 	224 	65 	91 	91 
000839 	224 	65 	91 	91 
000840 	224 	65 	91 	91 
000841 	224 	65 	91 	91 
000842 	224 	65 	91 	91 
000843 	224 	65 	91 	91 
000844 	224 	65 	91 	91 
000845 	214 	65 	91 	91 
000846 	214 	65 	91 	91 
000847 	214 	65 	91 	91 
000848 	209 	54 	109 	109 
000849 	214 	65 	91 	91 
000850 	214 	65 	91 	91 
000851 	214 	65 	91 	91 
000852 	214 	65 	91 	91 
000853 	214 	65 	91 	91 
000854 	214 	65 	91 	91 
000855 	209 	66 	109 	109 
000856 	209 	66 	109 	109 
000857 	209 	66 	109 	109 
000858 	224 	75 	91 	91 
000859 	224 	75 	91 	91 
000860 	224 	75 	91 	91 
000861 	224 	75 	91 	91 
000862 	224 	75 	91 	91 
000863 	224 	65 	91 	91 
000864 	224 	65 	91 	91 
000865 	224 	65 	91 	91 
000866 	224 	65 	91 	91 
000867 	214 	65 	91 	91 
000868 	214 	65 	91 	91 
000869 	214 	65 	91 	91 
000870 	214 	65 	91 	91 
000871 	214 	65 	91 	91 
000872 	214 	65 	91 	91 
000873 	214 	65 	91 	91 
000874 	214 	65 	91 	91 
000875 	214 	65 	91 	91 
000876 	214 	65 	91 	91 
000877 	214 	65 	91 	91 
000878 	214 	65 	91 	91 
000879 	214 	65 	91 	91 
000880 	209 	66 	109 	109 
000881 	209 	66 	109 	109 
000882 	214 	65 	91 	91 
000883 	214 	65 	91 	91 
000884 	214 	65 	91 	91 
000885 	214 	65 	91 	91 
000886 	214 	65 	91 	91 
000887 	214 	65 	91 	91 
000888 	214 	65 	91 	91 
000889 	204 	65 	91 	91 
000890 	204 	65 	91 	91 
000891 	204 	65 	91 	91 
000892 	204 	65 	91 	91 
000893 	204 	65 	91 	91 
000894 	204 	75 	91 	91 
000895 	194 	65 	91 	91 
000896 	194 	75 	91 	91 
000897 	194 	75 	91 	91 
000898 	194 	75 	91 	91 
000899 	194 	75 	91 	91 
000900 	194 	75 	91 	91 
000901 	194 	75 	91 	91 
000902 	194 	75 	91 	91 
000903 	194 	75 	91 	91 
000904 	194 	75 	91 	91 
000905 	194 	75 	91 	91 
000906 	194 	75 	91 	91 
000907 	194 	75 	91 	91 
000908 	194 	75 	91 	91 
000909 	194 	75 	91 	91 
000910 	194 	75 	91 	91 
000911 	194 	75 	91 	91 
000912 	194 	85 	91 	91 
000913 	194 	75 	91 	91 
000914 	194 	75 	91 	91 
000915 	194 	85 	91 	91 
000916 	194 	85 	91 	91 
000917 	195 	87 	75 	76 
000918 	195 	87 	75 	76 
000919 	195 	87 	75 	76 
000920 	195 	87 	75 	76 
000921 	195 	87 	75 	76 
000922 	184 	75 	91 	91 
000923 	194 	75 	91 	91 
000924 	194 	75 	91 	91 
000925 	184 	75 	91 	91 
000926 	184 	65 	91 	91 
000927 	184 	65 	91 	91 
000928 	184 	65 	91 	91 
000929 	184 	65 	91 	91 
000930 	184 	65 	91 	91 
000931 	184 	65 	91 	91 
000932 	184 	65 	91 	91 
000933 	195 	79 	75 	76 
000934 	195 	79 	75 	76 
000935 	195 	79 	75 	76 
000936 	184 	75 	91 	91 
000937 	184 	75 	91 	91 
000938 	184 	75 	91 	91 
000939 	184 	75 	91 	91 
000940 	184 	65 	91 	91 
000941 	184 	65 	91 	91 
000942 	184 	75 	91 	91 
000943 	184 	75 	91 	91 
000944 	184 	75 	91 	91 
000945 	184 	75 	91 	91 
000946 	194 	75 	91 	91 
000947 	194 	75 	91 	91 
000948 	194 	75 	91 	91 
000949 	194 	65 	91 	91 
000950 	194 	65 	91 	91 
000951 	194 	75 	91 	91 
000952 	197 	66 	109 	109 
000953 	197 	66 	109 	109 
000954 	197 	66 	109 	109 
000955 	204 	75 	91 	91 
000956 	204 	75 	91 	91 
000957 	204 	75 	91 	91 
000958 	204 	75 	91 	91 
000959 	204 	85 	91 	91 
000960 	204 	85 	91 	91 
000961 	204 	85 	91 	91 
000962 	204 	85 	91 	91 
000963 	204 	85 	91 	91 
000964 	194 	85 	91 	91 
000965 	204 	85 	91 	91 
000966 	204 	85 	91 	91 
000967 	204 	85 	91 	91 
000968 	204 	85 	91 	91 
000969 	204 	85 	91 	91 
000970 	204 	85 	91 	91 
000971 	204 	85 	91 	91 
000972 	204 	85 	91 	91 
000973 	204 	85 	91 	91 
000974 	204 	85 	91 	91 
000975 	204 	85 	91 	91 
000976 	194 	85 	91 	91 
000977 	194 	85 	91 	91 
000978 	194 	85 	91 	91 
000979 	194 	85 	91 	91 
000980 	204 	85 	91 	91 
000981 	194 	85 	91 	91 
000982 	194 	85 	91 	91 
000983 	194 	85 	91 	91 
000984 	194 	85 	91 	91 
000985 	194 	85 	91 	91 
000986 	194 	85 	91 	91 
000987 	194 	85 	91 	91 
000988 	194 	85 	91 	91 
000989 	194 	95 	91 	91 
000990 	203 	104 	76 	76 
000991 	203 	104 	76 	76 
000992 	194 	85 	91 	91 
000993 	194 	85 	91 	91 
000994 	203 	104 	76 	76 
000995 	203 	104 	76 	76 
000996 	203 	104 	76 	76 
000997 	203 	104 	76 	76 
000998 	203 	104 	76 	76 
000999 	203 	104 	76 	76 
001000 	203 	104 	76 	76 
001001 	194 	95 	91 	91 
001002 	204 	85 	91 	91 
001003 	194 	85 	91 	91 
001004 	194 	85 	91 	91 
001005 	194 	85 	91 	91 
001006 	194 	85 	91 	91 
001007 	194 	85 	91 	91 
001008 	194 	85 	91 	91 
001009 	194 	85 	91 	91 
001010 	194 	85 	91 	91 
001011 	194 	85 	91 	91 
001012 	194 	85 	91 	91 
001013 	194 	85 	91 	91 
001014 	194 	85 	91 	91 
001015 	194 	85 	91 	91 
001016 	194 	85 	91 	91 
001017 	194 	85 	91 	91 
001018 	194 	75 	91 	91 
001019 	194 	75 	91 	91 
001020 	194 	75 	91 	91 
001021 	204 	75 	91 	91 
001022 	204 	75 	91 	91 
001023 	204 	75 	91 	91 
001024 	204 	75 	91 	91 
001025 	204 	75 	91 	91 
001026 	214 	85 	91 	91 
001027 	214 	85 	91 	91 
001028 	214 	85 	91 	91 
001029 	214 	85 	91 	91 
001030 	214 	75 	91 	91 
001031 	214 	85 	91 	91 
001032 	214 	85 	91 	91 
001033 	214 	85 	91 	91 
001034 	214 	85 	91 	91 
001035 	214 	85 	91 	91 
001036 	214 	85 	91 	91 
001037 	214 	85 	91 	91 
001038 	214 	85 	91 	91 
001039 	197 	78 	109 	109 
001040 	204 	85 	91 	91 
001041 	204 	75 	91 	91 
001042 	204 	75 	91 	91 
001043 	204 	75 	91 	91 
001044 	204 	75 	91 	91 
001045 	204 	75 	91 	91 
001046 	204 	75 	91 	91 
001047 	204 	75 	91 	91 
001048 	204 	75 	91 	91 
001049 	204 	75 	91 	91 
001050 	204 	75 	91 	91 
001051 	204 	75 	91 	91 
001052 	204 	75 	91 	91 
001053 	204 	75 	91 	91 
001054 	204 	75 	91 	91 
001055 	204 	75 	91 	91 
001056 	197 	66 	109 	109 
001057 	204 	65 	91 	91 
001058 	204 	65 	91 	91 
001059 	204 	65 	91 	91 
001060 	204 	65 	91 	91 
001061 	204 	65 	91 	91 
001062 	204 	65 	91 	91 
001063 	204 	65 	91 	91 
001064 	204 	75 	91 	91 
001065 	204 	75 	91 	91 
