Identity  : 	id10290
Reference : 	cIi74VD0LF0
Offset    : 	-1
FV Conf   : 	15.429
ASD Conf  : 	6.546

FRAME 	X 	Y 	W 	H 
004948 	224 	65 	91 	91 
004949 	224 	65 	91 	91 
004950 	224 	65 	91 	91 
004951 	224 	65 	91 	91 
004952 	224 	65 	91 	91 
004953 	224 	65 	91 	91 
004954 	224 	65 	91 	91 
004955 	224 	65 	91 	91 
004956 	224 	65 	91 	91 
004957 	224 	65 	91 	91 
004958 	224 	65 	91 	91 
004959 	224 	65 	91 	91 
004960 	224 	65 	91 	91 
004961 	224 	65 	91 	91 
004962 	224 	65 	91 	91 
004963 	224 	65 	91 	91 
004964 	224 	65 	91 	91 
004965 	224 	65 	91 	91 
004966 	209 	54 	109 	109 
004967 	224 	65 	91 	91 
004968 	224 	65 	91 	91 
004969 	224 	65 	91 	91 
004970 	224 	65 	91 	91 
004971 	209 	54 	109 	109 
004972 	209 	54 	109 	109 
004973 	209 	54 	109 	109 
004974 	209 	54 	109 	109 
004975 	224 	65 	91 	91 
004976 	224 	65 	91 	91 
004977 	224 	65 	91 	91 
004978 	224 	65 	91 	91 
004979 	224 	65 	91 	91 
004980 	224 	65 	91 	91 
004981 	224 	65 	91 	91 
004982 	224 	65 	91 	91 
004983 	209 	66 	109 	109 
004984 	209 	66 	109 	109 
004985 	214 	65 	91 	91 
004986 	214 	65 	91 	91 
004987 	214 	65 	91 	91 
004988 	214 	65 	91 	91 
004989 	214 	65 	91 	91 
004990 	214 	65 	91 	91 
004991 	214 	65 	91 	91 
004992 	214 	65 	91 	91 
004993 	214 	65 	91 	91 
004994 	214 	65 	91 	91 
004995 	214 	65 	91 	91 
004996 	214 	65 	91 	91 
004997 	214 	65 	91 	91 
004998 	214 	65 	91 	91 
004999 	214 	65 	91 	91 
005000 	204 	65 	91 	91 
005001 	204 	65 	91 	91 
005002 	204 	65 	91 	91 
005003 	194 	65 	91 	91 
005004 	194 	65 	91 	91 
005005 	194 	65 	91 	91 
005006 	194 	65 	91 	91 
005007 	194 	65 	91 	91 
005008 	194 	65 	91 	91 
005009 	194 	65 	91 	91 
005010 	194 	65 	91 	91 
005011 	194 	65 	91 	91 
005012 	194 	65 	91 	91 
005013 	194 	65 	91 	91 
005014 	194 	65 	91 	91 
005015 	194 	65 	91 	91 
005016 	194 	65 	91 	91 
005017 	194 	65 	91 	91 
005018 	194 	65 	91 	91 
005019 	194 	65 	91 	91 
005020 	194 	65 	91 	91 
005021 	194 	65 	91 	91 
005022 	194 	75 	91 	91 
005023 	194 	65 	91 	91 
005024 	194 	65 	91 	91 
005025 	194 	65 	91 	91 
005026 	194 	65 	91 	91 
005027 	194 	65 	91 	91 
005028 	194 	65 	91 	91 
005029 	194 	65 	91 	91 
005030 	194 	65 	91 	91 
005031 	194 	65 	91 	91 
005032 	194 	65 	91 	91 
005033 	194 	65 	91 	91 
005034 	194 	65 	91 	91 
005035 	194 	65 	91 	91 
005036 	194 	75 	91 	91 
005037 	194 	75 	91 	91 
005038 	194 	75 	91 	91 
005039 	194 	75 	91 	91 
005040 	194 	75 	91 	91 
005041 	194 	65 	91 	91 
005042 	194 	65 	91 	91 
005043 	194 	65 	91 	91 
005044 	194 	65 	91 	91 
005045 	194 	65 	91 	91 
005046 	194 	65 	91 	91 
005047 	194 	75 	91 	91 
005048 	194 	75 	91 	91 
005049 	194 	65 	91 	91 
005050 	194 	65 	91 	91 
005051 	194 	65 	91 	91 
005052 	194 	65 	91 	91 
005053 	194 	65 	91 	91 
005054 	194 	65 	91 	91 
005055 	194 	65 	91 	91 
005056 	194 	65 	91 	91 
005057 	194 	65 	91 	91 
005058 	194 	65 	91 	91 
005059 	194 	65 	91 	91 
005060 	194 	65 	91 	91 
005061 	194 	75 	91 	91 
005062 	194 	75 	91 	91 
005063 	194 	75 	91 	91 
005064 	194 	75 	91 	91 
005065 	194 	75 	91 	91 
005066 	194 	75 	91 	91 
005067 	194 	75 	91 	91 
005068 	194 	75 	91 	91 
005069 	194 	75 	91 	91 
005070 	194 	75 	91 	91 
005071 	194 	75 	91 	91 
005072 	194 	65 	91 	91 
005073 	194 	65 	91 	91 
005074 	194 	65 	91 	91 
005075 	194 	65 	91 	91 
005076 	194 	65 	91 	91 
005077 	194 	65 	91 	91 
005078 	194 	75 	91 	91 
005079 	185 	66 	109 	109 
005080 	194 	75 	91 	91 
005081 	194 	75 	91 	91 
005082 	185 	66 	109 	109 
005083 	185 	66 	109 	109 
005084 	204 	75 	91 	91 
005085 	197 	66 	109 	109 
005086 	204 	65 	91 	91 
005087 	204 	65 	91 	91 
005088 	204 	65 	91 	91 
005089 	204 	65 	91 	91 
005090 	197 	54 	109 	109 
005091 	204 	65 	91 	91 
005092 	204 	65 	91 	91 
005093 	204 	65 	91 	91 
005094 	204 	65 	91 	91 
005095 	197 	54 	109 	109 
005096 	214 	65 	91 	91 
005097 	214 	65 	91 	91 
005098 	209 	54 	109 	109 
005099 	224 	65 	91 	91 
