Identity  : 	id10278
Reference : 	QOq66XogW3Q
Offset    : 	1
FV Conf   : 	17.540
ASD Conf  : 	6.937

FRAME 	X 	Y 	W 	H 
000541 	223 	51 	130 	130 
000542 	223 	51 	130 	130 
000543 	223 	51 	130 	130 
000544 	223 	51 	130 	130 
000545 	223 	51 	130 	130 
000546 	223 	51 	130 	130 
000547 	223 	51 	130 	130 
000548 	223 	51 	130 	130 
000549 	223 	51 	130 	130 
000550 	223 	51 	130 	130 
000551 	223 	51 	130 	130 
000552 	223 	51 	130 	130 
000553 	223 	51 	130 	130 
000554 	223 	51 	130 	130 
000555 	223 	51 	130 	130 
000556 	223 	51 	130 	130 
000557 	223 	51 	130 	130 
000558 	223 	51 	130 	130 
000559 	223 	51 	130 	130 
000560 	233 	66 	109 	109 
000561 	233 	66 	109 	109 
000562 	233 	66 	109 	109 
000563 	223 	51 	130 	130 
000564 	223 	51 	130 	130 
000565 	221 	66 	109 	109 
000566 	208 	37 	130 	130 
000567 	208 	37 	130 	130 
000568 	194 	37 	130 	130 
000569 	194 	37 	130 	130 
000570 	194 	37 	130 	130 
000571 	194 	37 	130 	130 
000572 	180 	37 	130 	130 
000573 	180 	37 	130 	130 
000574 	180 	23 	130 	130 
000575 	185 	43 	109 	108 
000576 	185 	43 	109 	108 
000577 	165 	23 	130 	130 
000578 	165 	23 	130 	130 
000579 	165 	23 	130 	130 
000580 	165 	23 	130 	130 
000581 	165 	23 	130 	130 
000582 	165 	23 	130 	130 
000583 	165 	23 	130 	130 
000584 	185 	43 	109 	108 
000585 	185 	43 	109 	108 
000586 	185 	43 	109 	108 
000587 	185 	43 	109 	108 
000588 	185 	43 	109 	108 
000589 	185 	43 	109 	108 
000590 	180 	23 	130 	130 
000591 	180 	23 	130 	130 
000592 	180 	37 	130 	130 
000593 	180 	37 	130 	130 
000594 	180 	37 	130 	130 
000595 	180 	37 	130 	130 
000596 	180 	37 	130 	130 
000597 	180 	37 	130 	130 
000598 	180 	37 	130 	130 
000599 	180 	37 	130 	130 
000600 	180 	37 	130 	130 
000601 	180 	37 	130 	130 
000602 	180 	37 	130 	130 
000603 	180 	37 	130 	130 
000604 	180 	37 	130 	130 
000605 	180 	37 	130 	130 
000606 	180 	37 	130 	130 
000607 	180 	37 	130 	130 
000608 	180 	37 	130 	130 
000609 	180 	37 	130 	130 
000610 	180 	37 	130 	130 
000611 	180 	37 	130 	130 
000612 	180 	37 	130 	130 
000613 	165 	37 	130 	130 
000614 	165 	37 	130 	130 
000615 	165 	37 	130 	130 
000616 	165 	37 	130 	130 
000617 	165 	37 	130 	130 
000618 	165 	37 	130 	130 
000619 	165 	37 	130 	130 
000620 	165 	37 	130 	130 
000621 	165 	37 	130 	130 
000622 	165 	37 	130 	130 
000623 	165 	37 	130 	130 
000624 	165 	37 	130 	130 
000625 	185 	54 	109 	109 
000626 	180 	37 	130 	130 
000627 	180 	37 	130 	130 
000628 	180 	37 	130 	130 
000629 	180 	37 	130 	130 
000630 	180 	37 	130 	130 
000631 	180 	37 	130 	130 
000632 	180 	37 	130 	130 
000633 	180 	37 	130 	130 
000634 	180 	37 	130 	130 
000635 	180 	37 	130 	130 
000636 	180 	37 	130 	130 
000637 	180 	37 	130 	130 
000638 	180 	37 	130 	130 
000639 	185 	54 	109 	109 
000640 	180 	37 	130 	130 
000641 	180 	37 	130 	130 
000642 	180 	37 	130 	130 
000643 	185 	54 	109 	109 
000644 	180 	51 	130 	130 
000645 	180 	51 	130 	130 
000646 	180 	51 	130 	130 
000647 	180 	51 	130 	130 
000648 	180 	51 	130 	130 
000649 	180 	37 	130 	130 
000650 	180 	37 	130 	130 
000651 	180 	37 	130 	130 
000652 	180 	37 	130 	130 
000653 	180 	37 	130 	130 
000654 	180 	37 	130 	130 
000655 	180 	37 	130 	130 
000656 	180 	37 	130 	130 
000657 	180 	37 	130 	130 
000658 	180 	37 	130 	130 
000659 	180 	51 	130 	130 
000660 	180 	51 	130 	130 
000661 	180 	51 	130 	130 
000662 	180 	51 	130 	130 
000663 	180 	51 	130 	130 
000664 	180 	51 	130 	130 
000665 	180 	51 	130 	130 
000666 	180 	37 	130 	130 
000667 	180 	37 	130 	130 
000668 	180 	51 	130 	130 
000669 	180 	51 	130 	130 
000670 	180 	51 	130 	130 
000671 	180 	51 	130 	130 
