Identity  : 	id10278
Reference : 	QOq66XogW3Q
Offset    : 	1
FV Conf   : 	17.600
ASD Conf  : 	7.619

FRAME 	X 	Y 	W 	H 
004794 	223 	66 	130 	130 
004795 	223 	66 	130 	130 
004796 	223 	66 	130 	130 
004797 	223 	66 	130 	130 
004798 	223 	66 	130 	130 
004799 	237 	66 	130 	130 
004800 	223 	66 	130 	130 
004801 	223 	66 	130 	130 
004802 	223 	66 	130 	130 
004803 	237 	66 	130 	130 
004804 	237 	66 	130 	130 
004805 	237 	66 	130 	130 
004806 	237 	66 	130 	130 
004807 	237 	66 	130 	130 
004808 	237 	66 	130 	130 
004809 	237 	66 	130 	130 
004810 	237 	66 	130 	130 
004811 	237 	66 	130 	130 
004812 	216 	44 	156 	156 
004813 	216 	44 	156 	156 
004814 	237 	66 	130 	130 
004815 	237 	66 	130 	130 
004816 	237 	66 	130 	130 
004817 	237 	66 	130 	130 
004818 	237 	66 	130 	130 
004819 	237 	66 	130 	130 
004820 	237 	66 	130 	130 
004821 	237 	51 	130 	130 
004822 	237 	51 	130 	130 
004823 	237 	51 	130 	130 
004824 	237 	66 	130 	130 
004825 	237 	66 	130 	130 
004826 	237 	66 	130 	130 
004827 	237 	66 	130 	130 
004828 	237 	66 	130 	130 
004829 	237 	66 	130 	130 
004830 	237 	66 	130 	130 
004831 	237 	66 	130 	130 
004832 	237 	66 	130 	130 
004833 	216 	44 	156 	156 
004834 	237 	66 	130 	130 
004835 	237 	66 	130 	130 
004836 	237 	66 	130 	130 
004837 	237 	66 	130 	130 
004838 	237 	66 	130 	130 
004839 	251 	66 	130 	130 
004840 	237 	66 	130 	130 
004841 	237 	66 	130 	130 
004842 	237 	66 	130 	130 
004843 	237 	66 	130 	130 
004844 	237 	66 	130 	130 
004845 	237 	66 	130 	130 
004846 	237 	66 	130 	130 
004847 	237 	66 	130 	130 
004848 	237 	66 	130 	130 
004849 	237 	66 	130 	130 
004850 	216 	44 	156 	156 
004851 	237 	66 	130 	130 
004852 	237 	66 	130 	130 
004853 	237 	66 	130 	130 
004854 	223 	51 	130 	130 
004855 	223 	51 	130 	130 
004856 	223 	51 	130 	130 
004857 	223 	51 	130 	130 
004858 	223 	51 	130 	130 
004859 	223 	51 	130 	130 
004860 	223 	51 	130 	130 
004861 	223 	51 	130 	130 
004862 	223 	66 	130 	130 
004863 	233 	66 	109 	109 
004864 	223 	66 	130 	130 
004865 	223 	66 	130 	130 
004866 	233 	66 	109 	109 
004867 	223 	66 	130 	130 
004868 	221 	66 	109 	109 
004869 	221 	66 	109 	109 
004870 	221 	66 	109 	109 
004871 	208 	51 	130 	130 
004872 	208 	66 	130 	130 
004873 	208 	66 	130 	130 
004874 	208 	51 	130 	130 
004875 	208 	51 	130 	130 
004876 	194 	51 	130 	130 
004877 	194 	51 	130 	130 
004878 	194 	51 	130 	130 
004879 	194 	51 	130 	130 
004880 	194 	51 	130 	130 
004881 	194 	51 	130 	130 
004882 	194 	51 	130 	130 
004883 	194 	51 	130 	130 
004884 	181 	44 	156 	156 
004885 	181 	44 	156 	156 
004886 	194 	51 	130 	130 
004887 	194 	51 	130 	130 
004888 	194 	51 	130 	130 
004889 	209 	78 	109 	109 
004890 	209 	78 	109 	109 
004891 	181 	44 	156 	156 
004892 	209 	78 	109 	109 
004893 	209 	78 	109 	109 
