Identity  : 	id10278
Reference : 	QOq66XogW3Q
Offset    : 	1
FV Conf   : 	17.600
ASD Conf  : 	7.183

FRAME 	X 	Y 	W 	H 
005953 	194 	66 	130 	130 
005954 	194 	66 	130 	130 
005955 	194 	66 	130 	130 
005956 	194 	66 	130 	130 
005957 	194 	66 	130 	130 
005958 	194 	66 	130 	130 
005959 	194 	66 	130 	130 
005960 	194 	66 	130 	130 
005961 	194 	66 	130 	130 
005962 	194 	51 	130 	130 
005963 	194 	51 	130 	130 
005964 	194 	51 	130 	130 
005965 	194 	51 	130 	130 
005966 	194 	66 	130 	130 
005967 	194 	51 	130 	130 
005968 	194 	51 	130 	130 
005969 	194 	51 	130 	130 
005970 	194 	51 	130 	130 
005971 	194 	51 	130 	130 
005972 	194 	51 	130 	130 
005973 	194 	51 	130 	130 
005974 	194 	51 	130 	130 
005975 	194 	51 	130 	130 
005976 	194 	51 	130 	130 
005977 	194 	51 	130 	130 
005978 	194 	51 	130 	130 
005979 	194 	51 	130 	130 
005980 	194 	51 	130 	130 
005981 	194 	51 	130 	130 
005982 	194 	51 	130 	130 
005983 	194 	51 	130 	130 
005984 	194 	51 	130 	130 
005985 	194 	51 	130 	130 
005986 	194 	51 	130 	130 
005987 	194 	51 	130 	130 
005988 	194 	51 	130 	130 
005989 	194 	51 	130 	130 
005990 	194 	51 	130 	130 
005991 	194 	51 	130 	130 
005992 	194 	51 	130 	130 
005993 	194 	51 	130 	130 
005994 	194 	51 	130 	130 
005995 	194 	51 	130 	130 
005996 	194 	51 	130 	130 
005997 	194 	51 	130 	130 
005998 	194 	51 	130 	130 
005999 	194 	51 	130 	130 
006000 	194 	51 	130 	130 
006001 	194 	51 	130 	130 
006002 	194 	51 	130 	130 
006003 	194 	51 	130 	130 
006004 	194 	51 	130 	130 
006005 	194 	51 	130 	130 
006006 	194 	51 	130 	130 
006007 	194 	51 	130 	130 
006008 	194 	51 	130 	130 
006009 	194 	51 	130 	130 
006010 	194 	51 	130 	130 
006011 	194 	51 	130 	130 
006012 	194 	51 	130 	130 
006013 	194 	51 	130 	130 
006014 	194 	51 	130 	130 
006015 	194 	51 	130 	130 
006016 	194 	51 	130 	130 
006017 	194 	51 	130 	130 
006018 	194 	51 	130 	130 
006019 	194 	51 	130 	130 
006020 	194 	51 	130 	130 
006021 	194 	51 	130 	130 
006022 	194 	51 	130 	130 
006023 	194 	51 	130 	130 
006024 	194 	51 	130 	130 
006025 	194 	51 	130 	130 
006026 	194 	51 	130 	130 
006027 	194 	51 	130 	130 
006028 	194 	51 	130 	130 
006029 	194 	51 	130 	130 
006030 	194 	51 	130 	130 
006031 	194 	51 	130 	130 
006032 	208 	51 	130 	130 
006033 	208 	51 	130 	130 
006034 	194 	51 	130 	130 
006035 	194 	51 	130 	130 
006036 	208 	51 	130 	130 
006037 	208 	51 	130 	130 
006038 	209 	78 	109 	109 
006039 	208 	51 	130 	130 
006040 	208 	51 	130 	130 
006041 	208 	51 	130 	130 
006042 	208 	51 	130 	130 
006043 	208 	51 	130 	130 
006044 	208 	51 	130 	130 
006045 	208 	51 	130 	130 
006046 	208 	51 	130 	130 
006047 	208 	51 	130 	130 
006048 	208 	51 	130 	130 
006049 	223 	51 	130 	130 
006050 	223 	51 	130 	130 
006051 	223 	51 	130 	130 
006052 	223 	51 	130 	130 
006053 	223 	51 	130 	130 
006054 	223 	51 	130 	130 
006055 	223 	51 	130 	130 
006056 	223 	51 	130 	130 
006057 	223 	51 	130 	130 
006058 	223 	51 	130 	130 
006059 	223 	51 	130 	130 
006060 	233 	66 	109 	109 
006061 	233 	66 	109 	109 
006062 	233 	66 	109 	109 
006063 	223 	66 	130 	130 
006064 	223 	66 	130 	130 
006065 	223 	66 	130 	130 
006066 	223 	66 	130 	130 
