Identity  : 	id10283
Reference : 	x6M3KQ8-gM4
Offset    : 	0
FV Conf   : 	15.483
ASD Conf  : 	9.335

FRAME 	X 	Y 	W 	H 
000736 	144 	75 	91 	91 
000737 	144 	75 	91 	91 
000738 	138 	54 	108 	109 
000739 	138 	54 	108 	109 
000740 	138 	54 	108 	109 
000741 	144 	75 	91 	91 
000742 	144 	75 	91 	91 
000743 	138 	66 	108 	109 
000744 	144 	75 	91 	91 
000745 	138 	54 	108 	109 
000746 	138 	66 	108 	109 
000747 	138 	66 	108 	109 
000748 	126 	66 	108 	109 
000749 	126 	66 	108 	109 
000750 	126 	66 	108 	109 
000751 	126 	66 	108 	109 
000752 	126 	66 	108 	109 
000753 	126 	66 	108 	109 
000754 	126 	66 	108 	109 
000755 	126 	66 	108 	109 
000756 	126 	66 	108 	109 
000757 	126 	66 	108 	109 
000758 	126 	66 	108 	109 
000759 	126 	66 	108 	109 
000760 	126 	66 	108 	109 
000761 	126 	66 	108 	109 
000762 	126 	66 	108 	109 
000763 	126 	66 	108 	109 
000764 	126 	66 	108 	109 
000765 	124 	75 	91 	91 
000766 	124 	75 	91 	91 
000767 	124 	75 	91 	91 
000768 	114 	66 	108 	109 
000769 	114 	66 	108 	109 
000770 	114 	66 	108 	109 
000771 	114 	66 	108 	109 
000772 	114 	66 	108 	109 
000773 	114 	66 	108 	109 
000774 	114 	66 	108 	109 
000775 	114 	75 	91 	91 
000776 	114 	75 	91 	91 
000777 	114 	75 	91 	91 
000778 	114 	75 	91 	91 
000779 	114 	75 	91 	91 
000780 	114 	75 	91 	91 
000781 	114 	75 	91 	91 
000782 	114 	75 	91 	91 
000783 	114 	75 	91 	91 
000784 	114 	75 	91 	91 
000785 	114 	75 	91 	91 
000786 	114 	75 	91 	91 
000787 	114 	75 	91 	91 
000788 	114 	75 	91 	91 
000789 	114 	75 	91 	91 
000790 	114 	75 	91 	91 
000791 	114 	75 	91 	91 
000792 	114 	75 	91 	91 
000793 	114 	75 	91 	91 
000794 	114 	75 	91 	91 
000795 	114 	75 	91 	91 
000796 	114 	75 	91 	91 
000797 	114 	75 	91 	91 
000798 	114 	75 	91 	91 
000799 	114 	75 	91 	91 
000800 	114 	75 	91 	91 
000801 	114 	75 	91 	91 
000802 	114 	75 	91 	91 
000803 	114 	66 	108 	109 
000804 	114 	66 	108 	109 
000805 	114 	66 	108 	109 
000806 	114 	66 	108 	109 
000807 	114 	66 	108 	109 
000808 	114 	66 	108 	109 
000809 	114 	66 	108 	109 
000810 	114 	66 	108 	109 
000811 	114 	75 	91 	91 
000812 	114 	75 	91 	91 
000813 	114 	75 	91 	91 
000814 	114 	75 	91 	91 
000815 	114 	75 	91 	91 
000816 	114 	75 	91 	91 
000817 	114 	75 	91 	91 
000818 	114 	75 	91 	91 
000819 	114 	66 	108 	109 
000820 	124 	75 	91 	91 
000821 	124 	75 	91 	91 
000822 	124 	75 	91 	91 
000823 	124 	75 	91 	91 
000824 	126 	66 	108 	109 
000825 	126 	66 	108 	109 
000826 	126 	66 	108 	109 
000827 	126 	66 	108 	109 
000828 	126 	66 	108 	109 
000829 	126 	66 	108 	109 
000830 	134 	75 	91 	91 
000831 	134 	75 	91 	91 
000832 	126 	66 	108 	109 
000833 	134 	75 	91 	91 
000834 	134 	75 	91 	91 
000835 	134 	75 	91 	91 
000836 	124 	75 	91 	91 
000837 	124 	75 	91 	91 
000838 	124 	75 	91 	91 
000839 	124 	75 	91 	91 
000840 	124 	75 	91 	91 
000841 	124 	75 	91 	91 
000842 	124 	75 	91 	91 
000843 	124 	75 	91 	91 
000844 	124 	75 	91 	91 
000845 	124 	75 	91 	91 
000846 	124 	75 	91 	91 
000847 	124 	75 	91 	91 
000848 	124 	75 	91 	91 
000849 	124 	75 	91 	91 
000850 	124 	75 	91 	91 
000851 	124 	75 	91 	91 
000852 	124 	75 	91 	91 
000853 	124 	75 	91 	91 
000854 	124 	75 	91 	91 
000855 	124 	75 	91 	91 
000856 	124 	75 	91 	91 
000857 	124 	75 	91 	91 
000858 	124 	75 	91 	91 
000859 	124 	75 	91 	91 
000860 	124 	75 	91 	91 
000861 	124 	75 	91 	91 
000862 	124 	75 	91 	91 
000863 	124 	75 	91 	91 
000864 	124 	75 	91 	91 
000865 	124 	75 	91 	91 
000866 	124 	75 	91 	91 
000867 	124 	75 	91 	91 
000868 	124 	75 	91 	91 
000869 	124 	75 	91 	91 
000870 	124 	75 	91 	91 
000871 	124 	75 	91 	91 
000872 	124 	75 	91 	91 
000873 	124 	75 	91 	91 
000874 	124 	75 	91 	91 
000875 	124 	75 	91 	91 
000876 	124 	75 	91 	91 
000877 	124 	75 	91 	91 
000878 	124 	75 	91 	91 
000879 	124 	75 	91 	91 
000880 	124 	75 	91 	91 
000881 	124 	75 	91 	91 
000882 	124 	75 	91 	91 
000883 	124 	75 	91 	91 
000884 	124 	75 	91 	91 
000885 	126 	66 	108 	109 
000886 	126 	66 	108 	109 
000887 	126 	66 	108 	109 
000888 	126 	66 	108 	109 
000889 	134 	75 	91 	91 
000890 	126 	66 	108 	109 
000891 	134 	75 	91 	91 
000892 	134 	75 	91 	91 
000893 	134 	75 	91 	91 
000894 	144 	75 	91 	91 
000895 	144 	75 	91 	91 
000896 	144 	75 	91 	91 
000897 	138 	66 	108 	109 
000898 	138 	66 	108 	109 
000899 	138 	66 	108 	109 
000900 	138 	66 	108 	109 
000901 	138 	66 	108 	109 
000902 	138 	66 	108 	109 
000903 	138 	66 	108 	109 
000904 	138 	66 	108 	109 
000905 	138 	66 	108 	109 
000906 	138 	66 	108 	109 
000907 	138 	66 	108 	109 
000908 	138 	66 	108 	109 
000909 	138 	66 	108 	109 
000910 	138 	66 	108 	109 
000911 	138 	66 	108 	109 
000912 	138 	66 	108 	109 
000913 	138 	66 	108 	109 
000914 	138 	66 	108 	109 
000915 	138 	66 	108 	109 
000916 	138 	66 	108 	109 
000917 	138 	66 	108 	109 
000918 	138 	66 	108 	109 
000919 	138 	66 	108 	109 
000920 	138 	66 	108 	109 
000921 	138 	66 	108 	109 
000922 	138 	66 	108 	109 
000923 	138 	66 	108 	109 
000924 	138 	66 	108 	109 
000925 	138 	66 	108 	109 
000926 	138 	66 	108 	109 
000927 	138 	66 	108 	109 
000928 	138 	66 	108 	109 
000929 	138 	66 	108 	109 
000930 	138 	66 	108 	109 
000931 	138 	66 	108 	109 
000932 	138 	66 	108 	109 
000933 	138 	66 	108 	109 
000934 	138 	66 	108 	109 
000935 	138 	66 	108 	109 
000936 	138 	66 	108 	109 
000937 	138 	66 	108 	109 
000938 	144 	65 	91 	91 
000939 	138 	54 	108 	109 
000940 	138 	54 	108 	109 
000941 	138 	54 	108 	109 
000942 	138 	54 	108 	109 
000943 	138 	54 	108 	109 
000944 	138 	54 	108 	109 
000945 	138 	54 	108 	109 
000946 	138 	54 	108 	109 
000947 	138 	54 	108 	109 
000948 	138 	54 	108 	109 
000949 	138 	54 	108 	109 
000950 	144 	65 	91 	91 
000951 	138 	66 	108 	109 
000952 	126 	66 	108 	109 
000953 	126 	66 	108 	109 
000954 	126 	66 	108 	109 
000955 	126 	66 	108 	109 
000956 	126 	66 	108 	109 
000957 	126 	66 	108 	109 
000958 	126 	66 	108 	109 
000959 	126 	66 	108 	109 
000960 	126 	66 	108 	109 
000961 	138 	66 	108 	109 
000962 	138 	66 	108 	109 
000963 	138 	66 	108 	109 
000964 	138 	66 	108 	109 
000965 	138 	66 	108 	109 
000966 	138 	66 	108 	109 
000967 	138 	66 	108 	109 
000968 	138 	66 	108 	109 
000969 	138 	66 	108 	109 
000970 	138 	66 	108 	109 
000971 	138 	66 	108 	109 
000972 	138 	66 	108 	109 
000973 	138 	66 	108 	109 
000974 	138 	66 	108 	109 
000975 	138 	66 	108 	109 
000976 	138 	66 	108 	109 
000977 	138 	66 	108 	109 
000978 	138 	66 	108 	109 
000979 	138 	66 	108 	109 
000980 	138 	66 	108 	109 
000981 	126 	66 	108 	109 
000982 	126 	66 	108 	109 
000983 	134 	75 	91 	91 
000984 	134 	75 	91 	91 
000985 	134 	75 	91 	91 
000986 	126 	66 	108 	109 
000987 	134 	75 	91 	91 
000988 	126 	66 	108 	109 
000989 	134 	75 	91 	91 
000990 	134 	75 	91 	91 
000991 	134 	75 	91 	91 
000992 	134 	75 	91 	91 
000993 	126 	66 	108 	109 
000994 	126 	66 	108 	109 
000995 	126 	66 	108 	109 
000996 	126 	66 	108 	109 
000997 	126 	66 	108 	109 
000998 	126 	66 	108 	109 
000999 	126 	66 	108 	109 
001000 	126 	66 	108 	109 
001001 	126 	66 	108 	109 
001002 	126 	66 	108 	109 
001003 	126 	66 	108 	109 
001004 	124 	75 	91 	91 
001005 	126 	66 	108 	109 
001006 	126 	66 	108 	109 
001007 	126 	66 	108 	109 
001008 	126 	66 	108 	109 
001009 	126 	66 	108 	109 
001010 	126 	66 	108 	109 
001011 	126 	66 	108 	109 
001012 	126 	54 	108 	109 
001013 	126 	54 	108 	109 
001014 	126 	54 	108 	109 
001015 	126 	66 	108 	109 
001016 	126 	66 	108 	109 
001017 	126 	66 	108 	109 
001018 	126 	66 	108 	109 
001019 	126 	66 	108 	109 
001020 	114 	54 	108 	109 
001021 	114 	54 	108 	109 
001022 	114 	54 	108 	109 
001023 	126 	54 	108 	109 
001024 	126 	54 	108 	109 
001025 	126 	54 	108 	109 
001026 	126 	54 	108 	109 
001027 	126 	54 	108 	109 
001028 	126 	54 	108 	109 
001029 	126 	54 	108 	109 
001030 	126 	54 	108 	109 
001031 	126 	54 	108 	109 
001032 	126 	54 	108 	109 
001033 	126 	54 	108 	109 
001034 	126 	54 	108 	109 
001035 	126 	54 	108 	109 
001036 	126 	66 	108 	109 
001037 	126 	66 	108 	109 
001038 	126 	66 	108 	109 
001039 	126 	66 	108 	109 
001040 	126 	66 	108 	109 
001041 	126 	66 	108 	109 
001042 	126 	66 	108 	109 
001043 	126 	66 	108 	109 
001044 	126 	66 	108 	109 
001045 	126 	66 	108 	109 
001046 	126 	66 	108 	109 
001047 	126 	66 	108 	109 
001048 	126 	66 	108 	109 
001049 	126 	66 	108 	109 
001050 	126 	66 	108 	109 
001051 	126 	66 	108 	109 
001052 	126 	66 	108 	109 
001053 	126 	66 	108 	109 
001054 	126 	66 	108 	109 
001055 	126 	66 	108 	109 
001056 	126 	66 	108 	109 
001057 	126 	66 	108 	109 
001058 	126 	66 	108 	109 
001059 	126 	66 	108 	109 
001060 	126 	66 	108 	109 
001061 	126 	66 	108 	109 
001062 	126 	66 	108 	109 
001063 	126 	66 	108 	109 
001064 	126 	66 	108 	109 
001065 	126 	66 	108 	109 
001066 	124 	65 	91 	91 
001067 	126 	66 	108 	109 
001068 	124 	65 	91 	91 
001069 	126 	66 	108 	109 
001070 	126 	66 	108 	109 
001071 	126 	66 	108 	109 
001072 	126 	54 	108 	109 
001073 	126 	54 	108 	109 
001074 	126 	54 	108 	109 
001075 	126 	54 	108 	109 
001076 	126 	54 	108 	109 
001077 	126 	54 	108 	109 
001078 	126 	54 	108 	109 
001079 	126 	54 	108 	109 
001080 	126 	54 	108 	109 
001081 	126 	43 	108 	108 
001082 	126 	43 	108 	108 
001083 	126 	43 	108 	108 
001084 	126 	43 	108 	108 
001085 	126 	54 	108 	109 
001086 	126 	54 	108 	109 
001087 	138 	66 	108 	109 
001088 	138 	66 	108 	109 
001089 	138 	66 	108 	109 
001090 	138 	66 	108 	109 
001091 	154 	65 	91 	91 
001092 	150 	54 	108 	109 
001093 	150 	54 	108 	109 
001094 	150 	54 	108 	109 
001095 	150 	54 	108 	109 
001096 	150 	66 	108 	109 
001097 	150 	54 	108 	109 
001098 	150 	54 	108 	109 
001099 	150 	66 	108 	109 
001100 	150 	66 	108 	109 
001101 	150 	66 	108 	109 
001102 	150 	66 	108 	109 
001103 	150 	66 	108 	109 
001104 	150 	66 	108 	109 
001105 	150 	66 	108 	109 
001106 	138 	66 	108 	109 
001107 	138 	66 	108 	109 
001108 	138 	66 	108 	109 
001109 	138 	66 	108 	109 
001110 	138 	66 	108 	109 
001111 	138 	66 	108 	109 
001112 	138 	66 	108 	109 
001113 	138 	66 	108 	109 
001114 	138 	66 	108 	109 
001115 	138 	66 	108 	109 
001116 	138 	66 	108 	109 
001117 	138 	66 	108 	109 
001118 	126 	66 	108 	109 
001119 	126 	66 	108 	109 
001120 	126 	66 	108 	109 
001121 	126 	66 	108 	109 
001122 	126 	66 	108 	109 
001123 	126 	66 	108 	109 
001124 	126 	66 	108 	109 
001125 	126 	66 	108 	109 
001126 	126 	66 	108 	109 
001127 	134 	85 	91 	91 
001128 	126 	78 	108 	109 
001129 	134 	75 	91 	91 
001130 	134 	75 	91 	91 
001131 	126 	66 	108 	109 
001132 	126 	66 	108 	109 
001133 	126 	66 	108 	109 
001134 	126 	66 	108 	109 
001135 	126 	66 	108 	109 
001136 	126 	66 	108 	109 
001137 	126 	66 	108 	109 
001138 	126 	66 	108 	109 
001139 	126 	66 	108 	109 
001140 	126 	66 	108 	109 
001141 	126 	66 	108 	109 
001142 	138 	66 	108 	109 
001143 	138 	66 	108 	109 
001144 	138 	66 	108 	109 
001145 	138 	66 	108 	109 
001146 	138 	66 	108 	109 
001147 	138 	66 	108 	109 
001148 	138 	66 	108 	109 
001149 	138 	66 	108 	109 
001150 	138 	66 	108 	109 
001151 	138 	66 	108 	109 
001152 	138 	66 	108 	109 
001153 	126 	66 	108 	109 
001154 	126 	66 	108 	109 
001155 	126 	66 	108 	109 
001156 	126 	66 	108 	109 
001157 	126 	66 	108 	109 
001158 	126 	66 	108 	109 
001159 	126 	66 	108 	109 
001160 	126 	66 	108 	109 
001161 	126 	66 	108 	109 
001162 	126 	66 	108 	109 
001163 	126 	66 	108 	109 
001164 	126 	66 	108 	109 
001165 	126 	66 	108 	109 
001166 	126 	66 	108 	109 
001167 	126 	66 	108 	109 
001168 	126 	66 	108 	109 
001169 	126 	66 	108 	109 
001170 	126 	66 	108 	109 
001171 	138 	66 	108 	109 
001172 	138 	66 	108 	109 
001173 	138 	66 	108 	109 
001174 	138 	66 	108 	109 
001175 	138 	66 	108 	109 
001176 	138 	66 	108 	109 
001177 	138 	66 	108 	109 
001178 	138 	66 	108 	109 
001179 	138 	66 	108 	109 
001180 	138 	66 	108 	109 
001181 	138 	66 	108 	109 
001182 	150 	66 	108 	109 
001183 	154 	75 	91 	91 
001184 	150 	66 	108 	109 
001185 	150 	66 	108 	109 
001186 	150 	66 	108 	109 
001187 	138 	66 	108 	109 
001188 	138 	66 	108 	109 
001189 	138 	66 	108 	109 
001190 	138 	66 	108 	109 
001191 	138 	66 	108 	109 
001192 	138 	66 	108 	109 
001193 	138 	66 	108 	109 
001194 	138 	66 	108 	109 
001195 	126 	66 	108 	109 
001196 	126 	66 	108 	109 
001197 	126 	66 	108 	109 
001198 	126 	66 	108 	109 
001199 	126 	66 	108 	109 
001200 	126 	66 	108 	109 
001201 	126 	66 	108 	109 
001202 	114 	54 	108 	109 
001203 	114 	54 	108 	109 
001204 	114 	54 	108 	109 
001205 	114 	54 	108 	109 
001206 	124 	65 	91 	91 
001207 	124 	65 	91 	91 
001208 	124 	65 	91 	91 
001209 	124 	65 	91 	91 
001210 	114 	66 	108 	109 
001211 	114 	66 	108 	109 
001212 	114 	66 	108 	109 
001213 	114 	66 	108 	109 
001214 	114 	66 	108 	109 
001215 	114 	66 	108 	109 
001216 	114 	66 	108 	109 
001217 	126 	66 	108 	109 
001218 	126 	66 	108 	109 
001219 	126 	66 	108 	109 
001220 	126 	66 	108 	109 
001221 	126 	66 	108 	109 
001222 	126 	66 	108 	109 
001223 	126 	66 	108 	109 
001224 	134 	75 	91 	91 
001225 	134 	75 	91 	91 
001226 	134 	75 	91 	91 
001227 	134 	75 	91 	91 
001228 	134 	75 	91 	91 
001229 	134 	75 	91 	91 
001230 	134 	75 	91 	91 
001231 	134 	75 	91 	91 
001232 	134 	75 	91 	91 
001233 	134 	75 	91 	91 
001234 	134 	75 	91 	91 
001235 	134 	75 	91 	91 
001236 	124 	75 	91 	91 
001237 	134 	75 	91 	91 
001238 	134 	75 	91 	91 
001239 	124 	75 	91 	91 
001240 	124 	75 	91 	91 
001241 	124 	75 	91 	91 
001242 	124 	75 	91 	91 
001243 	124 	75 	91 	91 
001244 	124 	75 	91 	91 
001245 	124 	75 	91 	91 
001246 	124 	75 	91 	91 
001247 	124 	75 	91 	91 
001248 	124 	75 	91 	91 
001249 	134 	75 	91 	91 
001250 	134 	75 	91 	91 
001251 	134 	75 	91 	91 
001252 	134 	75 	91 	91 
001253 	134 	75 	91 	91 
001254 	134 	75 	91 	91 
001255 	134 	75 	91 	91 
001256 	134 	75 	91 	91 
001257 	134 	75 	91 	91 
001258 	134 	75 	91 	91 
001259 	134 	75 	91 	91 
001260 	134 	75 	91 	91 
001261 	134 	75 	91 	91 
001262 	134 	75 	91 	91 
001263 	134 	75 	91 	91 
001264 	134 	75 	91 	91 
001265 	134 	75 	91 	91 
001266 	134 	75 	91 	91 
001267 	134 	75 	91 	91 
001268 	134 	75 	91 	91 
001269 	134 	75 	91 	91 
001270 	134 	75 	91 	91 
001271 	134 	75 	91 	91 
001272 	134 	75 	91 	91 
001273 	134 	75 	91 	91 
001274 	134 	75 	91 	91 
001275 	134 	75 	91 	91 
001276 	134 	75 	91 	91 
001277 	134 	75 	91 	91 
001278 	126 	66 	108 	109 
001279 	134 	75 	91 	91 
001280 	126 	66 	108 	109 
001281 	134 	75 	91 	91 
001282 	126 	66 	108 	109 
001283 	134 	75 	91 	91 
001284 	134 	75 	91 	91 
001285 	126 	66 	108 	109 
001286 	134 	75 	91 	91 
001287 	134 	75 	91 	91 
001288 	134 	75 	91 	91 
001289 	134 	75 	91 	91 
001290 	134 	75 	91 	91 
001291 	134 	75 	91 	91 
001292 	134 	75 	91 	91 
001293 	134 	75 	91 	91 
001294 	134 	75 	91 	91 
001295 	134 	75 	91 	91 
001296 	134 	75 	91 	91 
001297 	134 	75 	91 	91 
001298 	134 	75 	91 	91 
001299 	134 	75 	91 	91 
001300 	126 	66 	108 	109 
001301 	126 	66 	108 	109 
001302 	126 	66 	108 	109 
001303 	126 	54 	108 	109 
001304 	138 	54 	108 	109 
001305 	138 	54 	108 	109 
001306 	138 	54 	108 	109 
001307 	138 	54 	108 	109 
001308 	138 	54 	108 	109 
001309 	138 	54 	108 	109 
001310 	138 	54 	108 	109 
001311 	138 	54 	108 	109 
001312 	138 	54 	108 	109 
001313 	138 	54 	108 	109 
001314 	138 	54 	108 	109 
001315 	138 	54 	108 	109 
001316 	126 	54 	108 	109 
001317 	126 	54 	108 	109 
001318 	134 	65 	91 	91 
001319 	134 	65 	91 	91 
001320 	134 	65 	91 	91 
001321 	134 	65 	91 	91 
001322 	134 	65 	91 	91 
001323 	134 	65 	91 	91 
001324 	134 	65 	91 	91 
001325 	126 	66 	108 	109 
001326 	126 	66 	108 	109 
001327 	126 	66 	108 	109 
001328 	134 	65 	91 	91 
001329 	134 	65 	91 	91 
001330 	134 	65 	91 	91 
001331 	134 	65 	91 	91 
001332 	134 	65 	91 	91 
001333 	126 	66 	108 	109 
001334 	126 	66 	108 	109 
001335 	134 	65 	91 	91 
001336 	134 	65 	91 	91 
001337 	126 	66 	108 	109 
001338 	126 	66 	108 	109 
001339 	134 	65 	91 	91 
001340 	134 	75 	91 	91 
001341 	134 	75 	91 	91 
001342 	134 	75 	91 	91 
001343 	134 	75 	91 	91 
001344 	134 	75 	91 	91 
001345 	134 	75 	91 	91 
001346 	126 	66 	108 	109 
001347 	126 	66 	108 	109 
001348 	126 	66 	108 	109 
001349 	126 	66 	108 	109 
001350 	126 	66 	108 	109 
001351 	144 	75 	91 	91 
001352 	144 	75 	91 	91 
001353 	138 	66 	108 	109 
001354 	138 	66 	108 	109 
001355 	138 	66 	108 	109 
001356 	144 	75 	91 	91 
001357 	138 	66 	108 	109 
001358 	138 	66 	108 	109 
001359 	138 	66 	108 	109 
001360 	138 	66 	108 	109 
001361 	138 	66 	108 	109 
001362 	138 	66 	108 	109 
001363 	126 	66 	108 	109 
001364 	126 	66 	108 	109 
001365 	126 	66 	108 	109 
001366 	126 	66 	108 	109 
001367 	126 	66 	108 	109 
001368 	126 	66 	108 	109 
001369 	126 	66 	108 	109 
001370 	126 	66 	108 	109 
001371 	126 	66 	108 	109 
001372 	126 	66 	108 	109 
001373 	138 	66 	108 	109 
001374 	138 	66 	108 	109 
001375 	144 	65 	91 	91 
001376 	138 	54 	108 	109 
001377 	138 	54 	108 	109 
001378 	138 	54 	108 	109 
001379 	138 	54 	108 	109 
001380 	150 	54 	108 	109 
001381 	150 	54 	108 	109 
001382 	150 	54 	108 	109 
001383 	150 	54 	108 	109 
001384 	150 	54 	108 	109 
001385 	150 	54 	108 	109 
001386 	150 	54 	108 	109 
001387 	150 	54 	108 	109 
001388 	150 	54 	108 	109 
001389 	150 	54 	108 	109 
001390 	150 	54 	108 	109 
001391 	150 	54 	108 	109 
001392 	150 	66 	108 	109 
001393 	150 	66 	108 	109 
001394 	150 	66 	108 	109 
001395 	150 	66 	108 	109 
001396 	150 	66 	108 	109 
001397 	150 	66 	108 	109 
001398 	150 	66 	108 	109 
001399 	150 	66 	108 	109 
001400 	150 	66 	108 	109 
001401 	150 	66 	108 	109 
001402 	150 	66 	108 	109 
001403 	138 	66 	108 	109 
001404 	138 	66 	108 	109 
001405 	138 	54 	108 	109 
001406 	138 	54 	108 	109 
001407 	138 	54 	108 	109 
001408 	138 	54 	108 	109 
001409 	138 	54 	108 	109 
001410 	138 	54 	108 	109 
001411 	138 	54 	108 	109 
001412 	138 	54 	108 	109 
001413 	138 	54 	108 	109 
001414 	138 	54 	108 	109 
001415 	138 	54 	108 	109 
001416 	138 	54 	108 	109 
001417 	138 	54 	108 	109 
001418 	138 	54 	108 	109 
001419 	138 	54 	108 	109 
001420 	138 	54 	108 	109 
001421 	138 	54 	108 	109 
001422 	138 	54 	108 	109 
001423 	138 	54 	108 	109 
001424 	138 	54 	108 	109 
001425 	138 	54 	108 	109 
001426 	138 	54 	108 	109 
001427 	126 	54 	108 	109 
001428 	126 	54 	108 	109 
001429 	126 	54 	108 	109 
001430 	126 	54 	108 	109 
001431 	126 	54 	108 	109 
001432 	126 	54 	108 	109 
001433 	126 	54 	108 	109 
001434 	126 	54 	108 	109 
001435 	126 	54 	108 	109 
001436 	126 	54 	108 	109 
001437 	126 	54 	108 	109 
001438 	126 	54 	108 	109 
001439 	126 	54 	108 	109 
001440 	126 	54 	108 	109 
001441 	126 	54 	108 	109 
001442 	126 	54 	108 	109 
001443 	126 	54 	108 	109 
001444 	126 	54 	108 	109 
001445 	126 	54 	108 	109 
001446 	126 	54 	108 	109 
001447 	126 	54 	108 	109 
001448 	126 	54 	108 	109 
001449 	138 	54 	108 	109 
001450 	138 	54 	108 	109 
001451 	138 	54 	108 	109 
001452 	138 	54 	108 	109 
001453 	138 	54 	108 	109 
001454 	138 	54 	108 	109 
001455 	138 	54 	108 	109 
001456 	138 	54 	108 	109 
001457 	138 	66 	108 	109 
001458 	138 	66 	108 	109 
001459 	138 	66 	108 	109 
001460 	138 	66 	108 	109 
001461 	138 	66 	108 	109 
001462 	138 	66 	108 	109 
001463 	138 	66 	108 	109 
001464 	138 	66 	108 	109 
001465 	138 	66 	108 	109 
001466 	138 	66 	108 	109 
001467 	138 	66 	108 	109 
001468 	138 	66 	108 	109 
001469 	138 	66 	108 	109 
001470 	138 	66 	108 	109 
001471 	138 	66 	108 	109 
001472 	138 	66 	108 	109 
001473 	138 	66 	108 	109 
001474 	138 	66 	108 	109 
001475 	138 	66 	108 	109 
001476 	138 	66 	108 	109 
001477 	144 	65 	91 	91 
001478 	144 	65 	91 	91 
001479 	138 	54 	108 	109 
001480 	138 	66 	108 	109 
001481 	138 	66 	108 	109 
001482 	138 	66 	108 	109 
001483 	138 	66 	108 	109 
001484 	138 	66 	108 	109 
001485 	138 	54 	108 	109 
001486 	138 	54 	108 	109 
001487 	138 	66 	108 	109 
001488 	138 	66 	108 	109 
001489 	138 	66 	108 	109 
001490 	138 	66 	108 	109 
001491 	138 	78 	108 	109 
001492 	138 	78 	108 	109 
001493 	138 	66 	108 	109 
001494 	138 	66 	108 	109 
001495 	126 	66 	108 	109 
001496 	126 	66 	108 	109 
001497 	126 	66 	108 	109 
001498 	126 	66 	108 	109 
001499 	126 	66 	108 	109 
001500 	126 	66 	108 	109 
001501 	126 	66 	108 	109 
001502 	126 	66 	108 	109 
001503 	126 	66 	108 	109 
001504 	126 	66 	108 	109 
001505 	126 	66 	108 	109 
001506 	126 	66 	108 	109 
001507 	126 	66 	108 	109 
001508 	126 	66 	108 	109 
001509 	126 	66 	108 	109 
001510 	126 	66 	108 	109 
001511 	126 	66 	108 	109 
001512 	126 	54 	108 	109 
001513 	126 	54 	108 	109 
001514 	126 	54 	108 	109 
001515 	126 	54 	108 	109 
001516 	126 	54 	108 	109 
001517 	138 	54 	108 	109 
001518 	138 	54 	108 	109 
001519 	138 	54 	108 	109 
001520 	138 	54 	108 	109 
001521 	138 	54 	108 	109 
001522 	138 	54 	108 	109 
001523 	138 	54 	108 	109 
001524 	138 	54 	108 	109 
001525 	138 	54 	108 	109 
001526 	138 	54 	108 	109 
001527 	138 	54 	108 	109 
001528 	138 	54 	108 	109 
001529 	138 	54 	108 	109 
001530 	138 	54 	108 	109 
001531 	138 	54 	108 	109 
001532 	138 	54 	108 	109 
001533 	138 	54 	108 	109 
001534 	138 	54 	108 	109 
001535 	138 	54 	108 	109 
001536 	138 	54 	108 	109 
001537 	138 	54 	108 	109 
001538 	138 	54 	108 	109 
001539 	138 	54 	108 	109 
001540 	138 	54 	108 	109 
001541 	138 	66 	108 	109 
001542 	138 	66 	108 	109 
001543 	138 	66 	108 	109 
001544 	138 	66 	108 	109 
001545 	138 	66 	108 	109 
001546 	138 	66 	108 	109 
001547 	150 	66 	108 	109 
001548 	150 	66 	108 	109 
001549 	150 	66 	108 	109 
001550 	150 	66 	108 	109 
001551 	154 	65 	91 	91 
001552 	138 	54 	108 	109 
001553 	138 	54 	108 	109 
001554 	138 	54 	108 	109 
001555 	138 	54 	108 	109 
001556 	138 	54 	108 	109 
001557 	138 	54 	108 	109 
001558 	138 	54 	108 	109 
001559 	138 	54 	108 	109 
001560 	138 	54 	108 	109 
001561 	138 	54 	108 	109 
001562 	138 	54 	108 	109 
001563 	138 	54 	108 	109 
001564 	138 	54 	108 	109 
001565 	138 	54 	108 	109 
001566 	138 	54 	108 	109 
001567 	138 	54 	108 	109 
001568 	138 	54 	108 	109 
001569 	138 	54 	108 	109 
001570 	138 	54 	108 	109 
001571 	138 	54 	108 	109 
001572 	138 	54 	108 	109 
001573 	150 	54 	108 	109 
001574 	154 	65 	91 	91 
001575 	150 	66 	108 	109 
001576 	154 	65 	91 	91 
001577 	150 	66 	108 	109 
001578 	150 	66 	108 	109 
001579 	150 	66 	108 	109 
001580 	138 	66 	108 	109 
001581 	138 	66 	108 	109 
001582 	138 	66 	108 	109 
001583 	138 	66 	108 	109 
001584 	138 	66 	108 	109 
001585 	138 	66 	108 	109 
001586 	138 	66 	108 	109 
001587 	138 	66 	108 	109 
001588 	138 	66 	108 	109 
001589 	138 	66 	108 	109 
001590 	138 	54 	108 	109 
001591 	138 	54 	108 	109 
001592 	138 	54 	108 	109 
001593 	138 	54 	108 	109 
001594 	138 	54 	108 	109 
001595 	138 	54 	108 	109 
001596 	138 	54 	108 	109 
001597 	138 	54 	108 	109 
001598 	138 	66 	108 	109 
001599 	138 	66 	108 	109 
001600 	134 	75 	91 	91 
001601 	126 	66 	108 	109 
001602 	134 	75 	91 	91 
001603 	134 	75 	91 	91 
001604 	134 	75 	91 	91 
001605 	134 	75 	91 	91 
001606 	126 	66 	108 	109 
001607 	134 	75 	91 	91 
001608 	126 	66 	108 	109 
001609 	144 	75 	91 	91 
001610 	138 	66 	108 	109 
001611 	138 	54 	108 	109 
001612 	138 	54 	108 	109 
001613 	138 	54 	108 	109 
001614 	138 	54 	108 	109 
001615 	138 	54 	108 	109 
001616 	138 	54 	108 	109 
001617 	138 	54 	108 	109 
001618 	138 	54 	108 	109 
001619 	138 	54 	108 	109 
001620 	138 	54 	108 	109 
001621 	138 	54 	108 	109 
001622 	138 	54 	108 	109 
001623 	138 	54 	108 	109 
001624 	138 	54 	108 	109 
001625 	138 	54 	108 	109 
001626 	138 	54 	108 	109 
001627 	138 	54 	108 	109 
001628 	138 	54 	108 	109 
001629 	138 	54 	108 	109 
001630 	138 	54 	108 	109 
001631 	138 	54 	108 	109 
001632 	138 	54 	108 	109 
001633 	138 	54 	108 	109 
001634 	138 	54 	108 	109 
001635 	138 	54 	108 	109 
001636 	138 	54 	108 	109 
001637 	138 	43 	108 	108 
001638 	138 	43 	108 	108 
001639 	138 	54 	108 	109 
001640 	138 	54 	108 	109 
001641 	138 	54 	108 	109 
001642 	126 	54 	108 	109 
001643 	126 	54 	108 	109 
001644 	126 	54 	108 	109 
001645 	126 	54 	108 	109 
001646 	126 	54 	108 	109 
001647 	126 	54 	108 	109 
001648 	126 	54 	108 	109 
001649 	126 	54 	108 	109 
001650 	126 	54 	108 	109 
001651 	126 	54 	108 	109 
001652 	134 	65 	91 	91 
001653 	134 	65 	91 	91 
001654 	134 	65 	91 	91 
001655 	134 	65 	91 	91 
001656 	134 	65 	91 	91 
001657 	134 	65 	91 	91 
001658 	134 	65 	91 	91 
001659 	134 	65 	91 	91 
001660 	144 	65 	91 	91 
001661 	144 	65 	91 	91 
001662 	144 	65 	91 	91 
001663 	138 	54 	108 	109 
001664 	138 	54 	108 	109 
001665 	150 	54 	108 	109 
001666 	150 	54 	108 	109 
001667 	150 	54 	108 	109 
001668 	150 	54 	108 	109 
001669 	150 	54 	108 	109 
001670 	150 	54 	108 	109 
001671 	150 	54 	108 	109 
001672 	150 	54 	108 	109 
001673 	150 	54 	108 	109 
001674 	150 	54 	108 	109 
001675 	150 	54 	108 	109 
001676 	150 	54 	108 	109 
001677 	150 	54 	108 	109 
001678 	150 	54 	108 	109 
001679 	150 	54 	108 	109 
001680 	150 	54 	108 	109 
001681 	150 	54 	108 	109 
001682 	150 	54 	108 	109 
001683 	150 	54 	108 	109 
001684 	138 	54 	108 	109 
001685 	138 	54 	108 	109 
001686 	138 	54 	108 	109 
001687 	138 	54 	108 	109 
001688 	138 	54 	108 	109 
001689 	144 	65 	91 	91 
001690 	134 	65 	91 	91 
001691 	134 	65 	91 	91 
001692 	126 	54 	108 	109 
001693 	126 	54 	108 	109 
001694 	126 	54 	108 	109 
001695 	126 	54 	108 	109 
001696 	126 	54 	108 	109 
001697 	126 	54 	108 	109 
