Identity  : 	id10283
Reference : 	gAKHqHbNt2g
Offset    : 	0
FV Conf   : 	15.476
ASD Conf  : 	8.056

FRAME 	X 	Y 	W 	H 
013597 	190 	59 	63 	63 
013598 	190 	59 	63 	63 
013599 	190 	59 	63 	63 
013600 	190 	52 	63 	63 
013601 	190 	52 	63 	63 
013602 	192 	60 	53 	53 
013603 	190 	52 	63 	63 
013604 	190 	52 	63 	63 
013605 	190 	59 	63 	63 
013606 	190 	59 	63 	63 
013607 	190 	52 	63 	63 
013608 	190 	52 	63 	63 
013609 	190 	52 	63 	63 
013610 	190 	52 	63 	63 
013611 	190 	52 	63 	63 
013612 	190 	52 	63 	63 
013613 	190 	52 	63 	63 
013614 	190 	52 	63 	63 
013615 	190 	52 	63 	63 
013616 	190 	52 	63 	63 
013617 	190 	52 	63 	63 
013618 	190 	52 	63 	63 
013619 	190 	52 	63 	63 
013620 	190 	52 	63 	63 
013621 	190 	52 	63 	63 
013622 	190 	52 	63 	63 
013623 	190 	52 	63 	63 
013624 	186 	46 	76 	76 
013625 	197 	52 	63 	63 
013626 	197 	52 	63 	63 
013627 	197 	52 	63 	63 
013628 	186 	46 	76 	76 
013629 	186 	46 	76 	76 
013630 	186 	46 	76 	76 
013631 	186 	46 	76 	76 
013632 	190 	52 	63 	63 
013633 	190 	52 	63 	63 
013634 	190 	52 	63 	63 
013635 	190 	52 	63 	63 
013636 	190 	52 	63 	63 
013637 	178 	46 	76 	76 
013638 	183 	52 	63 	63 
013639 	183 	52 	63 	63 
013640 	183 	59 	63 	63 
013641 	176 	59 	63 	63 
013642 	176 	59 	63 	63 
013643 	176 	59 	63 	63 
013644 	176 	59 	63 	63 
013645 	176 	59 	63 	63 
013646 	176 	59 	63 	63 
013647 	170 	54 	75 	76 
013648 	170 	54 	75 	76 
013649 	183 	52 	63 	63 
013650 	183 	59 	63 	63 
013651 	183 	59 	63 	63 
013652 	183 	52 	63 	63 
013653 	183 	59 	63 	63 
013654 	183 	59 	63 	63 
013655 	183 	59 	63 	63 
013656 	183 	59 	63 	63 
013657 	183 	59 	63 	63 
013658 	183 	59 	63 	63 
013659 	183 	52 	63 	63 
013660 	183 	52 	63 	63 
013661 	183 	52 	63 	63 
013662 	183 	52 	63 	63 
013663 	183 	59 	63 	63 
013664 	183 	59 	63 	63 
013665 	183 	59 	63 	63 
013666 	183 	59 	63 	63 
013667 	183 	59 	63 	63 
013668 	183 	59 	63 	63 
013669 	183 	59 	63 	63 
013670 	183 	59 	63 	63 
013671 	183 	59 	63 	63 
013672 	183 	59 	63 	63 
013673 	183 	59 	63 	63 
013674 	183 	59 	63 	63 
013675 	183 	59 	63 	63 
013676 	183 	59 	63 	63 
013677 	183 	59 	63 	63 
013678 	183 	59 	63 	63 
013679 	183 	59 	63 	63 
013680 	183 	59 	63 	63 
013681 	183 	59 	63 	63 
013682 	183 	59 	63 	63 
013683 	178 	46 	76 	76 
013684 	178 	46 	76 	76 
013685 	178 	46 	76 	76 
013686 	178 	46 	76 	76 
013687 	183 	59 	63 	63 
013688 	183 	59 	63 	63 
013689 	183 	59 	63 	63 
013690 	183 	59 	63 	63 
013691 	183 	59 	63 	63 
013692 	183 	52 	63 	63 
013693 	183 	52 	63 	63 
013694 	183 	52 	63 	63 
013695 	183 	52 	63 	63 
013696 	183 	52 	63 	63 
013697 	183 	59 	63 	63 
013698 	183 	59 	63 	63 
013699 	183 	59 	63 	63 
013700 	183 	59 	63 	63 
013701 	178 	46 	76 	76 
013702 	178 	46 	76 	76 
013703 	178 	46 	76 	76 
013704 	178 	46 	76 	76 
013705 	178 	46 	76 	76 
013706 	178 	46 	76 	76 
013707 	178 	46 	76 	76 
013708 	183 	59 	63 	63 
013709 	183 	59 	63 	63 
013710 	183 	59 	63 	63 
013711 	178 	54 	76 	76 
013712 	192 	60 	53 	53 
013713 	178 	54 	76 	76 
013714 	190 	59 	63 	63 
013715 	190 	59 	63 	63 
013716 	190 	52 	63 	63 
013717 	190 	52 	63 	63 
013718 	190 	52 	63 	63 
013719 	190 	53 	62 	62 
013720 	190 	53 	62 	62 
013721 	190 	54 	61 	61 
013722 	190 	54 	61 	61 
013723 	191 	54 	60 	60 
013724 	191 	55 	60 	60 
013725 	191 	55 	59 	59 
013726 	191 	55 	59 	59 
013727 	191 	56 	58 	58 
013728 	191 	56 	58 	58 
013729 	191 	57 	57 	57 
013730 	191 	57 	57 	57 
013731 	191 	57 	56 	56 
013732 	191 	58 	56 	56 
013733 	192 	58 	55 	55 
013734 	192 	58 	55 	55 
013735 	192 	59 	54 	54 
013736 	192 	59 	54 	54 
013737 	192 	60 	53 	53 
013738 	192 	60 	53 	53 
013739 	192 	60 	53 	53 
013740 	192 	60 	53 	53 
013741 	192 	60 	53 	53 
013742 	192 	60 	53 	53 
013743 	192 	60 	53 	53 
013744 	192 	60 	53 	53 
013745 	192 	60 	53 	53 
013746 	192 	60 	53 	53 
013747 	192 	60 	53 	53 
013748 	192 	60 	53 	53 
013749 	192 	60 	53 	53 
013750 	192 	60 	53 	53 
