Identity  : 	id10283
Reference : 	gAKHqHbNt2g
Offset    : 	0
FV Conf   : 	14.490
ASD Conf  : 	6.205

FRAME 	X 	Y 	W 	H 
007786 	178 	62 	76 	76 
007787 	178 	62 	76 	76 
007788 	178 	62 	76 	76 
007789 	178 	62 	76 	76 
007790 	178 	54 	76 	76 
007791 	183 	66 	63 	63 
007792 	178 	62 	76 	76 
007793 	183 	66 	63 	63 
007794 	178 	62 	76 	76 
007795 	178 	62 	76 	76 
007796 	178 	62 	76 	76 
007797 	178 	62 	76 	76 
007798 	178 	62 	76 	76 
007799 	178 	62 	76 	76 
007800 	178 	62 	76 	76 
007801 	178 	62 	76 	76 
007802 	178 	62 	76 	76 
007803 	178 	62 	76 	76 
007804 	178 	62 	76 	76 
007805 	178 	62 	76 	76 
007806 	178 	62 	76 	76 
007807 	178 	62 	76 	76 
007808 	178 	62 	76 	76 
007809 	178 	62 	76 	76 
007810 	178 	62 	76 	76 
007811 	178 	62 	76 	76 
007812 	178 	62 	76 	76 
007813 	178 	62 	76 	76 
007814 	178 	62 	76 	76 
007815 	178 	62 	76 	76 
007816 	178 	62 	76 	76 
007817 	178 	62 	76 	76 
007818 	178 	62 	76 	76 
007819 	186 	62 	76 	76 
007820 	186 	62 	76 	76 
007821 	186 	62 	76 	76 
007822 	186 	62 	76 	76 
007823 	186 	62 	76 	76 
007824 	186 	62 	76 	76 
007825 	178 	62 	76 	76 
007826 	178 	62 	76 	76 
007827 	178 	62 	76 	76 
007828 	178 	62 	76 	76 
007829 	178 	62 	76 	76 
007830 	178 	62 	76 	76 
007831 	183 	66 	63 	63 
007832 	164 	55 	91 	91 
007833 	178 	54 	76 	76 
007834 	178 	54 	76 	76 
007835 	178 	62 	76 	76 
007836 	178 	62 	76 	76 
007837 	178 	62 	76 	76 
007838 	178 	62 	76 	76 
007839 	178 	62 	76 	76 
007840 	178 	62 	76 	76 
007841 	178 	62 	76 	76 
007842 	178 	62 	76 	76 
007843 	178 	62 	76 	76 
007844 	178 	62 	76 	76 
007845 	178 	62 	76 	76 
007846 	178 	62 	76 	76 
007847 	178 	62 	76 	76 
007848 	178 	62 	76 	76 
007849 	178 	62 	76 	76 
007850 	178 	62 	76 	76 
007851 	178 	62 	76 	76 
007852 	178 	62 	76 	76 
007853 	178 	62 	76 	76 
007854 	178 	62 	76 	76 
007855 	178 	62 	76 	76 
007856 	178 	62 	76 	76 
007857 	178 	62 	76 	76 
007858 	178 	62 	76 	76 
007859 	178 	62 	76 	76 
007860 	178 	62 	76 	76 
007861 	178 	62 	76 	76 
007862 	178 	62 	76 	76 
007863 	178 	62 	76 	76 
007864 	178 	62 	76 	76 
007865 	178 	62 	76 	76 
007866 	174 	55 	91 	91 
007867 	174 	55 	91 	91 
007868 	174 	55 	91 	91 
007869 	186 	62 	76 	76 
007870 	186 	62 	76 	76 
007871 	186 	62 	76 	76 
007872 	174 	55 	91 	91 
007873 	178 	62 	76 	76 
007874 	178 	62 	76 	76 
007875 	178 	62 	76 	76 
007876 	178 	62 	76 	76 
007877 	178 	62 	76 	76 
007878 	170 	62 	75 	76 
007879 	170 	62 	75 	76 
007880 	170 	62 	75 	76 
007881 	170 	62 	75 	76 
007882 	170 	62 	75 	76 
007883 	170 	62 	75 	76 
007884 	170 	62 	75 	76 
007885 	170 	62 	75 	76 
007886 	183 	66 	63 	63 
007887 	178 	62 	76 	76 
007888 	178 	62 	76 	76 
007889 	178 	62 	76 	76 
007890 	178 	62 	76 	76 
007891 	183 	73 	63 	63 
007892 	183 	73 	63 	63 
007893 	170 	71 	75 	75 
007894 	170 	71 	75 	75 
007895 	170 	71 	75 	75 
007896 	170 	71 	75 	75 
007897 	170 	71 	75 	75 
007898 	170 	71 	75 	75 
007899 	170 	71 	75 	75 
007900 	170 	71 	75 	75 
007901 	170 	71 	75 	75 
007902 	183 	73 	63 	63 
007903 	178 	71 	76 	75 
007904 	178 	71 	76 	75 
007905 	183 	73 	63 	63 
007906 	183 	73 	63 	63 
007907 	183 	73 	63 	63 
007908 	170 	71 	75 	75 
007909 	170 	71 	75 	75 
007910 	170 	71 	75 	75 
007911 	170 	71 	75 	75 
007912 	162 	71 	75 	75 
007913 	162 	71 	75 	75 
007914 	162 	71 	75 	75 
007915 	162 	71 	75 	75 
007916 	162 	71 	75 	75 
007917 	162 	71 	75 	75 
007918 	162 	71 	75 	75 
007919 	162 	71 	75 	75 
007920 	162 	71 	75 	75 
007921 	162 	71 	75 	75 
007922 	162 	71 	75 	75 
007923 	162 	71 	75 	75 
007924 	162 	71 	75 	75 
007925 	162 	71 	75 	75 
007926 	162 	71 	75 	75 
007927 	162 	71 	75 	75 
007928 	170 	71 	75 	75 
007929 	170 	71 	75 	75 
007930 	183 	73 	63 	63 
007931 	178 	71 	76 	75 
007932 	178 	71 	76 	75 
007933 	178 	71 	76 	75 
007934 	182 	71 	76 	75 
007935 	186 	71 	76 	75 
007936 	186 	71 	76 	75 
007937 	186 	71 	76 	75 
007938 	186 	71 	76 	75 
007939 	174 	65 	91 	91 
007940 	178 	71 	76 	75 
007941 	178 	71 	76 	75 
007942 	164 	65 	91 	91 
007943 	170 	71 	75 	75 
007944 	170 	71 	75 	75 
