Identity  : 	id10283
Reference : 	gAKHqHbNt2g
Offset    : 	-1
FV Conf   : 	19.143
ASD Conf  : 	8.445

FRAME 	X 	Y 	W 	H 
018411 	94 	74 	187 	187 
018412 	94 	74 	187 	187 
018413 	89 	64 	223 	224 
018414 	89 	64 	223 	224 
018415 	89 	64 	223 	224 
018416 	89 	64 	223 	224 
018417 	89 	64 	223 	224 
018418 	89 	64 	223 	224 
018419 	115 	53 	187 	187 
018420 	115 	53 	187 	187 
018421 	115 	53 	187 	187 
018422 	115 	53 	187 	187 
018423 	115 	53 	187 	187 
018424 	115 	33 	187 	187 
018425 	115 	33 	187 	187 
018426 	115 	12 	187 	187 
018427 	115 	12 	187 	187 
018428 	115 	12 	187 	187 
018429 	115 	12 	187 	187 
018430 	113 	15 	224 	224 
018431 	135 	33 	187 	187 
018432 	135 	53 	187 	187 
018433 	135 	53 	187 	187 
018434 	135 	74 	187 	187 
018435 	135 	53 	187 	187 
018436 	135 	53 	187 	187 
018437 	135 	53 	187 	187 
018438 	115 	53 	187 	187 
018439 	115 	53 	187 	187 
018440 	115 	53 	187 	187 
018441 	115 	53 	187 	187 
018442 	113 	64 	224 	224 
018443 	138 	64 	224 	224 
018444 	138 	64 	224 	224 
018445 	138 	64 	224 	224 
018446 	138 	39 	224 	224 
018447 	138 	39 	224 	224 
018448 	156 	53 	187 	187 
018449 	135 	53 	187 	187 
018450 	156 	53 	187 	187 
018451 	156 	33 	187 	187 
018452 	156 	33 	187 	187 
018453 	156 	33 	187 	187 
018454 	156 	53 	187 	187 
018455 	156 	53 	187 	187 
018456 	156 	53 	187 	187 
018457 	156 	53 	187 	187 
018458 	156 	53 	187 	187 
018459 	156 	53 	187 	187 
018460 	156 	53 	187 	187 
018461 	156 	53 	187 	187 
018462 	156 	53 	187 	187 
018463 	135 	53 	187 	187 
018464 	113 	39 	224 	224 
018465 	89 	39 	223 	224 
018466 	94 	53 	187 	187 
018467 	74 	53 	186 	187 
018468 	39 	39 	224 	224 
018469 	39 	39 	224 	224 
018470 	74 	53 	186 	187 
018471 	74 	53 	186 	187 
018472 	94 	53 	187 	187 
018473 	89 	39 	223 	224 
018474 	113 	39 	224 	224 
018475 	138 	39 	224 	224 
018476 	163 	39 	224 	224 
018477 	163 	39 	224 	224 
018478 	163 	39 	224 	224 
018479 	138 	39 	224 	224 
018480 	138 	39 	224 	224 
018481 	138 	39 	224 	224 
018482 	138 	15 	224 	224 
018483 	138 	15 	224 	224 
018484 	138 	15 	224 	224 
018485 	138 	15 	224 	224 
018486 	138 	15 	224 	224 
018487 	138 	39 	224 	224 
018488 	156 	53 	187 	187 
018489 	113 	39 	224 	224 
018490 	89 	39 	223 	224 
018491 	64 	39 	224 	224 
018492 	39 	39 	224 	224 
018493 	39 	39 	224 	224 
018494 	39 	39 	224 	224 
018495 	39 	39 	224 	224 
018496 	74 	53 	186 	187 
018497 	89 	39 	223 	224 
018498 	113 	64 	224 	224 
018499 	156 	53 	187 	187 
018500 	156 	53 	187 	187 
018501 	113 	39 	224 	224 
018502 	113 	39 	224 	224 
018503 	135 	53 	187 	187 
018504 	138 	39 	224 	224 
018505 	138 	15 	224 	224 
018506 	138 	39 	224 	224 
018507 	138 	39 	224 	224 
018508 	138 	39 	224 	224 
018509 	138 	39 	224 	224 
018510 	138 	39 	224 	224 
018511 	138 	39 	224 	224 
018512 	138 	39 	224 	224 
018513 	138 	39 	224 	224 
018514 	138 	39 	224 	224 
018515 	138 	39 	224 	224 
018516 	113 	39 	224 	224 
018517 	135 	53 	187 	187 
018518 	156 	53 	187 	187 
018519 	156 	53 	187 	187 
018520 	138 	39 	224 	224 
018521 	177 	53 	187 	187 
018522 	163 	39 	224 	224 
018523 	163 	39 	224 	224 
018524 	197 	53 	187 	187 
018525 	163 	39 	224 	224 
018526 	163 	39 	224 	224 
018527 	138 	39 	224 	224 
018528 	135 	53 	187 	187 
018529 	113 	39 	224 	224 
018530 	135 	33 	187 	187 
018531 	139 	33 	187 	187 
018532 	143 	33 	187 	187 
018533 	148 	33 	187 	187 
018534 	152 	33 	187 	187 
018535 	156 	33 	187 	187 
018536 	138 	15 	224 	224 
018537 	156 	53 	187 	187 
018538 	156 	53 	187 	187 
018539 	156 	53 	187 	187 
018540 	156 	53 	187 	187 
018541 	135 	53 	187 	187 
018542 	113 	39 	224 	224 
018543 	113 	39 	224 	224 
018544 	115 	53 	187 	187 
018545 	115 	53 	187 	187 
018546 	89 	39 	223 	224 
018547 	115 	53 	187 	187 
018548 	115 	53 	187 	187 
018549 	135 	53 	187 	187 
018550 	113 	39 	224 	224 
018551 	135 	74 	187 	187 
018552 	156 	74 	187 	187 
018553 	135 	74 	187 	187 
018554 	135 	74 	187 	187 
018555 	135 	53 	187 	187 
018556 	135 	53 	187 	187 
018557 	135 	53 	187 	187 
018558 	135 	53 	187 	187 
018559 	135 	53 	187 	187 
018560 	113 	39 	224 	224 
018561 	135 	53 	187 	187 
018562 	135 	53 	187 	187 
018563 	135 	53 	187 	187 
018564 	113 	15 	224 	224 
018565 	135 	53 	187 	187 
018566 	135 	53 	187 	187 
018567 	113 	39 	224 	224 
018568 	113 	39 	224 	224 
018569 	113 	39 	224 	224 
018570 	113 	39 	224 	224 
018571 	113 	39 	224 	224 
018572 	113 	39 	224 	224 
018573 	113 	39 	224 	224 
018574 	113 	39 	224 	224 
018575 	113 	39 	224 	224 
018576 	115 	53 	187 	187 
018577 	115 	53 	187 	187 
018578 	115 	53 	187 	187 
018579 	115 	53 	187 	187 
018580 	115 	53 	187 	187 
018581 	89 	15 	223 	224 
018582 	89 	39 	223 	224 
018583 	89 	39 	223 	224 
018584 	89 	39 	223 	224 
018585 	89 	15 	223 	224 
018586 	89 	23 	223 	224 
018587 	89 	31 	223 	224 
018588 	89 	39 	223 	224 
018589 	115 	53 	187 	187 
018590 	115 	53 	187 	187 
018591 	115 	53 	187 	187 
018592 	115 	53 	187 	187 
018593 	115 	53 	187 	187 
018594 	115 	53 	187 	187 
018595 	115 	53 	187 	187 
018596 	113 	39 	224 	224 
018597 	113 	39 	224 	224 
018598 	135 	53 	187 	187 
018599 	135 	53 	187 	187 
