Identity  : 	id10286
Reference : 	mmFmN0OPhKs
Offset    : 	-1
FV Conf   : 	15.128
ASD Conf  : 	6.954

FRAME 	X 	Y 	W 	H 
004268 	336 	87 	75 	76 
004269 	349 	100 	63 	64 
004270 	344 	96 	76 	75 
004271 	344 	96 	76 	75 
004272 	344 	96 	76 	75 
004273 	344 	96 	76 	75 
004274 	344 	96 	76 	75 
004275 	344 	96 	76 	75 
004276 	344 	96 	76 	75 
004277 	344 	96 	76 	75 
004278 	344 	96 	76 	75 
004279 	344 	96 	76 	75 
004280 	344 	96 	76 	75 
004281 	344 	96 	76 	75 
004282 	344 	96 	76 	75 
004283 	344 	96 	76 	75 
004284 	344 	96 	76 	75 
004285 	344 	96 	76 	75 
004286 	344 	96 	76 	75 
004287 	344 	96 	76 	75 
004288 	344 	96 	76 	75 
004289 	344 	96 	76 	75 
004290 	344 	96 	76 	75 
004291 	344 	96 	76 	75 
004292 	349 	100 	63 	64 
004293 	349 	100 	63 	64 
004294 	336 	96 	75 	75 
004295 	336 	96 	75 	75 
004296 	336 	96 	75 	75 
004297 	336 	96 	75 	75 
004298 	336 	96 	75 	75 
004299 	336 	96 	75 	75 
004300 	336 	96 	75 	75 
004301 	336 	96 	75 	75 
004302 	336 	96 	75 	75 
004303 	336 	96 	75 	75 
004304 	336 	96 	75 	75 
004305 	336 	96 	75 	75 
004306 	336 	96 	75 	75 
004307 	336 	96 	75 	75 
004308 	336 	96 	75 	75 
004309 	336 	96 	75 	75 
004310 	342 	100 	63 	64 
004311 	342 	100 	63 	64 
004312 	336 	96 	75 	75 
004313 	336 	96 	75 	75 
004314 	336 	96 	75 	75 
004315 	342 	100 	63 	64 
004316 	336 	96 	75 	75 
004317 	342 	100 	63 	64 
004318 	342 	100 	63 	64 
004319 	342 	100 	63 	64 
004320 	342 	100 	63 	64 
004321 	342 	100 	63 	64 
004322 	342 	100 	63 	64 
004323 	336 	87 	75 	76 
004324 	336 	96 	75 	75 
004325 	336 	87 	75 	76 
004326 	336 	87 	75 	76 
004327 	336 	87 	75 	76 
004328 	335 	93 	63 	64 
004329 	327 	87 	76 	76 
004330 	327 	87 	76 	76 
004331 	327 	87 	76 	76 
004332 	335 	93 	63 	64 
004333 	327 	87 	76 	76 
004334 	327 	96 	76 	75 
004335 	327 	96 	76 	75 
004336 	327 	96 	76 	75 
004337 	335 	100 	63 	64 
004338 	336 	96 	75 	75 
004339 	336 	96 	75 	75 
004340 	336 	96 	75 	75 
004341 	336 	96 	75 	75 
004342 	336 	96 	75 	75 
004343 	336 	96 	75 	75 
004344 	336 	96 	75 	75 
004345 	336 	96 	75 	75 
004346 	336 	96 	75 	75 
004347 	336 	96 	75 	75 
004348 	336 	96 	75 	75 
004349 	336 	96 	75 	75 
004350 	336 	96 	75 	75 
004351 	336 	96 	75 	75 
004352 	342 	100 	63 	64 
004353 	342 	100 	63 	64 
004354 	342 	100 	63 	64 
004355 	342 	100 	63 	64 
004356 	336 	96 	75 	75 
004357 	342 	100 	63 	64 
004358 	336 	96 	75 	75 
004359 	336 	96 	75 	75 
004360 	336 	96 	75 	75 
004361 	336 	96 	75 	75 
004362 	336 	96 	75 	75 
004363 	336 	96 	75 	75 
004364 	336 	96 	75 	75 
004365 	344 	96 	76 	75 
004366 	344 	96 	76 	75 
004367 	349 	100 	63 	64 
004368 	349 	100 	63 	64 
004369 	344 	96 	76 	75 
004370 	344 	96 	76 	75 
004371 	344 	96 	76 	75 
004372 	344 	96 	76 	75 
004373 	344 	96 	76 	75 
004374 	344 	96 	76 	75 
004375 	344 	96 	76 	75 
004376 	344 	96 	76 	75 
004377 	344 	96 	76 	75 
004378 	344 	96 	76 	75 
004379 	344 	96 	76 	75 
004380 	344 	96 	76 	75 
004381 	344 	96 	76 	75 
004382 	344 	96 	76 	75 
004383 	344 	96 	76 	75 
004384 	344 	96 	76 	75 
004385 	344 	96 	76 	75 
004386 	344 	96 	76 	75 
004387 	344 	96 	76 	75 
004388 	344 	96 	76 	75 
004389 	344 	96 	76 	75 
004390 	344 	96 	76 	75 
004391 	344 	96 	76 	75 
004392 	349 	100 	63 	64 
004393 	344 	96 	76 	75 
004394 	344 	96 	76 	75 
004395 	344 	96 	76 	75 
004396 	349 	107 	63 	63 
004397 	349 	107 	63 	63 
004398 	349 	107 	63 	63 
004399 	349 	107 	63 	63 
004400 	349 	107 	63 	63 
004401 	349 	107 	63 	63 
004402 	349 	107 	63 	63 
004403 	349 	107 	63 	63 
004404 	349 	107 	63 	63 
004405 	349 	107 	63 	63 
004406 	349 	107 	63 	63 
004407 	349 	107 	63 	63 
004408 	349 	107 	63 	63 
004409 	349 	107 	63 	63 
004410 	349 	107 	63 	63 
004411 	349 	107 	63 	63 
004412 	349 	107 	63 	63 
004413 	349 	107 	63 	63 
004414 	344 	96 	76 	75 
004415 	336 	96 	75 	75 
004416 	336 	96 	75 	75 
004417 	349 	100 	63 	64 
004418 	349 	100 	63 	64 
004419 	349 	93 	63 	64 
004420 	336 	87 	75 	76 
004421 	336 	87 	75 	76 
004422 	336 	87 	75 	76 
004423 	342 	87 	63 	63 
004424 	342 	87 	63 	63 
004425 	342 	87 	63 	63 
004426 	336 	79 	75 	76 
004427 	336 	79 	75 	76 
004428 	336 	79 	75 	76 
004429 	336 	79 	75 	76 
004430 	336 	79 	75 	76 
004431 	336 	79 	75 	76 
004432 	336 	79 	75 	76 
004433 	336 	79 	75 	76 
004434 	336 	79 	75 	76 
004435 	336 	79 	75 	76 
004436 	336 	79 	75 	76 
004437 	336 	79 	75 	76 
004438 	336 	79 	75 	76 
004439 	336 	79 	75 	76 
004440 	336 	79 	75 	76 
004441 	336 	79 	75 	76 
004442 	336 	79 	75 	76 
004443 	336 	79 	75 	76 
004444 	336 	79 	75 	76 
004445 	336 	87 	75 	76 
004446 	336 	87 	75 	76 
004447 	336 	87 	75 	76 
004448 	336 	87 	75 	76 
004449 	336 	87 	75 	76 
004450 	336 	87 	75 	76 
004451 	336 	87 	75 	76 
004452 	336 	87 	75 	76 
004453 	336 	87 	75 	76 
004454 	336 	87 	75 	76 
004455 	336 	87 	75 	76 
004456 	336 	87 	75 	76 
004457 	336 	87 	75 	76 
004458 	336 	87 	75 	76 
004459 	336 	87 	75 	76 
004460 	336 	87 	75 	76 
004461 	336 	79 	75 	76 
004462 	336 	79 	75 	76 
004463 	336 	79 	75 	76 
004464 	336 	79 	75 	76 
004465 	336 	79 	75 	76 
004466 	344 	79 	76 	76 
004467 	344 	79 	76 	76 
004468 	344 	79 	76 	76 
004469 	344 	79 	76 	76 
004470 	344 	79 	76 	76 
004471 	336 	79 	75 	76 
004472 	336 	79 	75 	76 
004473 	336 	79 	75 	76 
004474 	336 	79 	75 	76 
004475 	336 	79 	75 	76 
004476 	336 	79 	75 	76 
004477 	336 	79 	75 	76 
004478 	344 	87 	76 	76 
004479 	344 	87 	76 	76 
004480 	344 	87 	76 	76 
004481 	344 	87 	76 	76 
004482 	349 	100 	63 	64 
004483 	336 	96 	75 	75 
004484 	336 	96 	75 	75 
004485 	336 	96 	75 	75 
004486 	336 	96 	75 	75 
004487 	336 	96 	75 	75 
004488 	336 	96 	75 	75 
004489 	336 	96 	75 	75 
004490 	336 	96 	75 	75 
004491 	336 	96 	75 	75 
004492 	344 	96 	76 	75 
004493 	344 	96 	76 	75 
004494 	344 	96 	76 	75 
004495 	344 	96 	76 	75 
004496 	344 	96 	76 	75 
004497 	344 	96 	76 	75 
004498 	349 	107 	63 	63 
004499 	349 	107 	63 	63 
004500 	349 	107 	63 	63 
004501 	349 	107 	63 	63 
004502 	349 	107 	63 	63 
004503 	349 	107 	63 	63 
004504 	349 	107 	63 	63 
004505 	349 	107 	63 	63 
004506 	349 	107 	63 	63 
004507 	342 	107 	63 	63 
004508 	342 	107 	63 	63 
004509 	342 	107 	63 	63 
004510 	342 	107 	63 	63 
004511 	342 	107 	63 	63 
004512 	342 	107 	63 	63 
004513 	342 	107 	63 	63 
004514 	342 	107 	63 	63 
004515 	342 	107 	63 	63 
004516 	342 	107 	63 	63 
004517 	342 	107 	63 	63 
004518 	342 	107 	63 	63 
004519 	342 	107 	63 	63 
004520 	342 	107 	63 	63 
004521 	342 	107 	63 	63 
004522 	342 	107 	63 	63 
004523 	342 	107 	63 	63 
004524 	342 	107 	63 	63 
004525 	336 	96 	75 	75 
004526 	336 	96 	75 	75 
004527 	342 	100 	63 	64 
004528 	336 	96 	75 	75 
004529 	336 	96 	75 	75 
004530 	336 	96 	75 	75 
004531 	336 	87 	75 	76 
004532 	344 	87 	76 	76 
004533 	344 	87 	76 	76 
004534 	356 	93 	63 	64 
004535 	352 	79 	76 	76 
004536 	352 	79 	76 	76 
004537 	352 	79 	76 	76 
004538 	352 	79 	76 	76 
