Identity  : 	id10295
Reference : 	iVxjBZtQwBg
Offset    : 	0
FV Conf   : 	11.454
ASD Conf  : 	6.080

FRAME 	X 	Y 	W 	H 
000840 	161 	66 	109 	109 
000841 	161 	66 	109 	109 
000842 	173 	66 	109 	109 
000843 	173 	66 	109 	109 
000844 	161 	66 	109 	109 
000845 	173 	66 	109 	109 
000846 	173 	66 	109 	109 
000847 	173 	66 	109 	109 
000848 	173 	66 	109 	109 
000849 	173 	66 	109 	109 
000850 	173 	66 	109 	109 
000851 	173 	66 	109 	109 
000852 	173 	66 	109 	109 
000853 	173 	66 	109 	109 
000854 	173 	66 	109 	109 
000855 	173 	66 	109 	109 
000856 	173 	66 	109 	109 
000857 	173 	66 	109 	109 
000858 	173 	66 	109 	109 
000859 	173 	66 	109 	109 
000860 	173 	66 	109 	109 
000861 	173 	66 	109 	109 
000862 	173 	66 	109 	109 
000863 	161 	66 	109 	109 
000864 	161 	66 	109 	109 
000865 	161 	66 	109 	109 
000866 	161 	66 	109 	109 
000867 	161 	66 	109 	109 
000868 	161 	66 	109 	109 
000869 	173 	54 	109 	109 
000870 	173 	54 	109 	109 
000871 	173 	54 	109 	109 
000872 	173 	54 	109 	109 
000873 	173 	54 	109 	109 
000874 	173 	54 	109 	109 
000875 	173 	54 	109 	109 
000876 	173 	54 	109 	109 
000877 	173 	66 	109 	109 
000878 	173 	66 	109 	109 
000879 	173 	66 	109 	109 
000880 	173 	66 	109 	109 
000881 	161 	66 	109 	109 
000882 	161 	66 	109 	109 
000883 	161 	66 	109 	109 
000884 	161 	66 	109 	109 
000885 	161 	66 	109 	109 
000886 	161 	66 	109 	109 
000887 	150 	66 	108 	109 
000888 	150 	66 	108 	109 
000889 	150 	66 	108 	109 
000890 	150 	66 	108 	109 
000891 	150 	66 	108 	109 
000892 	150 	66 	108 	109 
000893 	150 	66 	108 	109 
000894 	150 	66 	108 	109 
000895 	150 	66 	108 	109 
000896 	150 	66 	108 	109 
000897 	150 	66 	108 	109 
000898 	150 	66 	108 	109 
000899 	150 	66 	108 	109 
000900 	150 	66 	108 	109 
000901 	150 	66 	108 	109 
000902 	150 	66 	108 	109 
000903 	150 	66 	108 	109 
000904 	150 	66 	108 	109 
000905 	150 	66 	108 	109 
000906 	150 	66 	108 	109 
000907 	150 	66 	108 	109 
000908 	150 	66 	108 	109 
000909 	150 	66 	108 	109 
000910 	150 	66 	108 	109 
000911 	150 	66 	108 	109 
000912 	150 	66 	108 	109 
000913 	150 	66 	108 	109 
000914 	150 	66 	108 	109 
000915 	150 	66 	108 	109 
000916 	150 	66 	108 	109 
000917 	150 	66 	108 	109 
000918 	150 	66 	108 	109 
000919 	161 	66 	109 	109 
000920 	161 	66 	109 	109 
000921 	161 	66 	109 	109 
000922 	161 	66 	109 	109 
000923 	161 	66 	109 	109 
000924 	174 	85 	91 	91 
000925 	174 	85 	91 	91 
000926 	174 	85 	91 	91 
000927 	174 	85 	91 	91 
000928 	174 	85 	91 	91 
000929 	173 	78 	109 	109 
000930 	161 	78 	109 	109 
000931 	161 	78 	109 	109 
000932 	161 	66 	109 	109 
000933 	161 	66 	109 	109 
000934 	161 	66 	109 	109 
000935 	161 	66 	109 	109 
000936 	161 	66 	109 	109 
000937 	161 	66 	109 	109 
000938 	161 	66 	109 	109 
000939 	161 	66 	109 	109 
000940 	161 	66 	109 	109 
000941 	161 	66 	109 	109 
000942 	161 	66 	109 	109 
000943 	161 	66 	109 	109 
000944 	161 	78 	109 	109 
000945 	161 	78 	109 	109 
000946 	161 	78 	109 	109 
000947 	161 	78 	109 	109 
000948 	161 	78 	109 	109 
000949 	161 	78 	109 	109 
000950 	161 	78 	109 	109 
000951 	161 	66 	109 	109 
000952 	161 	66 	109 	109 
000953 	161 	66 	109 	109 
000954 	173 	66 	109 	109 
000955 	173 	66 	109 	109 
000956 	173 	66 	109 	109 
000957 	173 	66 	109 	109 
000958 	173 	66 	109 	109 
000959 	173 	66 	109 	109 
000960 	173 	66 	109 	109 
000961 	173 	66 	109 	109 
000962 	173 	66 	109 	109 
000963 	173 	66 	109 	109 
000964 	173 	66 	109 	109 
000965 	173 	66 	109 	109 
000966 	185 	66 	109 	109 
000967 	185 	66 	109 	109 
000968 	185 	66 	109 	109 
000969 	185 	66 	109 	109 
000970 	185 	66 	109 	109 
000971 	173 	66 	109 	109 
000972 	173 	66 	109 	109 
000973 	173 	66 	109 	109 
000974 	173 	66 	109 	109 
000975 	173 	66 	109 	109 
000976 	173 	66 	109 	109 
000977 	173 	66 	109 	109 
000978 	173 	66 	109 	109 
000979 	173 	66 	109 	109 
000980 	173 	66 	109 	109 
000981 	173 	66 	109 	109 
000982 	173 	66 	109 	109 
000983 	173 	66 	109 	109 
000984 	173 	66 	109 	109 
000985 	161 	66 	109 	109 
000986 	161 	66 	109 	109 
000987 	161 	66 	109 	109 
000988 	161 	66 	109 	109 
000989 	161 	66 	109 	109 
000990 	161 	66 	109 	109 
000991 	161 	66 	109 	109 
000992 	161 	78 	109 	109 
000993 	161 	78 	109 	109 
000994 	161 	78 	109 	109 
000995 	161 	78 	109 	109 
000996 	150 	78 	108 	109 
000997 	150 	78 	108 	109 
000998 	150 	78 	108 	109 
000999 	150 	78 	108 	109 
001000 	150 	78 	108 	109 
001001 	150 	78 	108 	109 
001002 	150 	78 	108 	109 
001003 	150 	78 	108 	109 
001004 	150 	78 	108 	109 
001005 	150 	66 	108 	109 
001006 	150 	66 	108 	109 
001007 	150 	66 	108 	109 
001008 	150 	66 	108 	109 
