Identity  : 	id10283
Reference : 	clznvDi-ybg
Offset    : 	-3
FV Conf   : 	14.886
ASD Conf  : 	7.547

FRAME 	X 	Y 	W 	H 
006154 	173 	43 	109 	108 
006155 	173 	43 	109 	108 
006156 	173 	43 	109 	108 
006157 	173 	43 	109 	108 
006158 	173 	43 	109 	108 
006159 	185 	43 	109 	108 
006160 	185 	43 	109 	108 
006161 	185 	43 	109 	108 
006162 	185 	43 	109 	108 
006163 	185 	31 	109 	108 
006164 	184 	45 	91 	91 
006165 	173 	43 	109 	108 
006166 	173 	43 	109 	108 
006167 	173 	43 	109 	108 
006168 	173 	43 	109 	108 
006169 	184 	55 	91 	91 
006170 	184 	55 	91 	91 
006171 	173 	43 	109 	108 
006172 	173 	43 	109 	108 
006173 	173 	43 	109 	108 
006174 	173 	43 	109 	108 
006175 	173 	43 	109 	108 
006176 	173 	43 	109 	108 
006177 	173 	43 	109 	108 
006178 	173 	43 	109 	108 
006179 	173 	43 	109 	108 
006180 	173 	43 	109 	108 
006181 	173 	43 	109 	108 
006182 	173 	43 	109 	108 
006183 	173 	43 	109 	108 
006184 	173 	43 	109 	108 
006185 	173 	43 	109 	108 
006186 	173 	43 	109 	108 
006187 	173 	43 	109 	108 
006188 	173 	43 	109 	108 
006189 	173 	43 	109 	108 
006190 	173 	43 	109 	108 
006191 	173 	43 	109 	108 
006192 	173 	43 	109 	108 
006193 	173 	43 	109 	108 
006194 	173 	43 	109 	108 
006195 	173 	43 	109 	108 
006196 	173 	43 	109 	108 
006197 	173 	43 	109 	108 
006198 	184 	45 	91 	91 
006199 	184 	45 	91 	91 
006200 	173 	43 	109 	108 
006201 	173 	43 	109 	108 
006202 	173 	43 	109 	108 
006203 	173 	43 	109 	108 
006204 	173 	43 	109 	108 
006205 	173 	43 	109 	108 
006206 	184 	45 	91 	91 
006207 	185 	43 	109 	108 
006208 	194 	45 	91 	91 
006209 	185 	43 	109 	108 
006210 	194 	45 	91 	91 
006211 	194 	45 	91 	91 
006212 	194 	45 	91 	91 
006213 	185 	31 	109 	108 
006214 	185 	31 	109 	108 
006215 	194 	45 	91 	91 
006216 	194 	45 	91 	91 
006217 	194 	45 	91 	91 
006218 	185 	31 	109 	108 
006219 	185 	31 	109 	108 
006220 	185 	31 	109 	108 
006221 	185 	31 	109 	108 
006222 	194 	45 	91 	91 
006223 	194 	45 	91 	91 
006224 	194 	45 	91 	91 
006225 	194 	45 	91 	91 
006226 	194 	45 	91 	91 
006227 	194 	45 	91 	91 
006228 	185 	43 	109 	108 
006229 	184 	45 	91 	91 
006230 	184 	45 	91 	91 
006231 	184 	45 	91 	91 
006232 	184 	45 	91 	91 
006233 	173 	43 	109 	108 
006234 	174 	45 	91 	91 
006235 	174 	45 	91 	91 
006236 	174 	45 	91 	91 
006237 	164 	45 	91 	91 
006238 	164 	45 	91 	91 
006239 	174 	45 	91 	91 
006240 	161 	43 	109 	108 
006241 	161 	43 	109 	108 
006242 	161 	43 	109 	108 
006243 	161 	43 	109 	108 
006244 	174 	45 	91 	91 
006245 	173 	43 	109 	108 
006246 	173 	43 	109 	108 
006247 	173 	43 	109 	108 
006248 	173 	43 	109 	108 
006249 	173 	43 	109 	108 
006250 	173 	43 	109 	108 
006251 	185 	43 	109 	108 
006252 	185 	43 	109 	108 
006253 	185 	43 	109 	108 
006254 	185 	43 	109 	108 
006255 	173 	43 	109 	108 
006256 	173 	43 	109 	108 
006257 	173 	43 	109 	108 
006258 	185 	43 	109 	108 
006259 	185 	43 	109 	108 
006260 	185 	43 	109 	108 
006261 	173 	43 	109 	108 
006262 	173 	43 	109 	108 
006263 	173 	43 	109 	108 
006264 	173 	43 	109 	108 
006265 	173 	43 	109 	108 
006266 	173 	43 	109 	108 
006267 	185 	31 	109 	108 
006268 	185 	31 	109 	108 
006269 	185 	31 	109 	108 
006270 	185 	31 	109 	108 
006271 	185 	31 	109 	108 
006272 	173 	43 	109 	108 
006273 	173 	43 	109 	108 
006274 	173 	43 	109 	108 
006275 	173 	43 	109 	108 
006276 	173 	43 	109 	108 
006277 	173 	43 	109 	108 
006278 	173 	43 	109 	108 
006279 	173 	43 	109 	108 
006280 	173 	43 	109 	108 
006281 	173 	43 	109 	108 
006282 	173 	43 	109 	108 
006283 	173 	43 	109 	108 
006284 	173 	43 	109 	108 
006285 	173 	43 	109 	108 
006286 	173 	43 	109 	108 
006287 	173 	43 	109 	108 
006288 	173 	43 	109 	108 
006289 	173 	43 	109 	108 
006290 	173 	43 	109 	108 
006291 	173 	43 	109 	108 
006292 	185 	43 	109 	108 
006293 	185 	43 	109 	108 
006294 	185 	43 	109 	108 
006295 	185 	43 	109 	108 
006296 	185 	43 	109 	108 
006297 	197 	43 	109 	108 
006298 	197 	43 	109 	108 
006299 	209 	43 	109 	108 
006300 	209 	43 	109 	108 
006301 	209 	43 	109 	108 
006302 	209 	43 	109 	108 
006303 	209 	43 	109 	108 
006304 	209 	43 	109 	108 
006305 	209 	43 	109 	108 
006306 	197 	43 	109 	108 
006307 	197 	43 	109 	108 
006308 	197 	43 	109 	108 
006309 	197 	43 	109 	108 
006310 	197 	43 	109 	108 
006311 	197 	43 	109 	108 
006312 	185 	43 	109 	108 
006313 	185 	43 	109 	108 
006314 	185 	43 	109 	108 
006315 	185 	43 	109 	108 
006316 	185 	43 	109 	108 
006317 	185 	43 	109 	108 
006318 	185 	43 	109 	108 
006319 	185 	43 	109 	108 
006320 	185 	43 	109 	108 
006321 	185 	43 	109 	108 
006322 	185 	43 	109 	108 
006323 	185 	43 	109 	108 
006324 	185 	43 	109 	108 
006325 	173 	54 	109 	109 
006326 	185 	43 	109 	108 
006327 	185 	43 	109 	108 
006328 	185 	43 	109 	108 
006329 	185 	43 	109 	108 
006330 	185 	43 	109 	108 
006331 	185 	43 	109 	108 
006332 	185 	43 	109 	108 
006333 	185 	43 	109 	108 
006334 	185 	43 	109 	108 
006335 	185 	43 	109 	108 
006336 	185 	43 	109 	108 
006337 	185 	43 	109 	108 
006338 	185 	43 	109 	108 
006339 	185 	43 	109 	108 
006340 	185 	43 	109 	108 
006341 	185 	43 	109 	108 
006342 	185 	43 	109 	108 
006343 	185 	43 	109 	108 
006344 	185 	43 	109 	108 
