Identity  : 	id10283
Reference : 	clznvDi-ybg
Offset    : 	-3
FV Conf   : 	15.752
ASD Conf  : 	8.489

FRAME 	X 	Y 	W 	H 
002675 	150 	43 	108 	108 
002676 	150 	43 	108 	108 
002677 	150 	43 	108 	108 
002678 	150 	43 	108 	108 
002679 	150 	43 	108 	108 
002680 	161 	43 	109 	108 
002681 	161 	43 	109 	108 
002682 	173 	43 	109 	108 
002683 	173 	43 	109 	108 
002684 	173 	43 	109 	108 
002685 	173 	43 	109 	108 
002686 	173 	43 	109 	108 
002687 	173 	43 	109 	108 
002688 	173 	43 	109 	108 
002689 	185 	43 	109 	108 
002690 	185 	43 	109 	108 
002691 	185 	43 	109 	108 
002692 	173 	43 	109 	108 
002693 	173 	43 	109 	108 
002694 	173 	43 	109 	108 
002695 	161 	43 	109 	108 
002696 	150 	54 	108 	109 
002697 	150 	54 	108 	109 
002698 	150 	54 	108 	109 
002699 	138 	54 	108 	109 
002700 	150 	54 	108 	109 
002701 	150 	54 	108 	109 
002702 	150 	54 	108 	109 
002703 	150 	54 	108 	109 
002704 	150 	54 	108 	109 
002705 	150 	54 	108 	109 
002706 	150 	54 	108 	109 
002707 	150 	54 	108 	109 
002708 	150 	54 	108 	109 
002709 	161 	54 	109 	109 
002710 	161 	54 	109 	109 
002711 	161 	54 	109 	109 
002712 	161 	54 	109 	109 
002713 	161 	54 	109 	109 
002714 	161 	54 	109 	109 
002715 	161 	54 	109 	109 
002716 	161 	54 	109 	109 
002717 	161 	54 	109 	109 
002718 	161 	54 	109 	109 
002719 	161 	54 	109 	109 
002720 	161 	54 	109 	109 
002721 	161 	54 	109 	109 
002722 	161 	54 	109 	109 
002723 	161 	54 	109 	109 
002724 	161 	54 	109 	109 
002725 	161 	54 	109 	109 
002726 	161 	54 	109 	109 
002727 	161 	54 	109 	109 
002728 	161 	54 	109 	109 
002729 	161 	54 	109 	109 
002730 	173 	54 	109 	109 
002731 	173 	54 	109 	109 
002732 	173 	54 	109 	109 
002733 	173 	54 	109 	109 
002734 	173 	54 	109 	109 
002735 	173 	54 	109 	109 
002736 	173 	54 	109 	109 
002737 	173 	54 	109 	109 
002738 	173 	54 	109 	109 
002739 	173 	54 	109 	109 
002740 	173 	54 	109 	109 
002741 	173 	54 	109 	109 
002742 	173 	54 	109 	109 
002743 	173 	54 	109 	109 
002744 	173 	54 	109 	109 
002745 	173 	54 	109 	109 
002746 	173 	54 	109 	109 
002747 	173 	54 	109 	109 
002748 	173 	54 	109 	109 
002749 	161 	54 	109 	109 
002750 	161 	54 	109 	109 
002751 	161 	54 	109 	109 
002752 	161 	54 	109 	109 
002753 	161 	54 	109 	109 
002754 	173 	54 	109 	109 
002755 	161 	54 	109 	109 
002756 	161 	54 	109 	109 
002757 	161 	54 	109 	109 
002758 	161 	54 	109 	109 
002759 	161 	54 	109 	109 
002760 	161 	54 	109 	109 
002761 	161 	54 	109 	109 
002762 	161 	54 	109 	109 
002763 	173 	54 	109 	109 
002764 	173 	54 	109 	109 
002765 	185 	43 	109 	108 
002766 	185 	43 	109 	108 
002767 	197 	43 	109 	108 
002768 	197 	43 	109 	108 
002769 	197 	43 	109 	108 
002770 	197 	43 	109 	108 
002771 	197 	43 	109 	108 
002772 	197 	43 	109 	108 
002773 	197 	43 	109 	108 
002774 	197 	43 	109 	108 
002775 	197 	43 	109 	108 
002776 	185 	43 	109 	108 
002777 	185 	43 	109 	108 
002778 	185 	43 	109 	108 
002779 	173 	43 	109 	108 
002780 	173 	43 	109 	108 
002781 	173 	43 	109 	108 
002782 	161 	43 	109 	108 
002783 	161 	43 	109 	108 
002784 	161 	43 	109 	108 
002785 	161 	43 	109 	108 
002786 	161 	43 	109 	108 
002787 	161 	43 	109 	108 
002788 	161 	43 	109 	108 
002789 	161 	43 	109 	108 
002790 	161 	43 	109 	108 
002791 	161 	43 	109 	108 
002792 	161 	43 	109 	108 
002793 	161 	43 	109 	108 
002794 	161 	43 	109 	108 
002795 	161 	54 	109 	109 
002796 	161 	54 	109 	109 
002797 	161 	54 	109 	109 
002798 	161 	54 	109 	109 
002799 	164 	55 	91 	91 
002800 	164 	55 	91 	91 
002801 	164 	55 	91 	91 
002802 	164 	55 	91 	91 
002803 	164 	55 	91 	91 
002804 	150 	43 	108 	108 
002805 	150 	43 	108 	108 
002806 	150 	43 	108 	108 
002807 	150 	43 	108 	108 
002808 	150 	43 	108 	108 
002809 	150 	43 	108 	108 
002810 	150 	43 	108 	108 
002811 	150 	43 	108 	108 
002812 	150 	43 	108 	108 
002813 	150 	43 	108 	108 
002814 	150 	43 	108 	108 
002815 	150 	43 	108 	108 
002816 	164 	55 	91 	91 
002817 	164 	55 	91 	91 
002818 	161 	43 	109 	108 
002819 	164 	55 	91 	91 
002820 	150 	43 	108 	108 
002821 	150 	43 	108 	108 
002822 	150 	43 	108 	108 
002823 	150 	43 	108 	108 
002824 	161 	43 	109 	108 
002825 	161 	43 	109 	108 
002826 	161 	43 	109 	108 
002827 	161 	43 	109 	108 
002828 	161 	43 	109 	108 
002829 	161 	43 	109 	108 
002830 	161 	43 	109 	108 
002831 	161 	43 	109 	108 
002832 	161 	43 	109 	108 
002833 	161 	43 	109 	108 
002834 	161 	43 	109 	108 
002835 	161 	43 	109 	108 
002836 	161 	43 	109 	108 
002837 	161 	43 	109 	108 
002838 	161 	43 	109 	108 
002839 	161 	43 	109 	108 
002840 	161 	43 	109 	108 
002841 	161 	43 	109 	108 
002842 	161 	43 	109 	108 
002843 	161 	43 	109 	108 
002844 	161 	43 	109 	108 
002845 	161 	43 	109 	108 
002846 	161 	43 	109 	108 
002847 	161 	43 	109 	108 
002848 	161 	43 	109 	108 
002849 	161 	43 	109 	108 
002850 	161 	43 	109 	108 
002851 	161 	43 	109 	108 
002852 	161 	43 	109 	108 
002853 	161 	43 	109 	108 
002854 	161 	43 	109 	108 
002855 	161 	43 	109 	108 
002856 	161 	43 	109 	108 
002857 	150 	43 	108 	108 
002858 	150 	43 	108 	108 
002859 	150 	43 	108 	108 
002860 	150 	43 	108 	108 
002861 	150 	43 	108 	108 
002862 	150 	43 	108 	108 
002863 	150 	43 	108 	108 
002864 	150 	43 	108 	108 
002865 	150 	43 	108 	108 
002866 	150 	43 	108 	108 
002867 	150 	43 	108 	108 
002868 	150 	43 	108 	108 
002869 	150 	43 	108 	108 
002870 	150 	43 	108 	108 
002871 	150 	43 	108 	108 
002872 	150 	43 	108 	108 
002873 	150 	43 	108 	108 
002874 	150 	43 	108 	108 
002875 	150 	43 	108 	108 
002876 	150 	43 	108 	108 
002877 	150 	43 	108 	108 
002878 	150 	43 	108 	108 
002879 	150 	43 	108 	108 
002880 	150 	43 	108 	108 
002881 	150 	43 	108 	108 
002882 	150 	43 	108 	108 
002883 	150 	43 	108 	108 
002884 	150 	43 	108 	108 
002885 	150 	43 	108 	108 
002886 	150 	43 	108 	108 
002887 	150 	43 	108 	108 
002888 	150 	43 	108 	108 
002889 	150 	43 	108 	108 
002890 	150 	43 	108 	108 
002891 	150 	43 	108 	108 
002892 	150 	43 	108 	108 
002893 	150 	43 	108 	108 
002894 	150 	43 	108 	108 
002895 	150 	43 	108 	108 
002896 	150 	43 	108 	108 
002897 	150 	43 	108 	108 
002898 	150 	31 	108 	108 
002899 	150 	31 	108 	108 
002900 	150 	43 	108 	108 
002901 	150 	31 	108 	108 
002902 	150 	31 	108 	108 
002903 	150 	31 	108 	108 
002904 	150 	43 	108 	108 
002905 	150 	43 	108 	108 
002906 	150 	43 	108 	108 
002907 	150 	43 	108 	108 
002908 	150 	43 	108 	108 
