Identity  : 	id10283
Reference : 	clznvDi-ybg
Offset    : 	-3
FV Conf   : 	12.868
ASD Conf  : 	6.888

FRAME 	X 	Y 	W 	H 
014758 	214 	55 	91 	91 
014759 	214 	55 	91 	91 
014760 	214 	55 	91 	91 
014761 	214 	55 	91 	91 
014762 	214 	55 	91 	91 
014763 	214 	55 	91 	91 
014764 	214 	55 	91 	91 
014765 	214 	55 	91 	91 
014766 	214 	55 	91 	91 
014767 	214 	55 	91 	91 
014768 	214 	55 	91 	91 
014769 	214 	55 	91 	91 
014770 	214 	55 	91 	91 
014771 	209 	43 	109 	108 
014772 	209 	43 	109 	108 
014773 	209 	43 	109 	108 
014774 	209 	43 	109 	108 
014775 	209 	43 	109 	108 
014776 	214 	45 	91 	91 
014777 	214 	45 	91 	91 
014778 	214 	45 	91 	91 
014779 	214 	45 	91 	91 
014780 	214 	45 	91 	91 
014781 	214 	45 	91 	91 
014782 	214 	55 	91 	91 
014783 	214 	55 	91 	91 
014784 	214 	55 	91 	91 
014785 	214 	55 	91 	91 
014786 	214 	55 	91 	91 
014787 	197 	43 	109 	108 
014788 	197 	43 	109 	108 
014789 	204 	55 	91 	91 
014790 	204 	55 	91 	91 
014791 	204 	55 	91 	91 
014792 	204 	55 	91 	91 
014793 	204 	55 	91 	91 
014794 	204 	55 	91 	91 
014795 	204 	55 	91 	91 
014796 	204 	55 	91 	91 
014797 	204 	55 	91 	91 
014798 	204 	55 	91 	91 
014799 	204 	55 	91 	91 
014800 	204 	55 	91 	91 
014801 	204 	55 	91 	91 
014802 	204 	55 	91 	91 
014803 	204 	55 	91 	91 
014804 	204 	55 	91 	91 
014805 	204 	55 	91 	91 
014806 	204 	55 	91 	91 
014807 	204 	55 	91 	91 
014808 	204 	55 	91 	91 
014809 	204 	55 	91 	91 
014810 	204 	55 	91 	91 
014811 	204 	55 	91 	91 
014812 	204 	55 	91 	91 
014813 	204 	55 	91 	91 
014814 	204 	55 	91 	91 
014815 	197 	54 	109 	109 
014816 	197 	54 	109 	109 
014817 	197 	54 	109 	109 
014818 	197 	54 	109 	109 
014819 	197 	54 	109 	109 
014820 	197 	54 	109 	109 
014821 	197 	54 	109 	109 
014822 	209 	43 	109 	108 
014823 	209 	43 	109 	108 
014824 	209 	43 	109 	108 
014825 	209 	43 	109 	108 
014826 	209 	43 	109 	108 
014827 	224 	55 	91 	91 
014828 	221 	43 	109 	108 
014829 	221 	43 	109 	108 
014830 	234 	55 	90 	91 
014831 	234 	55 	90 	91 
014832 	234 	55 	90 	91 
014833 	233 	43 	109 	108 
014834 	233 	43 	109 	108 
014835 	244 	55 	90 	91 
014836 	244 	55 	90 	91 
014837 	244 	55 	90 	91 
014838 	244 	55 	90 	91 
014839 	233 	43 	109 	108 
014840 	233 	43 	109 	108 
014841 	234 	55 	90 	91 
014842 	234 	55 	90 	91 
014843 	221 	43 	109 	108 
014844 	221 	43 	109 	108 
014845 	221 	43 	109 	108 
014846 	224 	45 	91 	91 
014847 	224 	45 	91 	91 
014848 	224 	55 	91 	91 
014849 	224 	55 	91 	91 
014850 	224 	55 	91 	91 
014851 	209 	54 	109 	109 
014852 	209 	54 	109 	109 
014853 	209 	54 	109 	109 
014854 	209 	54 	109 	109 
014855 	209 	54 	109 	109 
014856 	209 	54 	109 	109 
014857 	209 	54 	109 	109 
014858 	209 	54 	109 	109 
014859 	209 	54 	109 	109 
014860 	209 	54 	109 	109 
014861 	209 	54 	109 	109 
014862 	209 	54 	109 	109 
014863 	209 	54 	109 	109 
014864 	224 	65 	91 	91 
014865 	224 	65 	91 	91 
014866 	224 	65 	91 	91 
014867 	224 	65 	91 	91 
014868 	224 	65 	91 	91 
014869 	224 	65 	91 	91 
014870 	224 	65 	91 	91 
014871 	221 	54 	109 	109 
014872 	221 	54 	109 	109 
014873 	221 	54 	109 	109 
014874 	221 	54 	109 	109 
014875 	221 	54 	109 	109 
014876 	221 	54 	109 	109 
014877 	221 	54 	109 	109 
014878 	221 	54 	109 	109 
014879 	221 	54 	109 	109 
014880 	221 	54 	109 	109 
014881 	221 	54 	109 	109 
014882 	221 	54 	109 	109 
014883 	221 	54 	109 	109 
014884 	221 	54 	109 	109 
