Identity  : 	id10282
Reference : 	zGjY8J48FoE
Offset    : 	-3
FV Conf   : 	14.613
ASD Conf  : 	6.040

FRAME 	X 	Y 	W 	H 
001225 	128 	87 	76 	76 
001226 	128 	87 	76 	76 
001227 	114 	85 	91 	91 
001228 	128 	87 	76 	76 
001229 	128 	87 	76 	76 
001230 	114 	85 	91 	91 
001231 	114 	85 	91 	91 
001232 	114 	85 	91 	91 
001233 	128 	87 	76 	76 
001234 	128 	87 	76 	76 
001235 	128 	87 	76 	76 
001236 	128 	87 	76 	76 
001237 	114 	85 	91 	91 
001238 	114 	85 	91 	91 
001239 	114 	85 	91 	91 
001240 	114 	85 	91 	91 
001241 	128 	87 	76 	76 
001242 	128 	87 	76 	76 
001243 	128 	87 	76 	76 
001244 	128 	87 	76 	76 
001245 	128 	87 	76 	76 
001246 	114 	85 	91 	91 
001247 	128 	87 	76 	76 
001248 	128 	87 	76 	76 
001249 	128 	87 	76 	76 
001250 	128 	87 	76 	76 
001251 	128 	87 	76 	76 
001252 	128 	87 	76 	76 
001253 	128 	87 	76 	76 
001254 	114 	85 	91 	91 
001255 	114 	85 	91 	91 
001256 	114 	85 	91 	91 
001257 	128 	87 	76 	76 
001258 	114 	85 	91 	91 
001259 	128 	87 	76 	76 
001260 	128 	87 	76 	76 
001261 	128 	87 	76 	76 
001262 	128 	87 	76 	76 
001263 	128 	87 	76 	76 
001264 	128 	87 	76 	76 
001265 	128 	87 	76 	76 
001266 	128 	87 	76 	76 
001267 	128 	87 	76 	76 
001268 	128 	87 	76 	76 
001269 	128 	87 	76 	76 
001270 	128 	87 	76 	76 
001271 	128 	87 	76 	76 
001272 	128 	87 	76 	76 
001273 	128 	87 	76 	76 
001274 	128 	87 	76 	76 
001275 	128 	87 	76 	76 
001276 	128 	87 	76 	76 
001277 	128 	87 	76 	76 
001278 	128 	87 	76 	76 
001279 	128 	87 	76 	76 
001280 	128 	87 	76 	76 
001281 	128 	87 	76 	76 
001282 	128 	87 	76 	76 
001283 	128 	87 	76 	76 
001284 	128 	87 	76 	76 
001285 	128 	87 	76 	76 
001286 	128 	87 	76 	76 
001287 	141 	87 	64 	63 
001288 	141 	87 	64 	63 
001289 	141 	87 	64 	63 
001290 	141 	87 	64 	63 
001291 	137 	79 	75 	76 
001292 	137 	79 	75 	76 
001293 	137 	79 	75 	76 
001294 	124 	75 	91 	91 
001295 	124 	75 	91 	91 
001296 	128 	79 	76 	76 
001297 	128 	79 	76 	76 
001298 	128 	79 	76 	76 
001299 	128 	79 	76 	76 
001300 	128 	79 	76 	76 
001301 	128 	79 	76 	76 
001302 	128 	79 	76 	76 
001303 	128 	79 	76 	76 
001304 	128 	79 	76 	76 
001305 	128 	79 	76 	76 
001306 	128 	79 	76 	76 
001307 	134 	80 	64 	63 
001308 	128 	79 	76 	76 
001309 	128 	79 	76 	76 
001310 	128 	79 	76 	76 
001311 	128 	79 	76 	76 
001312 	128 	79 	76 	76 
001313 	128 	79 	76 	76 
001314 	128 	71 	76 	75 
001315 	128 	79 	76 	76 
001316 	128 	71 	76 	75 
001317 	124 	65 	91 	91 
001318 	124 	65 	91 	91 
001319 	137 	71 	75 	75 
001320 	137 	71 	75 	75 
001321 	141 	80 	64 	63 
001322 	141 	80 	64 	63 
001323 	141 	80 	64 	63 
001324 	137 	79 	75 	76 
001325 	137 	79 	75 	76 
001326 	137 	79 	75 	76 
001327 	137 	79 	75 	76 
001328 	137 	79 	75 	76 
001329 	137 	79 	75 	76 
001330 	141 	80 	64 	63 
001331 	124 	75 	91 	91 
001332 	124 	75 	91 	91 
001333 	124 	75 	91 	91 
001334 	128 	79 	76 	76 
001335 	128 	79 	76 	76 
001336 	128 	79 	76 	76 
001337 	128 	79 	76 	76 
001338 	128 	79 	76 	76 
001339 	120 	87 	76 	76 
001340 	120 	87 	76 	76 
001341 	120 	87 	76 	76 
001342 	114 	75 	91 	91 
001343 	114 	75 	91 	91 
001344 	105 	75 	90 	91 
001345 	105 	75 	90 	91 
001346 	105 	75 	90 	91 
001347 	105 	75 	90 	91 
001348 	105 	75 	90 	91 
001349 	105 	75 	90 	91 
001350 	105 	75 	90 	91 
001351 	112 	71 	75 	75 
001352 	112 	79 	75 	76 
001353 	112 	79 	75 	76 
001354 	112 	71 	75 	75 
001355 	112 	71 	75 	75 
001356 	112 	71 	75 	75 
001357 	112 	71 	75 	75 
001358 	112 	71 	75 	75 
001359 	112 	79 	75 	76 
001360 	112 	79 	75 	76 
001361 	105 	75 	90 	91 
001362 	112 	79 	75 	76 
001363 	112 	79 	75 	76 
001364 	112 	79 	75 	76 
001365 	112 	79 	75 	76 
001366 	112 	79 	75 	76 
001367 	112 	79 	75 	76 
001368 	112 	79 	75 	76 
001369 	112 	79 	75 	76 
001370 	105 	75 	90 	91 
001371 	105 	75 	90 	91 
001372 	105 	75 	90 	91 
001373 	105 	75 	90 	91 
001374 	105 	75 	90 	91 
001375 	120 	79 	76 	76 
001376 	120 	79 	76 	76 
001377 	120 	79 	76 	76 
001378 	120 	79 	76 	76 
001379 	120 	79 	76 	76 
001380 	120 	79 	76 	76 
001381 	120 	79 	76 	76 
001382 	120 	79 	76 	76 
001383 	120 	79 	76 	76 
001384 	120 	87 	76 	76 
001385 	120 	87 	76 	76 
001386 	120 	87 	76 	76 
001387 	120 	87 	76 	76 
001388 	120 	87 	76 	76 
001389 	120 	87 	76 	76 
001390 	120 	87 	76 	76 
001391 	120 	87 	76 	76 
001392 	120 	87 	76 	76 
001393 	120 	87 	76 	76 
001394 	120 	87 	76 	76 
001395 	120 	87 	76 	76 
001396 	120 	87 	76 	76 
001397 	120 	87 	76 	76 
001398 	120 	87 	76 	76 
001399 	120 	87 	76 	76 
001400 	128 	87 	76 	76 
001401 	128 	87 	76 	76 
001402 	128 	87 	76 	76 
001403 	128 	87 	76 	76 
001404 	128 	87 	76 	76 
001405 	120 	87 	76 	76 
001406 	120 	87 	76 	76 
001407 	128 	87 	76 	76 
001408 	120 	87 	76 	76 
001409 	120 	87 	76 	76 
001410 	128 	87 	76 	76 
001411 	120 	87 	76 	76 
001412 	120 	87 	76 	76 
001413 	120 	87 	76 	76 
001414 	120 	87 	76 	76 
001415 	120 	87 	76 	76 
001416 	114 	85 	91 	91 
001417 	114 	85 	91 	91 
001418 	114 	85 	91 	91 
001419 	114 	85 	91 	91 
001420 	114 	85 	91 	91 
001421 	120 	87 	76 	76 
001422 	120 	87 	76 	76 
001423 	120 	87 	76 	76 
001424 	120 	87 	76 	76 
001425 	120 	87 	76 	76 
001426 	120 	87 	76 	76 
001427 	120 	87 	76 	76 
