Identity  : 	id10282
Reference : 	zGjY8J48FoE
Offset    : 	-3
FV Conf   : 	14.613
ASD Conf  : 	7.022

FRAME 	X 	Y 	W 	H 
001081 	114 	75 	91 	91 
001082 	114 	75 	91 	91 
001083 	128 	79 	76 	76 
001084 	128 	79 	76 	76 
001085 	128 	79 	76 	76 
001086 	128 	79 	76 	76 
001087 	128 	87 	76 	76 
001088 	128 	87 	76 	76 
001089 	128 	87 	76 	76 
001090 	128 	87 	76 	76 
001091 	128 	87 	76 	76 
001092 	128 	87 	76 	76 
001093 	128 	87 	76 	76 
001094 	128 	87 	76 	76 
001095 	128 	87 	76 	76 
001096 	128 	87 	76 	76 
001097 	128 	87 	76 	76 
001098 	128 	87 	76 	76 
001099 	128 	87 	76 	76 
001100 	128 	87 	76 	76 
001101 	128 	87 	76 	76 
001102 	128 	87 	76 	76 
001103 	128 	87 	76 	76 
001104 	128 	87 	76 	76 
001105 	128 	87 	76 	76 
001106 	128 	87 	76 	76 
001107 	128 	87 	76 	76 
001108 	128 	87 	76 	76 
001109 	128 	87 	76 	76 
001110 	128 	87 	76 	76 
001111 	128 	87 	76 	76 
001112 	128 	87 	76 	76 
001113 	128 	87 	76 	76 
001114 	128 	87 	76 	76 
001115 	128 	87 	76 	76 
001116 	128 	87 	76 	76 
001117 	128 	87 	76 	76 
001118 	128 	87 	76 	76 
001119 	128 	87 	76 	76 
001120 	128 	87 	76 	76 
001121 	128 	87 	76 	76 
001122 	128 	87 	76 	76 
001123 	128 	87 	76 	76 
001124 	114 	85 	91 	91 
001125 	114 	85 	91 	91 
001126 	114 	85 	91 	91 
001127 	114 	85 	91 	91 
001128 	114 	85 	91 	91 
001129 	114 	85 	91 	91 
001130 	114 	85 	91 	91 
001131 	114 	85 	91 	91 
001132 	114 	85 	91 	91 
001133 	114 	85 	91 	91 
001134 	114 	85 	91 	91 
001135 	120 	96 	76 	75 
001136 	120 	96 	76 	75 
001137 	120 	96 	76 	75 
001138 	120 	96 	76 	75 
001139 	120 	96 	76 	75 
001140 	120 	96 	76 	75 
001141 	120 	96 	76 	75 
001142 	120 	96 	76 	75 
001143 	120 	96 	76 	75 
001144 	120 	96 	76 	75 
001145 	120 	96 	76 	75 
001146 	120 	96 	76 	75 
001147 	120 	96 	76 	75 
001148 	120 	96 	76 	75 
001149 	120 	96 	76 	75 
001150 	120 	96 	76 	75 
001151 	120 	96 	76 	75 
001152 	120 	96 	76 	75 
001153 	112 	96 	75 	75 
001154 	112 	96 	75 	75 
001155 	120 	96 	76 	75 
001156 	120 	96 	76 	75 
001157 	120 	96 	76 	75 
001158 	120 	96 	76 	75 
001159 	120 	96 	76 	75 
001160 	120 	96 	76 	75 
001161 	120 	96 	76 	75 
001162 	120 	96 	76 	75 
001163 	120 	96 	76 	75 
001164 	120 	96 	76 	75 
001165 	120 	96 	76 	75 
001166 	120 	96 	76 	75 
001167 	120 	96 	76 	75 
001168 	120 	96 	76 	75 
001169 	120 	96 	76 	75 
001170 	120 	96 	76 	75 
001171 	120 	96 	76 	75 
001172 	120 	96 	76 	75 
001173 	120 	96 	76 	75 
001174 	120 	96 	76 	75 
001175 	114 	85 	91 	91 
001176 	114 	85 	91 	91 
001177 	114 	85 	91 	91 
001178 	114 	85 	91 	91 
001179 	114 	85 	91 	91 
001180 	114 	85 	91 	91 
001181 	114 	85 	91 	91 
001182 	114 	85 	91 	91 
001183 	114 	85 	91 	91 
001184 	114 	85 	91 	91 
001185 	114 	85 	91 	91 
001186 	114 	85 	91 	91 
001187 	114 	85 	91 	91 
001188 	114 	85 	91 	91 
001189 	114 	85 	91 	91 
001190 	114 	85 	91 	91 
001191 	114 	85 	91 	91 
001192 	114 	85 	91 	91 
001193 	114 	85 	91 	91 
001194 	114 	85 	91 	91 
001195 	114 	85 	91 	91 
001196 	128 	87 	76 	76 
001197 	128 	87 	76 	76 
001198 	128 	87 	76 	76 
001199 	128 	87 	76 	76 
001200 	114 	85 	91 	91 
001201 	114 	85 	91 	91 
001202 	114 	85 	91 	91 
