Identity  : 	id10306
Reference : 	ehwAeTUqH0s
Offset    : 	0
FV Conf   : 	17.034
ASD Conf  : 	7.557

FRAME 	X 	Y 	W 	H 
006413 	341 	66 	108 	109 
006414 	341 	66 	108 	109 
006415 	341 	66 	108 	109 
006416 	341 	66 	108 	109 
006417 	341 	66 	108 	109 
006418 	341 	66 	108 	109 
006419 	341 	66 	108 	109 
006420 	341 	66 	108 	109 
006421 	353 	65 	91 	91 
006422 	353 	65 	91 	91 
006423 	353 	65 	91 	91 
006424 	353 	65 	91 	91 
006425 	353 	65 	91 	91 
006426 	353 	65 	91 	91 
006427 	353 	65 	91 	91 
006428 	353 	65 	91 	91 
006429 	343 	65 	91 	91 
006430 	343 	65 	91 	91 
006431 	343 	65 	91 	91 
006432 	343 	65 	91 	91 
006433 	343 	65 	91 	91 
006434 	341 	66 	108 	109 
006435 	353 	65 	91 	91 
006436 	353 	65 	91 	91 
006437 	353 	65 	91 	91 
006438 	353 	65 	91 	91 
006439 	343 	65 	91 	91 
006440 	343 	65 	91 	91 
006441 	343 	65 	91 	91 
006442 	343 	65 	91 	91 
006443 	343 	65 	91 	91 
006444 	343 	65 	91 	91 
006445 	343 	65 	91 	91 
006446 	343 	65 	91 	91 
006447 	343 	75 	91 	91 
006448 	341 	66 	108 	109 
006449 	341 	66 	108 	109 
006450 	341 	66 	108 	109 
006451 	341 	66 	108 	109 
006452 	343 	75 	91 	91 
006453 	341 	66 	108 	109 
006454 	341 	66 	108 	109 
006455 	341 	66 	108 	109 
006456 	341 	66 	108 	109 
006457 	341 	66 	108 	109 
006458 	341 	66 	108 	109 
006459 	353 	75 	91 	91 
006460 	353 	75 	91 	91 
006461 	353 	75 	91 	91 
006462 	353 	75 	91 	91 
006463 	353 	75 	91 	91 
006464 	353 	75 	91 	91 
006465 	353 	75 	91 	91 
006466 	353 	75 	91 	91 
006467 	353 	75 	91 	91 
006468 	353 	75 	91 	91 
006469 	343 	75 	91 	91 
006470 	343 	75 	91 	91 
006471 	353 	75 	91 	91 
006472 	341 	66 	108 	109 
006473 	341 	66 	108 	109 
006474 	341 	66 	108 	109 
006475 	341 	66 	108 	109 
006476 	341 	66 	108 	109 
006477 	341 	66 	108 	109 
006478 	341 	66 	108 	109 
006479 	341 	66 	108 	109 
006480 	341 	66 	108 	109 
006481 	341 	66 	108 	109 
006482 	341 	66 	108 	109 
006483 	341 	54 	108 	109 
006484 	341 	54 	108 	109 
006485 	353 	55 	91 	91 
006486 	353 	55 	91 	91 
006487 	353 	55 	91 	91 
006488 	353 	55 	91 	91 
006489 	353 	55 	91 	91 
006490 	353 	55 	91 	91 
006491 	353 	55 	91 	91 
006492 	353 	55 	91 	91 
006493 	353 	55 	91 	91 
006494 	353 	55 	91 	91 
006495 	353 	55 	91 	91 
006496 	353 	55 	91 	91 
006497 	353 	55 	91 	91 
006498 	353 	55 	91 	91 
006499 	353 	55 	91 	91 
006500 	353 	55 	91 	91 
006501 	353 	55 	91 	91 
006502 	341 	43 	108 	108 
006503 	341 	43 	108 	108 
006504 	343 	55 	91 	91 
006505 	343 	55 	91 	91 
006506 	343 	55 	91 	91 
006507 	343 	55 	91 	91 
006508 	343 	55 	91 	91 
006509 	343 	55 	91 	91 
006510 	343 	55 	91 	91 
006511 	343 	55 	91 	91 
006512 	343 	55 	91 	91 
006513 	343 	55 	91 	91 
006514 	343 	55 	91 	91 
