Identity  : 	id10276
Reference : 	FDhJhEu0JUM
Offset    : 	0
FV Conf   : 	22.360
ASD Conf  : 	7.150

FRAME 	X 	Y 	W 	H 
000908 	214 	55 	91 	91 
000909 	220 	62 	75 	76 
000910 	214 	55 	91 	91 
000911 	214 	55 	91 	91 
000912 	214 	55 	91 	91 
000913 	214 	55 	91 	91 
000914 	214 	55 	91 	91 
000915 	214 	55 	91 	91 
000916 	220 	62 	75 	76 
000917 	220 	62 	75 	76 
000918 	214 	55 	91 	91 
000919 	214 	55 	91 	91 
000920 	214 	55 	91 	91 
000921 	214 	55 	91 	91 
000922 	214 	55 	91 	91 
000923 	214 	55 	91 	91 
000924 	214 	55 	91 	91 
000925 	214 	55 	91 	91 
000926 	204 	45 	91 	91 
000927 	204 	45 	91 	91 
000928 	204 	45 	91 	91 
000929 	204 	45 	91 	91 
000930 	204 	45 	91 	91 
000931 	204 	55 	91 	91 
000932 	204 	55 	91 	91 
000933 	204 	55 	91 	91 
000934 	204 	55 	91 	91 
000935 	204 	55 	91 	91 
000936 	204 	65 	91 	91 
000937 	203 	71 	76 	75 
000938 	203 	71 	76 	75 
000939 	203 	71 	76 	75 
000940 	203 	71 	76 	75 
000941 	194 	55 	91 	91 
000942 	194 	55 	91 	91 
000943 	194 	55 	91 	91 
000944 	195 	62 	75 	76 
000945 	194 	55 	91 	91 
000946 	194 	55 	91 	91 
000947 	194 	55 	91 	91 
000948 	194 	55 	91 	91 
000949 	194 	55 	91 	91 
000950 	194 	45 	91 	91 
000951 	194 	45 	91 	91 
000952 	194 	45 	91 	91 
000953 	194 	45 	91 	91 
000954 	194 	45 	91 	91 
000955 	194 	45 	91 	91 
000956 	203 	54 	76 	76 
000957 	203 	54 	76 	76 
000958 	203 	54 	76 	76 
000959 	204 	45 	91 	91 
000960 	204 	45 	91 	91 
000961 	204 	45 	91 	91 
000962 	204 	45 	91 	91 
000963 	204 	45 	91 	91 
000964 	204 	45 	91 	91 
000965 	204 	45 	91 	91 
000966 	204 	45 	91 	91 
000967 	204 	45 	91 	91 
000968 	204 	45 	91 	91 
000969 	204 	45 	91 	91 
000970 	204 	45 	91 	91 
000971 	204 	45 	91 	91 
000972 	204 	45 	91 	91 
000973 	204 	45 	91 	91 
000974 	204 	45 	91 	91 
000975 	204 	45 	91 	91 
000976 	204 	45 	91 	91 
000977 	204 	45 	91 	91 
000978 	204 	45 	91 	91 
000979 	204 	55 	91 	91 
000980 	204 	55 	91 	91 
000981 	204 	55 	91 	91 
000982 	204 	55 	91 	91 
000983 	204 	55 	91 	91 
000984 	204 	55 	91 	91 
000985 	204 	55 	91 	91 
000986 	204 	55 	91 	91 
000987 	204 	55 	91 	91 
000988 	204 	55 	91 	91 
000989 	204 	55 	91 	91 
000990 	204 	55 	91 	91 
000991 	204 	55 	91 	91 
000992 	204 	55 	91 	91 
000993 	204 	55 	91 	91 
000994 	204 	55 	91 	91 
000995 	204 	55 	91 	91 
000996 	204 	55 	91 	91 
000997 	204 	55 	91 	91 
000998 	204 	55 	91 	91 
000999 	204 	55 	91 	91 
001000 	204 	55 	91 	91 
001001 	204 	55 	91 	91 
001002 	204 	55 	91 	91 
001003 	204 	55 	91 	91 
001004 	204 	55 	91 	91 
001005 	204 	55 	91 	91 
001006 	204 	55 	91 	91 
001007 	204 	55 	91 	91 
001008 	204 	55 	91 	91 
001009 	204 	55 	91 	91 
001010 	204 	55 	91 	91 
001011 	204 	55 	91 	91 
001012 	204 	55 	91 	91 
001013 	204 	55 	91 	91 
001014 	204 	55 	91 	91 
001015 	204 	55 	91 	91 
001016 	204 	55 	91 	91 
001017 	204 	55 	91 	91 
001018 	204 	55 	91 	91 
001019 	204 	55 	91 	91 
001020 	211 	62 	76 	76 
001021 	211 	62 	76 	76 
001022 	211 	62 	76 	76 
001023 	211 	62 	76 	76 
001024 	204 	55 	91 	91 
001025 	211 	62 	76 	76 
001026 	211 	62 	76 	76 
001027 	211 	62 	76 	76 
001028 	211 	62 	76 	76 
001029 	211 	62 	76 	76 
001030 	211 	71 	76 	75 
001031 	211 	71 	76 	75 
001032 	211 	71 	76 	75 
001033 	204 	55 	91 	91 
001034 	204 	55 	91 	91 
001035 	204 	55 	91 	91 
001036 	204 	55 	91 	91 
001037 	204 	55 	91 	91 
001038 	204 	55 	91 	91 
001039 	204 	55 	91 	91 
001040 	204 	55 	91 	91 
001041 	204 	55 	91 	91 
001042 	204 	55 	91 	91 
001043 	204 	55 	91 	91 
001044 	204 	55 	91 	91 
001045 	204 	55 	91 	91 
001046 	204 	55 	91 	91 
001047 	204 	55 	91 	91 
001048 	204 	55 	91 	91 
001049 	211 	62 	76 	76 
001050 	211 	62 	76 	76 
001051 	211 	62 	76 	76 
001052 	211 	62 	76 	76 
001053 	211 	62 	76 	76 
001054 	211 	62 	76 	76 
001055 	211 	62 	76 	76 
001056 	211 	62 	76 	76 
001057 	211 	62 	76 	76 
001058 	211 	62 	76 	76 
001059 	211 	62 	76 	76 
001060 	211 	62 	76 	76 
001061 	211 	62 	76 	76 
001062 	214 	55 	91 	91 
001063 	214 	55 	91 	91 
001064 	214 	55 	91 	91 
001065 	214 	55 	91 	91 
001066 	214 	55 	91 	91 
001067 	214 	55 	91 	91 
001068 	220 	71 	75 	75 
001069 	211 	71 	76 	75 
001070 	211 	71 	76 	75 
001071 	211 	71 	76 	75 
001072 	204 	55 	91 	91 
001073 	204 	55 	91 	91 
001074 	204 	55 	91 	91 
001075 	204 	55 	91 	91 
001076 	211 	62 	76 	76 
001077 	214 	55 	91 	91 
001078 	220 	62 	75 	76 
001079 	220 	62 	75 	76 
001080 	220 	71 	75 	75 
001081 	220 	71 	75 	75 
001082 	220 	71 	75 	75 
001083 	220 	71 	75 	75 
001084 	220 	71 	75 	75 
001085 	220 	71 	75 	75 
001086 	220 	71 	75 	75 
001087 	214 	65 	91 	91 
001088 	214 	65 	91 	91 
001089 	211 	71 	76 	75 
001090 	211 	71 	76 	75 
001091 	211 	71 	76 	75 
001092 	211 	71 	76 	75 
001093 	211 	71 	76 	75 
001094 	211 	71 	76 	75 
001095 	211 	71 	76 	75 
001096 	204 	55 	91 	91 
001097 	204 	55 	91 	91 
001098 	214 	55 	91 	91 
001099 	214 	55 	91 	91 
001100 	220 	62 	75 	76 
001101 	220 	62 	75 	76 
001102 	214 	55 	91 	91 
001103 	214 	55 	91 	91 
001104 	220 	62 	75 	76 
001105 	214 	55 	91 	91 
001106 	214 	55 	91 	91 
001107 	214 	45 	91 	91 
001108 	214 	45 	91 	91 
001109 	214 	45 	91 	91 
001110 	214 	45 	91 	91 
001111 	214 	45 	91 	91 
001112 	214 	55 	91 	91 
001113 	214 	55 	91 	91 
001114 	214 	55 	91 	91 
001115 	224 	55 	91 	91 
001116 	224 	65 	91 	91 
001117 	224 	65 	91 	91 
001118 	224 	65 	91 	91 
001119 	224 	65 	91 	91 
001120 	224 	65 	91 	91 
001121 	224 	65 	91 	91 
001122 	236 	71 	76 	75 
001123 	236 	79 	76 	76 
001124 	234 	75 	90 	91 
001125 	234 	75 	90 	91 
001126 	234 	75 	90 	91 
001127 	234 	75 	90 	91 
001128 	234 	75 	90 	91 
001129 	234 	75 	90 	91 
001130 	244 	87 	76 	76 
001131 	244 	87 	76 	76 
001132 	244 	87 	76 	76 
001133 	244 	87 	76 	76 
001134 	244 	87 	76 	76 
001135 	234 	75 	90 	91 
001136 	234 	75 	90 	91 
001137 	234 	75 	90 	91 
001138 	234 	75 	90 	91 
001139 	234 	65 	90 	91 
001140 	234 	65 	90 	91 
001141 	234 	65 	90 	91 
001142 	236 	71 	76 	75 
001143 	236 	71 	76 	75 
001144 	236 	71 	76 	75 
001145 	236 	71 	76 	75 
001146 	224 	65 	91 	91 
001147 	224 	55 	91 	91 
001148 	224 	55 	91 	91 
001149 	224 	55 	91 	91 
001150 	224 	55 	91 	91 
001151 	224 	55 	91 	91 
001152 	224 	55 	91 	91 
001153 	224 	55 	91 	91 
001154 	224 	55 	91 	91 
001155 	236 	62 	76 	76 
001156 	236 	62 	76 	76 
001157 	236 	62 	76 	76 
001158 	236 	62 	76 	76 
001159 	236 	62 	76 	76 
001160 	236 	62 	76 	76 
001161 	224 	55 	91 	91 
001162 	236 	54 	76 	76 
001163 	224 	55 	91 	91 
001164 	224 	55 	91 	91 
001165 	224 	55 	91 	91 
001166 	224 	55 	91 	91 
001167 	224 	55 	91 	91 
001168 	224 	55 	91 	91 
001169 	224 	55 	91 	91 
001170 	224 	55 	91 	91 
001171 	224 	55 	91 	91 
001172 	224 	55 	91 	91 
001173 	224 	55 	91 	91 
001174 	224 	55 	91 	91 
001175 	224 	55 	91 	91 
001176 	224 	55 	91 	91 
001177 	224 	55 	91 	91 
001178 	224 	55 	91 	91 
001179 	224 	55 	91 	91 
001180 	224 	55 	91 	91 
001181 	224 	55 	91 	91 
001182 	224 	55 	91 	91 
001183 	224 	55 	91 	91 
001184 	224 	55 	91 	91 
001185 	224 	55 	91 	91 
001186 	224 	55 	91 	91 
001187 	236 	62 	76 	76 
001188 	236 	62 	76 	76 
001189 	236 	62 	76 	76 
001190 	236 	62 	76 	76 
001191 	236 	62 	76 	76 
001192 	224 	55 	91 	91 
001193 	224 	55 	91 	91 
001194 	236 	62 	76 	76 
001195 	224 	55 	91 	91 
001196 	236 	62 	76 	76 
001197 	236 	62 	76 	76 
001198 	236 	62 	76 	76 
001199 	236 	62 	76 	76 
001200 	224 	55 	91 	91 
001201 	236 	62 	76 	76 
001202 	236 	62 	76 	76 
001203 	236 	62 	76 	76 
001204 	236 	62 	76 	76 
001205 	236 	71 	76 	75 
001206 	236 	71 	76 	75 
001207 	236 	71 	76 	75 
001208 	236 	62 	76 	76 
001209 	224 	65 	91 	91 
001210 	236 	71 	76 	75 
001211 	224 	65 	91 	91 
001212 	236 	71 	76 	75 
001213 	236 	71 	76 	75 
001214 	236 	71 	76 	75 
001215 	236 	71 	76 	75 
001216 	236 	71 	76 	75 
001217 	224 	65 	91 	91 
001218 	224 	65 	91 	91 
001219 	224 	65 	91 	91 
001220 	224 	65 	91 	91 
001221 	224 	65 	91 	91 
001222 	224 	65 	91 	91 
001223 	224 	65 	91 	91 
001224 	224 	65 	91 	91 
001225 	228 	71 	76 	75 
001226 	224 	65 	91 	91 
001227 	224 	65 	91 	91 
001228 	228 	71 	76 	75 
001229 	224 	65 	91 	91 
001230 	224 	65 	91 	91 
001231 	224 	65 	91 	91 
001232 	224 	65 	91 	91 
001233 	224 	65 	91 	91 
001234 	224 	65 	91 	91 
001235 	228 	71 	76 	75 
001236 	224 	65 	91 	91 
001237 	224 	65 	91 	91 
001238 	224 	65 	91 	91 
001239 	224 	65 	91 	91 
001240 	224 	65 	91 	91 
001241 	224 	65 	91 	91 
001242 	224 	65 	91 	91 
001243 	236 	71 	76 	75 
001244 	236 	71 	76 	75 
001245 	236 	71 	76 	75 
001246 	236 	71 	76 	75 
001247 	236 	71 	76 	75 
001248 	236 	71 	76 	75 
001249 	236 	71 	76 	75 
001250 	236 	71 	76 	75 
001251 	236 	71 	76 	75 
001252 	236 	71 	76 	75 
001253 	224 	65 	91 	91 
001254 	224 	65 	91 	91 
001255 	224 	65 	91 	91 
001256 	214 	65 	91 	91 
001257 	214 	65 	91 	91 
001258 	214 	65 	91 	91 
001259 	214 	65 	91 	91 
001260 	214 	65 	91 	91 
001261 	214 	65 	91 	91 
001262 	214 	65 	91 	91 
001263 	214 	65 	91 	91 
001264 	214 	65 	91 	91 
001265 	214 	55 	91 	91 
001266 	214 	55 	91 	91 
001267 	220 	71 	75 	75 
001268 	220 	71 	75 	75 
001269 	220 	71 	75 	75 
001270 	214 	65 	91 	91 
001271 	214 	65 	91 	91 
001272 	214 	65 	91 	91 
001273 	214 	65 	91 	91 
001274 	214 	65 	91 	91 
001275 	214 	65 	91 	91 
001276 	214 	65 	91 	91 
001277 	214 	65 	91 	91 
001278 	214 	65 	91 	91 
001279 	214 	65 	91 	91 
001280 	214 	65 	91 	91 
001281 	214 	65 	91 	91 
001282 	214 	65 	91 	91 
001283 	214 	65 	91 	91 
001284 	214 	65 	91 	91 
001285 	214 	65 	91 	91 
001286 	220 	71 	75 	75 
001287 	214 	65 	91 	91 
001288 	214 	65 	91 	91 
001289 	214 	65 	91 	91 
001290 	214 	65 	91 	91 
001291 	214 	65 	91 	91 
001292 	214 	65 	91 	91 
001293 	214 	65 	91 	91 
001294 	214 	65 	91 	91 
001295 	214 	65 	91 	91 
001296 	214 	65 	91 	91 
001297 	214 	65 	91 	91 
001298 	214 	65 	91 	91 
001299 	214 	65 	91 	91 
001300 	214 	65 	91 	91 
001301 	214 	65 	91 	91 
001302 	214 	65 	91 	91 
001303 	214 	65 	91 	91 
001304 	228 	79 	76 	76 
001305 	228 	79 	76 	76 
001306 	228 	79 	76 	76 
001307 	228 	79 	76 	76 
001308 	228 	79 	76 	76 
001309 	228 	79 	76 	76 
001310 	214 	65 	91 	91 
001311 	214 	65 	91 	91 
001312 	214 	65 	91 	91 
001313 	214 	65 	91 	91 
001314 	214 	65 	91 	91 
001315 	214 	65 	91 	91 
001316 	214 	65 	91 	91 
001317 	214 	65 	91 	91 
001318 	214 	65 	91 	91 
001319 	211 	71 	76 	75 
001320 	211 	71 	76 	75 
001321 	211 	71 	76 	75 
001322 	211 	62 	76 	76 
001323 	204 	55 	91 	91 
001324 	211 	62 	76 	76 
001325 	211 	62 	76 	76 
001326 	211 	62 	76 	76 
001327 	211 	62 	76 	76 
001328 	211 	62 	76 	76 
001329 	211 	62 	76 	76 
001330 	211 	62 	76 	76 
001331 	211 	62 	76 	76 
001332 	211 	62 	76 	76 
001333 	211 	62 	76 	76 
001334 	211 	62 	76 	76 
001335 	211 	62 	76 	76 
001336 	211 	62 	76 	76 
001337 	211 	71 	76 	75 
