Identity  : 	id10276
Reference : 	FDhJhEu0JUM
Offset    : 	0
FV Conf   : 	18.335
ASD Conf  : 	4.813

FRAME 	X 	Y 	W 	H 
003074 	232 	71 	76 	75 
003075 	232 	71 	76 	75 
003076 	232 	71 	76 	75 
003077 	232 	71 	76 	75 
003078 	232 	71 	76 	75 
003079 	232 	71 	76 	75 
003080 	232 	71 	76 	75 
003081 	232 	71 	76 	75 
003082 	232 	71 	76 	75 
003083 	232 	71 	76 	75 
003084 	232 	71 	76 	75 
003085 	232 	71 	76 	75 
003086 	231 	71 	76 	75 
003087 	231 	71 	76 	75 
003088 	231 	71 	76 	75 
003089 	231 	71 	76 	75 
003090 	231 	71 	76 	75 
003091 	231 	71 	76 	75 
003092 	231 	71 	76 	75 
003093 	231 	71 	76 	75 
003094 	231 	71 	76 	75 
003095 	231 	71 	76 	75 
003096 	231 	71 	76 	75 
003097 	231 	71 	76 	75 
003098 	231 	71 	76 	75 
003099 	231 	71 	76 	75 
003100 	230 	71 	76 	75 
003101 	230 	71 	76 	75 
003102 	230 	71 	76 	75 
003103 	230 	71 	76 	75 
003104 	230 	71 	76 	75 
003105 	230 	71 	76 	75 
003106 	230 	71 	76 	75 
003107 	230 	71 	76 	75 
003108 	230 	71 	76 	75 
003109 	230 	71 	76 	75 
003110 	230 	71 	76 	75 
003111 	230 	71 	76 	75 
003112 	230 	71 	76 	75 
003113 	230 	71 	76 	75 
003114 	229 	71 	76 	75 
003115 	229 	71 	76 	75 
003116 	229 	71 	76 	75 
003117 	229 	71 	76 	75 
003118 	229 	71 	76 	75 
003119 	229 	71 	76 	75 
003120 	229 	71 	76 	75 
003121 	229 	71 	76 	75 
003122 	229 	71 	76 	75 
003123 	229 	71 	76 	75 
003124 	229 	71 	76 	75 
003125 	229 	71 	76 	75 
003126 	229 	71 	76 	75 
003127 	229 	71 	76 	75 
003128 	228 	71 	76 	75 
003129 	228 	71 	76 	75 
003130 	228 	71 	76 	75 
003131 	228 	71 	76 	75 
003132 	228 	71 	76 	75 
003133 	228 	71 	76 	75 
003134 	228 	71 	76 	75 
003135 	228 	71 	76 	75 
003136 	228 	71 	76 	75 
003137 	228 	71 	76 	75 
003138 	228 	71 	76 	75 
003139 	228 	71 	76 	75 
003140 	228 	71 	76 	75 
003141 	228 	71 	76 	75 
003142 	227 	71 	76 	75 
003143 	227 	71 	76 	75 
003144 	227 	71 	76 	75 
003145 	227 	71 	76 	75 
003146 	227 	71 	76 	75 
003147 	227 	71 	76 	75 
003148 	227 	71 	76 	75 
003149 	227 	71 	76 	75 
003150 	227 	71 	76 	75 
003151 	227 	71 	76 	75 
003152 	227 	71 	76 	75 
003153 	227 	71 	76 	75 
003154 	227 	71 	76 	75 
003155 	227 	71 	76 	75 
003156 	226 	71 	76 	75 
003157 	226 	71 	76 	75 
003158 	226 	71 	76 	75 
003159 	226 	71 	76 	75 
003160 	226 	71 	76 	75 
003161 	226 	71 	76 	75 
003162 	226 	71 	76 	75 
003163 	226 	71 	76 	75 
003164 	226 	71 	76 	75 
003165 	226 	71 	76 	75 
003166 	226 	71 	76 	75 
003167 	226 	71 	76 	75 
003168 	226 	71 	76 	75 
003169 	226 	71 	76 	75 
003170 	225 	71 	76 	75 
003171 	225 	71 	76 	75 
003172 	225 	71 	76 	75 
003173 	225 	71 	76 	75 
003174 	225 	71 	76 	75 
003175 	225 	71 	76 	75 
003176 	225 	71 	76 	75 
003177 	225 	71 	76 	75 
003178 	225 	71 	76 	75 
003179 	225 	71 	76 	75 
003180 	225 	71 	76 	75 
003181 	225 	71 	76 	75 
003182 	225 	71 	76 	75 
003183 	225 	71 	76 	75 
003184 	224 	71 	76 	75 
003185 	224 	71 	76 	75 
003186 	224 	71 	76 	75 
003187 	224 	71 	76 	75 
003188 	224 	71 	76 	75 
003189 	224 	71 	76 	75 
003190 	224 	71 	76 	75 
003191 	224 	71 	76 	75 
003192 	224 	71 	76 	75 
003193 	224 	71 	76 	75 
003194 	224 	71 	76 	75 
003195 	224 	71 	76 	75 
003196 	224 	71 	76 	75 
003197 	224 	71 	76 	75 
003198 	223 	71 	76 	75 
003199 	223 	71 	76 	75 
003200 	223 	71 	76 	75 
003201 	223 	71 	76 	75 
003202 	223 	71 	76 	75 
003203 	223 	71 	76 	75 
003204 	223 	71 	76 	75 
003205 	223 	71 	76 	75 
003206 	223 	71 	76 	75 
003207 	223 	71 	76 	75 
003208 	223 	71 	76 	75 
003209 	223 	71 	76 	75 
003210 	223 	71 	76 	75 
003211 	222 	71 	76 	75 
003212 	222 	71 	76 	75 
003213 	222 	71 	76 	75 
003214 	222 	71 	76 	75 
003215 	222 	71 	76 	75 
003216 	222 	71 	76 	75 
003217 	222 	71 	76 	75 
003218 	222 	71 	76 	75 
