Identity  : 	id10276
Reference : 	FDhJhEu0JUM
Offset    : 	0
FV Conf   : 	22.360
ASD Conf  : 	7.706

FRAME 	X 	Y 	W 	H 
000312 	214 	65 	91 	91 
000313 	214 	65 	91 	91 
000314 	214 	65 	91 	91 
000315 	214 	65 	91 	91 
000316 	214 	65 	91 	91 
000317 	214 	65 	91 	91 
000318 	214 	65 	91 	91 
000319 	214 	65 	91 	91 
000320 	214 	65 	91 	91 
000321 	214 	65 	91 	91 
000322 	214 	65 	91 	91 
000323 	214 	65 	91 	91 
000324 	214 	65 	91 	91 
000325 	214 	65 	91 	91 
000326 	214 	65 	91 	91 
000327 	214 	65 	91 	91 
000328 	220 	79 	75 	76 
000329 	214 	75 	91 	91 
000330 	214 	75 	91 	91 
000331 	214 	75 	91 	91 
000332 	214 	75 	91 	91 
000333 	214 	75 	91 	91 
000334 	214 	75 	91 	91 
000335 	214 	75 	91 	91 
000336 	214 	75 	91 	91 
000337 	214 	75 	91 	91 
000338 	211 	79 	76 	76 
000339 	211 	79 	76 	76 
000340 	211 	79 	76 	76 
000341 	211 	79 	76 	76 
000342 	211 	79 	76 	76 
000343 	204 	65 	91 	91 
000344 	211 	79 	76 	76 
000345 	211 	79 	76 	76 
000346 	204 	65 	91 	91 
000347 	204 	65 	91 	91 
000348 	204 	65 	91 	91 
000349 	204 	65 	91 	91 
000350 	204 	65 	91 	91 
000351 	204 	65 	91 	91 
000352 	204 	65 	91 	91 
000353 	204 	65 	91 	91 
000354 	204 	65 	91 	91 
000355 	204 	65 	91 	91 
000356 	204 	65 	91 	91 
000357 	204 	65 	91 	91 
000358 	204 	65 	91 	91 
000359 	204 	65 	91 	91 
000360 	204 	65 	91 	91 
000361 	204 	65 	91 	91 
000362 	204 	65 	90 	90 
000363 	204 	65 	90 	90 
000364 	204 	65 	89 	89 
000365 	204 	65 	89 	89 
000366 	204 	64 	88 	88 
000367 	204 	64 	88 	88 
000368 	204 	64 	87 	87 
000369 	204 	64 	86 	86 
000370 	204 	64 	86 	86 
000371 	204 	64 	85 	85 
000372 	204 	64 	85 	85 
000373 	204 	64 	84 	84 
000374 	204 	64 	84 	84 
000375 	203 	63 	83 	83 
000376 	203 	63 	82 	82 
000377 	203 	63 	82 	82 
000378 	203 	63 	81 	81 
000379 	203 	63 	81 	81 
000380 	203 	63 	80 	80 
000381 	203 	63 	79 	79 
000382 	203 	63 	79 	79 
000383 	203 	62 	78 	78 
000384 	203 	62 	78 	78 
000385 	203 	62 	77 	77 
000386 	203 	62 	77 	77 
000387 	203 	62 	76 	76 
000388 	203 	62 	76 	76 
000389 	203 	62 	76 	76 
000390 	203 	62 	76 	76 
000391 	203 	62 	76 	76 
000392 	203 	62 	76 	76 
000393 	203 	62 	76 	76 
000394 	203 	62 	76 	76 
000395 	203 	62 	76 	76 
000396 	204 	61 	76 	76 
000397 	204 	61 	76 	76 
000398 	204 	61 	76 	76 
000399 	205 	60 	76 	76 
000400 	205 	60 	76 	76 
000401 	205 	60 	76 	76 
000402 	206 	59 	76 	76 
000403 	206 	59 	76 	76 
000404 	206 	59 	76 	76 
000405 	207 	58 	76 	76 
000406 	207 	58 	76 	76 
000407 	207 	58 	76 	76 
000408 	207 	58 	76 	76 
000409 	208 	57 	76 	76 
000410 	208 	57 	76 	76 
000411 	208 	57 	76 	76 
000412 	209 	56 	76 	76 
000413 	209 	56 	76 	76 
000414 	209 	56 	76 	76 
000415 	210 	55 	76 	76 
000416 	210 	55 	76 	76 
000417 	210 	55 	76 	76 
000418 	211 	54 	76 	76 
000419 	211 	54 	76 	76 
000420 	211 	57 	76 	76 
000421 	211 	59 	76 	76 
000422 	211 	62 	76 	76 
000423 	211 	62 	76 	76 
000424 	211 	62 	76 	76 
000425 	211 	62 	76 	76 
000426 	211 	62 	76 	76 
000427 	211 	62 	76 	76 
000428 	211 	62 	76 	76 
000429 	211 	62 	76 	76 
000430 	214 	55 	91 	91 
000431 	214 	55 	91 	91 
000432 	214 	55 	91 	91 
000433 	214 	55 	91 	91 
000434 	214 	55 	91 	91 
000435 	220 	62 	75 	76 
000436 	220 	62 	75 	76 
000437 	214 	55 	91 	91 
000438 	214 	55 	91 	91 
000439 	214 	55 	91 	91 
000440 	214 	55 	91 	91 
000441 	214 	55 	91 	91 
000442 	214 	55 	91 	91 
000443 	224 	55 	91 	91 
000444 	228 	71 	76 	75 
000445 	228 	71 	76 	75 
000446 	228 	71 	76 	75 
000447 	228 	71 	76 	75 
000448 	228 	71 	76 	75 
000449 	228 	71 	76 	75 
000450 	228 	71 	76 	75 
000451 	224 	65 	91 	91 
000452 	224 	65 	91 	91 
000453 	224 	65 	91 	91 
000454 	224 	65 	91 	91 
000455 	224 	55 	91 	91 
000456 	224 	55 	91 	91 
000457 	224 	55 	91 	91 
000458 	214 	55 	91 	91 
000459 	214 	55 	91 	91 
000460 	214 	55 	91 	91 
000461 	214 	55 	91 	91 
000462 	214 	55 	91 	91 
000463 	214 	55 	91 	91 
000464 	214 	55 	91 	91 
000465 	214 	55 	91 	91 
000466 	214 	55 	91 	91 
000467 	214 	55 	91 	91 
000468 	214 	55 	91 	91 
000469 	214 	55 	91 	91 
000470 	214 	55 	91 	91 
000471 	214 	55 	91 	91 
000472 	214 	55 	91 	91 
000473 	214 	55 	91 	91 
000474 	204 	55 	91 	91 
000475 	211 	62 	76 	76 
000476 	211 	62 	76 	76 
000477 	211 	62 	76 	76 
000478 	204 	55 	91 	91 
000479 	211 	54 	76 	76 
000480 	211 	54 	76 	76 
000481 	204 	45 	91 	91 
000482 	204 	45 	91 	91 
000483 	211 	54 	76 	76 
000484 	211 	54 	76 	76 
000485 	211 	62 	76 	76 
000486 	211 	62 	76 	76 
000487 	211 	62 	76 	76 
000488 	211 	62 	76 	76 
000489 	214 	55 	91 	91 
000490 	214 	55 	91 	91 
000491 	214 	55 	91 	91 
000492 	214 	55 	91 	91 
000493 	204 	55 	91 	91 
000494 	204 	55 	91 	91 
000495 	211 	62 	76 	76 
000496 	211 	62 	76 	76 
000497 	211 	62 	76 	76 
000498 	204 	55 	91 	91 
000499 	204 	55 	91 	91 
000500 	204 	55 	91 	91 
000501 	204 	55 	91 	91 
000502 	204 	55 	91 	91 
000503 	204 	55 	91 	91 
000504 	204 	55 	91 	91 
000505 	204 	45 	91 	91 
000506 	204 	55 	91 	91 
000507 	211 	54 	76 	76 
000508 	211 	54 	76 	76 
000509 	211 	54 	76 	76 
000510 	211 	54 	76 	76 
000511 	211 	54 	76 	76 
000512 	211 	54 	76 	76 
000513 	211 	54 	76 	76 
000514 	211 	54 	76 	76 
000515 	211 	54 	76 	76 
000516 	211 	54 	76 	76 
000517 	211 	54 	76 	76 
000518 	211 	54 	76 	76 
000519 	211 	54 	76 	76 
000520 	211 	54 	76 	76 
000521 	211 	54 	76 	76 
000522 	211 	54 	76 	76 
000523 	211 	62 	76 	76 
000524 	214 	55 	91 	91 
000525 	211 	62 	76 	76 
000526 	214 	55 	91 	91 
000527 	211 	62 	76 	76 
000528 	204 	55 	91 	91 
000529 	204 	55 	91 	91 
000530 	214 	55 	91 	91 
000531 	214 	55 	91 	91 
000532 	214 	55 	91 	91 
000533 	214 	55 	91 	91 
000534 	214 	55 	91 	91 
000535 	214 	55 	91 	91 
000536 	211 	62 	76 	76 
000537 	211 	62 	76 	76 
000538 	211 	62 	76 	76 
000539 	211 	62 	76 	76 
000540 	211 	62 	76 	76 
000541 	211 	62 	76 	76 
000542 	211 	62 	76 	76 
000543 	211 	62 	76 	76 
000544 	211 	62 	76 	76 
000545 	214 	55 	91 	91 
000546 	214 	55 	91 	91 
000547 	214 	55 	91 	91 
000548 	214 	55 	91 	91 
000549 	214 	55 	91 	91 
000550 	214 	55 	91 	91 
000551 	214 	55 	91 	91 
000552 	214 	55 	91 	91 
000553 	214 	45 	91 	91 
000554 	214 	45 	91 	91 
000555 	214 	45 	91 	91 
000556 	214 	45 	91 	91 
000557 	214 	45 	91 	91 
000558 	214 	45 	91 	91 
000559 	214 	45 	91 	91 
000560 	214 	45 	91 	91 
000561 	214 	45 	91 	91 
000562 	214 	45 	91 	91 
000563 	211 	54 	76 	76 
000564 	211 	54 	76 	76 
000565 	211 	62 	76 	76 
000566 	211 	62 	76 	76 
000567 	211 	62 	76 	76 
000568 	211 	62 	76 	76 
000569 	211 	62 	76 	76 
000570 	211 	62 	76 	76 
000571 	211 	62 	76 	76 
000572 	211 	62 	76 	76 
000573 	211 	62 	76 	76 
000574 	211 	62 	76 	76 
000575 	211 	62 	76 	76 
000576 	211 	62 	76 	76 
000577 	204 	45 	91 	91 
000578 	204 	45 	91 	91 
000579 	204 	45 	91 	91 
000580 	204 	45 	91 	91 
000581 	211 	54 	76 	76 
000582 	204 	45 	91 	91 
000583 	204 	45 	91 	91 
000584 	204 	45 	91 	91 
000585 	211 	54 	76 	76 
000586 	204 	45 	91 	91 
000587 	211 	54 	76 	76 
000588 	211 	54 	76 	76 
000589 	211 	54 	76 	76 
000590 	211 	54 	76 	76 
000591 	204 	45 	91 	91 
000592 	204 	45 	91 	91 
000593 	204 	45 	91 	91 
000594 	204 	45 	91 	91 
000595 	204 	45 	91 	91 
000596 	204 	45 	91 	91 
000597 	204 	45 	91 	91 
000598 	211 	54 	76 	76 
000599 	211 	54 	76 	76 
000600 	211 	54 	76 	76 
000601 	211 	54 	76 	76 
000602 	214 	55 	91 	91 
000603 	214 	55 	91 	91 
000604 	214 	55 	91 	91 
000605 	214 	55 	91 	91 
000606 	214 	55 	91 	91 
000607 	214 	55 	91 	91 
000608 	214 	55 	91 	91 
000609 	214 	55 	91 	91 
000610 	214 	55 	91 	91 
000611 	214 	55 	91 	91 
000612 	214 	55 	91 	91 
000613 	214 	55 	91 	91 
000614 	214 	55 	91 	91 
000615 	214 	55 	91 	91 
000616 	214 	55 	91 	91 
000617 	211 	62 	76 	76 
000618 	211 	62 	76 	76 
000619 	211 	62 	76 	76 
000620 	211 	62 	76 	76 
000621 	211 	62 	76 	76 
000622 	211 	62 	76 	76 
000623 	211 	62 	76 	76 
000624 	204 	55 	91 	91 
000625 	204 	55 	91 	91 
000626 	204 	55 	91 	91 
000627 	204 	55 	91 	91 
000628 	204 	55 	91 	91 
000629 	204 	55 	91 	91 
000630 	204 	55 	91 	91 
000631 	204 	55 	91 	91 
000632 	204 	45 	91 	91 
000633 	204 	55 	91 	91 
000634 	204 	55 	91 	91 
000635 	211 	62 	76 	76 
000636 	211 	62 	76 	76 
000637 	211 	62 	76 	76 
000638 	211 	62 	76 	76 
000639 	211 	62 	76 	76 
000640 	211 	62 	76 	76 
000641 	211 	62 	76 	76 
000642 	211 	62 	76 	76 
000643 	214 	55 	91 	91 
000644 	214 	55 	91 	91 
000645 	214 	55 	91 	91 
000646 	214 	55 	91 	91 
000647 	214 	55 	91 	91 
000648 	214 	55 	91 	91 
000649 	214 	55 	91 	91 
000650 	214 	55 	91 	91 
000651 	214 	55 	91 	91 
000652 	214 	55 	91 	91 
000653 	214 	55 	91 	91 
000654 	214 	55 	91 	91 
000655 	214 	55 	91 	91 
000656 	214 	55 	91 	91 
000657 	214 	55 	91 	91 
000658 	214 	55 	91 	91 
000659 	214 	55 	91 	91 
000660 	214 	55 	91 	91 
000661 	214 	55 	91 	91 
000662 	214 	55 	91 	91 
000663 	214 	55 	91 	91 
000664 	214 	55 	91 	91 
000665 	214 	55 	91 	91 
000666 	214 	55 	91 	91 
000667 	214 	55 	91 	91 
000668 	214 	55 	91 	91 
000669 	214 	55 	91 	91 
000670 	214 	55 	91 	91 
000671 	214 	55 	91 	91 
000672 	214 	55 	91 	91 
000673 	220 	62 	75 	76 
000674 	214 	55 	91 	91 
000675 	214 	55 	91 	91 
000676 	214 	55 	91 	91 
000677 	214 	55 	91 	91 
000678 	214 	55 	91 	91 
000679 	214 	55 	91 	91 
000680 	214 	55 	91 	91 
000681 	214 	55 	91 	91 
000682 	214 	55 	91 	91 
000683 	214 	55 	91 	91 
000684 	214 	55 	91 	91 
000685 	214 	55 	91 	91 
000686 	214 	55 	91 	91 
000687 	214 	55 	91 	91 
000688 	214 	55 	91 	91 
000689 	214 	55 	91 	91 
000690 	214 	55 	91 	91 
000691 	211 	62 	76 	76 
000692 	211 	62 	76 	76 
000693 	214 	55 	91 	91 
000694 	214 	55 	91 	91 
000695 	214 	55 	91 	91 
000696 	214 	65 	91 	91 
000697 	214 	65 	91 	91 
000698 	214 	65 	91 	91 
000699 	214 	65 	91 	91 
000700 	214 	65 	91 	91 
000701 	214 	65 	91 	91 
000702 	214 	55 	91 	91 
000703 	214 	55 	91 	91 
000704 	214 	55 	91 	91 
000705 	214 	55 	91 	91 
000706 	214 	55 	91 	91 
000707 	220 	62 	75 	76 
000708 	214 	55 	91 	91 
000709 	220 	62 	75 	76 
000710 	220 	62 	75 	76 
000711 	214 	55 	91 	91 
000712 	214 	55 	91 	91 
000713 	228 	62 	76 	76 
000714 	224 	55 	91 	91 
000715 	224 	55 	91 	91 
000716 	224 	55 	91 	91 
000717 	236 	62 	76 	76 
000718 	224 	55 	91 	91 
000719 	236 	62 	76 	76 
000720 	224 	55 	91 	91 
000721 	224 	55 	91 	91 
000722 	224 	55 	91 	91 
000723 	224 	55 	91 	91 
000724 	224 	55 	91 	91 
000725 	224 	55 	91 	91 
000726 	228 	62 	76 	76 
000727 	228 	62 	76 	76 
000728 	228 	62 	76 	76 
000729 	220 	54 	75 	76 
000730 	214 	45 	91 	91 
000731 	214 	45 	91 	91 
000732 	214 	45 	91 	91 
000733 	214 	45 	91 	91 
000734 	214 	45 	91 	91 
000735 	214 	45 	91 	91 
000736 	214 	45 	91 	91 
000737 	220 	54 	75 	76 
000738 	220 	54 	75 	76 
000739 	214 	45 	91 	91 
000740 	220 	54 	75 	76 
000741 	214 	45 	91 	91 
000742 	216 	45 	91 	91 
000743 	219 	45 	91 	91 
000744 	222 	45 	91 	91 
000745 	224 	45 	91 	91 
000746 	224 	45 	91 	91 
000747 	224 	45 	91 	91 
000748 	224 	47 	91 	91 
000749 	224 	49 	91 	91 
000750 	224 	51 	91 	91 
000751 	224 	53 	91 	91 
000752 	224 	55 	91 	91 
000753 	224 	55 	91 	91 
000754 	224 	55 	91 	91 
000755 	224 	55 	91 	91 
000756 	224 	55 	91 	91 
000757 	224 	55 	91 	91 
000758 	224 	55 	91 	91 
000759 	224 	55 	91 	91 
000760 	224 	55 	91 	91 
000761 	224 	55 	91 	91 
000762 	224 	55 	91 	91 
000763 	228 	62 	76 	76 
000764 	228 	62 	76 	76 
000765 	224 	55 	91 	91 
000766 	224 	55 	91 	91 
000767 	224 	55 	91 	91 
000768 	224 	55 	91 	91 
000769 	224 	55 	91 	91 
000770 	224 	55 	91 	91 
000771 	224 	55 	91 	91 
000772 	224 	55 	91 	91 
000773 	228 	62 	76 	76 
000774 	224 	55 	91 	91 
000775 	224 	55 	91 	91 
000776 	224 	55 	91 	91 
000777 	228 	54 	76 	76 
000778 	224 	55 	91 	91 
000779 	228 	62 	76 	76 
000780 	214 	55 	91 	91 
000781 	220 	62 	75 	76 
000782 	220 	62 	75 	76 
000783 	214 	55 	91 	91 
000784 	220 	62 	75 	76 
000785 	220 	62 	75 	76 
000786 	220 	62 	75 	76 
000787 	220 	62 	75 	76 
000788 	228 	62 	76 	76 
000789 	214 	55 	91 	91 
000790 	228 	62 	76 	76 
000791 	228 	62 	76 	76 
000792 	228 	62 	76 	76 
000793 	228 	62 	76 	76 
000794 	228 	62 	76 	76 
000795 	228 	62 	76 	76 
000796 	228 	62 	76 	76 
000797 	228 	62 	76 	76 
000798 	228 	62 	76 	76 
000799 	228 	62 	76 	76 
000800 	228 	62 	76 	76 
000801 	228 	62 	76 	76 
000802 	228 	62 	76 	76 
000803 	228 	62 	76 	76 
000804 	228 	62 	76 	76 
000805 	228 	62 	76 	76 
000806 	228 	62 	76 	76 
000807 	228 	62 	76 	76 
000808 	228 	62 	76 	76 
000809 	228 	62 	76 	76 
000810 	228 	62 	76 	76 
000811 	224 	55 	91 	91 
000812 	220 	62 	75 	76 
000813 	220 	62 	75 	76 
000814 	220 	62 	75 	76 
000815 	220 	62 	75 	76 
000816 	220 	62 	75 	76 
000817 	214 	45 	91 	91 
000818 	211 	54 	76 	76 
000819 	211 	54 	76 	76 
000820 	204 	45 	91 	91 
000821 	204 	45 	91 	91 
000822 	204 	45 	91 	91 
000823 	204 	45 	91 	91 
000824 	204 	45 	91 	91 
000825 	204 	55 	91 	91 
000826 	204 	55 	91 	91 
000827 	204 	55 	91 	91 
000828 	203 	62 	76 	76 
000829 	203 	62 	76 	76 
000830 	203 	62 	76 	76 
000831 	194 	45 	91 	91 
000832 	194 	45 	91 	91 
000833 	194 	45 	91 	91 
000834 	194 	45 	91 	91 
000835 	195 	62 	75 	76 
000836 	195 	62 	75 	76 
000837 	195 	62 	75 	76 
000838 	195 	62 	75 	76 
000839 	195 	62 	75 	76 
000840 	195 	62 	75 	76 
000841 	195 	62 	75 	76 
000842 	195 	62 	75 	76 
000843 	195 	62 	75 	76 
000844 	195 	62 	75 	76 
000845 	184 	55 	91 	91 
000846 	184 	55 	91 	91 
000847 	184 	55 	91 	91 
000848 	195 	62 	75 	76 
000849 	195 	62 	75 	76 
000850 	184 	55 	91 	91 
000851 	195 	62 	75 	76 
000852 	195 	62 	75 	76 
000853 	195 	62 	75 	76 
000854 	195 	62 	75 	76 
000855 	195 	62 	75 	76 
000856 	195 	62 	75 	76 
000857 	195 	62 	75 	76 
000858 	195 	62 	75 	76 
000859 	195 	62 	75 	76 
000860 	195 	62 	75 	76 
000861 	195 	62 	75 	76 
000862 	195 	62 	75 	76 
000863 	195 	62 	75 	76 
