Identity  : 	id10276
Reference : 	FDhJhEu0JUM
Offset    : 	0
FV Conf   : 	14.539
ASD Conf  : 	6.923

FRAME 	X 	Y 	W 	H 
004247 	195 	79 	75 	76 
004248 	195 	79 	75 	76 
004249 	195 	79 	75 	76 
004250 	195 	79 	75 	76 
004251 	195 	79 	75 	76 
004252 	195 	78 	73 	73 
004253 	196 	77 	70 	71 
004254 	196 	75 	68 	68 
004255 	197 	74 	65 	66 
004256 	197 	73 	63 	63 
004257 	197 	73 	63 	63 
004258 	197 	73 	63 	63 
004259 	186 	62 	76 	76 
004260 	186 	62 	76 	76 
004261 	184 	55 	91 	91 
004262 	184 	55 	91 	91 
004263 	194 	65 	91 	91 
004264 	194 	65 	91 	91 
004265 	194 	65 	91 	91 
004266 	203 	71 	76 	75 
004267 	203 	71 	76 	75 
004268 	203 	71 	76 	75 
004269 	203 	71 	76 	75 
004270 	203 	71 	76 	75 
004271 	203 	62 	76 	76 
004272 	203 	62 	76 	76 
004273 	203 	62 	76 	76 
004274 	203 	62 	76 	76 
004275 	194 	55 	91 	91 
004276 	194 	55 	91 	91 
004277 	194 	55 	91 	91 
004278 	194 	55 	91 	91 
004279 	194 	55 	91 	91 
004280 	203 	62 	76 	76 
004281 	203 	62 	76 	76 
004282 	204 	55 	91 	91 
004283 	204 	55 	91 	91 
004284 	204 	55 	91 	91 
004285 	211 	71 	76 	75 
004286 	220 	71 	75 	75 
004287 	220 	71 	75 	75 
004288 	214 	55 	91 	91 
004289 	220 	62 	75 	76 
004290 	214 	55 	91 	91 
004291 	214 	55 	91 	91 
004292 	214 	55 	91 	91 
004293 	214 	55 	91 	91 
004294 	214 	55 	91 	91 
004295 	214 	65 	91 	91 
004296 	214 	65 	91 	91 
004297 	214 	65 	91 	91 
004298 	214 	65 	91 	91 
004299 	214 	65 	91 	91 
004300 	214 	65 	91 	91 
004301 	214 	65 	91 	91 
004302 	214 	65 	91 	91 
004303 	214 	65 	91 	91 
004304 	214 	65 	91 	91 
004305 	214 	65 	91 	91 
004306 	214 	65 	91 	91 
004307 	214 	65 	91 	91 
004308 	228 	71 	76 	75 
004309 	228 	71 	76 	75 
004310 	228 	71 	76 	75 
004311 	224 	65 	91 	91 
004312 	224 	65 	91 	91 
004313 	228 	79 	76 	76 
004314 	228 	79 	76 	76 
004315 	228 	79 	76 	76 
004316 	224 	75 	91 	91 
004317 	228 	79 	76 	76 
004318 	228 	79 	76 	76 
004319 	228 	79 	76 	76 
004320 	224 	65 	91 	91 
004321 	224 	65 	91 	91 
004322 	224 	65 	91 	91 
004323 	228 	71 	76 	75 
004324 	228 	71 	76 	75 
004325 	228 	71 	76 	75 
004326 	214 	55 	91 	91 
004327 	214 	55 	91 	91 
004328 	214 	55 	91 	91 
004329 	214 	55 	91 	91 
004330 	214 	55 	91 	91 
004331 	214 	55 	91 	91 
004332 	214 	55 	91 	91 
004333 	214 	55 	91 	91 
004334 	214 	55 	91 	91 
004335 	214 	55 	91 	91 
004336 	214 	55 	91 	91 
004337 	214 	55 	91 	91 
004338 	214 	45 	91 	91 
004339 	214 	45 	91 	91 
004340 	228 	62 	76 	76 
004341 	228 	62 	76 	76 
004342 	224 	55 	91 	91 
004343 	224 	55 	91 	91 
004344 	224 	55 	91 	91 
004345 	236 	71 	76 	75 
004346 	236 	71 	76 	75 
004347 	234 	65 	90 	91 
004348 	234 	65 	90 	91 
004349 	234 	65 	90 	91 
004350 	234 	65 	90 	91 
004351 	234 	65 	90 	91 
004352 	234 	65 	90 	91 
004353 	234 	65 	90 	91 
004354 	234 	65 	90 	91 
004355 	234 	65 	90 	91 
004356 	234 	65 	90 	91 
004357 	236 	71 	76 	75 
004358 	236 	71 	76 	75 
004359 	236 	71 	76 	75 
004360 	236 	71 	76 	75 
004361 	234 	65 	90 	91 
004362 	234 	65 	90 	91 
004363 	234 	65 	90 	91 
004364 	234 	65 	90 	91 
004365 	244 	71 	76 	75 
004366 	244 	71 	76 	75 
004367 	234 	65 	90 	91 
004368 	234 	65 	90 	91 
004369 	236 	71 	76 	75 
004370 	236 	71 	76 	75 
004371 	224 	55 	91 	91 
004372 	224 	55 	91 	91 
004373 	228 	62 	76 	76 
004374 	228 	62 	76 	76 
004375 	228 	62 	76 	76 
004376 	220 	62 	75 	76 
004377 	214 	45 	91 	91 
004378 	220 	54 	75 	76 
004379 	220 	54 	75 	76 
004380 	220 	54 	75 	76 
004381 	220 	54 	75 	76 
004382 	220 	54 	75 	76 
004383 	214 	45 	91 	91 
004384 	214 	45 	91 	91 
004385 	214 	45 	91 	91 
004386 	214 	45 	91 	91 
004387 	214 	45 	91 	91 
004388 	214 	45 	91 	91 
004389 	214 	45 	91 	91 
004390 	211 	54 	76 	76 
004391 	211 	54 	76 	76 
004392 	211 	54 	76 	76 
004393 	211 	54 	76 	76 
004394 	211 	54 	76 	76 
004395 	211 	54 	76 	76 
004396 	211 	54 	76 	76 
004397 	211 	54 	76 	76 
004398 	211 	54 	76 	76 
004399 	204 	45 	91 	91 
004400 	204 	45 	91 	91 
004401 	214 	55 	91 	91 
004402 	214 	55 	91 	91 
004403 	214 	55 	91 	91 
004404 	214 	55 	91 	91 
004405 	214 	55 	91 	91 
004406 	214 	55 	91 	91 
004407 	214 	55 	91 	91 
004408 	214 	55 	91 	91 
004409 	214 	55 	91 	91 
004410 	214 	55 	91 	91 
004411 	214 	55 	91 	91 
004412 	220 	71 	75 	75 
004413 	220 	71 	75 	75 
004414 	214 	55 	91 	91 
004415 	214 	55 	91 	91 
004416 	214 	55 	91 	91 
004417 	214 	55 	91 	91 
004418 	214 	55 	91 	91 
004419 	214 	55 	91 	91 
004420 	214 	55 	91 	91 
004421 	214 	55 	91 	91 
004422 	228 	62 	76 	76 
004423 	228 	62 	76 	76 
004424 	228 	71 	76 	75 
004425 	214 	55 	91 	91 
004426 	228 	71 	76 	75 
004427 	228 	71 	76 	75 
004428 	224 	55 	91 	91 
004429 	224 	55 	91 	91 
004430 	224 	55 	91 	91 
004431 	224 	55 	91 	91 
004432 	224 	55 	91 	91 
004433 	224 	55 	91 	91 
004434 	224 	55 	91 	91 
004435 	228 	62 	76 	76 
004436 	224 	55 	91 	91 
004437 	224 	55 	91 	91 
004438 	224 	55 	91 	91 
004439 	224 	55 	91 	91 
004440 	224 	55 	91 	91 
004441 	224 	55 	91 	91 
004442 	224 	55 	91 	91 
004443 	224 	55 	91 	91 
004444 	224 	55 	91 	91 
004445 	224 	55 	91 	91 
004446 	224 	55 	91 	91 
004447 	224 	55 	91 	91 
004448 	224 	55 	91 	91 
004449 	224 	55 	91 	91 
004450 	224 	55 	91 	91 
004451 	228 	71 	76 	75 
004452 	224 	65 	91 	91 
004453 	224 	65 	91 	91 
004454 	224 	65 	91 	91 
004455 	224 	65 	91 	91 
004456 	224 	65 	91 	91 
004457 	224 	65 	91 	91 
