Identity  : 	id10276
Reference : 	FDhJhEu0JUM
Offset    : 	0
FV Conf   : 	14.976
ASD Conf  : 	7.425

FRAME 	X 	Y 	W 	H 
006629 	228 	71 	76 	75 
006630 	228 	71 	76 	75 
006631 	228 	62 	76 	76 
006632 	228 	62 	76 	76 
006633 	228 	62 	76 	76 
006634 	228 	62 	76 	76 
006635 	228 	62 	76 	76 
006636 	228 	62 	76 	76 
006637 	228 	62 	76 	76 
006638 	228 	62 	76 	76 
006639 	228 	62 	76 	76 
006640 	228 	62 	76 	76 
006641 	228 	62 	76 	76 
006642 	228 	62 	76 	76 
006643 	228 	62 	76 	76 
006644 	228 	62 	76 	76 
006645 	224 	55 	91 	91 
006646 	224 	55 	91 	91 
006647 	224 	55 	91 	91 
006648 	224 	55 	91 	91 
006649 	224 	55 	91 	91 
006650 	224 	55 	91 	91 
006651 	228 	62 	76 	76 
006652 	226 	61 	78 	78 
006653 	224 	60 	80 	80 
006654 	222 	59 	82 	82 
006655 	220 	58 	85 	85 
006656 	218 	57 	87 	87 
006657 	216 	56 	89 	89 
006658 	214 	55 	91 	91 
006659 	214 	55 	91 	91 
006660 	214 	55 	91 	91 
006661 	214 	55 	91 	91 
006662 	214 	55 	91 	91 
006663 	214 	55 	91 	91 
006664 	214 	56 	91 	91 
006665 	214 	57 	91 	91 
006666 	214 	58 	91 	91 
006667 	214 	58 	91 	91 
006668 	214 	59 	91 	91 
006669 	214 	60 	91 	91 
006670 	214 	61 	91 	91 
006671 	214 	62 	91 	91 
006672 	214 	62 	91 	91 
006673 	214 	63 	91 	91 
006674 	214 	64 	91 	91 
006675 	214 	65 	91 	91 
006676 	204 	65 	91 	91 
006677 	204 	64 	91 	91 
006678 	204 	63 	91 	91 
006679 	204 	62 	91 	91 
006680 	204 	61 	91 	91 
006681 	204 	60 	91 	91 
006682 	204 	59 	91 	91 
006683 	204 	58 	91 	91 
006684 	204 	57 	91 	91 
006685 	204 	56 	91 	91 
006686 	204 	55 	91 	91 
006687 	204 	55 	91 	91 
006688 	204 	55 	91 	91 
006689 	204 	55 	91 	91 
006690 	204 	55 	91 	91 
006691 	204 	55 	91 	91 
006692 	204 	55 	91 	91 
006693 	204 	55 	91 	91 
006694 	204 	55 	91 	91 
006695 	204 	55 	91 	91 
006696 	204 	55 	91 	91 
006697 	204 	55 	91 	91 
006698 	204 	55 	91 	91 
006699 	204 	55 	91 	91 
006700 	205 	54 	91 	91 
006701 	206 	53 	91 	91 
006702 	207 	52 	91 	91 
006703 	208 	51 	91 	91 
006704 	210 	49 	91 	91 
006705 	211 	48 	91 	91 
006706 	212 	47 	91 	91 
006707 	213 	46 	91 	91 
006708 	214 	45 	91 	91 
006709 	214 	45 	91 	91 
006710 	214 	45 	91 	91 
006711 	214 	45 	91 	91 
006712 	214 	45 	91 	91 
006713 	214 	45 	91 	91 
006714 	214 	45 	91 	91 
006715 	214 	45 	91 	91 
006716 	214 	45 	91 	91 
006717 	214 	45 	91 	91 
006718 	214 	55 	91 	91 
006719 	214 	55 	91 	91 
006720 	214 	55 	91 	91 
006721 	214 	55 	91 	91 
006722 	220 	62 	75 	76 
006723 	220 	62 	75 	76 
006724 	228 	62 	76 	76 
006725 	228 	62 	76 	76 
006726 	214 	55 	91 	91 
006727 	220 	62 	75 	76 
006728 	220 	62 	75 	76 
006729 	220 	62 	75 	76 
006730 	220 	62 	75 	76 
006731 	214 	55 	91 	91 
006732 	214 	55 	91 	91 
006733 	214 	55 	91 	91 
006734 	220 	71 	75 	75 
006735 	214 	65 	91 	91 
006736 	214 	65 	91 	91 
006737 	214 	65 	91 	91 
006738 	214 	65 	91 	91 
006739 	214 	65 	91 	91 
006740 	220 	79 	75 	76 
006741 	214 	65 	91 	91 
006742 	220 	71 	75 	75 
006743 	220 	71 	75 	75 
006744 	220 	71 	75 	75 
006745 	220 	71 	75 	75 
006746 	220 	71 	75 	75 
006747 	214 	55 	91 	91 
006748 	214 	55 	91 	91 
006749 	228 	62 	76 	76 
006750 	228 	62 	76 	76 
006751 	224 	55 	91 	91 
006752 	224 	55 	91 	91 
006753 	224 	55 	91 	91 
006754 	224 	55 	91 	91 
006755 	224 	55 	91 	91 
006756 	224 	55 	91 	91 
006757 	236 	62 	76 	76 
006758 	236 	62 	76 	76 
006759 	224 	55 	91 	91 
006760 	224 	55 	91 	91 
006761 	236 	62 	76 	76 
006762 	236 	62 	76 	76 
006763 	234 	55 	90 	91 
006764 	236 	71 	76 	75 
006765 	234 	65 	90 	91 
006766 	234 	65 	90 	91 
006767 	234 	65 	90 	91 
006768 	234 	65 	90 	91 
006769 	224 	65 	91 	91 
006770 	224 	65 	91 	91 
006771 	234 	65 	90 	91 
006772 	234 	65 	90 	91 
006773 	234 	65 	90 	91 
006774 	234 	65 	90 	91 
006775 	234 	65 	90 	91 
006776 	234 	65 	90 	91 
006777 	234 	65 	90 	91 
006778 	234 	65 	90 	91 
006779 	234 	65 	90 	91 
006780 	234 	65 	90 	91 
006781 	234 	65 	90 	91 
006782 	234 	65 	90 	91 
006783 	234 	65 	90 	91 
006784 	234 	65 	90 	91 
006785 	234 	65 	90 	91 
006786 	234 	65 	90 	91 
006787 	234 	65 	90 	91 
006788 	234 	65 	90 	91 
006789 	234 	65 	90 	91 
006790 	234 	65 	90 	91 
006791 	234 	65 	90 	91 
006792 	234 	65 	90 	91 
006793 	234 	65 	90 	91 
006794 	234 	65 	90 	91 
006795 	234 	65 	90 	91 
006796 	236 	71 	76 	75 
006797 	236 	71 	76 	75 
006798 	230 	63 	84 	83 
006799 	224 	55 	91 	91 
006800 	224 	55 	91 	91 
006801 	228 	62 	76 	76 
006802 	228 	62 	76 	76 
006803 	224 	62 	76 	76 
006804 	220 	62 	75 	76 
006805 	214 	55 	91 	91 
006806 	214 	55 	91 	91 
006807 	214 	55 	91 	91 
006808 	214 	55 	91 	91 
006809 	214 	55 	91 	91 
006810 	214 	55 	91 	91 
006811 	204 	55 	91 	91 
006812 	204 	55 	91 	91 
006813 	204 	55 	91 	91 
006814 	204 	55 	91 	91 
006815 	204 	55 	91 	91 
006816 	207 	58 	91 	91 
006817 	211 	62 	91 	91 
006818 	214 	65 	91 	91 
006819 	214 	65 	91 	91 
006820 	214 	65 	91 	91 
