Identity  : 	id10276
Reference : 	FDhJhEu0JUM
Offset    : 	0
FV Conf   : 	18.080
ASD Conf  : 	5.397

FRAME 	X 	Y 	W 	H 
003070 	224 	55 	91 	91 
003071 	224 	55 	91 	91 
003072 	224 	55 	91 	91 
003073 	220 	54 	75 	76 
003074 	220 	54 	75 	76 
003075 	217 	50 	83 	84 
003076 	214 	45 	91 	91 
003077 	214 	45 	91 	91 
003078 	214 	45 	91 	91 
003079 	214 	45 	91 	91 
003080 	214 	45 	91 	91 
003081 	214 	45 	91 	91 
003082 	214 	45 	91 	91 
003083 	214 	45 	91 	91 
003084 	214 	45 	91 	91 
003085 	214 	45 	91 	91 
003086 	214 	45 	91 	91 
003087 	214 	45 	91 	91 
003088 	211 	54 	76 	76 
003089 	211 	54 	76 	76 
003090 	211 	54 	76 	76 
003091 	204 	45 	91 	91 
003092 	204 	45 	91 	91 
003093 	204 	45 	91 	91 
003094 	204 	45 	91 	91 
003095 	204 	45 	91 	91 
003096 	204 	45 	91 	91 
003097 	211 	54 	76 	76 
003098 	211 	54 	76 	76 
003099 	220 	62 	75 	76 
003100 	214 	45 	91 	91 
003101 	214 	45 	91 	91 
003102 	214 	45 	91 	91 
003103 	214 	45 	91 	91 
003104 	214 	45 	91 	91 
003105 	214 	45 	91 	91 
003106 	214 	45 	91 	91 
003107 	214 	45 	91 	91 
003108 	228 	54 	76 	76 
003109 	228 	54 	76 	76 
003110 	228 	62 	76 	76 
003111 	224 	45 	91 	91 
003112 	224 	45 	91 	91 
003113 	228 	62 	76 	76 
003114 	228 	62 	76 	76 
003115 	224 	55 	91 	91 
003116 	224 	45 	91 	91 
003117 	224 	45 	91 	91 
003118 	228 	54 	76 	76 
003119 	224 	45 	91 	91 
003120 	224 	45 	91 	91 
003121 	224 	45 	91 	91 
003122 	228 	62 	76 	76 
003123 	224 	45 	91 	91 
003124 	224 	45 	91 	91 
003125 	224 	55 	91 	91 
003126 	224 	45 	91 	91 
003127 	224 	45 	91 	91 
003128 	224 	45 	91 	91 
003129 	228 	62 	76 	76 
003130 	224 	55 	91 	91 
003131 	224 	55 	91 	91 
003132 	224 	55 	91 	91 
003133 	228 	62 	76 	76 
003134 	228 	62 	76 	76 
003135 	228 	62 	76 	76 
003136 	228 	62 	76 	76 
003137 	228 	62 	76 	76 
003138 	228 	62 	76 	76 
003139 	228 	62 	76 	76 
003140 	228 	62 	76 	76 
003141 	228 	62 	76 	76 
003142 	228 	62 	76 	76 
003143 	214 	45 	91 	91 
003144 	214 	45 	91 	91 
003145 	214 	45 	91 	91 
003146 	220 	54 	75 	76 
003147 	220 	62 	75 	76 
003148 	220 	62 	75 	76 
003149 	220 	54 	75 	76 
003150 	220 	54 	75 	76 
003151 	220 	54 	75 	76 
003152 	220 	54 	75 	76 
003153 	220 	54 	75 	76 
003154 	220 	54 	75 	76 
003155 	220 	54 	75 	76 
003156 	220 	54 	75 	76 
003157 	220 	54 	75 	76 
003158 	220 	54 	75 	76 
003159 	220 	62 	75 	76 
003160 	220 	62 	75 	76 
003161 	220 	62 	75 	76 
003162 	220 	62 	75 	76 
003163 	228 	62 	76 	76 
003164 	228 	62 	76 	76 
003165 	228 	62 	76 	76 
003166 	228 	62 	76 	76 
003167 	228 	62 	76 	76 
003168 	228 	62 	76 	76 
003169 	228 	62 	76 	76 
003170 	228 	62 	76 	76 
003171 	228 	62 	76 	76 
003172 	228 	62 	76 	76 
003173 	224 	45 	91 	91 
003174 	224 	55 	91 	91 
003175 	236 	62 	76 	76 
003176 	236 	62 	76 	76 
003177 	236 	62 	76 	76 
003178 	236 	71 	76 	75 
003179 	234 	65 	90 	91 
003180 	234 	65 	90 	91 
003181 	244 	71 	76 	75 
003182 	244 	71 	76 	75 
003183 	244 	71 	76 	75 
003184 	244 	71 	76 	75 
003185 	244 	71 	76 	75 
003186 	244 	71 	76 	75 
003187 	244 	71 	76 	75 
003188 	244 	71 	76 	75 
003189 	244 	71 	76 	75 
003190 	244 	71 	76 	75 
003191 	244 	71 	76 	75 
003192 	244 	71 	76 	75 
003193 	244 	71 	76 	75 
003194 	234 	55 	90 	91 
003195 	234 	55 	90 	91 
003196 	234 	55 	90 	91 
003197 	234 	55 	90 	91 
003198 	236 	62 	76 	76 
003199 	236 	62 	76 	76 
003200 	236 	62 	76 	76 
003201 	228 	62 	76 	76 
003202 	228 	62 	76 	76 
003203 	228 	62 	76 	76 
003204 	228 	62 	76 	76 
003205 	228 	62 	76 	76 
003206 	228 	54 	76 	76 
003207 	228 	54 	76 	76 
003208 	228 	54 	76 	76 
003209 	228 	62 	76 	76 
003210 	228 	62 	76 	76 
003211 	228 	62 	76 	76 
003212 	228 	62 	76 	76 
003213 	228 	62 	76 	76 
003214 	228 	62 	76 	76 
003215 	228 	62 	76 	76 
003216 	228 	62 	76 	76 
003217 	228 	62 	76 	76 
003218 	228 	62 	76 	76 
