Identity  : 	id10294
Reference : 	3BRezdwX-4I
Offset    : 	-2
FV Conf   : 	12.505
ASD Conf  : 	6.926

FRAME 	X 	Y 	W 	H 
005595 	223 	80 	130 	130 
005596 	223 	80 	130 	130 
005597 	223 	80 	130 	130 
005598 	223 	80 	130 	130 
005599 	223 	80 	130 	130 
005600 	223 	80 	130 	130 
005601 	223 	80 	130 	130 
005602 	223 	80 	130 	130 
005603 	223 	80 	130 	130 
005604 	223 	80 	130 	130 
005605 	223 	80 	130 	130 
005606 	223 	80 	130 	130 
005607 	223 	80 	130 	130 
005608 	223 	80 	130 	130 
005609 	223 	80 	130 	130 
005610 	223 	80 	130 	130 
005611 	223 	80 	130 	130 
005612 	223 	80 	130 	130 
005613 	223 	80 	130 	130 
005614 	223 	94 	130 	130 
005615 	223 	94 	130 	130 
005616 	223 	94 	130 	130 
005617 	223 	94 	130 	130 
005618 	223 	94 	130 	130 
005619 	223 	94 	130 	130 
005620 	223 	94 	130 	130 
005621 	223 	94 	130 	130 
005622 	216 	79 	156 	156 
005623 	216 	79 	156 	156 
005624 	216 	79 	156 	156 
005625 	216 	79 	156 	156 
005626 	216 	79 	156 	156 
005627 	216 	79 	156 	156 
005628 	216 	79 	156 	156 
005629 	216 	79 	156 	156 
005630 	216 	79 	156 	156 
005631 	216 	79 	156 	156 
005632 	216 	79 	156 	156 
005633 	216 	79 	156 	156 
005634 	216 	79 	156 	156 
005635 	237 	94 	130 	130 
005636 	237 	94 	130 	130 
005637 	237 	94 	130 	130 
005638 	237 	94 	130 	130 
005639 	237 	94 	130 	130 
005640 	237 	94 	130 	130 
005641 	233 	79 	156 	156 
005642 	233 	79 	156 	156 
005643 	233 	79 	156 	156 
005644 	237 	94 	130 	130 
005645 	237 	94 	130 	130 
005646 	237 	94 	130 	130 
005647 	237 	94 	130 	130 
005648 	237 	94 	130 	130 
005649 	237 	94 	130 	130 
005650 	237 	94 	130 	130 
005651 	237 	94 	130 	130 
005652 	237 	94 	130 	130 
005653 	237 	94 	130 	130 
005654 	237 	94 	130 	130 
005655 	237 	94 	130 	130 
005656 	237 	94 	130 	130 
005657 	237 	94 	130 	130 
005658 	237 	109 	130 	130 
005659 	237 	109 	130 	130 
005660 	237 	109 	130 	130 
005661 	216 	96 	156 	156 
005662 	216 	96 	156 	156 
005663 	223 	123 	130 	130 
005664 	223 	123 	130 	130 
005665 	223 	123 	130 	130 
005666 	223 	123 	130 	130 
005667 	223 	123 	130 	130 
005668 	223 	123 	130 	130 
005669 	223 	123 	130 	130 
005670 	223 	123 	130 	130 
005671 	223 	123 	130 	130 
005672 	223 	123 	130 	130 
005673 	223 	123 	130 	130 
005674 	223 	123 	130 	130 
005675 	223 	123 	130 	130 
005676 	199 	113 	155 	156 
005677 	208 	123 	130 	130 
005678 	208 	123 	130 	130 
005679 	208 	123 	130 	130 
005680 	208 	123 	130 	130 
005681 	208 	123 	130 	130 
005682 	208 	123 	130 	130 
005683 	208 	123 	130 	130 
005684 	208 	123 	130 	130 
005685 	208 	123 	130 	130 
005686 	208 	123 	130 	130 
005687 	208 	123 	130 	130 
005688 	208 	123 	130 	130 
005689 	208 	123 	130 	130 
005690 	208 	123 	130 	130 
005691 	208 	123 	130 	130 
005692 	199 	113 	155 	156 
005693 	199 	113 	155 	156 
005694 	199 	113 	155 	156 
005695 	199 	113 	155 	156 
005696 	223 	123 	130 	130 
005697 	223 	123 	130 	130 
005698 	223 	123 	130 	130 
005699 	223 	123 	130 	130 
005700 	216 	113 	156 	156 
005701 	216 	113 	156 	156 
005702 	216 	113 	156 	156 
005703 	216 	113 	156 	156 
005704 	216 	113 	156 	156 
005705 	216 	113 	156 	156 
005706 	216 	113 	156 	156 
005707 	216 	113 	156 	156 
005708 	216 	113 	156 	156 
005709 	216 	113 	156 	156 
005710 	216 	113 	156 	156 
005711 	216 	113 	156 	156 
005712 	216 	113 	156 	156 
005713 	223 	123 	130 	130 
005714 	223 	123 	130 	130 
005715 	223 	123 	130 	130 
005716 	223 	123 	130 	130 
005717 	223 	123 	130 	130 
005718 	223 	123 	130 	130 
005719 	223 	123 	130 	130 
005720 	223 	123 	130 	130 
005721 	223 	123 	130 	130 
005722 	223 	123 	130 	130 
005723 	223 	123 	130 	130 
005724 	223 	123 	130 	130 
005725 	223 	123 	130 	130 
005726 	223 	123 	130 	130 
005727 	223 	123 	130 	130 
005728 	223 	123 	130 	130 
005729 	223 	123 	130 	130 
005730 	199 	113 	155 	156 
