Identity  : 	id10305
Reference : 	7IIlj0cmQOI
Offset    : 	0
FV Conf   : 	16.872
ASD Conf  : 	7.532

FRAME 	X 	Y 	W 	H 
000538 	294 	45 	90 	91 
000539 	294 	45 	90 	91 
000540 	294 	45 	90 	91 
000541 	284 	45 	90 	91 
000542 	284 	45 	90 	91 
000543 	284 	45 	90 	91 
000544 	284 	45 	90 	91 
000545 	284 	45 	90 	91 
000546 	284 	45 	90 	91 
000547 	284 	45 	90 	91 
000548 	284 	45 	90 	91 
000549 	284 	45 	90 	91 
000550 	284 	45 	90 	91 
000551 	284 	45 	90 	91 
000552 	284 	45 	90 	91 
000553 	284 	45 	90 	91 
000554 	284 	45 	90 	91 
000555 	284 	45 	90 	91 
000556 	284 	45 	90 	91 
000557 	294 	45 	90 	91 
000558 	294 	45 	90 	91 
000559 	294 	45 	90 	91 
000560 	294 	45 	90 	91 
000561 	294 	45 	90 	91 
000562 	294 	45 	90 	91 
000563 	294 	45 	90 	91 
000564 	294 	45 	90 	91 
000565 	294 	45 	90 	91 
000566 	294 	45 	90 	91 
000567 	294 	35 	90 	91 
000568 	294 	35 	90 	91 
000569 	294 	35 	90 	91 
000570 	294 	35 	90 	91 
000571 	294 	35 	90 	91 
000572 	294 	35 	90 	91 
000573 	294 	35 	90 	91 
000574 	294 	35 	90 	91 
000575 	294 	35 	90 	91 
000576 	281 	31 	108 	108 
000577 	281 	31 	108 	108 
000578 	281 	31 	108 	108 
000579 	284 	45 	90 	91 
000580 	284 	45 	90 	91 
000581 	284 	45 	90 	91 
000582 	284 	45 	90 	91 
000583 	284 	45 	90 	91 
000584 	284 	45 	90 	91 
000585 	284 	45 	90 	91 
000586 	284 	45 	90 	91 
000587 	284 	45 	90 	91 
000588 	284 	45 	90 	91 
000589 	284 	45 	90 	91 
000590 	284 	45 	90 	91 
000591 	284 	45 	90 	91 
000592 	284 	45 	90 	91 
000593 	284 	35 	90 	91 
000594 	284 	35 	90 	91 
000595 	284 	35 	90 	91 
000596 	284 	35 	90 	91 
000597 	284 	35 	90 	91 
000598 	284 	35 	90 	91 
000599 	269 	31 	108 	108 
000600 	274 	35 	90 	91 
000601 	269 	31 	108 	108 
000602 	269 	31 	108 	108 
000603 	269 	31 	108 	108 
000604 	274 	45 	90 	91 
000605 	274 	45 	90 	91 
000606 	274 	45 	90 	91 
000607 	274 	45 	90 	91 
000608 	274 	45 	90 	91 
000609 	274 	35 	90 	91 
000610 	274 	35 	90 	91 
000611 	274 	35 	90 	91 
000612 	274 	35 	90 	91 
000613 	274 	30 	90 	91 
000614 	274 	25 	90 	91 
000615 	274 	25 	90 	91 
000616 	274 	25 	90 	91 
000617 	274 	25 	90 	91 
000618 	274 	25 	90 	91 
000619 	274 	25 	90 	91 
000620 	274 	35 	90 	91 
000621 	274 	35 	90 	91 
000622 	274 	35 	90 	91 
000623 	274 	35 	90 	91 
000624 	274 	35 	90 	91 
000625 	274 	45 	90 	91 
000626 	274 	45 	90 	91 
000627 	284 	45 	90 	91 
000628 	284 	45 	90 	91 
000629 	284 	45 	90 	91 
000630 	284 	45 	90 	91 
000631 	284 	45 	90 	91 
000632 	284 	45 	90 	91 
000633 	284 	45 	90 	91 
000634 	284 	45 	90 	91 
000635 	284 	45 	90 	91 
000636 	284 	45 	90 	91 
000637 	284 	35 	90 	91 
000638 	269 	31 	108 	108 
000639 	284 	35 	90 	91 
000640 	284 	35 	90 	91 
000641 	284 	35 	90 	91 
000642 	284 	35 	90 	91 
000643 	284 	35 	90 	91 
000644 	284 	35 	90 	91 
000645 	284 	35 	90 	91 
000646 	284 	35 	90 	91 
000647 	284 	45 	90 	91 
000648 	284 	45 	90 	91 
000649 	284 	45 	90 	91 
000650 	284 	45 	90 	91 
000651 	284 	55 	90 	91 
000652 	284 	55 	90 	91 
000653 	284 	55 	90 	91 
000654 	284 	55 	90 	91 
000655 	284 	55 	90 	91 
000656 	284 	55 	90 	91 
000657 	284 	55 	90 	91 
000658 	284 	55 	90 	91 
000659 	284 	55 	90 	91 
000660 	284 	45 	90 	91 
000661 	284 	45 	90 	91 
000662 	284 	45 	90 	91 
000663 	284 	45 	90 	91 
000664 	284 	45 	90 	91 
000665 	284 	45 	90 	91 
000666 	284 	45 	90 	91 
000667 	284 	45 	90 	91 
000668 	284 	45 	90 	91 
000669 	284 	35 	90 	91 
000670 	284 	35 	90 	91 
000671 	284 	35 	90 	91 
000672 	284 	35 	90 	91 
000673 	284 	35 	90 	91 
000674 	284 	35 	90 	91 
000675 	284 	35 	90 	91 
000676 	284 	35 	90 	91 
000677 	284 	35 	90 	91 
000678 	284 	35 	90 	91 
000679 	284 	45 	90 	91 
000680 	284 	45 	90 	91 
000681 	284 	45 	90 	91 
000682 	284 	45 	90 	91 
000683 	284 	45 	90 	91 
000684 	284 	45 	90 	91 
000685 	284 	55 	90 	91 
000686 	284 	55 	90 	91 
000687 	284 	55 	90 	91 
000688 	281 	54 	108 	109 
000689 	294 	55 	90 	91 
000690 	294 	55 	90 	91 
000691 	294 	55 	90 	91 
000692 	294 	55 	90 	91 
000693 	294 	55 	90 	91 
000694 	294 	55 	90 	91 
000695 	294 	55 	90 	91 
000696 	294 	55 	90 	91 
000697 	294 	55 	90 	91 
000698 	294 	45 	90 	91 
000699 	294 	45 	90 	91 
000700 	294 	45 	90 	91 
000701 	294 	45 	90 	91 
000702 	294 	45 	90 	91 
