Identity  : 	id10283
Reference : 	p3q7Z0O6rgg
Offset    : 	0
FV Conf   : 	15.819
ASD Conf  : 	8.649

FRAME 	X 	Y 	W 	H 
001803 	365 	78 	108 	109 
001804 	365 	90 	108 	109 
001805 	352 	80 	130 	130 
001806 	352 	80 	130 	130 
001807 	352 	80 	130 	130 
001808 	352 	66 	130 	130 
001809 	352 	66 	130 	130 
001810 	376 	78 	109 	109 
001811 	352 	66 	130 	130 
001812 	352 	66 	130 	130 
001813 	352 	66 	130 	130 
001814 	352 	66 	130 	130 
001815 	352 	66 	130 	130 
001816 	352 	66 	130 	130 
001817 	365 	78 	108 	109 
001818 	365 	78 	108 	109 
001819 	365 	78 	108 	109 
001820 	365 	78 	108 	109 
001821 	365 	78 	108 	109 
001822 	365 	78 	108 	109 
001823 	365 	78 	108 	109 
001824 	365 	78 	108 	109 
001825 	365 	78 	108 	109 
001826 	365 	78 	108 	109 
001827 	365 	78 	108 	109 
001828 	365 	78 	108 	109 
001829 	365 	78 	108 	109 
001830 	365 	78 	108 	109 
001831 	365 	78 	108 	109 
001832 	365 	78 	108 	109 
001833 	365 	78 	108 	109 
001834 	365 	78 	108 	109 
001835 	365 	78 	108 	109 
001836 	365 	78 	108 	109 
001837 	352 	66 	130 	130 
001838 	352 	66 	130 	130 
001839 	352 	66 	130 	130 
001840 	352 	66 	130 	130 
001841 	352 	66 	130 	130 
001842 	352 	66 	130 	130 
001843 	352 	66 	130 	130 
001844 	352 	66 	130 	130 
001845 	365 	66 	108 	109 
001846 	365 	66 	108 	109 
001847 	365 	66 	108 	109 
001848 	365 	66 	108 	109 
001849 	365 	66 	108 	109 
001850 	365 	66 	108 	109 
001851 	365 	66 	108 	109 
001852 	365 	66 	108 	109 
001853 	365 	66 	108 	109 
001854 	365 	66 	108 	109 
001855 	365 	66 	108 	109 
001856 	365 	66 	108 	109 
001857 	365 	66 	108 	109 
001858 	365 	66 	108 	109 
001859 	365 	66 	108 	109 
001860 	353 	66 	108 	109 
001861 	353 	66 	108 	109 
001862 	353 	66 	108 	109 
001863 	353 	66 	108 	109 
001864 	337 	66 	130 	130 
001865 	341 	66 	108 	109 
001866 	341 	66 	108 	109 
001867 	341 	66 	108 	109 
001868 	341 	66 	108 	109 
001869 	341 	66 	108 	109 
001870 	337 	66 	130 	130 
001871 	337 	66 	130 	130 
001872 	337 	66 	130 	130 
001873 	337 	66 	130 	130 
001874 	337 	66 	130 	130 
001875 	353 	78 	108 	109 
001876 	353 	78 	108 	109 
001877 	353 	78 	108 	109 
001878 	337 	66 	130 	130 
001879 	337 	66 	130 	130 
001880 	353 	78 	108 	109 
001881 	337 	66 	130 	130 
001882 	353 	78 	108 	109 
001883 	353 	78 	108 	109 
001884 	353 	78 	108 	109 
001885 	337 	66 	130 	130 
001886 	337 	66 	130 	130 
001887 	365 	78 	108 	109 
001888 	365 	78 	108 	109 
001889 	365 	78 	108 	109 
001890 	365 	78 	108 	109 
001891 	365 	78 	108 	109 
001892 	365 	78 	108 	109 
001893 	365 	78 	108 	109 
001894 	365 	78 	108 	109 
001895 	352 	80 	130 	130 
001896 	353 	78 	108 	109 
001897 	353 	78 	108 	109 
001898 	353 	78 	108 	109 
001899 	353 	78 	108 	109 
001900 	353 	78 	108 	109 
001901 	353 	78 	108 	109 
001902 	353 	78 	108 	109 
001903 	353 	78 	108 	109 
001904 	353 	78 	108 	109 
001905 	353 	78 	108 	109 
001906 	353 	78 	108 	109 
001907 	353 	78 	108 	109 
001908 	353 	78 	108 	109 
001909 	337 	66 	130 	130 
001910 	353 	78 	108 	109 
001911 	353 	78 	108 	109 
001912 	353 	78 	108 	109 
001913 	353 	78 	108 	109 
001914 	353 	78 	108 	109 
001915 	353 	78 	108 	109 
001916 	353 	78 	108 	109 
001917 	353 	78 	108 	109 
001918 	353 	78 	108 	109 
001919 	353 	78 	108 	109 
001920 	353 	78 	108 	109 
001921 	353 	78 	108 	109 
001922 	353 	78 	108 	109 
001923 	353 	78 	108 	109 
001924 	353 	78 	108 	109 
001925 	337 	66 	130 	130 
001926 	337 	66 	130 	130 
001927 	337 	66 	130 	130 
001928 	353 	78 	108 	109 
001929 	353 	78 	108 	109 
001930 	353 	78 	108 	109 
001931 	353 	78 	108 	109 
001932 	353 	78 	108 	109 
001933 	353 	78 	108 	109 
001934 	337 	66 	130 	130 
001935 	337 	66 	130 	130 
001936 	337 	66 	130 	130 
001937 	337 	66 	130 	130 
001938 	337 	66 	130 	130 
001939 	337 	66 	130 	130 
001940 	341 	78 	108 	109 
001941 	341 	66 	108 	109 
001942 	323 	66 	130 	130 
001943 	323 	66 	130 	130 
001944 	323 	66 	130 	130 
001945 	323 	66 	130 	130 
001946 	323 	66 	130 	130 
001947 	323 	66 	130 	130 
001948 	323 	66 	130 	130 
001949 	323 	66 	130 	130 
001950 	323 	66 	130 	130 
001951 	323 	66 	130 	130 
001952 	323 	66 	130 	130 
001953 	323 	66 	130 	130 
001954 	341 	78 	108 	109 
001955 	341 	78 	108 	109 
001956 	341 	78 	108 	109 
001957 	341 	78 	108 	109 
001958 	341 	78 	108 	109 
001959 	341 	78 	108 	109 
001960 	341 	78 	108 	109 
001961 	341 	78 	108 	109 
001962 	341 	78 	108 	109 
001963 	341 	78 	108 	109 
001964 	341 	78 	108 	109 
001965 	323 	66 	130 	130 
001966 	323 	66 	130 	130 
001967 	323 	66 	130 	130 
001968 	323 	66 	130 	130 
001969 	323 	66 	130 	130 
001970 	323 	66 	130 	130 
001971 	323 	66 	130 	130 
001972 	329 	66 	108 	109 
001973 	329 	66 	108 	109 
001974 	329 	66 	108 	109 
001975 	309 	66 	130 	130 
001976 	309 	66 	130 	130 
001977 	309 	66 	130 	130 
001978 	309 	66 	130 	130 
001979 	305 	66 	108 	109 
001980 	294 	66 	130 	130 
001981 	294 	66 	130 	130 
001982 	280 	66 	130 	130 
001983 	280 	66 	130 	130 
001984 	280 	66 	130 	130 
001985 	280 	66 	130 	130 
001986 	280 	66 	130 	130 
001987 	280 	66 	130 	130 
001988 	280 	66 	130 	130 
001989 	280 	66 	130 	130 
001990 	280 	66 	130 	130 
001991 	280 	66 	130 	130 
001992 	280 	51 	130 	130 
001993 	280 	51 	130 	130 
001994 	280 	51 	130 	130 
001995 	280 	51 	130 	130 
001996 	280 	51 	130 	130 
001997 	280 	51 	130 	130 
001998 	280 	51 	130 	130 
001999 	280 	51 	130 	130 
002000 	280 	51 	130 	130 
002001 	280 	51 	130 	130 
002002 	280 	51 	130 	130 
002003 	280 	51 	130 	130 
002004 	280 	51 	130 	130 
002005 	294 	51 	130 	130 
002006 	294 	51 	130 	130 
002007 	294 	37 	130 	130 
002008 	294 	37 	130 	130 
002009 	294 	37 	130 	130 
002010 	294 	51 	130 	130 
002011 	317 	66 	108 	109 
002012 	317 	66 	108 	109 
002013 	317 	66 	108 	109 
002014 	294 	51 	130 	130 
002015 	294 	51 	130 	130 
002016 	294 	51 	130 	130 
002017 	294 	51 	130 	130 
002018 	294 	51 	130 	130 
002019 	294 	51 	130 	130 
002020 	294 	51 	130 	130 
002021 	294 	51 	130 	130 
002022 	294 	51 	130 	130 
002023 	294 	51 	130 	130 
002024 	294 	51 	130 	130 
002025 	294 	51 	130 	130 
002026 	294 	51 	130 	130 
002027 	294 	51 	130 	130 
002028 	294 	51 	130 	130 
002029 	294 	51 	130 	130 
002030 	294 	51 	130 	130 
002031 	294 	51 	130 	130 
002032 	294 	51 	130 	130 
002033 	294 	51 	130 	130 
002034 	294 	51 	130 	130 
002035 	294 	51 	130 	130 
002036 	294 	51 	130 	130 
002037 	317 	66 	108 	109 
002038 	317 	66 	108 	109 
002039 	317 	66 	108 	109 
002040 	317 	66 	108 	109 
002041 	309 	51 	130 	130 
002042 	309 	51 	130 	130 
002043 	309 	51 	130 	130 
002044 	309 	51 	130 	130 
002045 	329 	66 	108 	109 
002046 	329 	66 	108 	109 
002047 	329 	66 	108 	109 
002048 	329 	66 	108 	109 
002049 	329 	66 	108 	109 
002050 	329 	66 	108 	109 
002051 	329 	66 	108 	109 
002052 	329 	66 	108 	109 
002053 	329 	66 	108 	109 
002054 	329 	66 	108 	109 
002055 	329 	66 	108 	109 
002056 	323 	66 	130 	130 
002057 	323 	66 	130 	130 
002058 	329 	66 	108 	109 
002059 	329 	66 	108 	109 
002060 	323 	66 	130 	130 
002061 	323 	66 	130 	130 
002062 	323 	66 	130 	130 
002063 	323 	66 	130 	130 
002064 	323 	66 	130 	130 
002065 	341 	78 	108 	109 
002066 	337 	66 	130 	130 
002067 	337 	66 	130 	130 
002068 	337 	66 	130 	130 
002069 	337 	66 	130 	130 
002070 	341 	78 	108 	109 
002071 	337 	66 	130 	130 
002072 	341 	78 	108 	109 
002073 	341 	78 	108 	109 
002074 	341 	78 	108 	109 
002075 	341 	78 	108 	109 
002076 	341 	78 	108 	109 
002077 	341 	78 	108 	109 
002078 	341 	78 	108 	109 
002079 	341 	78 	108 	109 
002080 	341 	78 	108 	109 
002081 	323 	66 	130 	130 
002082 	323 	66 	130 	130 
002083 	323 	66 	130 	130 
002084 	323 	66 	130 	130 
002085 	323 	66 	130 	130 
002086 	323 	51 	130 	130 
002087 	341 	66 	108 	109 
002088 	341 	66 	108 	109 
002089 	341 	66 	108 	109 
002090 	341 	66 	108 	109 
002091 	341 	66 	108 	109 
002092 	341 	66 	108 	109 
002093 	341 	66 	108 	109 
002094 	341 	66 	108 	109 
002095 	341 	66 	108 	109 
002096 	341 	66 	108 	109 
002097 	341 	66 	108 	109 
002098 	341 	66 	108 	109 
002099 	341 	66 	108 	109 
002100 	341 	66 	108 	109 
002101 	341 	66 	108 	109 
002102 	341 	66 	108 	109 
002103 	341 	66 	108 	109 
002104 	337 	51 	130 	130 
002105 	337 	51 	130 	130 
002106 	341 	66 	108 	109 
002107 	341 	66 	108 	109 
002108 	329 	66 	108 	109 
002109 	329 	66 	108 	109 
002110 	323 	66 	130 	130 
002111 	329 	66 	108 	109 
002112 	329 	66 	108 	109 
002113 	329 	66 	108 	109 
002114 	329 	66 	108 	109 
002115 	329 	66 	108 	109 
002116 	329 	66 	108 	109 
002117 	329 	66 	108 	109 
002118 	329 	66 	108 	109 
002119 	329 	78 	108 	109 
002120 	329 	78 	108 	109 
002121 	329 	78 	108 	109 
002122 	329 	78 	108 	109 
002123 	329 	78 	108 	109 
002124 	329 	78 	108 	109 
002125 	329 	78 	108 	109 
002126 	323 	66 	130 	130 
002127 	323 	66 	130 	130 
002128 	329 	78 	108 	109 
002129 	309 	66 	130 	130 
002130 	309 	66 	130 	130 
002131 	294 	51 	130 	130 
002132 	294 	51 	130 	130 
002133 	294 	51 	130 	130 
002134 	294 	51 	130 	130 
002135 	309 	66 	130 	130 
002136 	309 	66 	130 	130 
002137 	309 	66 	130 	130 
002138 	309 	66 	130 	130 
002139 	309 	51 	130 	130 
002140 	309 	51 	130 	130 
002141 	329 	78 	108 	109 
002142 	329 	78 	108 	109 
002143 	329 	78 	108 	109 
002144 	329 	78 	108 	109 
002145 	323 	66 	130 	130 
002146 	323 	66 	130 	130 
002147 	323 	66 	130 	130 
002148 	341 	78 	108 	109 
002149 	341 	78 	108 	109 
002150 	337 	66 	130 	130 
002151 	337 	66 	130 	130 
002152 	353 	78 	108 	109 
002153 	353 	78 	108 	109 
002154 	353 	78 	108 	109 
002155 	353 	78 	108 	109 
002156 	353 	90 	108 	109 
002157 	353 	90 	108 	109 
002158 	337 	80 	130 	130 
002159 	337 	80 	130 	130 
002160 	323 	66 	130 	130 
002161 	337 	66 	130 	130 
002162 	341 	78 	108 	109 
002163 	341 	78 	108 	109 
002164 	341 	78 	108 	109 
002165 	337 	80 	130 	130 
002166 	337 	66 	130 	130 
002167 	337 	66 	130 	130 
002168 	337 	66 	130 	130 
002169 	337 	66 	130 	130 
002170 	353 	78 	108 	109 
002171 	353 	78 	108 	109 
002172 	353 	78 	108 	109 
002173 	353 	78 	108 	109 
002174 	353 	78 	108 	109 
002175 	352 	80 	130 	130 
002176 	352 	80 	130 	130 
002177 	352 	80 	130 	130 
002178 	352 	80 	130 	130 
002179 	352 	80 	130 	130 
002180 	366 	80 	130 	130 
002181 	366 	80 	130 	130 
002182 	366 	80 	130 	130 
002183 	366 	80 	130 	130 
002184 	366 	80 	130 	130 
002185 	366 	80 	130 	130 
002186 	376 	78 	109 	109 
002187 	376 	78 	109 	109 
002188 	376 	78 	109 	109 
002189 	376 	78 	109 	109 
002190 	376 	78 	109 	109 
002191 	376 	78 	109 	109 
002192 	376 	78 	109 	109 
002193 	376 	78 	109 	109 
002194 	376 	78 	109 	109 
002195 	352 	80 	130 	130 
002196 	352 	80 	130 	130 
002197 	352 	80 	130 	130 
002198 	352 	80 	130 	130 
002199 	352 	80 	130 	130 
002200 	352 	80 	130 	130 
002201 	352 	80 	130 	130 
002202 	352 	80 	130 	130 
002203 	352 	80 	130 	130 
002204 	352 	80 	130 	130 
002205 	352 	80 	130 	130 
002206 	352 	80 	130 	130 
002207 	352 	80 	130 	130 
002208 	352 	80 	130 	130 
002209 	352 	80 	130 	130 
002210 	366 	94 	130 	130 
002211 	366 	94 	130 	130 
002212 	366 	94 	130 	130 
002213 	366 	94 	130 	130 
002214 	366 	80 	130 	130 
002215 	366 	80 	130 	130 
002216 	366 	80 	130 	130 
002217 	366 	80 	130 	130 
002218 	366 	80 	130 	130 
002219 	366 	94 	130 	130 
002220 	366 	94 	130 	130 
002221 	366 	94 	130 	130 
002222 	376 	90 	109 	109 
002223 	376 	90 	109 	109 
002224 	376 	90 	109 	109 
002225 	376 	90 	109 	109 
002226 	352 	80 	130 	130 
002227 	352 	80 	130 	130 
002228 	366 	80 	130 	130 
002229 	366 	80 	130 	130 
002230 	376 	78 	109 	109 
002231 	376 	78 	109 	109 
002232 	376 	78 	109 	109 
002233 	376 	78 	109 	109 
002234 	376 	78 	109 	109 
002235 	366 	80 	130 	130 
002236 	352 	80 	130 	130 
002237 	352 	80 	130 	130 
002238 	352 	80 	130 	130 
002239 	352 	80 	130 	130 
002240 	352 	80 	130 	130 
002241 	365 	78 	108 	109 
002242 	365 	78 	108 	109 
002243 	365 	78 	108 	109 
002244 	365 	78 	108 	109 
002245 	365 	78 	108 	109 
002246 	365 	78 	108 	109 
002247 	352 	80 	130 	130 
002248 	352 	80 	130 	130 
002249 	352 	80 	130 	130 
002250 	366 	80 	130 	130 
002251 	366 	80 	130 	130 
002252 	366 	80 	130 	130 
002253 	366 	80 	130 	130 
002254 	366 	80 	130 	130 
002255 	376 	78 	109 	109 
002256 	376 	78 	109 	109 
002257 	376 	78 	109 	109 
002258 	366 	66 	130 	130 
002259 	366 	66 	130 	130 
002260 	376 	78 	109 	109 
002261 	376 	78 	109 	109 
002262 	352 	66 	130 	130 
002263 	352 	66 	130 	130 
002264 	365 	78 	108 	109 
002265 	353 	78 	108 	109 
002266 	337 	66 	130 	130 
002267 	337 	66 	130 	130 
002268 	337 	66 	130 	130 
002269 	323 	66 	130 	130 
002270 	323 	66 	130 	130 
002271 	323 	66 	130 	130 
002272 	329 	66 	108 	109 
002273 	329 	66 	108 	109 
002274 	329 	66 	108 	109 
002275 	329 	66 	108 	109 
002276 	309 	51 	130 	130 
002277 	309 	51 	130 	130 
002278 	309 	66 	130 	130 
002279 	309 	66 	130 	130 
002280 	309 	66 	130 	130 
002281 	309 	66 	130 	130 
002282 	309 	66 	130 	130 
002283 	309 	66 	130 	130 
002284 	309 	66 	130 	130 
002285 	309 	66 	130 	130 
002286 	309 	66 	130 	130 
002287 	309 	66 	130 	130 
002288 	309 	66 	130 	130 
002289 	309 	66 	130 	130 
002290 	309 	66 	130 	130 
002291 	329 	90 	108 	109 
002292 	329 	90 	108 	109 
002293 	329 	90 	108 	109 
002294 	323 	80 	130 	130 
002295 	323 	80 	130 	130 
002296 	323 	80 	130 	130 
002297 	341 	90 	108 	109 
002298 	341 	90 	108 	109 
002299 	341 	90 	108 	109 
002300 	341 	90 	108 	109 
002301 	323 	80 	130 	130 
002302 	323 	66 	130 	130 
002303 	323 	66 	130 	130 
002304 	323 	66 	130 	130 
002305 	323 	66 	130 	130 
002306 	323 	66 	130 	130 
002307 	337 	66 	130 	130 
002308 	337 	80 	130 	130 
002309 	337 	66 	130 	130 
002310 	337 	66 	130 	130 
002311 	352 	80 	130 	130 
002312 	352 	80 	130 	130 
002313 	352 	80 	130 	130 
002314 	352 	80 	130 	130 
002315 	352 	80 	130 	130 
002316 	352 	80 	130 	130 
002317 	352 	80 	130 	130 
002318 	352 	80 	130 	130 
002319 	352 	80 	130 	130 
002320 	337 	66 	130 	130 
002321 	337 	66 	130 	130 
002322 	353 	78 	108 	109 
002323 	337 	66 	130 	130 
002324 	337 	66 	130 	130 
002325 	341 	78 	108 	109 
002326 	341 	78 	108 	109 
002327 	341 	78 	108 	109 
002328 	341 	78 	108 	109 
002329 	341 	78 	108 	109 
002330 	323 	80 	130 	130 
002331 	323 	80 	130 	130 
002332 	323 	80 	130 	130 
002333 	323 	80 	130 	130 
002334 	323 	80 	130 	130 
002335 	323 	80 	130 	130 
002336 	323 	80 	130 	130 
002337 	323 	80 	130 	130 
002338 	329 	90 	108 	109 
002339 	329 	90 	108 	109 
002340 	309 	80 	130 	130 
002341 	309 	80 	130 	130 
002342 	309 	80 	130 	130 
002343 	309 	80 	130 	130 
002344 	309 	80 	130 	130 
002345 	329 	78 	108 	109 
002346 	323 	80 	130 	130 
002347 	323 	80 	130 	130 
002348 	341 	78 	108 	109 
002349 	341 	78 	108 	109 
002350 	337 	66 	130 	130 
002351 	353 	78 	108 	109 
002352 	353 	78 	108 	109 
002353 	352 	66 	130 	130 
002354 	352 	66 	130 	130 
002355 	365 	78 	108 	109 
002356 	376 	78 	109 	109 
002357 	376 	78 	109 	109 
002358 	376 	78 	109 	109 
002359 	366 	80 	130 	130 
002360 	352 	80 	130 	130 
002361 	352 	80 	130 	130 
002362 	352 	80 	130 	130 
002363 	353 	90 	108 	109 
002364 	337 	80 	130 	130 
002365 	323 	66 	130 	130 
002366 	323 	66 	130 	130 
002367 	329 	78 	108 	109 
002368 	329 	78 	108 	109 
002369 	317 	78 	108 	109 
002370 	317 	78 	108 	109 
002371 	317 	78 	108 	109 
002372 	317 	78 	108 	109 
002373 	317 	78 	108 	109 
002374 	317 	78 	108 	109 
002375 	317 	78 	108 	109 
002376 	317 	78 	108 	109 
002377 	317 	78 	108 	109 
002378 	317 	78 	108 	109 
002379 	317 	78 	108 	109 
002380 	317 	78 	108 	109 
002381 	329 	78 	108 	109 
002382 	329 	78 	108 	109 
002383 	329 	78 	108 	109 
002384 	323 	80 	130 	130 
002385 	337 	80 	130 	130 
002386 	337 	80 	130 	130 
002387 	337 	80 	130 	130 
002388 	337 	80 	130 	130 
002389 	353 	90 	108 	109 
002390 	353 	102 	108 	109 
002391 	353 	102 	108 	109 
002392 	353 	102 	108 	109 
002393 	337 	94 	130 	130 
002394 	337 	94 	130 	130 
002395 	337 	94 	130 	130 
002396 	337 	94 	130 	130 
002397 	337 	94 	130 	130 
002398 	341 	114 	108 	109 
002399 	341 	114 	108 	109 
002400 	323 	109 	130 	130 
002401 	329 	114 	108 	109 
002402 	309 	109 	130 	130 
002403 	317 	102 	108 	109 
002404 	317 	102 	108 	109 
002405 	294 	80 	130 	130 
002406 	294 	80 	130 	130 
002407 	294 	80 	130 	130 
002408 	294 	80 	130 	130 
002409 	317 	90 	108 	109 
002410 	317 	90 	108 	109 
002411 	309 	80 	130 	130 
002412 	309 	80 	130 	130 
002413 	317 	78 	108 	109 
002414 	317 	78 	108 	109 
002415 	317 	78 	108 	109 
002416 	317 	78 	108 	109 
002417 	309 	66 	130 	130 
002418 	309 	66 	130 	130 
002419 	309 	66 	130 	130 
002420 	309 	66 	130 	130 
002421 	329 	66 	108 	109 
002422 	329 	66 	108 	109 
002423 	329 	66 	108 	109 
002424 	329 	66 	108 	109 
002425 	329 	54 	108 	109 
002426 	329 	54 	108 	109 
002427 	329 	54 	108 	109 
002428 	329 	54 	108 	109 
002429 	329 	54 	108 	109 
002430 	329 	54 	108 	109 
002431 	329 	54 	108 	109 
002432 	323 	51 	130 	130 
002433 	323 	51 	130 	130 
002434 	323 	51 	130 	130 
002435 	323 	66 	130 	130 
002436 	323 	66 	130 	130 
002437 	323 	66 	130 	130 
002438 	323 	66 	130 	130 
