Identity  : 	id10297
Reference : 	o1EKUvjvNHY
Offset    : 	-3
FV Conf   : 	13.579
ASD Conf  : 	6.758

FRAME 	X 	Y 	W 	H 
003730 	176 	121 	63 	63 
003731 	176 	121 	63 	63 
003732 	176 	121 	63 	63 
003733 	176 	121 	63 	63 
003734 	176 	121 	63 	63 
003735 	176 	121 	63 	63 
003736 	176 	121 	63 	63 
003737 	176 	121 	63 	63 
003738 	176 	121 	63 	63 
003739 	176 	121 	63 	63 
003740 	176 	121 	63 	63 
003741 	176 	121 	63 	63 
003742 	176 	121 	63 	63 
003743 	176 	121 	63 	63 
003744 	176 	121 	63 	63 
003745 	176 	121 	63 	63 
003746 	176 	121 	63 	63 
003747 	176 	121 	63 	63 
003748 	176 	121 	63 	63 
003749 	176 	121 	63 	63 
003750 	176 	121 	63 	63 
003751 	176 	121 	63 	63 
003752 	176 	121 	63 	63 
003753 	176 	121 	63 	63 
003754 	176 	121 	63 	63 
003755 	176 	121 	63 	63 
003756 	176 	121 	63 	63 
003757 	170 	112 	75 	76 
003758 	176 	121 	63 	63 
003759 	176 	121 	63 	63 
003760 	176 	121 	63 	63 
003761 	176 	121 	63 	63 
003762 	176 	121 	63 	63 
003763 	176 	121 	63 	63 
003764 	176 	121 	63 	63 
003765 	176 	121 	63 	63 
003766 	176 	121 	63 	63 
003767 	176 	121 	63 	63 
003768 	176 	121 	63 	63 
003769 	176 	121 	63 	63 
003770 	176 	121 	63 	63 
003771 	176 	121 	63 	63 
003772 	176 	121 	63 	63 
003773 	176 	121 	63 	63 
003774 	176 	121 	63 	63 
003775 	176 	121 	63 	63 
003776 	176 	121 	63 	63 
003777 	176 	121 	63 	63 
003778 	176 	121 	63 	63 
003779 	176 	121 	63 	63 
003780 	176 	121 	63 	63 
003781 	176 	121 	63 	63 
003782 	176 	121 	63 	63 
003783 	176 	121 	63 	63 
003784 	176 	121 	63 	63 
003785 	176 	121 	63 	63 
003786 	176 	121 	63 	63 
003787 	176 	121 	63 	63 
003788 	176 	121 	63 	63 
003789 	176 	121 	63 	63 
003790 	176 	121 	63 	63 
003791 	176 	121 	63 	63 
003792 	176 	121 	63 	63 
003793 	176 	121 	63 	63 
003794 	176 	121 	63 	63 
003795 	176 	121 	63 	63 
003796 	176 	121 	63 	63 
003797 	176 	121 	63 	63 
003798 	176 	121 	63 	63 
003799 	176 	121 	63 	63 
003800 	176 	121 	63 	63 
003801 	176 	121 	63 	63 
003802 	176 	121 	63 	63 
003803 	176 	114 	63 	63 
003804 	176 	121 	63 	63 
003805 	176 	121 	63 	63 
003806 	176 	121 	63 	63 
003807 	176 	121 	63 	63 
003808 	176 	121 	63 	63 
003809 	176 	121 	63 	63 
003810 	176 	121 	63 	63 
003811 	176 	121 	63 	63 
003812 	176 	121 	63 	63 
003813 	176 	121 	63 	63 
003814 	176 	121 	63 	63 
003815 	176 	121 	63 	63 
003816 	176 	121 	63 	63 
003817 	176 	121 	63 	63 
003818 	170 	112 	75 	76 
003819 	176 	121 	63 	63 
003820 	176 	121 	63 	63 
003821 	176 	121 	63 	63 
003822 	176 	121 	63 	63 
003823 	176 	121 	63 	63 
003824 	176 	121 	63 	63 
003825 	176 	121 	63 	63 
003826 	176 	121 	63 	63 
003827 	176 	121 	63 	63 
003828 	176 	121 	63 	63 
003829 	176 	121 	63 	63 
