Identity  : 	id10297
Reference : 	o1EKUvjvNHY
Offset    : 	-3
FV Conf   : 	16.330
ASD Conf  : 	6.575

FRAME 	X 	Y 	W 	H 
002145 	176 	121 	63 	63 
002146 	176 	121 	63 	63 
002147 	176 	121 	63 	63 
002148 	176 	121 	63 	63 
002149 	183 	121 	63 	63 
002150 	183 	114 	63 	63 
002151 	181 	116 	63 	63 
002152 	180 	118 	63 	63 
002153 	178 	119 	63 	63 
002154 	176 	121 	63 	63 
002155 	176 	121 	63 	63 
002156 	176 	121 	63 	63 
002157 	176 	121 	63 	63 
002158 	176 	121 	63 	63 
002159 	176 	121 	63 	63 
002160 	176 	121 	63 	63 
002161 	176 	121 	63 	63 
002162 	176 	121 	63 	63 
002163 	176 	121 	63 	63 
002164 	176 	121 	63 	63 
002165 	176 	121 	63 	63 
002166 	176 	121 	63 	63 
002167 	176 	121 	63 	63 
002168 	176 	121 	63 	63 
002169 	176 	121 	63 	63 
002170 	176 	121 	63 	63 
002171 	176 	121 	63 	63 
002172 	176 	121 	63 	63 
002173 	176 	121 	63 	63 
002174 	176 	121 	63 	63 
002175 	176 	121 	63 	63 
002176 	176 	121 	63 	63 
002177 	176 	121 	63 	63 
002178 	176 	121 	63 	63 
002179 	176 	121 	63 	63 
002180 	176 	121 	63 	63 
002181 	176 	121 	63 	63 
002182 	176 	121 	63 	63 
002183 	176 	121 	63 	63 
002184 	176 	121 	63 	63 
002185 	176 	121 	63 	63 
002186 	176 	121 	63 	63 
002187 	176 	121 	63 	63 
002188 	183 	121 	63 	63 
002189 	183 	121 	63 	63 
002190 	183 	121 	63 	63 
002191 	183 	121 	63 	63 
002192 	183 	121 	63 	63 
002193 	183 	121 	63 	63 
002194 	183 	121 	63 	63 
002195 	183 	121 	63 	63 
002196 	183 	121 	63 	63 
002197 	183 	121 	63 	63 
002198 	183 	121 	63 	63 
002199 	183 	121 	63 	63 
002200 	183 	121 	63 	63 
002201 	183 	121 	63 	63 
002202 	183 	121 	63 	63 
002203 	183 	121 	63 	63 
002204 	183 	121 	63 	63 
002205 	183 	121 	63 	63 
002206 	183 	121 	63 	63 
002207 	183 	121 	63 	63 
002208 	183 	121 	63 	63 
002209 	183 	121 	63 	63 
002210 	176 	121 	63 	63 
002211 	176 	121 	63 	63 
002212 	176 	121 	63 	63 
002213 	176 	121 	63 	63 
002214 	176 	124 	63 	63 
002215 	176 	128 	63 	63 
002216 	176 	128 	63 	63 
002217 	176 	128 	63 	63 
002218 	176 	128 	63 	63 
002219 	176 	128 	63 	63 
002220 	176 	128 	63 	63 
002221 	176 	121 	63 	63 
002222 	176 	121 	63 	63 
002223 	176 	121 	63 	63 
002224 	170 	112 	75 	76 
002225 	176 	114 	63 	63 
002226 	183 	121 	63 	63 
002227 	183 	121 	63 	63 
002228 	183 	121 	63 	63 
002229 	183 	121 	63 	63 
002230 	183 	121 	63 	63 
002231 	183 	121 	63 	63 
002232 	183 	121 	63 	63 
002233 	183 	121 	63 	63 
002234 	183 	121 	63 	63 
002235 	183 	121 	63 	63 
002236 	183 	121 	63 	63 
002237 	183 	121 	63 	63 
002238 	183 	121 	63 	63 
002239 	183 	121 	63 	63 
002240 	183 	121 	63 	63 
002241 	183 	121 	63 	63 
002242 	183 	121 	63 	63 
002243 	183 	121 	63 	63 
002244 	183 	121 	63 	63 
002245 	183 	121 	63 	63 
002246 	183 	114 	63 	63 
002247 	183 	121 	63 	63 
002248 	183 	121 	63 	63 
002249 	183 	121 	63 	63 
002250 	176 	121 	63 	63 
002251 	176 	121 	63 	63 
002252 	176 	121 	63 	63 
002253 	176 	121 	63 	63 
002254 	176 	121 	63 	63 
002255 	176 	121 	63 	63 
002256 	176 	121 	63 	63 
002257 	176 	121 	63 	63 
002258 	176 	121 	63 	63 
002259 	176 	121 	63 	63 
002260 	183 	121 	63 	63 
002261 	183 	121 	63 	63 
002262 	183 	121 	63 	63 
002263 	183 	121 	63 	63 
002264 	183 	121 	63 	63 
002265 	183 	121 	63 	63 
002266 	183 	121 	63 	63 
002267 	183 	121 	63 	63 
002268 	183 	121 	63 	63 
002269 	183 	121 	63 	63 
002270 	183 	121 	63 	63 
002271 	183 	121 	63 	63 
002272 	183 	121 	63 	63 
002273 	183 	121 	63 	63 
002274 	178 	112 	76 	76 
002275 	178 	112 	76 	76 
002276 	192 	124 	53 	53 
002277 	178 	112 	76 	76 
002278 	190 	121 	63 	63 
002279 	190 	121 	63 	63 
002280 	178 	112 	76 	76 
002281 	190 	121 	63 	63 
