Identity  : 	id10297
Reference : 	o1EKUvjvNHY
Offset    : 	-3
FV Conf   : 	13.901
ASD Conf  : 	8.323

FRAME 	X 	Y 	W 	H 
006308 	176 	128 	63 	63 
006309 	176 	121 	63 	63 
006310 	176 	121 	63 	63 
006311 	176 	121 	63 	63 
006312 	176 	121 	63 	63 
006313 	176 	121 	63 	63 
006314 	176 	121 	63 	63 
006315 	170 	112 	75 	76 
006316 	176 	121 	63 	63 
006317 	176 	114 	63 	63 
006318 	176 	114 	63 	63 
006319 	176 	114 	63 	63 
006320 	176 	114 	63 	63 
006321 	176 	114 	63 	63 
006322 	183 	114 	63 	63 
006323 	183 	114 	63 	63 
006324 	183 	114 	63 	63 
006325 	183 	114 	63 	63 
006326 	183 	114 	63 	63 
006327 	183 	114 	63 	63 
006328 	183 	114 	63 	63 
006329 	183 	114 	63 	63 
006330 	183 	114 	63 	63 
006331 	183 	114 	63 	63 
006332 	183 	114 	63 	63 
006333 	183 	114 	63 	63 
006334 	183 	114 	63 	63 
006335 	183 	114 	63 	63 
006336 	183 	114 	63 	63 
006337 	183 	114 	63 	63 
006338 	183 	114 	63 	63 
006339 	176 	114 	63 	63 
006340 	176 	114 	63 	63 
006341 	176 	114 	63 	63 
006342 	176 	114 	63 	63 
006343 	176 	121 	63 	63 
006344 	176 	121 	63 	63 
006345 	176 	121 	63 	63 
006346 	176 	121 	63 	63 
006347 	175 	120 	63 	63 
006348 	173 	118 	63 	63 
006349 	172 	117 	63 	63 
006350 	170 	115 	63 	63 
006351 	169 	114 	63 	63 
006352 	169 	121 	63 	63 
006353 	169 	121 	63 	63 
006354 	169 	121 	63 	63 
006355 	169 	121 	63 	63 
006356 	169 	121 	63 	63 
006357 	169 	121 	63 	63 
006358 	169 	121 	63 	63 
006359 	169 	121 	63 	63 
006360 	169 	121 	63 	63 
006361 	169 	121 	63 	63 
006362 	169 	121 	63 	63 
006363 	169 	121 	63 	63 
006364 	169 	121 	63 	63 
006365 	169 	121 	63 	63 
006366 	169 	121 	63 	63 
006367 	169 	121 	63 	63 
006368 	169 	121 	63 	63 
006369 	169 	121 	63 	63 
006370 	169 	121 	63 	63 
006371 	169 	121 	63 	63 
006372 	169 	121 	63 	63 
006373 	169 	121 	63 	63 
006374 	169 	121 	63 	63 
006375 	169 	121 	63 	63 
006376 	169 	121 	63 	63 
006377 	169 	121 	63 	63 
006378 	169 	121 	63 	63 
006379 	169 	121 	63 	63 
006380 	169 	121 	63 	63 
006381 	169 	121 	63 	63 
006382 	169 	121 	63 	63 
006383 	169 	121 	63 	63 
006384 	170 	112 	75 	76 
006385 	170 	112 	75 	76 
006386 	176 	121 	63 	63 
006387 	176 	121 	63 	63 
006388 	176 	121 	63 	63 
006389 	176 	121 	63 	63 
006390 	176 	121 	63 	63 
006391 	176 	121 	63 	63 
006392 	176 	121 	63 	63 
006393 	176 	121 	63 	63 
006394 	169 	121 	63 	63 
006395 	169 	121 	63 	63 
006396 	169 	121 	63 	63 
006397 	169 	121 	63 	63 
006398 	169 	121 	63 	63 
006399 	176 	121 	63 	63 
006400 	176 	121 	63 	63 
006401 	176 	121 	63 	63 
006402 	176 	121 	63 	63 
006403 	176 	121 	63 	63 
006404 	176 	121 	63 	63 
006405 	176 	121 	63 	63 
006406 	175 	119 	65 	66 
006407 	174 	117 	68 	68 
006408 	172 	116 	70 	71 
006409 	171 	114 	73 	73 
006410 	170 	112 	75 	76 
006411 	173 	116 	69 	70 
006412 	176 	121 	63 	63 
006413 	176 	121 	63 	63 
006414 	176 	121 	63 	63 
006415 	176 	121 	63 	63 
006416 	176 	121 	63 	63 
006417 	176 	121 	63 	63 
006418 	176 	121 	63 	63 
006419 	176 	121 	63 	63 
006420 	176 	121 	63 	63 
006421 	176 	121 	63 	63 
006422 	176 	121 	63 	63 
006423 	176 	121 	63 	63 
