Identity  : 	id10297
Reference : 	kWOMY99knWI
Offset    : 	4
FV Conf   : 	14.057
ASD Conf  : 	7.634

FRAME 	X 	Y 	W 	H 
011143 	257 	114 	109 	109 
011144 	257 	114 	109 	109 
011145 	257 	126 	109 	109 
011146 	257 	126 	109 	109 
011147 	257 	126 	109 	109 
011148 	257 	126 	109 	109 
011149 	257 	126 	109 	109 
011150 	257 	126 	109 	109 
011151 	257 	126 	109 	109 
011152 	257 	126 	109 	109 
011153 	257 	126 	109 	109 
011154 	257 	126 	109 	109 
011155 	257 	126 	109 	109 
011156 	257 	126 	109 	109 
011157 	257 	126 	109 	109 
011158 	257 	126 	109 	109 
011159 	257 	126 	109 	109 
011160 	257 	126 	109 	109 
011161 	257 	126 	109 	109 
011162 	257 	126 	109 	109 
011163 	257 	126 	109 	109 
011164 	257 	126 	109 	109 
011165 	257 	126 	109 	109 
011166 	257 	126 	109 	109 
011167 	257 	126 	109 	109 
011168 	257 	126 	109 	109 
011169 	257 	126 	109 	109 
011170 	257 	126 	109 	109 
011171 	257 	126 	109 	109 
011172 	257 	126 	109 	109 
011173 	257 	126 	109 	109 
011174 	257 	126 	109 	109 
011175 	257 	126 	109 	109 
011176 	257 	126 	109 	109 
011177 	257 	126 	109 	109 
011178 	257 	126 	109 	109 
011179 	257 	126 	109 	109 
011180 	257 	126 	109 	109 
011181 	257 	126 	109 	109 
011182 	257 	126 	109 	109 
011183 	257 	126 	109 	109 
011184 	257 	126 	109 	109 
011185 	257 	114 	109 	109 
011186 	257 	126 	109 	109 
011187 	251 	109 	130 	130 
011188 	257 	114 	109 	109 
011189 	257 	114 	109 	109 
011190 	263 	118 	103 	103 
011191 	268 	121 	96 	96 
011192 	274 	125 	90 	90 
011193 	274 	125 	90 	90 
011194 	274 	125 	90 	90 
011195 	274 	125 	90 	90 
011196 	274 	125 	90 	90 
011197 	274 	125 	90 	90 
011198 	274 	125 	90 	90 
011199 	274 	125 	90 	90 
011200 	274 	125 	90 	90 
011201 	274 	125 	90 	90 
011202 	274 	125 	90 	90 
011203 	274 	125 	90 	90 
011204 	274 	125 	90 	90 
011205 	274 	125 	90 	90 
011206 	274 	125 	90 	90 
011207 	274 	125 	90 	90 
011208 	274 	125 	90 	90 
011209 	274 	125 	90 	90 
011210 	274 	125 	90 	90 
011211 	274 	125 	90 	90 
011212 	274 	125 	90 	90 
011213 	274 	125 	90 	90 
011214 	274 	125 	90 	90 
011215 	274 	125 	90 	90 
011216 	274 	125 	90 	90 
011217 	274 	125 	90 	90 
011218 	274 	125 	90 	90 
011219 	274 	125 	90 	90 
011220 	274 	125 	90 	90 
011221 	274 	125 	90 	90 
011222 	274 	125 	90 	90 
011223 	274 	125 	90 	90 
011224 	274 	125 	90 	90 
011225 	274 	125 	90 	90 
011226 	274 	125 	90 	90 
011227 	274 	125 	90 	90 
011228 	274 	125 	90 	90 
011229 	274 	125 	90 	90 
011230 	269 	114 	108 	109 
011231 	269 	114 	108 	109 
011232 	269 	114 	108 	109 
011233 	269 	114 	108 	109 
011234 	269 	114 	108 	109 
011235 	269 	114 	108 	109 
011236 	269 	114 	108 	109 
011237 	269 	114 	108 	109 
011238 	269 	114 	108 	109 
011239 	269 	114 	108 	109 
011240 	269 	114 	108 	109 
011241 	269 	114 	108 	109 
011242 	269 	114 	108 	109 
011243 	269 	114 	108 	109 
011244 	269 	114 	108 	109 
011245 	269 	114 	108 	109 
011246 	269 	114 	108 	109 
011247 	269 	114 	108 	109 
011248 	269 	114 	108 	109 
011249 	269 	114 	108 	109 
011250 	269 	114 	108 	109 
011251 	269 	114 	108 	109 
011252 	269 	114 	108 	109 
011253 	269 	114 	108 	109 
011254 	269 	114 	108 	109 
011255 	269 	114 	108 	109 
011256 	269 	114 	108 	109 
011257 	269 	114 	108 	109 
011258 	269 	114 	108 	109 
011259 	269 	114 	108 	109 
011260 	269 	114 	108 	109 
011261 	269 	114 	108 	109 
011262 	269 	114 	108 	109 
011263 	269 	114 	108 	109 
011264 	269 	114 	108 	109 
011265 	269 	114 	108 	109 
011266 	269 	114 	108 	109 
011267 	269 	114 	108 	109 
011268 	269 	114 	108 	109 
011269 	269 	114 	108 	109 
011270 	269 	114 	108 	109 
011271 	269 	114 	108 	109 
011272 	269 	114 	108 	109 
011273 	269 	114 	108 	109 
011274 	269 	114 	108 	109 
011275 	269 	114 	108 	109 
011276 	269 	114 	108 	109 
011277 	269 	114 	108 	109 
011278 	269 	114 	108 	109 
011279 	269 	114 	108 	109 
011280 	269 	114 	108 	109 
011281 	269 	114 	108 	109 
011282 	269 	114 	108 	109 
011283 	269 	114 	108 	109 
011284 	269 	114 	108 	109 
011285 	269 	114 	108 	109 
011286 	269 	114 	108 	109 
011287 	269 	114 	108 	109 
011288 	269 	114 	108 	109 
011289 	269 	114 	108 	109 
011290 	269 	114 	108 	109 
011291 	269 	114 	108 	109 
011292 	269 	114 	108 	109 
011293 	269 	114 	108 	109 
011294 	269 	114 	108 	109 
011295 	269 	118 	108 	109 
011296 	269 	122 	108 	109 
011297 	269 	126 	108 	109 
011298 	269 	126 	108 	109 
011299 	269 	114 	108 	109 
011300 	274 	125 	90 	90 
011301 	274 	125 	90 	90 
011302 	274 	125 	90 	90 
011303 	274 	125 	90 	90 
011304 	274 	125 	90 	90 
011305 	274 	125 	90 	90 
011306 	274 	125 	90 	90 
011307 	274 	125 	90 	90 
011308 	284 	125 	90 	90 
011309 	284 	125 	90 	90 
011310 	284 	135 	90 	90 
011311 	284 	135 	90 	90 
011312 	284 	135 	90 	90 
011313 	284 	135 	90 	90 
011314 	284 	135 	90 	90 
011315 	284 	135 	90 	90 
011316 	284 	135 	90 	90 
011317 	269 	126 	108 	109 
011318 	269 	126 	108 	109 
011319 	269 	126 	108 	109 
011320 	269 	126 	108 	109 
011321 	284 	125 	90 	90 
011322 	284 	135 	90 	90 
011323 	284 	135 	90 	90 
011324 	284 	125 	90 	90 
011325 	284 	125 	90 	90 
011326 	284 	125 	90 	90 
011327 	284 	125 	90 	90 
011328 	284 	125 	90 	90 
011329 	284 	125 	90 	90 
011330 	269 	114 	108 	109 
011331 	284 	125 	90 	90 
011332 	284 	125 	90 	90 
011333 	269 	114 	108 	109 
011334 	269 	114 	108 	109 
011335 	284 	125 	90 	90 
011336 	284 	125 	90 	90 
011337 	284 	125 	90 	90 
011338 	284 	125 	90 	90 
011339 	284 	125 	90 	90 
011340 	284 	125 	90 	90 
011341 	284 	125 	90 	90 
011342 	284 	125 	90 	90 
011343 	284 	125 	90 	90 
011344 	284 	125 	90 	90 
011345 	284 	125 	90 	90 
011346 	284 	125 	90 	90 
011347 	284 	125 	90 	90 
011348 	284 	125 	90 	90 
011349 	284 	125 	90 	90 
011350 	284 	125 	90 	90 
011351 	287 	121 	96 	96 
011352 	290 	118 	102 	103 
011353 	293 	114 	108 	109 
011354 	293 	114 	108 	109 
011355 	293 	114 	108 	109 
011356 	294 	125 	90 	90 
011357 	281 	114 	108 	109 
011358 	281 	114 	108 	109 
011359 	281 	114 	108 	109 
011360 	281 	114 	108 	109 
011361 	281 	114 	108 	109 
011362 	281 	114 	108 	109 
011363 	281 	114 	108 	109 
011364 	281 	114 	108 	109 
011365 	281 	114 	108 	109 
011366 	281 	114 	108 	109 
011367 	281 	114 	108 	109 
011368 	281 	114 	108 	109 
011369 	281 	114 	108 	109 
011370 	281 	114 	108 	109 
011371 	281 	114 	108 	109 
011372 	281 	114 	108 	109 
011373 	281 	114 	108 	109 
011374 	284 	125 	90 	90 
011375 	269 	114 	108 	109 
011376 	269 	114 	108 	109 
011377 	269 	114 	108 	109 
011378 	269 	114 	108 	109 
011379 	269 	114 	108 	109 
011380 	269 	114 	108 	109 
011381 	269 	114 	108 	109 
011382 	269 	114 	108 	109 
011383 	269 	114 	108 	109 
011384 	284 	125 	90 	90 
011385 	284 	125 	90 	90 
011386 	284 	125 	90 	90 
011387 	284 	125 	90 	90 
011388 	284 	125 	90 	90 
011389 	284 	125 	90 	90 
011390 	269 	114 	108 	109 
011391 	284 	125 	90 	90 
011392 	284 	125 	90 	90 
011393 	284 	125 	90 	90 
011394 	284 	125 	90 	90 
011395 	284 	125 	90 	90 
011396 	284 	125 	90 	90 
011397 	284 	125 	90 	90 
011398 	284 	125 	90 	90 
011399 	281 	114 	108 	109 
011400 	281 	114 	108 	109 
011401 	281 	114 	108 	109 
011402 	281 	114 	108 	109 
011403 	281 	114 	108 	109 
011404 	281 	114 	108 	109 
