Identity  : 	id10298
Reference : 	6qFnVechX9o
Offset    : 	-1
FV Conf   : 	18.039
ASD Conf  : 	6.556

FRAME 	X 	Y 	W 	H 
003271 	285 	113 	155 	156 
003272 	285 	113 	155 	156 
003273 	285 	113 	155 	156 
003274 	294 	123 	130 	130 
003275 	267 	113 	156 	156 
003276 	267 	113 	156 	156 
003277 	267 	113 	156 	156 
003278 	267 	113 	156 	156 
003279 	267 	113 	156 	156 
003280 	267 	113 	156 	156 
003281 	267 	113 	156 	156 
003282 	267 	113 	156 	156 
003283 	267 	113 	156 	156 
003284 	267 	113 	156 	156 
003285 	280 	123 	130 	130 
003286 	280 	123 	130 	130 
003287 	250 	113 	156 	156 
003288 	250 	113 	156 	156 
003289 	250 	113 	156 	156 
003290 	250 	113 	156 	156 
003291 	250 	113 	156 	156 
003292 	250 	113 	156 	156 
003293 	250 	113 	156 	156 
003294 	250 	113 	156 	156 
003295 	250 	113 	156 	156 
003296 	250 	113 	156 	156 
003297 	250 	113 	156 	156 
003298 	280 	137 	130 	130 
003299 	267 	113 	156 	156 
003300 	267 	113 	156 	156 
003301 	267 	113 	156 	156 
003302 	267 	113 	156 	156 
003303 	267 	113 	156 	156 
003304 	267 	113 	156 	156 
003305 	267 	113 	156 	156 
003306 	267 	113 	156 	156 
003307 	267 	113 	156 	156 
003308 	267 	113 	156 	156 
003309 	267 	113 	156 	156 
003310 	294 	123 	130 	130 
003311 	294 	123 	130 	130 
003312 	294 	123 	130 	130 
003313 	294 	123 	130 	130 
003314 	294 	123 	130 	130 
003315 	294 	123 	130 	130 
003316 	294 	123 	130 	130 
003317 	285 	113 	155 	156 
003318 	285 	113 	155 	156 
003319 	285 	113 	155 	156 
003320 	285 	113 	155 	156 
003321 	285 	113 	155 	156 
003322 	285 	113 	155 	156 
003323 	285 	113 	155 	156 
003324 	285 	96 	155 	156 
003325 	285 	96 	155 	156 
003326 	309 	109 	130 	130 
003327 	309 	109 	130 	130 
003328 	309 	109 	130 	130 
003329 	309 	109 	130 	130 
003330 	302 	96 	156 	156 
003331 	302 	96 	156 	156 
003332 	302 	96 	156 	156 
003333 	302 	96 	156 	156 
003334 	302 	96 	156 	156 
003335 	302 	96 	156 	156 
003336 	302 	96 	156 	156 
003337 	302 	96 	156 	156 
003338 	309 	109 	130 	130 
003339 	309 	109 	130 	130 
003340 	309 	109 	130 	130 
003341 	285 	96 	155 	156 
003342 	285 	96 	155 	156 
003343 	285 	96 	155 	156 
003344 	285 	96 	155 	156 
003345 	285 	96 	155 	156 
003346 	285 	96 	155 	156 
003347 	309 	123 	130 	130 
003348 	285 	96 	155 	156 
003349 	309 	123 	130 	130 
003350 	309 	123 	130 	130 
003351 	309 	123 	130 	130 
003352 	309 	123 	130 	130 
003353 	309 	123 	130 	130 
003354 	285 	96 	155 	156 
003355 	285 	113 	155 	156 
003356 	285 	113 	155 	156 
003357 	285 	113 	155 	156 
003358 	285 	113 	155 	156 
003359 	285 	113 	155 	156 
003360 	285 	113 	155 	156 
003361 	285 	113 	155 	156 
003362 	285 	113 	155 	156 
003363 	285 	113 	155 	156 
003364 	285 	113 	155 	156 
003365 	285 	113 	155 	156 
003366 	285 	113 	155 	156 
003367 	285 	113 	155 	156 
003368 	285 	113 	155 	156 
003369 	285 	113 	155 	156 
003370 	285 	113 	155 	156 
003371 	285 	113 	155 	156 
003372 	285 	113 	155 	156 
003373 	285 	113 	155 	156 
003374 	285 	113 	155 	156 
003375 	294 	123 	130 	130 
003376 	294 	123 	130 	130 
003377 	267 	113 	156 	156 
003378 	267 	113 	156 	156 
003379 	267 	113 	156 	156 
003380 	267 	113 	156 	156 
003381 	267 	113 	156 	156 
003382 	267 	113 	156 	156 
003383 	267 	113 	156 	156 
003384 	267 	113 	156 	156 
003385 	294 	123 	130 	130 
003386 	294 	123 	130 	130 
003387 	294 	123 	130 	130 
003388 	294 	123 	130 	130 
003389 	294 	123 	130 	130 
003390 	294 	123 	130 	130 
003391 	294 	123 	130 	130 
003392 	294 	123 	130 	130 
003393 	294 	123 	130 	130 
003394 	294 	123 	130 	130 
003395 	267 	113 	156 	156 
003396 	267 	113 	156 	156 
003397 	267 	113 	156 	156 
003398 	267 	113 	156 	156 
003399 	267 	113 	156 	156 
003400 	267 	113 	156 	156 
003401 	267 	113 	156 	156 
003402 	267 	113 	156 	156 
003403 	267 	113 	156 	156 
003404 	267 	113 	156 	156 
003405 	267 	113 	156 	156 
003406 	294 	137 	130 	130 
003407 	294 	137 	130 	130 
003408 	294 	137 	130 	130 
003409 	294 	137 	130 	130 
003410 	267 	113 	156 	156 
003411 	267 	113 	156 	156 
003412 	267 	113 	156 	156 
003413 	267 	113 	156 	156 
003414 	267 	113 	156 	156 
003415 	267 	113 	156 	156 
003416 	294 	137 	130 	130 
003417 	294 	123 	130 	130 
003418 	294 	123 	130 	130 
003419 	294 	123 	130 	130 
003420 	294 	137 	130 	130 
003421 	294 	137 	130 	130 
003422 	294 	137 	130 	130 
003423 	294 	137 	130 	130 
003424 	267 	113 	156 	156 
003425 	280 	137 	130 	130 
003426 	280 	137 	130 	130 
003427 	280 	137 	130 	130 
003428 	280 	137 	130 	130 
003429 	280 	137 	130 	130 
003430 	280 	137 	130 	130 
003431 	280 	137 	130 	130 
003432 	280 	137 	130 	130 
003433 	280 	137 	130 	130 
003434 	280 	137 	130 	130 
003435 	280 	137 	130 	130 
003436 	280 	137 	130 	130 
003437 	280 	137 	130 	130 
003438 	280 	137 	130 	130 
003439 	280 	137 	130 	130 
003440 	280 	137 	130 	130 
003441 	280 	137 	130 	130 
003442 	267 	113 	156 	156 
003443 	267 	113 	156 	156 
003444 	294 	137 	130 	130 
003445 	294 	137 	130 	130 
003446 	294 	137 	130 	130 
003447 	285 	113 	155 	156 
003448 	285 	113 	155 	156 
003449 	285 	113 	155 	156 
003450 	285 	113 	155 	156 
003451 	285 	113 	155 	156 
003452 	285 	113 	155 	156 
003453 	285 	113 	155 	156 
003454 	285 	113 	155 	156 
003455 	285 	113 	155 	156 
003456 	285 	113 	155 	156 
003457 	285 	113 	155 	156 
003458 	285 	113 	155 	156 
003459 	285 	113 	155 	156 
003460 	285 	113 	155 	156 
003461 	285 	113 	155 	156 
003462 	285 	113 	155 	156 
003463 	285 	113 	155 	156 
003464 	285 	113 	155 	156 
003465 	285 	113 	155 	156 
003466 	285 	113 	155 	156 
003467 	285 	113 	155 	156 
003468 	285 	113 	155 	156 
003469 	285 	113 	155 	156 
003470 	294 	123 	130 	130 
003471 	267 	113 	156 	156 
003472 	267 	113 	156 	156 
003473 	267 	113 	156 	156 
003474 	267 	113 	156 	156 
003475 	267 	113 	156 	156 
003476 	267 	113 	156 	156 
003477 	280 	123 	130 	130 
003478 	267 	113 	156 	156 
003479 	280 	123 	130 	130 
003480 	267 	113 	156 	156 
003481 	280 	123 	130 	130 
003482 	280 	123 	130 	130 
003483 	280 	123 	130 	130 
003484 	280 	123 	130 	130 
003485 	280 	123 	130 	130 
003486 	280 	123 	130 	130 
003487 	267 	113 	156 	156 
003488 	267 	113 	156 	156 
003489 	285 	130 	155 	156 
003490 	285 	113 	155 	156 
003491 	285 	113 	155 	156 
003492 	285 	113 	155 	156 
003493 	294 	137 	130 	130 
003494 	294 	137 	130 	130 
003495 	294 	137 	130 	130 
