Identity  : 	id10298
Reference : 	6qFnVechX9o
Offset    : 	-1
FV Conf   : 	16.879
ASD Conf  : 	7.601

FRAME 	X 	Y 	W 	H 
007233 	352 	152 	130 	130 
007234 	352 	152 	130 	130 
007235 	352 	137 	130 	130 
007236 	352 	137 	130 	130 
007237 	336 	130 	156 	156 
007238 	336 	130 	156 	156 
007239 	336 	130 	156 	156 
007240 	352 	137 	130 	130 
007241 	352 	137 	130 	130 
007242 	352 	137 	130 	130 
007243 	352 	137 	130 	130 
007244 	352 	137 	130 	130 
007245 	336 	130 	156 	156 
007246 	336 	130 	156 	156 
007247 	336 	130 	156 	156 
007248 	336 	130 	156 	156 
007249 	337 	137 	130 	130 
007250 	337 	137 	130 	130 
007251 	337 	137 	130 	130 
007252 	337 	137 	130 	130 
007253 	337 	137 	130 	130 
007254 	337 	137 	130 	130 
007255 	319 	113 	156 	156 
007256 	319 	113 	156 	156 
007257 	319 	113 	156 	156 
007258 	337 	137 	130 	130 
007259 	337 	137 	130 	130 
007260 	337 	137 	130 	130 
007261 	352 	137 	130 	130 
007262 	352 	137 	130 	130 
007263 	352 	137 	130 	130 
007264 	337 	137 	130 	130 
007265 	337 	137 	130 	130 
007266 	337 	137 	130 	130 
007267 	337 	137 	130 	130 
007268 	337 	137 	130 	130 
007269 	337 	137 	130 	130 
007270 	319 	113 	156 	156 
007271 	319 	113 	156 	156 
007272 	319 	113 	156 	156 
007273 	337 	137 	130 	130 
007274 	323 	123 	130 	130 
007275 	323 	123 	130 	130 
007276 	323 	123 	130 	130 
007277 	323 	123 	130 	130 
007278 	323 	123 	130 	130 
007279 	323 	123 	130 	130 
007280 	323 	123 	130 	130 
007281 	323 	123 	130 	130 
007282 	323 	123 	130 	130 
007283 	323 	123 	130 	130 
007284 	323 	123 	130 	130 
007285 	323 	123 	130 	130 
007286 	323 	123 	130 	130 
007287 	323 	123 	130 	130 
007288 	323 	123 	130 	130 
007289 	323 	123 	130 	130 
007290 	323 	123 	130 	130 
007291 	323 	123 	130 	130 
007292 	302 	113 	156 	156 
007293 	323 	123 	130 	130 
007294 	323 	123 	130 	130 
007295 	323 	123 	130 	130 
007296 	323 	123 	130 	130 
007297 	309 	123 	130 	130 
007298 	309 	123 	130 	130 
007299 	309 	123 	130 	130 
007300 	309 	123 	130 	130 
007301 	309 	123 	130 	130 
007302 	309 	123 	130 	130 
007303 	309 	123 	130 	130 
007304 	309 	123 	130 	130 
007305 	309 	123 	130 	130 
007306 	309 	123 	130 	130 
007307 	309 	123 	130 	130 
007308 	309 	123 	130 	130 
007309 	309 	123 	130 	130 
007310 	309 	123 	130 	130 
007311 	309 	123 	130 	130 
007312 	309 	123 	130 	130 
007313 	309 	123 	130 	130 
007314 	309 	123 	130 	130 
007315 	323 	123 	130 	130 
007316 	323 	123 	130 	130 
007317 	323 	123 	130 	130 
007318 	323 	123 	130 	130 
007319 	319 	113 	156 	156 
007320 	319 	113 	156 	156 
007321 	319 	113 	156 	156 
007322 	319 	113 	156 	156 
007323 	337 	137 	130 	130 
007324 	336 	130 	156 	156 
007325 	352 	137 	130 	130 
007326 	352 	137 	130 	130 
007327 	352 	137 	130 	130 
007328 	352 	137 	130 	130 
007329 	352 	137 	130 	130 
007330 	352 	137 	130 	130 
007331 	352 	137 	130 	130 
007332 	352 	137 	130 	130 
007333 	352 	137 	130 	130 
007334 	352 	137 	130 	130 
007335 	337 	137 	130 	130 
007336 	337 	137 	130 	130 
007337 	337 	137 	130 	130 
007338 	337 	137 	130 	130 
007339 	337 	137 	130 	130 
007340 	337 	137 	130 	130 
007341 	337 	137 	130 	130 
007342 	337 	137 	130 	130 
007343 	337 	137 	130 	130 
007344 	337 	137 	130 	130 
007345 	337 	137 	130 	130 
007346 	337 	137 	130 	130 
007347 	337 	137 	130 	130 
007348 	337 	137 	130 	130 
007349 	337 	137 	130 	130 
007350 	337 	137 	130 	130 
007351 	337 	137 	130 	130 
007352 	319 	130 	156 	156 
007353 	337 	137 	130 	130 
007354 	337 	137 	130 	130 
007355 	337 	137 	130 	130 
007356 	337 	137 	130 	130 
007357 	337 	137 	130 	130 
007358 	337 	137 	130 	130 
007359 	337 	137 	130 	130 
007360 	337 	137 	130 	130 
007361 	337 	137 	130 	130 
007362 	337 	152 	130 	130 
007363 	337 	152 	130 	130 
007364 	337 	152 	130 	130 
007365 	337 	137 	130 	130 
007366 	336 	130 	156 	156 
007367 	352 	137 	130 	130 
007368 	352 	137 	130 	130 
007369 	352 	137 	130 	130 
007370 	352 	137 	130 	130 
007371 	352 	137 	130 	130 
007372 	352 	137 	130 	130 
007373 	352 	137 	130 	130 
007374 	352 	137 	130 	130 
007375 	352 	137 	130 	130 
007376 	352 	152 	130 	130 
007377 	352 	152 	130 	130 
007378 	352 	152 	130 	130 
007379 	352 	152 	130 	130 
007380 	352 	137 	130 	130 
007381 	352 	137 	130 	130 
007382 	352 	137 	130 	130 
007383 	352 	137 	130 	130 
007384 	352 	137 	130 	130 
007385 	337 	137 	130 	130 
007386 	337 	137 	130 	130 
007387 	337 	137 	130 	130 
007388 	337 	137 	130 	130 
007389 	337 	137 	130 	130 
007390 	337 	137 	130 	130 
007391 	337 	137 	130 	130 
007392 	337 	137 	130 	130 
007393 	337 	137 	130 	130 
007394 	337 	137 	130 	130 
007395 	337 	137 	130 	130 
007396 	352 	137 	130 	130 
007397 	352 	137 	130 	130 
007398 	352 	137 	130 	130 
007399 	352 	152 	130 	130 
007400 	352 	152 	130 	130 
007401 	352 	152 	130 	130 
007402 	352 	152 	130 	130 
007403 	352 	152 	130 	130 
007404 	352 	152 	130 	130 
007405 	337 	152 	130 	130 
007406 	337 	152 	130 	130 
007407 	337 	152 	130 	130 
007408 	337 	137 	130 	130 
007409 	319 	130 	156 	156 
007410 	337 	137 	130 	130 
007411 	337 	137 	130 	130 
007412 	337 	137 	130 	130 
007413 	337 	137 	130 	130 
007414 	337 	137 	130 	130 
007415 	337 	137 	130 	130 
007416 	337 	137 	130 	130 
007417 	337 	137 	130 	130 
007418 	337 	137 	130 	130 
007419 	336 	130 	156 	156 
007420 	352 	137 	130 	130 
007421 	352 	137 	130 	130 
007422 	352 	137 	130 	130 
007423 	352 	137 	130 	130 
007424 	352 	137 	130 	130 
007425 	352 	137 	130 	130 
007426 	352 	137 	130 	130 
007427 	352 	137 	130 	130 
007428 	352 	137 	130 	130 
007429 	352 	137 	130 	130 
007430 	337 	137 	130 	130 
007431 	337 	137 	130 	130 
007432 	337 	137 	130 	130 
007433 	337 	137 	130 	130 
007434 	337 	137 	130 	130 
007435 	323 	137 	130 	130 
007436 	323 	137 	130 	130 
007437 	302 	113 	156 	156 
007438 	302 	113 	156 	156 
007439 	323 	137 	130 	130 
007440 	323 	137 	130 	130 
007441 	323 	137 	130 	130 
007442 	319 	130 	156 	156 
007443 	319 	130 	156 	156 
007444 	319 	130 	156 	156 
007445 	337 	137 	130 	130 
007446 	337 	137 	130 	130 
007447 	337 	137 	130 	130 
007448 	337 	137 	130 	130 
007449 	337 	137 	130 	130 
007450 	337 	137 	130 	130 
007451 	337 	137 	130 	130 
007452 	337 	137 	130 	130 
007453 	337 	137 	130 	130 
007454 	337 	137 	130 	130 
007455 	323 	137 	130 	130 
007456 	323 	137 	130 	130 
007457 	323 	137 	130 	130 
007458 	323 	137 	130 	130 
007459 	323 	137 	130 	130 
007460 	323 	152 	130 	130 
007461 	319 	148 	156 	155 
007462 	319 	148 	156 	155 
007463 	319 	148 	156 	155 
007464 	337 	166 	130 	130 
007465 	319 	148 	156 	155 
007466 	337 	152 	130 	130 
007467 	337 	152 	130 	130 
007468 	337 	152 	130 	130 
007469 	337 	152 	130 	130 
007470 	337 	152 	130 	130 
007471 	319 	130 	156 	156 
007472 	323 	137 	130 	130 
007473 	319 	130 	156 	156 
007474 	319 	130 	156 	156 
007475 	319 	130 	156 	156 
007476 	319 	130 	156 	156 
007477 	337 	137 	130 	130 
007478 	337 	137 	130 	130 
007479 	337 	137 	130 	130 
007480 	337 	137 	130 	130 
007481 	337 	137 	130 	130 
007482 	337 	137 	130 	130 
007483 	337 	137 	130 	130 
007484 	337 	137 	130 	130 
007485 	337 	137 	130 	130 
007486 	337 	137 	130 	130 
007487 	323 	137 	130 	130 
007488 	337 	137 	130 	130 
007489 	337 	137 	130 	130 
007490 	323 	137 	130 	130 
007491 	323 	137 	130 	130 
007492 	337 	137 	130 	130 
007493 	337 	137 	130 	130 
007494 	337 	137 	130 	130 
007495 	323 	137 	130 	130 
007496 	337 	137 	130 	130 
007497 	337 	137 	130 	130 
007498 	337 	137 	130 	130 
007499 	337 	137 	130 	130 
007500 	337 	137 	130 	130 
007501 	337 	137 	130 	130 
007502 	337 	137 	130 	130 
007503 	337 	137 	130 	130 
007504 	337 	137 	130 	130 
007505 	302 	113 	156 	156 
007506 	302 	113 	156 	156 
007507 	302 	113 	156 	156 
007508 	323 	137 	130 	130 
007509 	323 	137 	130 	130 
007510 	302 	130 	156 	156 
007511 	302 	130 	156 	156 
007512 	302 	130 	156 	156 
007513 	302 	130 	156 	156 
007514 	302 	130 	156 	156 
007515 	302 	130 	156 	156 
007516 	302 	130 	156 	156 
007517 	302 	130 	156 	156 
007518 	302 	130 	156 	156 
007519 	302 	130 	156 	156 
007520 	302 	130 	156 	156 
007521 	323 	152 	130 	130 
007522 	323 	152 	130 	130 
007523 	302 	130 	156 	156 
007524 	302 	130 	156 	156 
007525 	302 	130 	156 	156 
007526 	302 	130 	156 	156 
007527 	302 	130 	156 	156 
007528 	323 	137 	130 	130 
007529 	323 	137 	130 	130 
007530 	323 	137 	130 	130 
007531 	323 	137 	130 	130 
007532 	323 	137 	130 	130 
007533 	323 	123 	130 	130 
007534 	323 	123 	130 	130 
007535 	323 	123 	130 	130 
007536 	323 	123 	130 	130 
007537 	323 	123 	130 	130 
007538 	323 	123 	130 	130 
007539 	323 	123 	130 	130 
007540 	323 	123 	130 	130 
007541 	323 	123 	130 	130 
007542 	323 	123 	130 	130 
007543 	323 	123 	130 	130 
007544 	323 	123 	130 	130 
007545 	323 	123 	130 	130 
007546 	323 	123 	130 	130 
