Identity  : 	id10298
Reference : 	6qFnVechX9o
Offset    : 	-2
FV Conf   : 	15.566
ASD Conf  : 	6.577

FRAME 	X 	Y 	W 	H 
006053 	309 	123 	130 	130 
006054 	302 	113 	156 	156 
006055 	302 	113 	156 	156 
006056 	302 	113 	156 	156 
006057 	302 	113 	156 	156 
006058 	302 	113 	156 	156 
006059 	302 	113 	156 	156 
006060 	323 	123 	130 	130 
006061 	323 	123 	130 	130 
006062 	323 	109 	130 	130 
006063 	323 	109 	130 	130 
006064 	323 	109 	130 	130 
006065 	323 	109 	130 	130 
006066 	323 	109 	130 	130 
006067 	323 	109 	130 	130 
006068 	323 	109 	130 	130 
006069 	323 	109 	130 	130 
006070 	323 	109 	130 	130 
006071 	323 	109 	130 	130 
006072 	323 	109 	130 	130 
006073 	323 	109 	130 	130 
006074 	323 	109 	130 	130 
006075 	323 	123 	130 	130 
006076 	323 	123 	130 	130 
006077 	323 	123 	130 	130 
006078 	323 	123 	130 	130 
006079 	323 	123 	130 	130 
006080 	323 	123 	130 	130 
006081 	323 	123 	130 	130 
006082 	323 	123 	130 	130 
006083 	323 	123 	130 	130 
006084 	323 	123 	130 	130 
006085 	323 	123 	130 	130 
006086 	323 	123 	130 	130 
006087 	337 	123 	130 	130 
006088 	337 	123 	130 	130 
006089 	337 	123 	130 	130 
006090 	337 	123 	130 	130 
006091 	337 	123 	130 	130 
006092 	337 	123 	130 	130 
006093 	337 	123 	130 	130 
006094 	337 	123 	130 	130 
006095 	337 	123 	130 	130 
006096 	337 	123 	130 	130 
006097 	337 	123 	130 	130 
006098 	337 	123 	130 	130 
006099 	319 	96 	156 	156 
006100 	323 	109 	130 	130 
006101 	323 	109 	130 	130 
006102 	323 	109 	130 	130 
006103 	323 	109 	130 	130 
006104 	323 	109 	130 	130 
006105 	323 	109 	130 	130 
006106 	323 	109 	130 	130 
006107 	323 	109 	130 	130 
006108 	302 	96 	156 	156 
006109 	302 	96 	156 	156 
006110 	302 	113 	156 	156 
006111 	302 	113 	156 	156 
006112 	302 	113 	156 	156 
006113 	302 	113 	156 	156 
006114 	302 	113 	156 	156 
006115 	309 	123 	130 	130 
006116 	309 	123 	130 	130 
006117 	309 	123 	130 	130 
006118 	309 	123 	130 	130 
006119 	309 	123 	130 	130 
006120 	309 	123 	130 	130 
006121 	285 	96 	155 	156 
006122 	285 	96 	155 	156 
006123 	285 	96 	155 	156 
006124 	285 	96 	155 	156 
006125 	309 	123 	130 	130 
006126 	302 	113 	156 	156 
006127 	302 	113 	156 	156 
006128 	323 	123 	130 	130 
006129 	337 	137 	130 	130 
006130 	336 	130 	156 	156 
006131 	336 	130 	156 	156 
006132 	336 	130 	156 	156 
006133 	336 	130 	156 	156 
006134 	336 	130 	156 	156 
006135 	336 	130 	156 	156 
006136 	337 	137 	130 	130 
006137 	337 	137 	130 	130 
006138 	337 	137 	130 	130 
006139 	337 	137 	130 	130 
006140 	337 	137 	130 	130 
006141 	337 	137 	130 	130 
006142 	323 	123 	130 	130 
006143 	323 	123 	130 	130 
006144 	323 	123 	130 	130 
006145 	302 	96 	156 	156 
006146 	302 	96 	156 	156 
006147 	302 	96 	156 	156 
006148 	309 	123 	130 	130 
006149 	309 	123 	130 	130 
006150 	309 	123 	130 	130 
006151 	309 	123 	130 	130 
006152 	309 	123 	130 	130 
006153 	309 	123 	130 	130 
006154 	309 	123 	130 	130 
006155 	309 	123 	130 	130 
006156 	309 	123 	130 	130 
006157 	309 	123 	130 	130 
006158 	302 	96 	156 	156 
006159 	323 	123 	130 	130 
006160 	323 	123 	130 	130 
006161 	337 	123 	130 	130 
006162 	337 	123 	130 	130 
006163 	337 	123 	130 	130 
006164 	337 	123 	130 	130 
006165 	337 	123 	130 	130 
006166 	337 	123 	130 	130 
006167 	319 	113 	156 	156 
006168 	319 	113 	156 	156 
006169 	323 	123 	130 	130 
006170 	323 	137 	130 	130 
006171 	323 	137 	130 	130 
006172 	309 	123 	130 	130 
