Identity  : 	id10305
Reference : 	19OCRADWjgA
Offset    : 	0
FV Conf   : 	17.585
ASD Conf  : 	5.228

FRAME 	X 	Y 	W 	H 
005413 	373 	65 	91 	91 
005414 	373 	65 	91 	91 
005415 	373 	65 	91 	91 
005416 	373 	65 	91 	91 
005417 	385 	71 	76 	75 
005418 	383 	65 	91 	91 
005419 	385 	71 	76 	75 
005420 	385 	62 	76 	76 
005421 	373 	55 	91 	91 
005422 	373 	55 	91 	91 
005423 	373 	45 	91 	91 
005424 	373 	45 	91 	91 
005425 	373 	45 	91 	91 
005426 	383 	35 	91 	91 
005427 	383 	35 	91 	91 
005428 	383 	35 	91 	91 
005429 	383 	35 	91 	91 
005430 	383 	25 	91 	91 
005431 	383 	25 	91 	91 
005432 	373 	25 	91 	91 
005433 	373 	25 	91 	91 
005434 	373 	25 	91 	91 
005435 	373 	25 	91 	91 
005436 	373 	25 	91 	91 
005437 	373 	25 	91 	91 
005438 	373 	25 	91 	91 
005439 	373 	25 	91 	91 
005440 	373 	25 	91 	91 
005441 	363 	25 	91 	91 
005442 	363 	35 	91 	91 
005443 	363 	35 	91 	91 
005444 	363 	35 	91 	91 
005445 	363 	35 	91 	91 
005446 	373 	35 	91 	91 
005447 	373 	35 	91 	91 
005448 	373 	35 	91 	91 
005449 	373 	35 	91 	91 
005450 	373 	25 	91 	91 
005451 	373 	25 	91 	91 
005452 	373 	35 	91 	91 
005453 	373 	35 	91 	91 
005454 	373 	35 	91 	91 
005455 	373 	35 	91 	91 
005456 	373 	35 	91 	91 
005457 	373 	35 	91 	91 
005458 	373 	35 	91 	91 
005459 	373 	35 	91 	91 
005460 	373 	35 	91 	91 
005461 	373 	35 	91 	91 
005462 	373 	35 	91 	91 
005463 	373 	35 	91 	91 
005464 	373 	35 	91 	91 
005465 	373 	35 	91 	91 
005466 	373 	35 	91 	91 
005467 	373 	35 	91 	91 
005468 	373 	35 	91 	91 
005469 	373 	35 	91 	91 
005470 	373 	35 	91 	91 
005471 	373 	35 	91 	91 
005472 	373 	35 	91 	91 
005473 	373 	35 	91 	91 
005474 	373 	35 	91 	91 
005475 	373 	45 	91 	91 
005476 	373 	45 	91 	91 
005477 	373 	45 	91 	91 
005478 	373 	45 	91 	91 
005479 	373 	45 	91 	91 
005480 	373 	55 	91 	91 
005481 	373 	55 	91 	91 
005482 	373 	55 	91 	91 
005483 	373 	55 	91 	91 
005484 	373 	55 	91 	91 
005485 	383 	55 	91 	91 
005486 	383 	55 	91 	91 
005487 	383 	55 	91 	91 
005488 	383 	65 	91 	91 
005489 	383 	55 	91 	91 
005490 	383 	55 	91 	91 
005491 	383 	55 	91 	91 
005492 	383 	55 	91 	91 
005493 	383 	55 	91 	91 
005494 	393 	55 	91 	91 
005495 	393 	55 	91 	91 
005496 	393 	55 	91 	91 
005497 	393 	55 	91 	91 
005498 	383 	55 	91 	91 
005499 	383 	55 	91 	91 
005500 	383 	55 	91 	91 
005501 	383 	55 	91 	91 
005502 	383 	55 	91 	91 
005503 	383 	45 	91 	91 
005504 	383 	45 	91 	91 
005505 	383 	45 	91 	91 
005506 	383 	45 	91 	91 
005507 	383 	45 	91 	91 
005508 	383 	45 	91 	91 
005509 	393 	45 	91 	91 
005510 	393 	55 	91 	91 
005511 	393 	55 	91 	91 
005512 	393 	55 	91 	91 
005513 	393 	55 	91 	91 
005514 	393 	55 	91 	91 
005515 	393 	55 	91 	91 
005516 	393 	55 	91 	91 
005517 	383 	55 	91 	91 
005518 	383 	55 	91 	91 
005519 	383 	55 	91 	91 
005520 	393 	55 	91 	91 
005521 	393 	55 	91 	91 
005522 	393 	55 	91 	91 
005523 	393 	55 	91 	91 
005524 	393 	55 	91 	91 
005525 	410 	62 	76 	76 
005526 	410 	62 	76 	76 
005527 	393 	65 	91 	91 
005528 	410 	71 	76 	75 
005529 	393 	65 	91 	91 
005530 	403 	65 	91 	91 
005531 	403 	65 	91 	91 
005532 	403 	65 	91 	91 
005533 	403 	65 	91 	91 
005534 	403 	65 	91 	91 
005535 	403 	65 	91 	91 
005536 	403 	65 	91 	91 
005537 	403 	65 	91 	91 
005538 	403 	65 	91 	91 
005539 	403 	65 	91 	91 
005540 	403 	65 	91 	91 
005541 	403 	65 	91 	91 
