Identity  : 	id10305
Reference : 	19OCRADWjgA
Offset    : 	0
FV Conf   : 	12.826
ASD Conf  : 	6.565

FRAME 	X 	Y 	W 	H 
003394 	393 	55 	91 	91 
003395 	393 	55 	91 	91 
003396 	393 	55 	91 	91 
003397 	393 	55 	91 	91 
003398 	393 	55 	91 	91 
003399 	393 	55 	91 	91 
003400 	393 	55 	91 	91 
003401 	393 	55 	91 	91 
003402 	393 	55 	91 	91 
003403 	393 	55 	91 	91 
003404 	393 	55 	91 	91 
003405 	393 	55 	91 	91 
003406 	393 	55 	91 	91 
003407 	393 	55 	91 	91 
003408 	393 	55 	91 	91 
003409 	393 	55 	91 	91 
003410 	393 	55 	91 	91 
003411 	393 	55 	91 	91 
003412 	393 	55 	91 	91 
003413 	393 	55 	91 	91 
003414 	393 	55 	91 	91 
003415 	393 	55 	91 	91 
003416 	393 	55 	91 	91 
003417 	393 	55 	91 	91 
003418 	393 	55 	91 	91 
003419 	410 	54 	76 	76 
003420 	410 	54 	76 	76 
003421 	410 	54 	76 	76 
003422 	403 	45 	91 	91 
003423 	403 	55 	91 	91 
003424 	393 	55 	91 	91 
003425 	393 	55 	91 	91 
003426 	393 	55 	91 	91 
003427 	393 	55 	91 	91 
003428 	393 	65 	91 	91 
003429 	383 	65 	91 	91 
003430 	383 	65 	91 	91 
003431 	383 	65 	91 	91 
003432 	383 	65 	91 	91 
003433 	383 	65 	91 	91 
003434 	383 	65 	91 	91 
003435 	383 	65 	91 	91 
003436 	383 	65 	91 	91 
003437 	383 	65 	91 	91 
003438 	383 	65 	91 	91 
003439 	383 	65 	91 	91 
003440 	383 	65 	91 	91 
003441 	383 	65 	91 	91 
003442 	383 	65 	91 	91 
003443 	383 	65 	91 	91 
003444 	383 	65 	91 	91 
003445 	383 	65 	91 	91 
003446 	393 	65 	91 	91 
003447 	383 	65 	91 	91 
003448 	393 	65 	91 	91 
003449 	383 	65 	91 	91 
003450 	383 	65 	91 	91 
003451 	383 	65 	91 	91 
003452 	383 	65 	91 	91 
003453 	383 	65 	91 	91 
003454 	383 	65 	91 	91 
003455 	383 	65 	91 	91 
003456 	383 	65 	91 	91 
003457 	383 	65 	91 	91 
003458 	394 	79 	75 	76 
003459 	383 	75 	91 	91 
003460 	383 	75 	91 	91 
003461 	383 	75 	91 	91 
003462 	383 	75 	91 	91 
003463 	383 	75 	91 	91 
003464 	383 	75 	91 	91 
003465 	373 	75 	91 	91 
003466 	373 	75 	91 	91 
003467 	373 	75 	91 	91 
003468 	373 	75 	91 	91 
003469 	373 	75 	91 	91 
003470 	373 	85 	91 	91 
003471 	373 	85 	91 	91 
003472 	373 	85 	91 	91 
003473 	373 	85 	91 	91 
003474 	373 	75 	91 	91 
003475 	373 	75 	91 	91 
003476 	373 	75 	91 	91 
003477 	373 	75 	91 	91 
003478 	373 	75 	91 	91 
003479 	373 	75 	91 	91 
003480 	373 	75 	91 	91 
003481 	373 	75 	91 	91 
003482 	373 	75 	91 	91 
003483 	373 	75 	91 	91 
003484 	373 	75 	91 	91 
003485 	373 	75 	91 	91 
003486 	373 	75 	91 	91 
003487 	373 	75 	91 	91 
003488 	373 	75 	91 	91 
003489 	373 	75 	91 	91 
003490 	363 	75 	91 	91 
003491 	373 	75 	91 	91 
003492 	373 	75 	91 	91 
003493 	373 	75 	91 	91 
003494 	373 	75 	91 	91 
003495 	373 	75 	91 	91 
003496 	373 	75 	91 	91 
003497 	373 	75 	91 	91 
003498 	373 	75 	91 	91 
003499 	373 	75 	91 	91 
003500 	373 	75 	91 	91 
003501 	363 	75 	91 	91 
003502 	363 	75 	91 	91 
003503 	363 	75 	91 	91 
003504 	373 	75 	91 	91 
003505 	373 	75 	91 	91 
003506 	373 	75 	91 	91 
003507 	373 	75 	91 	91 
003508 	373 	65 	91 	91 
003509 	383 	65 	91 	91 
003510 	383 	65 	91 	91 
003511 	383 	65 	91 	91 
003512 	383 	65 	91 	91 
003513 	383 	65 	91 	91 
003514 	383 	65 	91 	91 
003515 	383 	65 	91 	91 
003516 	383 	65 	91 	91 
003517 	383 	65 	91 	91 
003518 	383 	65 	91 	91 
003519 	383 	65 	91 	91 
003520 	383 	65 	91 	91 
003521 	383 	65 	91 	91 
003522 	383 	65 	91 	91 
003523 	383 	65 	91 	91 
003524 	383 	65 	91 	91 
003525 	394 	71 	75 	75 
003526 	394 	71 	75 	75 
003527 	394 	71 	75 	75 
003528 	383 	55 	91 	91 
