Identity  : 	id10307
Reference : 	c_aEjTGGhZ4
Offset    : 	0
FV Conf   : 	16.174
ASD Conf  : 	9.285

FRAME 	X 	Y 	W 	H 
003185 	266 	94 	130 	130 
003186 	266 	94 	130 	130 
003187 	266 	94 	130 	130 
003188 	266 	94 	130 	130 
003189 	266 	94 	130 	130 
003190 	266 	94 	130 	130 
003191 	266 	94 	130 	130 
003192 	266 	94 	130 	130 
003193 	266 	94 	130 	130 
003194 	266 	94 	130 	130 
003195 	266 	94 	130 	130 
003196 	266 	94 	130 	130 
003197 	266 	94 	130 	130 
003198 	266 	94 	130 	130 
003199 	266 	94 	130 	130 
003200 	266 	94 	130 	130 
003201 	266 	94 	130 	130 
003202 	266 	94 	130 	130 
003203 	266 	94 	130 	130 
003204 	266 	94 	130 	130 
003205 	266 	94 	130 	130 
003206 	266 	94 	130 	130 
003207 	266 	94 	130 	130 
003208 	266 	80 	130 	130 
003209 	266 	80 	130 	130 
003210 	266 	80 	130 	130 
003211 	266 	80 	130 	130 
003212 	266 	80 	130 	130 
003213 	266 	80 	130 	130 
003214 	266 	80 	130 	130 
003215 	266 	80 	130 	130 
003216 	266 	80 	130 	130 
003217 	266 	80 	130 	130 
003218 	266 	80 	130 	130 
003219 	266 	80 	130 	130 
003220 	266 	80 	130 	130 
003221 	266 	80 	130 	130 
003222 	266 	80 	130 	130 
003223 	266 	80 	130 	130 
003224 	266 	80 	130 	130 
003225 	269 	90 	108 	109 
003226 	269 	90 	108 	109 
003227 	266 	80 	130 	130 
003228 	266 	80 	130 	130 
003229 	266 	80 	130 	130 
003230 	266 	80 	130 	130 
003231 	266 	80 	130 	130 
003232 	266 	80 	130 	130 
003233 	266 	80 	130 	130 
003234 	266 	80 	130 	130 
003235 	266 	94 	130 	130 
003236 	266 	94 	130 	130 
003237 	269 	90 	108 	109 
003238 	269 	90 	108 	109 
003239 	269 	90 	108 	109 
003240 	266 	80 	130 	130 
003241 	266 	80 	130 	130 
003242 	269 	90 	108 	109 
003243 	251 	80 	130 	130 
003244 	251 	80 	130 	130 
003245 	251 	94 	130 	130 
003246 	251 	94 	130 	130 
003247 	251 	94 	130 	130 
003248 	251 	94 	130 	130 
003249 	251 	80 	130 	130 
003250 	251 	80 	130 	130 
003251 	251 	80 	130 	130 
003252 	251 	80 	130 	130 
003253 	251 	80 	130 	130 
003254 	251 	80 	130 	130 
003255 	251 	94 	130 	130 
003256 	251 	94 	130 	130 
003257 	251 	94 	130 	130 
003258 	251 	94 	130 	130 
003259 	251 	94 	130 	130 
003260 	251 	94 	130 	130 
003261 	251 	94 	130 	130 
003262 	251 	94 	130 	130 
003263 	251 	94 	130 	130 
003264 	251 	94 	130 	130 
003265 	251 	94 	130 	130 
003266 	251 	94 	130 	130 
003267 	251 	94 	130 	130 
003268 	251 	94 	130 	130 
003269 	251 	94 	130 	130 
003270 	251 	94 	130 	130 
003271 	251 	94 	130 	130 
003272 	237 	80 	130 	130 
003273 	237 	80 	130 	130 
003274 	251 	80 	130 	130 
003275 	251 	80 	130 	130 
003276 	251 	80 	130 	130 
003277 	251 	80 	130 	130 
003278 	251 	80 	130 	130 
003279 	251 	80 	130 	130 
003280 	251 	80 	130 	130 
003281 	251 	80 	130 	130 
003282 	251 	80 	130 	130 
003283 	251 	80 	130 	130 
003284 	251 	80 	130 	130 
003285 	251 	80 	130 	130 
003286 	251 	80 	130 	130 
003287 	251 	80 	130 	130 
003288 	251 	94 	130 	130 
003289 	251 	94 	130 	130 
003290 	251 	94 	130 	130 
003291 	251 	94 	130 	130 
003292 	251 	94 	130 	130 
003293 	251 	94 	130 	130 
003294 	251 	94 	130 	130 
003295 	251 	94 	130 	130 
003296 	251 	94 	130 	130 
003297 	251 	94 	130 	130 
003298 	251 	94 	130 	130 
003299 	251 	94 	130 	130 
003300 	251 	94 	130 	130 
003301 	251 	94 	130 	130 
003302 	251 	94 	130 	130 
003303 	251 	94 	130 	130 
003304 	251 	94 	130 	130 
003305 	251 	94 	130 	130 
003306 	251 	94 	130 	130 
003307 	251 	94 	130 	130 
003308 	251 	94 	130 	130 
003309 	251 	94 	130 	130 
003310 	251 	94 	130 	130 
003311 	251 	94 	130 	130 
003312 	251 	94 	130 	130 
003313 	251 	94 	130 	130 
003314 	251 	94 	130 	130 
003315 	237 	80 	130 	130 
003316 	237 	80 	130 	130 
003317 	251 	80 	130 	130 
003318 	251 	80 	130 	130 
003319 	251 	66 	130 	130 
003320 	251 	66 	130 	130 
003321 	251 	66 	130 	130 
003322 	251 	66 	130 	130 
003323 	251 	66 	130 	130 
003324 	251 	66 	130 	130 
003325 	251 	80 	130 	130 
003326 	251 	80 	130 	130 
003327 	251 	80 	130 	130 
003328 	251 	80 	130 	130 
003329 	269 	90 	108 	109 
003330 	251 	80 	130 	130 
003331 	251 	80 	130 	130 
003332 	269 	102 	108 	109 
003333 	269 	102 	108 	109 
003334 	269 	90 	108 	109 
003335 	269 	90 	108 	109 
003336 	269 	90 	108 	109 
003337 	269 	90 	108 	109 
003338 	269 	90 	108 	109 
003339 	266 	80 	130 	130 
003340 	266 	80 	130 	130 
003341 	266 	80 	130 	130 
003342 	266 	80 	130 	130 
003343 	266 	80 	130 	130 
003344 	266 	80 	130 	130 
003345 	266 	80 	130 	130 
003346 	266 	80 	130 	130 
003347 	266 	80 	130 	130 
003348 	266 	80 	130 	130 
003349 	266 	80 	130 	130 
003350 	266 	66 	130 	130 
003351 	266 	66 	130 	130 
003352 	266 	66 	130 	130 
003353 	266 	66 	130 	130 
003354 	266 	66 	130 	130 
003355 	266 	66 	130 	130 
003356 	281 	78 	108 	109 
003357 	266 	66 	130 	130 
003358 	266 	66 	130 	130 
003359 	266 	66 	130 	130 
003360 	266 	80 	130 	130 
003361 	266 	80 	130 	130 
003362 	266 	80 	130 	130 
003363 	266 	80 	130 	130 
003364 	266 	80 	130 	130 
003365 	266 	80 	130 	130 
003366 	266 	80 	130 	130 
003367 	266 	80 	130 	130 
003368 	266 	80 	130 	130 
003369 	266 	80 	130 	130 
003370 	266 	80 	130 	130 
003371 	266 	80 	130 	130 
003372 	266 	80 	130 	130 
003373 	266 	80 	130 	130 
003374 	266 	80 	130 	130 
003375 	266 	80 	130 	130 
003376 	266 	80 	130 	130 
003377 	266 	80 	130 	130 
003378 	266 	80 	130 	130 
003379 	266 	80 	130 	130 
003380 	281 	90 	108 	109 
003381 	280 	80 	130 	130 
003382 	280 	80 	130 	130 
003383 	280 	80 	130 	130 
003384 	280 	80 	130 	130 
003385 	266 	80 	130 	130 
003386 	266 	80 	130 	130 
003387 	281 	78 	108 	109 
003388 	281 	78 	108 	109 
003389 	281 	78 	108 	109 
003390 	266 	80 	130 	130 
003391 	266 	80 	130 	130 
003392 	266 	80 	130 	130 
003393 	266 	80 	130 	130 
003394 	266 	80 	130 	130 
003395 	266 	80 	130 	130 
003396 	266 	80 	130 	130 
003397 	266 	80 	130 	130 
003398 	266 	80 	130 	130 
003399 	266 	80 	130 	130 
003400 	266 	66 	130 	130 
003401 	266 	66 	130 	130 
003402 	266 	66 	130 	130 
003403 	266 	66 	130 	130 
003404 	266 	66 	130 	130 
003405 	281 	78 	108 	109 
003406 	280 	80 	130 	130 
003407 	280 	80 	130 	130 
003408 	280 	80 	130 	130 
003409 	280 	80 	130 	130 
003410 	280 	80 	130 	130 
003411 	280 	80 	130 	130 
003412 	280 	80 	130 	130 
003413 	280 	80 	130 	130 
003414 	280 	80 	130 	130 
003415 	280 	80 	130 	130 
003416 	280 	80 	130 	130 
003417 	280 	80 	130 	130 
003418 	280 	80 	130 	130 
003419 	280 	80 	130 	130 
003420 	280 	80 	130 	130 
003421 	293 	90 	108 	109 
003422 	293 	90 	108 	109 
003423 	280 	80 	130 	130 
003424 	280 	80 	130 	130 
003425 	280 	80 	130 	130 
003426 	280 	80 	130 	130 
003427 	280 	80 	130 	130 
003428 	293 	90 	108 	109 
003429 	280 	80 	130 	130 
003430 	280 	80 	130 	130 
003431 	280 	80 	130 	130 
003432 	280 	80 	130 	130 
003433 	280 	80 	130 	130 
003434 	280 	80 	130 	130 
003435 	280 	80 	130 	130 
003436 	280 	80 	130 	130 
003437 	280 	80 	130 	130 
003438 	280 	80 	130 	130 
003439 	280 	80 	130 	130 
003440 	280 	80 	130 	130 
003441 	266 	66 	130 	130 
003442 	266 	66 	130 	130 
003443 	266 	51 	130 	130 
003444 	266 	51 	130 	130 
003445 	266 	51 	130 	130 
003446 	251 	51 	130 	130 
003447 	251 	51 	130 	130 
003448 	251 	51 	130 	130 
003449 	251 	51 	130 	130 
003450 	266 	51 	130 	130 
003451 	251 	51 	130 	130 
003452 	251 	51 	130 	130 
003453 	251 	51 	130 	130 
003454 	266 	51 	130 	130 
003455 	266 	51 	130 	130 
003456 	266 	51 	130 	130 
003457 	266 	51 	130 	130 
003458 	266 	51 	130 	130 
003459 	266 	51 	130 	130 
003460 	266 	66 	130 	130 
003461 	266 	66 	130 	130 
003462 	266 	66 	130 	130 
003463 	281 	78 	108 	109 
003464 	266 	66 	130 	130 
003465 	266 	66 	130 	130 
003466 	266 	66 	130 	130 
003467 	266 	66 	130 	130 
003468 	266 	51 	130 	130 
003469 	266 	51 	130 	130 
003470 	266 	51 	130 	130 
003471 	266 	51 	130 	130 
003472 	266 	66 	130 	130 
003473 	266 	66 	130 	130 
003474 	266 	66 	130 	130 
003475 	266 	66 	130 	130 
003476 	266 	66 	130 	130 
003477 	281 	78 	108 	109 
003478 	266 	66 	130 	130 
003479 	266 	66 	130 	130 
003480 	266 	66 	130 	130 
003481 	281 	78 	108 	109 
003482 	280 	66 	130 	130 
003483 	280 	66 	130 	130 
003484 	280 	66 	130 	130 
003485 	280 	66 	130 	130 
003486 	280 	66 	130 	130 
003487 	266 	66 	130 	130 
003488 	266 	66 	130 	130 
003489 	266 	66 	130 	130 
003490 	266 	66 	130 	130 
003491 	266 	51 	130 	130 
003492 	266 	66 	130 	130 
003493 	266 	66 	130 	130 
003494 	266 	66 	130 	130 
003495 	251 	66 	130 	130 
003496 	251 	66 	130 	130 
003497 	251 	66 	130 	130 
003498 	251 	80 	130 	130 
003499 	251 	80 	130 	130 
003500 	251 	80 	130 	130 
003501 	251 	80 	130 	130 
003502 	237 	80 	130 	130 
003503 	237 	80 	130 	130 
003504 	237 	94 	130 	130 
003505 	237 	94 	130 	130 
003506 	237 	94 	130 	130 
003507 	237 	94 	130 	130 
003508 	237 	94 	130 	130 
003509 	237 	94 	130 	130 
003510 	237 	109 	130 	130 
003511 	237 	109 	130 	130 
003512 	237 	109 	130 	130 
003513 	237 	109 	130 	130 
003514 	237 	94 	130 	130 
003515 	237 	94 	130 	130 
003516 	251 	94 	130 	130 
003517 	266 	109 	130 	130 
003518 	266 	109 	130 	130 
003519 	266 	109 	130 	130 
003520 	280 	109 	130 	130 
003521 	281 	114 	108 	109 
003522 	266 	94 	130 	130 
003523 	266 	94 	130 	130 
003524 	266 	94 	130 	130 
003525 	266 	94 	130 	130 
003526 	266 	94 	130 	130 
003527 	266 	94 	130 	130 
003528 	266 	94 	130 	130 
003529 	266 	94 	130 	130 
003530 	266 	94 	130 	130 
003531 	266 	94 	130 	130 
003532 	266 	94 	130 	130 
003533 	266 	94 	130 	130 
003534 	266 	94 	130 	130 
003535 	266 	94 	130 	130 
003536 	251 	80 	130 	130 
003537 	251 	80 	130 	130 
003538 	251 	80 	130 	130 
003539 	251 	80 	130 	130 
003540 	251 	80 	130 	130 
003541 	251 	80 	130 	130 
003542 	251 	80 	130 	130 
003543 	251 	80 	130 	130 
003544 	251 	80 	130 	130 
003545 	251 	80 	130 	130 
003546 	266 	80 	130 	130 
003547 	266 	80 	130 	130 
003548 	266 	80 	130 	130 
003549 	280 	80 	130 	130 
003550 	280 	80 	130 	130 
003551 	294 	94 	130 	130 
003552 	294 	94 	130 	130 
003553 	294 	94 	130 	130 
003554 	294 	94 	130 	130 
003555 	294 	94 	130 	130 
003556 	294 	94 	130 	130 
003557 	294 	94 	130 	130 
003558 	294 	94 	130 	130 
003559 	294 	94 	130 	130 
003560 	294 	94 	130 	130 
003561 	294 	94 	130 	130 
003562 	294 	94 	130 	130 
003563 	294 	80 	130 	130 
003564 	294 	80 	130 	130 
003565 	294 	80 	130 	130 
003566 	294 	80 	130 	130 
003567 	294 	80 	130 	130 
003568 	294 	80 	130 	130 
003569 	294 	80 	130 	130 
003570 	294 	80 	130 	130 
003571 	280 	80 	130 	130 
003572 	266 	80 	130 	130 
003573 	266 	80 	130 	130 
003574 	266 	80 	130 	130 
003575 	266 	80 	130 	130 
003576 	251 	80 	130 	130 
003577 	237 	80 	130 	130 
003578 	237 	94 	130 	130 
003579 	237 	94 	130 	130 
003580 	251 	94 	130 	130 
003581 	251 	94 	130 	130 
003582 	237 	94 	130 	130 
003583 	237 	94 	130 	130 
003584 	237 	94 	130 	130 
003585 	237 	94 	130 	130 
003586 	233 	79 	156 	156 
003587 	251 	94 	130 	130 
003588 	251 	94 	130 	130 
003589 	251 	94 	130 	130 
003590 	266 	109 	130 	130 
003591 	266 	109 	130 	130 
003592 	251 	94 	130 	130 
003593 	251 	94 	130 	130 
003594 	237 	80 	130 	130 
003595 	223 	80 	130 	130 
003596 	223 	94 	130 	130 
003597 	223 	94 	130 	130 
003598 	208 	94 	130 	130 
003599 	208 	94 	130 	130 
003600 	208 	94 	130 	130 
003601 	194 	94 	130 	130 
003602 	194 	94 	130 	130 
003603 	180 	94 	130 	130 
003604 	180 	94 	130 	130 
003605 	180 	94 	130 	130 
003606 	180 	94 	130 	130 
003607 	194 	94 	130 	130 
003608 	194 	80 	130 	130 
003609 	194 	80 	130 	130 
003610 	194 	80 	130 	130 
003611 	208 	66 	130 	130 
003612 	223 	66 	130 	130 
003613 	223 	66 	130 	130 
003614 	237 	66 	130 	130 
003615 	237 	66 	130 	130 
003616 	257 	78 	109 	109 
003617 	251 	80 	130 	130 
003618 	269 	78 	108 	109 
003619 	266 	66 	130 	130 
003620 	266 	66 	130 	130 
003621 	266 	66 	130 	130 
003622 	281 	66 	108 	109 
003623 	281 	66 	108 	109 
003624 	281 	66 	108 	109 
003625 	281 	66 	108 	109 
003626 	281 	66 	108 	109 
003627 	266 	66 	130 	130 
003628 	266 	80 	130 	130 
003629 	266 	80 	130 	130 
003630 	266 	80 	130 	130 
003631 	269 	78 	108 	109 
003632 	251 	66 	130 	130 
003633 	251 	66 	130 	130 
003634 	251 	66 	130 	130 
003635 	251 	66 	130 	130 
003636 	251 	66 	130 	130 
003637 	237 	66 	130 	130 
003638 	237 	66 	130 	130 
003639 	237 	80 	130 	130 
003640 	237 	80 	130 	130 
003641 	237 	80 	130 	130 
003642 	223 	80 	130 	130 
003643 	223 	80 	130 	130 
003644 	223 	80 	130 	130 
003645 	223 	80 	130 	130 
003646 	223 	80 	130 	130 
003647 	208 	80 	130 	130 
003648 	208 	80 	130 	130 
003649 	208 	80 	130 	130 
003650 	208 	80 	130 	130 
003651 	208 	80 	130 	130 
003652 	208 	80 	130 	130 
003653 	208 	80 	130 	130 
003654 	221 	90 	109 	109 
003655 	208 	80 	130 	130 
003656 	223 	80 	130 	130 
003657 	223 	80 	130 	130 
003658 	223 	80 	130 	130 
003659 	223 	94 	130 	130 
003660 	223 	94 	130 	130 
003661 	223 	94 	130 	130 
003662 	223 	94 	130 	130 
003663 	237 	94 	130 	130 
003664 	245 	90 	109 	109 
003665 	245 	90 	109 	109 
003666 	237 	80 	130 	130 
003667 	237 	80 	130 	130 
003668 	237 	80 	130 	130 
003669 	237 	80 	130 	130 
003670 	237 	94 	130 	130 
003671 	237 	94 	130 	130 
003672 	251 	94 	130 	130 
003673 	251 	94 	130 	130 
003674 	251 	94 	130 	130 
003675 	251 	94 	130 	130 
003676 	251 	94 	130 	130 
003677 	251 	109 	130 	130 
003678 	251 	109 	130 	130 
003679 	251 	109 	130 	130 
003680 	251 	109 	130 	130 
003681 	251 	109 	130 	130 
003682 	251 	109 	130 	130 
003683 	251 	109 	130 	130 
003684 	257 	126 	109 	109 
003685 	257 	126 	109 	109 
003686 	257 	126 	109 	109 
003687 	257 	126 	109 	109 
003688 	257 	126 	109 	109 
003689 	257 	126 	109 	109 
003690 	257 	126 	109 	109 
003691 	257 	126 	109 	109 
003692 	257 	126 	109 	109 
003693 	257 	126 	109 	109 
003694 	257 	126 	109 	109 
003695 	257 	126 	109 	109 
003696 	257 	126 	109 	109 
003697 	237 	109 	130 	130 
003698 	237 	109 	130 	130 
003699 	237 	94 	130 	130 
003700 	237 	94 	130 	130 
003701 	237 	94 	130 	130 
003702 	237 	94 	130 	130 
003703 	237 	94 	130 	130 
003704 	237 	94 	130 	130 
003705 	237 	94 	130 	130 
003706 	237 	109 	130 	130 
003707 	237 	109 	130 	130 
003708 	237 	109 	130 	130 
003709 	237 	109 	130 	130 
003710 	257 	126 	109 	109 
003711 	257 	126 	109 	109 
003712 	257 	126 	109 	109 
003713 	257 	126 	109 	109 
003714 	257 	126 	109 	109 
003715 	257 	126 	109 	109 
003716 	237 	109 	130 	130 
003717 	237 	109 	130 	130 
003718 	237 	109 	130 	130 
003719 	237 	109 	130 	130 
003720 	237 	109 	130 	130 
003721 	237 	109 	130 	130 
003722 	237 	109 	130 	130 
003723 	237 	109 	130 	130 
003724 	237 	109 	130 	130 
003725 	237 	109 	130 	130 
003726 	237 	109 	130 	130 
003727 	237 	109 	130 	130 
003728 	237 	109 	130 	130 
003729 	237 	109 	130 	130 
003730 	237 	109 	130 	130 
003731 	237 	109 	130 	130 
003732 	237 	109 	130 	130 
003733 	237 	109 	130 	130 
003734 	237 	109 	130 	130 
003735 	237 	109 	130 	130 
003736 	237 	109 	130 	130 
003737 	237 	109 	130 	130 
003738 	237 	94 	130 	130 
003739 	237 	94 	130 	130 
003740 	237 	94 	130 	130 
003741 	237 	94 	130 	130 
003742 	237 	94 	130 	130 
003743 	237 	94 	130 	130 
003744 	237 	109 	130 	130 
003745 	237 	94 	130 	130 
003746 	237 	94 	130 	130 
003747 	237 	94 	130 	130 
003748 	237 	94 	130 	130 
003749 	237 	94 	130 	130 
003750 	237 	94 	130 	130 
003751 	237 	94 	130 	130 
003752 	237 	94 	130 	130 
003753 	237 	94 	130 	130 
003754 	237 	94 	130 	130 
003755 	237 	94 	130 	130 
003756 	237 	94 	130 	130 
003757 	237 	94 	130 	130 
003758 	237 	94 	130 	130 
003759 	237 	94 	130 	130 
003760 	237 	94 	130 	130 
003761 	237 	94 	130 	130 
003762 	237 	94 	130 	130 
003763 	237 	94 	130 	130 
003764 	237 	94 	130 	130 
003765 	237 	94 	130 	130 
003766 	237 	94 	130 	130 
003767 	237 	94 	130 	130 
003768 	237 	94 	130 	130 
003769 	237 	94 	130 	130 
003770 	237 	94 	130 	130 
003771 	237 	94 	130 	130 
003772 	237 	94 	130 	130 
003773 	237 	94 	130 	130 
003774 	237 	94 	130 	130 
003775 	237 	94 	130 	130 
003776 	237 	94 	130 	130 
003777 	237 	94 	130 	130 
003778 	237 	94 	130 	130 
003779 	237 	94 	130 	130 
003780 	237 	94 	130 	130 
003781 	237 	94 	130 	130 
003782 	237 	109 	130 	130 
003783 	237 	94 	130 	130 
003784 	237 	94 	130 	130 
003785 	237 	109 	130 	130 
003786 	237 	94 	130 	130 
003787 	237 	109 	130 	130 
003788 	237 	94 	130 	130 
003789 	237 	94 	130 	130 
003790 	237 	109 	130 	130 
003791 	237 	94 	130 	130 
003792 	237 	94 	130 	130 
003793 	237 	94 	130 	130 
003794 	237 	94 	130 	130 
003795 	237 	94 	130 	130 
003796 	237 	94 	130 	130 
003797 	237 	94 	130 	130 
003798 	237 	94 	130 	130 
003799 	237 	94 	130 	130 
003800 	237 	94 	130 	130 
003801 	237 	94 	130 	130 
003802 	237 	94 	130 	130 
003803 	237 	94 	130 	130 
003804 	237 	94 	130 	130 
003805 	237 	94 	130 	130 
003806 	237 	94 	130 	130 
003807 	237 	94 	130 	130 
003808 	237 	94 	130 	130 
003809 	237 	94 	130 	130 
003810 	237 	94 	130 	130 
003811 	237 	94 	130 	130 
003812 	237 	94 	130 	130 
003813 	237 	94 	130 	130 
003814 	237 	94 	130 	130 
003815 	237 	94 	130 	130 
003816 	237 	94 	130 	130 
003817 	237 	94 	130 	130 
003818 	237 	80 	130 	130 
003819 	237 	80 	130 	130 
003820 	237 	80 	130 	130 
003821 	237 	80 	130 	130 
003822 	237 	80 	130 	130 
003823 	237 	80 	130 	130 
003824 	237 	80 	130 	130 
003825 	237 	80 	130 	130 
003826 	251 	80 	130 	130 
003827 	251 	80 	130 	130 
003828 	251 	80 	130 	130 
003829 	251 	80 	130 	130 
003830 	251 	80 	130 	130 
003831 	251 	80 	130 	130 
003832 	251 	80 	130 	130 
003833 	251 	94 	130 	130 
003834 	251 	80 	130 	130 
003835 	251 	80 	130 	130 
003836 	251 	80 	130 	130 
003837 	251 	80 	130 	130 
003838 	251 	80 	130 	130 
003839 	251 	80 	130 	130 
003840 	251 	80 	130 	130 
003841 	233 	62 	156 	155 
003842 	251 	80 	130 	130 
003843 	251 	80 	130 	130 
003844 	237 	80 	130 	130 
003845 	237 	80 	130 	130 
003846 	237 	80 	130 	130 
003847 	237 	80 	130 	130 
003848 	237 	80 	130 	130 
003849 	237 	80 	130 	130 
003850 	237 	80 	130 	130 
003851 	237 	80 	130 	130 
003852 	237 	80 	130 	130 
003853 	237 	80 	130 	130 
003854 	237 	80 	130 	130 
003855 	237 	80 	130 	130 
003856 	237 	80 	130 	130 
003857 	237 	94 	130 	130 
003858 	237 	94 	130 	130 
003859 	237 	80 	130 	130 
003860 	237 	94 	130 	130 
003861 	237 	94 	130 	130 
003862 	237 	94 	130 	130 
003863 	237 	94 	130 	130 
003864 	237 	94 	130 	130 
003865 	237 	94 	130 	130 
003866 	237 	80 	130 	130 
003867 	237 	80 	130 	130 
003868 	237 	80 	130 	130 
003869 	237 	80 	130 	130 
003870 	237 	80 	130 	130 
003871 	237 	80 	130 	130 
003872 	237 	80 	130 	130 
003873 	237 	80 	130 	130 
003874 	237 	80 	130 	130 
003875 	251 	80 	130 	130 
003876 	237 	80 	130 	130 
003877 	237 	80 	130 	130 
003878 	237 	80 	130 	130 
003879 	237 	80 	130 	130 
003880 	251 	80 	130 	130 
003881 	237 	80 	130 	130 
003882 	251 	80 	130 	130 
003883 	251 	80 	130 	130 
003884 	251 	80 	130 	130 
003885 	251 	80 	130 	130 
003886 	251 	80 	130 	130 
003887 	251 	80 	130 	130 
003888 	251 	80 	130 	130 
003889 	251 	80 	130 	130 
003890 	251 	80 	130 	130 
003891 	237 	80 	130 	130 
003892 	251 	80 	130 	130 
003893 	251 	80 	130 	130 
003894 	251 	66 	130 	130 
003895 	251 	66 	130 	130 
003896 	251 	66 	130 	130 
003897 	251 	66 	130 	130 
003898 	251 	66 	130 	130 
003899 	251 	66 	130 	130 
003900 	237 	51 	130 	130 
003901 	237 	51 	130 	130 
003902 	237 	51 	130 	130 
003903 	237 	66 	130 	130 
003904 	237 	66 	130 	130 
003905 	237 	66 	130 	130 
003906 	237 	66 	130 	130 
003907 	237 	80 	130 	130 
003908 	237 	80 	130 	130 
003909 	237 	80 	130 	130 
003910 	237 	80 	130 	130 
003911 	237 	80 	130 	130 
003912 	237 	80 	130 	130 
003913 	237 	80 	130 	130 
003914 	237 	80 	130 	130 
003915 	237 	80 	130 	130 
003916 	237 	80 	130 	130 
003917 	237 	80 	130 	130 
003918 	216 	62 	156 	155 
003919 	223 	80 	130 	130 
003920 	223 	80 	130 	130 
003921 	223 	80 	130 	130 
003922 	223 	80 	130 	130 
003923 	223 	80 	130 	130 
003924 	223 	80 	130 	130 
003925 	223 	80 	130 	130 
003926 	223 	80 	130 	130 
003927 	223 	80 	130 	130 
003928 	223 	80 	130 	130 
003929 	237 	80 	130 	130 
003930 	237 	80 	130 	130 
003931 	237 	80 	130 	130 
003932 	237 	80 	130 	130 
003933 	237 	80 	130 	130 
003934 	223 	80 	130 	130 
003935 	223 	80 	130 	130 
003936 	223 	94 	130 	130 
003937 	223 	109 	130 	130 
003938 	208 	94 	130 	130 
003939 	208 	109 	130 	130 
003940 	208 	109 	130 	130 
003941 	208 	109 	130 	130 
003942 	208 	123 	130 	130 
003943 	208 	123 	130 	130 
003944 	208 	123 	130 	130 
003945 	208 	109 	130 	130 
003946 	208 	109 	130 	130 
003947 	208 	109 	130 	130 
003948 	208 	109 	130 	130 
003949 	199 	79 	155 	156 
003950 	223 	94 	130 	130 
003951 	223 	94 	130 	130 
003952 	223 	80 	130 	130 
003953 	223 	80 	130 	130 
003954 	237 	80 	130 	130 
003955 	237 	66 	130 	130 
003956 	237 	66 	130 	130 
003957 	237 	66 	130 	130 
003958 	237 	51 	130 	130 
003959 	237 	51 	130 	130 
003960 	237 	51 	130 	130 
003961 	237 	51 	130 	130 
003962 	237 	51 	130 	130 
003963 	237 	51 	130 	130 
003964 	237 	51 	130 	130 
003965 	237 	51 	130 	130 
003966 	237 	51 	130 	130 
003967 	237 	51 	130 	130 
003968 	237 	51 	130 	130 
003969 	237 	51 	130 	130 
003970 	237 	51 	130 	130 
003971 	237 	51 	130 	130 
003972 	237 	51 	130 	130 
003973 	237 	51 	130 	130 
003974 	237 	66 	130 	130 
003975 	237 	66 	130 	130 
003976 	237 	66 	130 	130 
003977 	237 	66 	130 	130 
003978 	237 	66 	130 	130 
003979 	237 	66 	130 	130 
003980 	237 	66 	130 	130 
003981 	237 	66 	130 	130 
003982 	237 	66 	130 	130 
003983 	237 	66 	130 	130 
003984 	237 	66 	130 	130 
003985 	237 	66 	130 	130 
003986 	237 	66 	130 	130 
003987 	237 	66 	130 	130 
003988 	237 	66 	130 	130 
003989 	237 	66 	130 	130 
003990 	237 	66 	130 	130 
003991 	237 	66 	130 	130 
003992 	237 	66 	130 	130 
003993 	237 	66 	130 	130 
003994 	237 	66 	130 	130 
003995 	237 	66 	130 	130 
003996 	237 	66 	130 	130 
003997 	237 	66 	130 	130 
003998 	237 	66 	130 	130 
003999 	251 	66 	130 	130 
004000 	251 	66 	130 	130 
004001 	251 	80 	130 	130 
004002 	251 	80 	130 	130 
004003 	251 	80 	130 	130 
004004 	251 	80 	130 	130 
004005 	266 	94 	130 	130 
004006 	266 	94 	130 	130 
004007 	266 	94 	130 	130 
004008 	266 	94 	130 	130 
004009 	266 	94 	130 	130 
004010 	266 	94 	130 	130 
004011 	266 	94 	130 	130 
004012 	266 	94 	130 	130 
004013 	266 	109 	130 	130 
004014 	266 	94 	130 	130 
004015 	266 	94 	130 	130 
004016 	266 	94 	130 	130 
004017 	266 	94 	130 	130 
004018 	266 	94 	130 	130 
004019 	266 	94 	130 	130 
004020 	266 	94 	130 	130 
004021 	266 	94 	130 	130 
004022 	266 	94 	130 	130 
004023 	266 	94 	130 	130 
004024 	266 	94 	130 	130 
004025 	266 	94 	130 	130 
004026 	266 	94 	130 	130 
004027 	266 	94 	130 	130 
004028 	266 	94 	130 	130 
004029 	266 	94 	130 	130 
004030 	266 	94 	130 	130 
004031 	266 	94 	130 	130 
004032 	266 	94 	130 	130 
004033 	266 	94 	130 	130 
004034 	266 	94 	130 	130 
004035 	251 	94 	130 	130 
004036 	251 	94 	130 	130 
004037 	266 	94 	130 	130 
004038 	266 	94 	130 	130 
004039 	266 	94 	130 	130 
004040 	266 	94 	130 	130 
004041 	266 	94 	130 	130 
004042 	266 	94 	130 	130 
004043 	266 	94 	130 	130 
004044 	266 	94 	130 	130 
004045 	266 	94 	130 	130 
004046 	266 	94 	130 	130 
004047 	266 	94 	130 	130 
004048 	266 	94 	130 	130 
004049 	266 	94 	130 	130 
004050 	266 	94 	130 	130 
004051 	251 	80 	130 	130 
004052 	251 	80 	130 	130 
004053 	266 	80 	130 	130 
004054 	266 	80 	130 	130 
004055 	266 	66 	130 	130 
004056 	266 	66 	130 	130 
004057 	266 	66 	130 	130 
004058 	266 	66 	130 	130 
004059 	266 	66 	130 	130 
004060 	266 	66 	130 	130 
004061 	266 	66 	130 	130 
004062 	266 	66 	130 	130 
004063 	266 	66 	130 	130 
004064 	280 	80 	130 	130 
004065 	280 	80 	130 	130 
004066 	280 	80 	130 	130 
004067 	280 	80 	130 	130 
004068 	280 	80 	130 	130 
004069 	280 	80 	130 	130 
004070 	280 	80 	130 	130 
004071 	280 	80 	130 	130 
004072 	280 	80 	130 	130 
004073 	280 	66 	130 	130 
004074 	266 	66 	130 	130 
004075 	266 	66 	130 	130 
004076 	266 	66 	130 	130 
004077 	266 	66 	130 	130 
004078 	266 	66 	130 	130 
004079 	266 	66 	130 	130 
004080 	266 	66 	130 	130 
004081 	266 	66 	130 	130 
004082 	266 	66 	130 	130 
004083 	266 	66 	130 	130 
004084 	281 	78 	108 	109 
004085 	266 	66 	130 	130 
004086 	266 	66 	130 	130 
004087 	281 	78 	108 	109 
004088 	281 	78 	108 	109 
004089 	266 	66 	130 	130 
004090 	266 	66 	130 	130 
004091 	266 	66 	130 	130 
004092 	266 	66 	130 	130 
004093 	266 	66 	130 	130 
004094 	266 	66 	130 	130 
004095 	266 	66 	130 	130 
004096 	266 	66 	130 	130 
004097 	266 	80 	130 	130 
004098 	266 	80 	130 	130 
004099 	266 	80 	130 	130 
004100 	251 	80 	130 	130 
004101 	251 	94 	130 	130 
004102 	251 	94 	130 	130 
004103 	251 	94 	130 	130 
004104 	251 	94 	130 	130 
004105 	251 	94 	130 	130 
004106 	251 	94 	130 	130 
004107 	251 	94 	130 	130 
004108 	251 	80 	130 	130 
004109 	251 	80 	130 	130 
004110 	251 	94 	130 	130 
004111 	251 	94 	130 	130 
004112 	237 	94 	130 	130 
004113 	237 	94 	130 	130 
004114 	237 	94 	130 	130 
004115 	237 	94 	130 	130 
004116 	237 	109 	130 	130 
004117 	237 	109 	130 	130 
004118 	237 	109 	130 	130 
004119 	237 	109 	130 	130 
004120 	237 	109 	130 	130 
004121 	237 	109 	130 	130 
004122 	245 	126 	109 	109 
004123 	216 	96 	156 	156 
004124 	216 	96 	156 	156 
004125 	237 	109 	130 	130 
004126 	237 	109 	130 	130 
004127 	237 	109 	130 	130 
004128 	237 	94 	130 	130 
004129 	237 	94 	130 	130 
004130 	237 	94 	130 	130 
004131 	237 	94 	130 	130 
004132 	251 	94 	130 	130 
004133 	251 	94 	130 	130 
004134 	251 	94 	130 	130 
004135 	269 	90 	108 	109 
004136 	266 	80 	130 	130 
004137 	266 	80 	130 	130 
004138 	266 	80 	130 	130 
004139 	266 	80 	130 	130 
004140 	266 	80 	130 	130 
004141 	266 	80 	130 	130 
004142 	266 	80 	130 	130 
004143 	266 	66 	130 	130 
004144 	266 	66 	130 	130 
004145 	266 	51 	130 	130 
004146 	266 	51 	130 	130 
004147 	251 	51 	130 	130 
004148 	251 	51 	130 	130 
004149 	251 	51 	130 	130 
004150 	251 	66 	130 	130 
004151 	251 	66 	130 	130 
004152 	251 	66 	130 	130 
004153 	251 	66 	130 	130 
004154 	251 	66 	130 	130 
004155 	251 	80 	130 	130 
004156 	251 	80 	130 	130 
004157 	251 	80 	130 	130 
004158 	237 	80 	130 	130 
004159 	237 	66 	130 	130 
004160 	237 	66 	130 	130 
004161 	237 	66 	130 	130 
004162 	237 	66 	130 	130 
004163 	237 	66 	130 	130 
004164 	237 	66 	130 	130 
004165 	237 	66 	130 	130 
004166 	237 	80 	130 	130 
004167 	237 	80 	130 	130 
004168 	237 	80 	130 	130 
004169 	237 	80 	130 	130 
004170 	237 	80 	130 	130 
004171 	237 	80 	130 	130 
004172 	237 	80 	130 	130 
004173 	237 	80 	130 	130 
004174 	237 	80 	130 	130 
004175 	237 	80 	130 	130 
004176 	237 	80 	130 	130 
004177 	237 	80 	130 	130 
004178 	237 	80 	130 	130 
004179 	237 	80 	130 	130 
004180 	237 	80 	130 	130 
004181 	237 	80 	130 	130 
004182 	237 	80 	130 	130 
004183 	237 	80 	130 	130 
004184 	251 	80 	130 	130 
004185 	251 	80 	130 	130 
004186 	251 	80 	130 	130 
004187 	251 	80 	130 	130 
004188 	251 	80 	130 	130 
004189 	251 	80 	130 	130 
004190 	251 	80 	130 	130 
004191 	251 	80 	130 	130 
004192 	251 	80 	130 	130 
004193 	251 	80 	130 	130 
004194 	251 	80 	130 	130 
004195 	251 	94 	130 	130 
004196 	251 	94 	130 	130 
004197 	251 	94 	130 	130 
004198 	269 	102 	108 	109 
004199 	269 	114 	108 	109 
004200 	266 	109 	130 	130 
004201 	266 	109 	130 	130 
004202 	266 	94 	130 	130 
004203 	266 	94 	130 	130 
004204 	269 	102 	108 	109 
004205 	251 	94 	130 	130 
004206 	251 	94 	130 	130 
004207 	251 	94 	130 	130 
004208 	257 	90 	109 	109 
004209 	251 	80 	130 	130 
004210 	251 	66 	130 	130 
004211 	251 	66 	130 	130 
004212 	251 	66 	130 	130 
004213 	251 	66 	130 	130 
004214 	251 	66 	130 	130 
004215 	251 	66 	130 	130 
004216 	251 	66 	130 	130 
004217 	251 	66 	130 	130 
004218 	251 	66 	130 	130 
004219 	251 	66 	130 	130 
004220 	251 	66 	130 	130 
004221 	251 	66 	130 	130 
004222 	251 	66 	130 	130 
004223 	251 	66 	130 	130 
004224 	251 	66 	130 	130 
004225 	251 	66 	130 	130 
004226 	269 	78 	108 	109 
004227 	269 	78 	108 	109 
004228 	266 	80 	130 	130 
004229 	269 	78 	108 	109 
004230 	266 	80 	130 	130 
004231 	266 	80 	130 	130 
004232 	266 	80 	130 	130 
004233 	266 	80 	130 	130 
004234 	266 	80 	130 	130 
004235 	266 	80 	130 	130 
004236 	266 	80 	130 	130 
004237 	266 	80 	130 	130 
004238 	251 	80 	130 	130 
004239 	251 	80 	130 	130 
004240 	251 	80 	130 	130 
004241 	251 	80 	130 	130 
004242 	251 	80 	130 	130 
004243 	251 	80 	130 	130 
004244 	251 	80 	130 	130 
004245 	251 	80 	130 	130 
004246 	266 	80 	130 	130 
004247 	266 	80 	130 	130 
004248 	266 	80 	130 	130 
004249 	266 	80 	130 	130 
004250 	266 	80 	130 	130 
004251 	266 	80 	130 	130 
004252 	251 	80 	130 	130 
004253 	251 	80 	130 	130 
004254 	251 	80 	130 	130 
004255 	251 	80 	130 	130 
004256 	251 	80 	130 	130 
004257 	251 	80 	130 	130 
004258 	251 	80 	130 	130 
004259 	251 	94 	130 	130 
004260 	251 	94 	130 	130 
004261 	237 	94 	130 	130 
004262 	237 	94 	130 	130 
004263 	237 	94 	130 	130 
004264 	223 	94 	130 	130 
004265 	223 	94 	130 	130 
004266 	223 	94 	130 	130 
004267 	223 	94 	130 	130 
004268 	223 	94 	130 	130 
004269 	223 	109 	130 	130 
004270 	223 	109 	130 	130 
004271 	223 	109 	130 	130 
004272 	223 	109 	130 	130 
004273 	223 	109 	130 	130 
004274 	223 	109 	130 	130 
004275 	223 	94 	130 	130 
004276 	223 	94 	130 	130 
004277 	223 	94 	130 	130 
004278 	223 	94 	130 	130 
004279 	237 	94 	130 	130 
004280 	237 	94 	130 	130 
004281 	237 	80 	130 	130 
004282 	237 	80 	130 	130 
004283 	237 	80 	130 	130 
004284 	237 	80 	130 	130 
004285 	251 	66 	130 	130 
004286 	251 	66 	130 	130 
004287 	251 	66 	130 	130 
004288 	251 	66 	130 	130 
004289 	266 	66 	130 	130 
004290 	266 	51 	130 	130 
004291 	266 	51 	130 	130 
004292 	266 	51 	130 	130 
