Identity  : 	id10307
Reference : 	c_aEjTGGhZ4
Offset    : 	0
FV Conf   : 	18.675
ASD Conf  : 	8.257

FRAME 	X 	Y 	W 	H 
002303 	269 	90 	108 	109 
002304 	269 	90 	108 	109 
002305 	269 	90 	108 	109 
002306 	269 	102 	108 	109 
002307 	251 	80 	130 	130 
002308 	269 	102 	108 	109 
002309 	269 	102 	108 	109 
002310 	251 	80 	130 	130 
002311 	251 	80 	130 	130 
002312 	251 	80 	130 	130 
002313 	251 	80 	130 	130 
002314 	251 	80 	130 	130 
002315 	251 	80 	130 	130 
002316 	251 	80 	130 	130 
002317 	251 	80 	130 	130 
002318 	251 	80 	130 	130 
002319 	269 	90 	108 	109 
002320 	269 	90 	108 	109 
002321 	269 	90 	108 	109 
002322 	269 	90 	108 	109 
002323 	269 	90 	108 	109 
002324 	269 	90 	108 	109 
002325 	269 	90 	108 	109 
002326 	269 	90 	108 	109 
002327 	269 	90 	108 	109 
002328 	251 	80 	130 	130 
002329 	251 	80 	130 	130 
002330 	251 	80 	130 	130 
002331 	251 	80 	130 	130 
002332 	251 	80 	130 	130 
002333 	251 	66 	130 	130 
002334 	251 	66 	130 	130 
002335 	251 	66 	130 	130 
002336 	251 	66 	130 	130 
002337 	251 	66 	130 	130 
002338 	251 	66 	130 	130 
002339 	251 	66 	130 	130 
002340 	251 	66 	130 	130 
002341 	251 	66 	130 	130 
002342 	251 	66 	130 	130 
002343 	251 	66 	130 	130 
002344 	251 	66 	130 	130 
002345 	251 	80 	130 	130 
002346 	251 	80 	130 	130 
002347 	251 	80 	130 	130 
002348 	251 	80 	130 	130 
002349 	251 	80 	130 	130 
002350 	251 	66 	130 	130 
002351 	251 	66 	130 	130 
002352 	251 	66 	130 	130 
002353 	257 	78 	109 	109 
002354 	257 	78 	109 	109 
002355 	257 	78 	109 	109 
002356 	257 	78 	109 	109 
002357 	257 	78 	109 	109 
002358 	257 	78 	109 	109 
002359 	257 	78 	109 	109 
002360 	257 	78 	109 	109 
002361 	257 	78 	109 	109 
002362 	257 	78 	109 	109 
002363 	251 	66 	130 	130 
002364 	251 	51 	130 	130 
002365 	251 	51 	130 	130 
002366 	251 	51 	130 	130 
002367 	251 	51 	130 	130 
002368 	257 	66 	109 	109 
002369 	237 	66 	130 	130 
002370 	237 	66 	130 	130 
002371 	237 	66 	130 	130 
002372 	237 	66 	130 	130 
002373 	237 	66 	130 	130 
002374 	237 	80 	130 	130 
002375 	237 	80 	130 	130 
002376 	237 	80 	130 	130 
002377 	237 	80 	130 	130 
002378 	237 	80 	130 	130 
002379 	237 	80 	130 	130 
002380 	237 	80 	130 	130 
002381 	237 	80 	130 	130 
002382 	237 	80 	130 	130 
002383 	237 	66 	130 	130 
002384 	237 	66 	130 	130 
002385 	237 	66 	130 	130 
002386 	237 	66 	130 	130 
002387 	237 	66 	130 	130 
002388 	237 	66 	130 	130 
002389 	223 	66 	130 	130 
002390 	223 	66 	130 	130 
002391 	223 	66 	130 	130 
002392 	223 	66 	130 	130 
002393 	223 	66 	130 	130 
002394 	223 	66 	130 	130 
002395 	223 	66 	130 	130 
002396 	223 	66 	130 	130 
002397 	223 	66 	130 	130 
002398 	223 	66 	130 	130 
002399 	223 	66 	130 	130 
002400 	223 	66 	130 	130 
002401 	223 	66 	130 	130 
002402 	223 	66 	130 	130 
002403 	223 	66 	130 	130 
002404 	223 	66 	130 	130 
002405 	223 	66 	130 	130 
002406 	223 	66 	130 	130 
002407 	223 	66 	130 	130 
002408 	237 	66 	130 	130 
002409 	237 	66 	130 	130 
002410 	237 	66 	130 	130 
002411 	237 	66 	130 	130 
002412 	237 	66 	130 	130 
002413 	237 	66 	130 	130 
002414 	237 	66 	130 	130 
002415 	237 	66 	130 	130 
002416 	237 	66 	130 	130 
002417 	237 	66 	130 	130 
002418 	237 	66 	130 	130 
002419 	237 	66 	130 	130 
002420 	237 	66 	130 	130 
002421 	237 	66 	130 	130 
002422 	237 	66 	130 	130 
002423 	237 	66 	130 	130 
002424 	237 	66 	130 	130 
002425 	237 	51 	130 	130 
002426 	237 	51 	130 	130 
002427 	237 	51 	130 	130 
002428 	251 	51 	130 	130 
002429 	251 	51 	130 	130 
002430 	251 	51 	130 	130 
002431 	251 	51 	130 	130 
002432 	251 	51 	130 	130 
002433 	257 	66 	109 	109 
002434 	237 	51 	130 	130 
002435 	237 	51 	130 	130 
002436 	237 	51 	130 	130 
002437 	245 	66 	109 	109 
002438 	223 	51 	130 	130 
002439 	223 	66 	130 	130 
002440 	223 	51 	130 	130 
002441 	223 	66 	130 	130 
002442 	223 	66 	130 	130 
002443 	223 	66 	130 	130 
002444 	223 	66 	130 	130 
002445 	223 	51 	130 	130 
002446 	245 	66 	109 	109 
002447 	245 	66 	109 	109 
