Identity  : 	id10307
Reference : 	c_aEjTGGhZ4
Offset    : 	0
FV Conf   : 	16.752
ASD Conf  : 	8.925

FRAME 	X 	Y 	W 	H 
005995 	294 	66 	130 	130 
005996 	294 	66 	130 	130 
005997 	280 	66 	130 	130 
005998 	280 	66 	130 	130 
005999 	280 	66 	130 	130 
006000 	280 	66 	130 	130 
006001 	281 	78 	108 	109 
006002 	266 	80 	130 	130 
006003 	266 	80 	130 	130 
006004 	266 	80 	130 	130 
006005 	281 	78 	108 	109 
006006 	266 	66 	130 	130 
006007 	266 	66 	130 	130 
006008 	266 	66 	130 	130 
006009 	266 	66 	130 	130 
006010 	266 	66 	130 	130 
006011 	266 	80 	130 	130 
006012 	266 	80 	130 	130 
006013 	266 	80 	130 	130 
006014 	266 	80 	130 	130 
006015 	266 	80 	130 	130 
006016 	266 	80 	130 	130 
006017 	266 	80 	130 	130 
006018 	266 	80 	130 	130 
006019 	266 	80 	130 	130 
006020 	266 	80 	130 	130 
006021 	266 	80 	130 	130 
006022 	266 	80 	130 	130 
006023 	269 	90 	108 	109 
006024 	251 	80 	130 	130 
006025 	251 	80 	130 	130 
006026 	251 	80 	130 	130 
006027 	257 	90 	109 	109 
006028 	257 	90 	109 	109 
006029 	237 	80 	130 	130 
006030 	237 	80 	130 	130 
006031 	237 	80 	130 	130 
006032 	237 	80 	130 	130 
006033 	237 	80 	130 	130 
006034 	237 	80 	130 	130 
006035 	257 	78 	109 	109 
006036 	257 	78 	109 	109 
006037 	257 	78 	109 	109 
006038 	257 	78 	109 	109 
006039 	251 	80 	130 	130 
006040 	251 	80 	130 	130 
006041 	251 	80 	130 	130 
006042 	251 	80 	130 	130 
006043 	251 	80 	130 	130 
006044 	266 	80 	130 	130 
006045 	266 	80 	130 	130 
006046 	266 	80 	130 	130 
006047 	266 	80 	130 	130 
006048 	266 	80 	130 	130 
006049 	266 	80 	130 	130 
006050 	266 	80 	130 	130 
006051 	266 	80 	130 	130 
006052 	266 	80 	130 	130 
006053 	266 	80 	130 	130 
006054 	266 	80 	130 	130 
006055 	251 	80 	130 	130 
006056 	251 	80 	130 	130 
006057 	251 	66 	130 	130 
006058 	251 	66 	130 	130 
006059 	251 	66 	130 	130 
006060 	251 	66 	130 	130 
006061 	251 	66 	130 	130 
006062 	251 	66 	130 	130 
006063 	251 	66 	130 	130 
006064 	266 	66 	130 	130 
006065 	266 	66 	130 	130 
006066 	266 	51 	130 	130 
006067 	266 	51 	130 	130 
006068 	269 	66 	108 	109 
006069 	251 	51 	130 	130 
006070 	251 	51 	130 	130 
006071 	251 	51 	130 	130 
006072 	251 	51 	130 	130 
006073 	251 	51 	130 	130 
006074 	251 	51 	130 	130 
006075 	266 	66 	130 	130 
006076 	266 	66 	130 	130 
006077 	266 	66 	130 	130 
006078 	266 	66 	130 	130 
006079 	266 	66 	130 	130 
006080 	266 	66 	130 	130 
006081 	251 	66 	130 	130 
006082 	251 	66 	130 	130 
006083 	251 	66 	130 	130 
006084 	251 	66 	130 	130 
006085 	251 	66 	130 	130 
006086 	237 	66 	130 	130 
006087 	237 	66 	130 	130 
006088 	251 	66 	130 	130 
006089 	251 	66 	130 	130 
006090 	251 	66 	130 	130 
006091 	251 	66 	130 	130 
006092 	251 	80 	130 	130 
006093 	251 	80 	130 	130 
006094 	251 	80 	130 	130 
006095 	237 	80 	130 	130 
006096 	237 	80 	130 	130 
006097 	223 	94 	130 	130 
006098 	223 	94 	130 	130 
006099 	223 	94 	130 	130 
006100 	208 	94 	130 	130 
006101 	208 	94 	130 	130 
006102 	208 	94 	130 	130 
006103 	208 	94 	130 	130 
006104 	208 	109 	130 	130 
006105 	208 	109 	130 	130 
006106 	208 	109 	130 	130 
006107 	208 	109 	130 	130 
006108 	208 	109 	130 	130 
006109 	208 	109 	130 	130 
006110 	208 	109 	130 	130 
006111 	208 	109 	130 	130 
006112 	208 	109 	130 	130 
006113 	208 	94 	130 	130 
006114 	208 	94 	130 	130 
006115 	208 	94 	130 	130 
006116 	223 	94 	130 	130 
006117 	223 	80 	130 	130 
006118 	223 	80 	130 	130 
006119 	237 	80 	130 	130 
006120 	237 	80 	130 	130 
006121 	237 	66 	130 	130 
006122 	237 	66 	130 	130 
006123 	237 	66 	130 	130 
006124 	237 	66 	130 	130 
006125 	237 	51 	130 	130 
006126 	237 	51 	130 	130 
006127 	237 	51 	130 	130 
006128 	237 	51 	130 	130 
006129 	237 	51 	130 	130 
006130 	237 	51 	130 	130 
006131 	237 	51 	130 	130 
006132 	237 	51 	130 	130 
006133 	237 	51 	130 	130 
006134 	237 	51 	130 	130 
006135 	237 	51 	130 	130 
006136 	237 	51 	130 	130 
006137 	237 	51 	130 	130 
006138 	237 	51 	130 	130 
006139 	237 	51 	130 	130 
006140 	237 	51 	130 	130 
006141 	237 	51 	130 	130 
006142 	237 	51 	130 	130 
006143 	237 	51 	130 	130 
006144 	237 	51 	130 	130 
006145 	237 	51 	130 	130 
006146 	237 	66 	130 	130 
006147 	237 	66 	130 	130 
006148 	237 	66 	130 	130 
006149 	237 	66 	130 	130 
006150 	237 	66 	130 	130 
006151 	237 	66 	130 	130 
006152 	237 	80 	130 	130 
006153 	237 	80 	130 	130 
006154 	237 	80 	130 	130 
006155 	237 	80 	130 	130 
006156 	237 	80 	130 	130 
006157 	237 	80 	130 	130 
006158 	237 	80 	130 	130 
006159 	237 	80 	130 	130 
006160 	237 	94 	130 	130 
006161 	237 	94 	130 	130 
006162 	223 	80 	130 	130 
006163 	237 	80 	130 	130 
006164 	237 	94 	130 	130 
006165 	237 	94 	130 	130 
006166 	237 	94 	130 	130 
006167 	237 	94 	130 	130 
006168 	223 	80 	130 	130 
006169 	245 	90 	109 	109 
006170 	245 	90 	109 	109 
006171 	237 	80 	130 	130 
006172 	237 	80 	130 	130 
006173 	237 	80 	130 	130 
006174 	237 	80 	130 	130 
006175 	237 	80 	130 	130 
006176 	237 	80 	130 	130 
006177 	237 	80 	130 	130 
006178 	237 	80 	130 	130 
006179 	237 	80 	130 	130 
006180 	237 	80 	130 	130 
006181 	237 	80 	130 	130 
006182 	237 	80 	130 	130 
006183 	237 	80 	130 	130 
006184 	237 	80 	130 	130 
006185 	237 	80 	130 	130 
006186 	237 	80 	130 	130 
006187 	237 	80 	130 	130 
006188 	237 	80 	130 	130 
006189 	237 	80 	130 	130 
006190 	237 	80 	130 	130 
006191 	237 	80 	130 	130 
006192 	237 	80 	130 	130 
