Identity  : 	id10282
Reference : 	hgB5ziAudzU
Offset    : 	-8
FV Conf   : 	13.762
ASD Conf  : 	5.847

FRAME 	X 	Y 	W 	H 
008753 	221 	90 	109 	109 
008754 	221 	90 	109 	109 
008755 	221 	90 	109 	109 
008756 	221 	90 	109 	109 
008757 	234 	95 	90 	91 
008758 	233 	90 	109 	109 
008759 	233 	90 	109 	109 
008760 	233 	90 	109 	109 
008761 	233 	78 	109 	109 
008762 	233 	78 	109 	109 
008763 	245 	78 	109 	109 
008764 	245 	78 	109 	109 
008765 	245 	78 	109 	109 
008766 	245 	78 	109 	109 
008767 	245 	78 	109 	109 
008768 	245 	78 	109 	109 
008769 	245 	78 	109 	109 
008770 	245 	78 	109 	109 
008771 	245 	90 	109 	109 
008772 	257 	78 	109 	109 
008773 	257 	78 	109 	109 
008774 	257 	78 	109 	109 
008775 	257 	78 	109 	109 
008776 	257 	90 	109 	109 
008777 	237 	80 	130 	130 
008778 	237 	80 	130 	130 
008779 	237 	80 	130 	130 
008780 	237 	80 	130 	130 
008781 	237 	80 	130 	130 
008782 	237 	80 	130 	130 
008783 	245 	90 	109 	109 
008784 	245 	90 	109 	109 
008785 	257 	90 	109 	109 
008786 	257 	90 	109 	109 
008787 	257 	90 	109 	109 
008788 	257 	90 	109 	109 
008789 	237 	94 	130 	130 
008790 	257 	90 	109 	109 
008791 	237 	94 	130 	130 
008792 	257 	90 	109 	109 
008793 	257 	90 	109 	109 
008794 	257 	90 	109 	109 
008795 	257 	90 	109 	109 
008796 	251 	94 	130 	130 
008797 	251 	94 	130 	130 
008798 	251 	94 	130 	130 
008799 	269 	90 	108 	109 
008800 	269 	90 	108 	109 
008801 	269 	90 	108 	109 
008802 	269 	90 	108 	109 
008803 	269 	90 	108 	109 
008804 	269 	90 	108 	109 
008805 	284 	105 	90 	91 
008806 	266 	94 	130 	130 
008807 	266 	94 	130 	130 
008808 	284 	105 	90 	91 
008809 	284 	105 	90 	91 
008810 	284 	105 	90 	91 
008811 	284 	105 	90 	91 
008812 	284 	105 	90 	91 
008813 	284 	105 	90 	91 
008814 	284 	105 	90 	91 
008815 	269 	90 	108 	109 
008816 	269 	90 	108 	109 
008817 	269 	90 	108 	109 
008818 	269 	90 	108 	109 
008819 	269 	90 	108 	109 
008820 	251 	94 	130 	130 
008821 	251 	94 	130 	130 
008822 	257 	90 	109 	109 
008823 	257 	90 	109 	109 
008824 	257 	90 	109 	109 
008825 	257 	90 	109 	109 
008826 	257 	90 	109 	109 
008827 	257 	90 	109 	109 
008828 	257 	90 	109 	109 
008829 	257 	90 	109 	109 
008830 	264 	105 	90 	91 
008831 	245 	90 	109 	109 
008832 	245 	90 	109 	109 
008833 	245 	90 	109 	109 
008834 	237 	80 	130 	130 
008835 	237 	80 	130 	130 
008836 	237 	80 	130 	130 
008837 	257 	78 	109 	109 
008838 	257 	78 	109 	109 
008839 	257 	78 	109 	109 
008840 	257 	78 	109 	109 
008841 	257 	78 	109 	109 
008842 	257 	78 	109 	109 
008843 	257 	78 	109 	109 
008844 	257 	78 	109 	109 
008845 	269 	78 	108 	109 
008846 	269 	78 	108 	109 
008847 	269 	78 	108 	109 
008848 	269 	78 	108 	109 
008849 	281 	78 	108 	109 
008850 	281 	78 	108 	109 
008851 	281 	78 	108 	109 
008852 	281 	78 	108 	109 
008853 	293 	78 	108 	109 
008854 	293 	78 	108 	109 
008855 	293 	78 	108 	109 
008856 	293 	78 	108 	109 
008857 	293 	78 	108 	109 
008858 	293 	78 	108 	109 
008859 	293 	78 	108 	109 
008860 	293 	78 	108 	109 
008861 	281 	78 	108 	109 
008862 	281 	78 	108 	109 
008863 	281 	78 	108 	109 
008864 	281 	78 	108 	109 
008865 	281 	78 	108 	109 
008866 	281 	78 	108 	109 
008867 	281 	78 	108 	109 
008868 	281 	78 	108 	109 
008869 	281 	78 	108 	109 
008870 	281 	78 	108 	109 
008871 	281 	78 	108 	109 
008872 	281 	78 	108 	109 
008873 	281 	78 	108 	109 
008874 	281 	78 	108 	109 
008875 	281 	78 	108 	109 
008876 	269 	78 	108 	109 
008877 	269 	78 	108 	109 
008878 	269 	78 	108 	109 
008879 	269 	78 	108 	109 
008880 	269 	78 	108 	109 
008881 	269 	78 	108 	109 
008882 	257 	78 	109 	109 
008883 	257 	78 	109 	109 
008884 	257 	78 	109 	109 
