Identity  : 	id10304
Reference : 	dz2ohrKoOBA
Offset    : 	-1
FV Conf   : 	16.511
ASD Conf  : 	7.425

FRAME 	X 	Y 	W 	H 
001924 	266 	80 	130 	130 
001925 	267 	62 	156 	155 
001926 	267 	62 	156 	155 
001927 	267 	62 	156 	155 
001928 	280 	66 	130 	130 
001929 	267 	62 	156 	155 
001930 	280 	66 	130 	130 
001931 	267 	62 	156 	155 
001932 	267 	62 	156 	155 
001933 	267 	62 	156 	155 
001934 	267 	62 	156 	155 
001935 	280 	66 	130 	130 
001936 	280 	66 	130 	130 
001937 	280 	66 	130 	130 
001938 	280 	66 	130 	130 
001939 	280 	66 	130 	130 
001940 	280 	66 	130 	130 
001941 	280 	66 	130 	130 
001942 	280 	66 	130 	130 
001943 	280 	66 	130 	130 
001944 	280 	66 	130 	130 
001945 	280 	66 	130 	130 
001946 	280 	66 	130 	130 
001947 	280 	66 	130 	130 
001948 	280 	66 	130 	130 
001949 	280 	66 	130 	130 
001950 	280 	66 	130 	130 
001951 	280 	66 	130 	130 
001952 	280 	66 	130 	130 
001953 	280 	66 	130 	130 
001954 	280 	66 	130 	130 
001955 	280 	66 	130 	130 
001956 	280 	66 	130 	130 
001957 	280 	66 	130 	130 
001958 	280 	66 	130 	130 
001959 	280 	66 	130 	130 
001960 	280 	66 	130 	130 
001961 	280 	66 	130 	130 
001962 	280 	66 	130 	130 
001963 	280 	66 	130 	130 
001964 	280 	66 	130 	130 
001965 	280 	66 	130 	130 
001966 	280 	66 	130 	130 
001967 	280 	66 	130 	130 
001968 	280 	66 	130 	130 
001969 	280 	66 	130 	130 
001970 	280 	66 	130 	130 
001971 	280 	66 	130 	130 
001972 	280 	66 	130 	130 
001973 	280 	66 	130 	130 
001974 	280 	66 	130 	130 
001975 	280 	66 	130 	130 
001976 	280 	66 	130 	130 
001977 	280 	66 	130 	130 
001978 	280 	66 	130 	130 
001979 	267 	62 	156 	155 
001980 	267 	62 	156 	155 
001981 	280 	80 	130 	130 
001982 	267 	62 	156 	155 
001983 	280 	80 	130 	130 
001984 	280 	80 	130 	130 
001985 	267 	62 	156 	155 
001986 	280 	80 	130 	130 
001987 	267 	62 	156 	155 
001988 	267 	62 	156 	155 
001989 	280 	80 	130 	130 
001990 	280 	80 	130 	130 
001991 	280 	80 	130 	130 
001992 	280 	80 	130 	130 
001993 	280 	80 	130 	130 
001994 	280 	80 	130 	130 
001995 	280 	80 	130 	130 
001996 	280 	80 	130 	130 
001997 	280 	80 	130 	130 
001998 	280 	80 	130 	130 
001999 	280 	80 	130 	130 
002000 	280 	80 	130 	130 
002001 	280 	80 	130 	130 
002002 	280 	80 	130 	130 
002003 	280 	80 	130 	130 
002004 	280 	80 	130 	130 
002005 	280 	80 	130 	130 
002006 	280 	80 	130 	130 
002007 	280 	80 	130 	130 
002008 	280 	80 	130 	130 
002009 	280 	80 	130 	130 
002010 	280 	80 	130 	130 
002011 	280 	80 	130 	130 
002012 	280 	80 	130 	130 
002013 	280 	80 	130 	130 
002014 	280 	80 	130 	130 
002015 	266 	94 	130 	130 
002016 	266 	94 	130 	130 
002017 	266 	94 	130 	130 
002018 	266 	94 	130 	130 
002019 	250 	96 	156 	156 
002020 	266 	109 	130 	130 
002021 	266 	109 	130 	130 
002022 	266 	109 	130 	130 
002023 	266 	109 	130 	130 
002024 	266 	109 	130 	130 
002025 	266 	109 	130 	130 
002026 	266 	109 	130 	130 
002027 	266 	109 	130 	130 
002028 	266 	109 	130 	130 
002029 	266 	109 	130 	130 
002030 	266 	109 	130 	130 
002031 	266 	109 	130 	130 
002032 	266 	109 	130 	130 
002033 	266 	109 	130 	130 
002034 	266 	109 	130 	130 
002035 	266 	109 	130 	130 
002036 	280 	109 	130 	130 
002037 	280 	109 	130 	130 
002038 	280 	109 	130 	130 
002039 	280 	94 	130 	130 
002040 	280 	94 	130 	130 
002041 	280 	94 	130 	130 
002042 	280 	94 	130 	130 
002043 	280 	94 	130 	130 
002044 	280 	94 	130 	130 
002045 	280 	94 	130 	130 
002046 	280 	94 	130 	130 
002047 	280 	94 	130 	130 
002048 	280 	94 	130 	130 
002049 	280 	94 	130 	130 
002050 	280 	94 	130 	130 
002051 	280 	94 	130 	130 
002052 	280 	94 	130 	130 
002053 	280 	94 	130 	130 
002054 	280 	94 	130 	130 
002055 	280 	94 	130 	130 
002056 	280 	94 	130 	130 
002057 	280 	94 	130 	130 
002058 	280 	94 	130 	130 
002059 	280 	94 	130 	130 
002060 	280 	94 	130 	130 
002061 	280 	94 	130 	130 
002062 	280 	94 	130 	130 
002063 	280 	94 	130 	130 
002064 	280 	94 	130 	130 
002065 	280 	94 	130 	130 
002066 	280 	94 	130 	130 
002067 	280 	94 	130 	130 
002068 	280 	94 	130 	130 
002069 	280 	94 	130 	130 
002070 	266 	94 	130 	130 
002071 	266 	94 	130 	130 
002072 	266 	94 	130 	130 
002073 	266 	94 	130 	130 
002074 	266 	94 	130 	130 
002075 	266 	94 	130 	130 
002076 	266 	94 	130 	130 
002077 	266 	94 	130 	130 
