Identity  : 	id10272
Reference : 	ho_r24dlPTQ
Offset    : 	1
FV Conf   : 	18.106
ASD Conf  : 	6.588

FRAME 	X 	Y 	W 	H 
035768 	220 	62 	75 	76 
035769 	220 	62 	75 	76 
035770 	220 	62 	75 	76 
035771 	204 	55 	91 	91 
035772 	204 	55 	91 	91 
035773 	211 	62 	76 	76 
035774 	204 	55 	91 	91 
035775 	211 	62 	76 	76 
035776 	211 	62 	76 	76 
035777 	211 	62 	76 	76 
035778 	211 	62 	76 	76 
035779 	211 	62 	76 	76 
035780 	211 	62 	76 	76 
035781 	211 	62 	76 	76 
035782 	211 	62 	76 	76 
035783 	211 	62 	76 	76 
035784 	204 	55 	91 	91 
035785 	211 	62 	76 	76 
035786 	211 	62 	76 	76 
035787 	211 	71 	76 	75 
035788 	211 	71 	76 	75 
035789 	211 	71 	76 	75 
035790 	211 	71 	76 	75 
035791 	203 	71 	76 	75 
035792 	194 	55 	91 	91 
035793 	194 	55 	91 	91 
035794 	194 	55 	91 	91 
035795 	195 	62 	75 	76 
035796 	195 	62 	75 	76 
035797 	195 	62 	75 	76 
035798 	195 	62 	75 	76 
035799 	194 	55 	91 	91 
035800 	194 	45 	91 	91 
035801 	194 	45 	91 	91 
035802 	203 	62 	76 	76 
035803 	211 	62 	76 	76 
035804 	211 	62 	76 	76 
035805 	204 	55 	91 	91 
035806 	211 	62 	76 	76 
035807 	211 	54 	76 	76 
035808 	204 	45 	91 	91 
035809 	204 	45 	91 	91 
035810 	220 	54 	75 	76 
035811 	220 	54 	75 	76 
035812 	224 	54 	76 	76 
035813 	228 	54 	76 	76 
035814 	228 	54 	76 	76 
035815 	224 	55 	91 	91 
035816 	236 	62 	76 	76 
035817 	234 	55 	90 	91 
035818 	244 	62 	76 	76 
035819 	244 	62 	76 	76 
035820 	244 	62 	76 	76 
035821 	244 	62 	76 	76 
035822 	244 	62 	76 	76 
035823 	234 	55 	90 	91 
035824 	234 	55 	90 	91 
035825 	236 	62 	76 	76 
035826 	236 	62 	76 	76 
035827 	236 	62 	76 	76 
035828 	236 	62 	76 	76 
035829 	236 	62 	76 	76 
035830 	244 	62 	76 	76 
035831 	244 	62 	76 	76 
035832 	244 	62 	76 	76 
035833 	244 	62 	76 	76 
035834 	244 	62 	76 	76 
035835 	236 	62 	76 	76 
035836 	236 	62 	76 	76 
035837 	228 	62 	76 	76 
035838 	228 	62 	76 	76 
035839 	214 	45 	91 	91 
035840 	220 	62 	75 	76 
035841 	220 	62 	75 	76 
035842 	220 	62 	75 	76 
035843 	220 	62 	75 	76 
035844 	220 	62 	75 	76 
035845 	211 	62 	76 	76 
035846 	211 	62 	76 	76 
035847 	211 	62 	76 	76 
035848 	211 	62 	76 	76 
035849 	211 	62 	76 	76 
035850 	203 	71 	76 	75 
035851 	203 	71 	76 	75 
035852 	211 	71 	76 	75 
035853 	211 	62 	76 	76 
035854 	211 	62 	76 	76 
035855 	220 	62 	75 	76 
035856 	214 	55 	91 	91 
035857 	228 	62 	76 	76 
035858 	224 	45 	91 	91 
035859 	236 	62 	76 	76 
035860 	244 	62 	76 	76 
035861 	244 	62 	76 	76 
035862 	244 	71 	76 	75 
035863 	244 	71 	76 	75 
035864 	244 	71 	76 	75 
035865 	244 	71 	76 	75 
035866 	244 	71 	76 	75 
035867 	244 	71 	76 	75 
035868 	244 	71 	76 	75 
035869 	244 	71 	76 	75 
035870 	236 	62 	76 	76 
035871 	236 	62 	76 	76 
035872 	236 	62 	76 	76 
035873 	236 	62 	76 	76 
035874 	236 	62 	76 	76 
035875 	228 	62 	76 	76 
035876 	228 	62 	76 	76 
035877 	220 	62 	75 	76 
035878 	220 	62 	75 	76 
035879 	211 	71 	76 	75 
035880 	203 	71 	76 	75 
035881 	203 	71 	76 	75 
035882 	203 	79 	76 	76 
035883 	203 	79 	76 	76 
035884 	203 	79 	76 	76 
035885 	194 	65 	91 	91 
035886 	203 	71 	76 	75 
035887 	203 	71 	76 	75 
035888 	211 	71 	76 	75 
