Identity  : 	id10272
Reference : 	ho_r24dlPTQ
Offset    : 	1
FV Conf   : 	16.728
ASD Conf  : 	6.942

FRAME 	X 	Y 	W 	H 
025023 	204 	75 	91 	91 
025024 	204 	75 	91 	91 
025025 	204 	75 	91 	91 
025026 	204 	75 	91 	91 
025027 	204 	75 	91 	91 
025028 	204 	75 	91 	91 
025029 	204 	75 	91 	91 
025030 	204 	75 	91 	91 
025031 	204 	75 	91 	91 
025032 	204 	75 	91 	91 
025033 	204 	75 	91 	91 
025034 	204 	75 	91 	91 
025035 	194 	75 	91 	91 
025036 	194 	75 	91 	91 
025037 	194 	85 	91 	91 
025038 	184 	85 	91 	91 
025039 	184 	85 	91 	91 
025040 	174 	85 	91 	91 
025041 	164 	85 	91 	91 
025042 	170 	96 	75 	75 
025043 	162 	96 	75 	75 
025044 	154 	85 	91 	91 
025045 	144 	95 	91 	91 
025046 	134 	95 	91 	91 
025047 	137 	104 	75 	76 
025048 	128 	108 	76 	76 
025049 	120 	112 	76 	76 
025050 	105 	105 	90 	91 
025051 	108 	117 	82 	83 
025052 	112 	129 	75 	75 
025053 	112 	133 	75 	76 
025054 	112 	137 	75 	76 
025055 	112 	137 	75 	76 
025056 	112 	137 	75 	76 
025057 	112 	137 	75 	76 
025058 	112 	137 	75 	76 
025059 	112 	137 	75 	76 
025060 	110 	130 	80 	81 
025061 	107 	122 	85 	86 
025062 	105 	115 	90 	91 
025063 	105 	125 	90 	90 
025064 	105 	125 	90 	90 
025065 	114 	125 	91 	90 
025066 	128 	137 	76 	76 
025067 	124 	125 	91 	90 
025068 	129 	130 	91 	90 
025069 	134 	135 	91 	90 
025070 	154 	135 	91 	90 
025071 	162 	135 	91 	90 
025072 	169 	135 	91 	90 
025073 	176 	135 	91 	90 
025074 	184 	135 	91 	90 
025075 	184 	125 	91 	90 
025076 	184 	125 	91 	90 
025077 	184 	115 	91 	91 
025078 	184 	115 	91 	91 
025079 	184 	105 	91 	91 
025080 	174 	105 	91 	91 
025081 	184 	95 	91 	91 
025082 	184 	95 	91 	91 
025083 	184 	95 	91 	91 
025084 	184 	95 	91 	91 
025085 	211 	104 	76 	76 
025086 	204 	95 	91 	91 
025087 	204 	95 	91 	91 
025088 	211 	96 	76 	75 
025089 	204 	85 	91 	91 
025090 	204 	85 	91 	91 
025091 	204 	85 	91 	91 
025092 	203 	87 	76 	76 
025093 	194 	85 	91 	91 
025094 	194 	85 	91 	91 
025095 	194 	85 	91 	91 
025096 	184 	85 	91 	91 
025097 	184 	85 	91 	91 
025098 	184 	85 	91 	91 
025099 	186 	96 	76 	75 
025100 	186 	96 	76 	75 
025101 	174 	95 	91 	91 
025102 	178 	96 	76 	75 
025103 	178 	96 	76 	75 
025104 	178 	96 	76 	75 
025105 	164 	95 	91 	91 
025106 	164 	95 	91 	91 
025107 	164 	95 	91 	91 
025108 	164 	95 	91 	91 
025109 	164 	95 	91 	91 
025110 	164 	95 	91 	91 
025111 	178 	104 	76 	76 
025112 	178 	104 	76 	76 
025113 	178 	104 	76 	76 
025114 	174 	95 	91 	91 
025115 	174 	95 	91 	91 
025116 	174 	95 	91 	91 
025117 	186 	96 	76 	75 
025118 	186 	96 	76 	75 
025119 	186 	96 	76 	75 
025120 	186 	96 	76 	75 
025121 	186 	96 	76 	75 
025122 	184 	85 	91 	91 
025123 	184 	85 	91 	91 
025124 	184 	85 	91 	91 
025125 	184 	85 	91 	91 
025126 	174 	85 	91 	91 
025127 	174 	85 	91 	91 
025128 	174 	85 	91 	91 
025129 	174 	85 	91 	91 
025130 	174 	85 	91 	91 
025131 	184 	85 	91 	91 
025132 	184 	85 	91 	91 
025133 	184 	75 	91 	91 
025134 	184 	75 	91 	91 
025135 	184 	75 	91 	91 
025136 	194 	75 	91 	91 
025137 	194 	75 	91 	91 
025138 	194 	75 	91 	91 
025139 	184 	75 	91 	91 
025140 	184 	75 	91 	91 
025141 	184 	75 	91 	91 
025142 	174 	75 	91 	91 
025143 	174 	75 	91 	91 
025144 	174 	75 	91 	91 
025145 	174 	75 	91 	91 
025146 	184 	75 	91 	91 
025147 	193 	79 	88 	88 
025148 	202 	83 	85 	85 
025149 	210 	88 	82 	81 
025150 	219 	92 	79 	78 
