Identity  : 	id10308
Reference : 	rgpPBT4yQcg
Offset    : 	-2
FV Conf   : 	15.173
ASD Conf  : 	6.292

FRAME 	X 	Y 	W 	H 
003744 	253 	121 	75 	75 
003745 	253 	121 	75 	75 
003746 	253 	112 	75 	76 
003747 	253 	112 	75 	76 
003748 	253 	112 	75 	76 
003749 	253 	112 	75 	76 
003750 	253 	112 	75 	76 
003751 	253 	112 	75 	76 
003752 	253 	112 	75 	76 
003753 	253 	112 	75 	76 
003754 	253 	112 	75 	76 
003755 	253 	112 	75 	76 
003756 	253 	112 	75 	76 
003757 	253 	112 	75 	76 
003758 	253 	112 	75 	76 
003759 	253 	112 	75 	76 
003760 	253 	112 	75 	76 
003761 	253 	112 	75 	76 
003762 	253 	104 	75 	76 
003763 	253 	104 	75 	76 
003764 	253 	104 	75 	76 
003765 	253 	104 	75 	76 
003766 	253 	104 	75 	76 
003767 	253 	104 	75 	76 
003768 	253 	104 	75 	76 
003769 	253 	96 	75 	75 
003770 	253 	96 	75 	75 
003771 	244 	95 	90 	91 
003772 	244 	95 	90 	91 
003773 	244 	95 	90 	91 
003774 	253 	104 	75 	76 
003775 	244 	95 	90 	91 
003776 	253 	104 	75 	76 
003777 	253 	104 	75 	76 
003778 	244 	104 	76 	76 
003779 	244 	112 	76 	76 
003780 	244 	112 	76 	76 
003781 	244 	112 	76 	76 
003782 	234 	105 	90 	91 
003783 	234 	105 	90 	91 
003784 	244 	112 	76 	76 
003785 	244 	112 	76 	76 
003786 	244 	112 	76 	76 
003787 	244 	112 	76 	76 
003788 	244 	112 	76 	76 
003789 	244 	112 	76 	76 
003790 	244 	112 	76 	76 
003791 	244 	112 	76 	76 
003792 	244 	112 	76 	76 
003793 	244 	121 	76 	75 
003794 	244 	121 	76 	75 
003795 	244 	121 	76 	75 
003796 	253 	121 	75 	75 
003797 	253 	121 	75 	75 
003798 	253 	121 	75 	75 
003799 	253 	121 	75 	75 
003800 	253 	121 	75 	75 
003801 	253 	121 	75 	75 
003802 	253 	121 	75 	75 
003803 	253 	121 	75 	75 
003804 	253 	121 	75 	75 
003805 	253 	121 	75 	75 
003806 	253 	121 	75 	75 
003807 	253 	121 	75 	75 
003808 	253 	121 	75 	75 
003809 	253 	121 	75 	75 
003810 	253 	121 	75 	75 
003811 	244 	112 	76 	76 
003812 	253 	121 	75 	75 
003813 	244 	112 	76 	76 
003814 	253 	121 	75 	75 
003815 	253 	121 	75 	75 
003816 	253 	121 	75 	75 
003817 	253 	121 	75 	75 
003818 	253 	121 	75 	75 
003819 	253 	121 	75 	75 
003820 	253 	121 	75 	75 
003821 	253 	121 	75 	75 
003822 	253 	121 	75 	75 
003823 	253 	121 	75 	75 
003824 	253 	121 	75 	75 
003825 	253 	121 	75 	75 
003826 	253 	121 	75 	75 
003827 	253 	121 	75 	75 
003828 	253 	121 	75 	75 
003829 	253 	129 	75 	75 
003830 	261 	129 	76 	75 
003831 	261 	129 	76 	75 
003832 	261 	129 	76 	75 
003833 	261 	129 	76 	75 
003834 	261 	129 	76 	75 
003835 	261 	129 	76 	75 
003836 	261 	121 	76 	75 
003837 	261 	121 	76 	75 
003838 	261 	121 	76 	75 
003839 	261 	121 	76 	75 
003840 	261 	121 	76 	75 
003841 	261 	121 	76 	75 
003842 	261 	121 	76 	75 
003843 	253 	121 	75 	75 
003844 	253 	121 	75 	75 
003845 	253 	121 	75 	75 
003846 	253 	121 	75 	75 
003847 	253 	121 	75 	75 
003848 	253 	121 	75 	75 
003849 	253 	121 	75 	75 
003850 	253 	121 	75 	75 
003851 	253 	121 	75 	75 
003852 	253 	121 	75 	75 
003853 	253 	121 	75 	75 
003854 	253 	121 	75 	75 
003855 	253 	121 	75 	75 
003856 	253 	112 	75 	76 
003857 	253 	112 	75 	76 
003858 	253 	112 	75 	76 
003859 	253 	112 	75 	76 
003860 	253 	112 	75 	76 
003861 	253 	112 	75 	76 
003862 	253 	112 	75 	76 
003863 	253 	112 	75 	76 
003864 	253 	112 	75 	76 
003865 	253 	112 	75 	76 
003866 	253 	104 	75 	76 
003867 	253 	104 	75 	76 
003868 	253 	104 	75 	76 
003869 	253 	104 	75 	76 
003870 	253 	104 	75 	76 
003871 	253 	104 	75 	76 
003872 	253 	104 	75 	76 
003873 	253 	104 	75 	76 
003874 	253 	104 	75 	76 
003875 	253 	104 	75 	76 
003876 	253 	104 	75 	76 
003877 	253 	104 	75 	76 
003878 	253 	104 	75 	76 
003879 	253 	104 	75 	76 
003880 	261 	112 	76 	76 
003881 	261 	104 	76 	76 
003882 	261 	112 	76 	76 
003883 	261 	112 	76 	76 
003884 	261 	112 	76 	76 
003885 	273 	121 	63 	63 
003886 	273 	121 	63 	63 
003887 	273 	121 	63 	63 
003888 	273 	121 	63 	63 
003889 	273 	121 	63 	63 
003890 	261 	112 	76 	76 
003891 	269 	121 	76 	75 
003892 	269 	121 	76 	75 
003893 	269 	121 	76 	75 
003894 	269 	121 	76 	75 
003895 	269 	121 	76 	75 
003896 	269 	121 	76 	75 
003897 	269 	121 	76 	75 
003898 	264 	115 	90 	91 
003899 	278 	121 	75 	75 
003900 	278 	121 	75 	75 
003901 	278 	121 	75 	75 
003902 	278 	121 	75 	75 
003903 	264 	115 	90 	91 
003904 	264 	115 	90 	91 
003905 	269 	121 	76 	75 
003906 	269 	121 	76 	75 
003907 	269 	121 	76 	75 
003908 	269 	121 	76 	75 
003909 	269 	121 	76 	75 
003910 	269 	121 	76 	75 
003911 	269 	121 	76 	75 
003912 	269 	121 	76 	75 
003913 	269 	121 	76 	75 
003914 	269 	121 	76 	75 
003915 	269 	112 	76 	76 
003916 	269 	121 	76 	75 
003917 	269 	121 	76 	75 
003918 	269 	121 	76 	75 
003919 	269 	121 	76 	75 
003920 	261 	112 	76 	76 
003921 	261 	112 	76 	76 
003922 	261 	112 	76 	76 
003923 	261 	112 	76 	76 
003924 	261 	112 	76 	76 
003925 	261 	112 	76 	76 
003926 	261 	112 	76 	76 
003927 	269 	112 	76 	76 
003928 	261 	112 	76 	76 
003929 	261 	112 	76 	76 
003930 	261 	112 	76 	76 
003931 	261 	112 	76 	76 
003932 	261 	112 	76 	76 
003933 	261 	112 	76 	76 
003934 	261 	104 	76 	76 
003935 	261 	104 	76 	76 
003936 	261 	104 	76 	76 
003937 	261 	104 	76 	76 
003938 	261 	104 	76 	76 
003939 	261 	104 	76 	76 
003940 	261 	104 	76 	76 
003941 	261 	104 	76 	76 
003942 	261 	104 	76 	76 
003943 	261 	104 	76 	76 
003944 	261 	104 	76 	76 
003945 	261 	104 	76 	76 
003946 	261 	104 	76 	76 
003947 	261 	104 	76 	76 
003948 	261 	104 	76 	76 
003949 	261 	104 	76 	76 
003950 	261 	104 	76 	76 
003951 	261 	104 	76 	76 
003952 	261 	104 	76 	76 
003953 	261 	104 	76 	76 
003954 	261 	104 	76 	76 
003955 	261 	104 	76 	76 
003956 	261 	104 	76 	76 
003957 	261 	104 	76 	76 
003958 	261 	104 	76 	76 
003959 	261 	104 	76 	76 
003960 	269 	104 	76 	76 
003961 	269 	104 	76 	76 
003962 	269 	104 	76 	76 
003963 	269 	112 	76 	76 
003964 	269 	112 	76 	76 
003965 	269 	112 	76 	76 
003966 	269 	112 	76 	76 
003967 	261 	104 	76 	76 
003968 	261 	104 	76 	76 
003969 	261 	104 	76 	76 
003970 	261 	104 	76 	76 
003971 	261 	104 	76 	76 
003972 	261 	104 	76 	76 
003973 	261 	104 	76 	76 
003974 	261 	104 	76 	76 
003975 	261 	112 	76 	76 
003976 	261 	112 	76 	76 
003977 	261 	112 	76 	76 
003978 	261 	112 	76 	76 
003979 	261 	112 	76 	76 
003980 	261 	112 	76 	76 
003981 	261 	112 	76 	76 
003982 	261 	112 	76 	76 
003983 	261 	112 	76 	76 
003984 	261 	112 	76 	76 
003985 	269 	112 	76 	76 
003986 	269 	112 	76 	76 
003987 	269 	112 	76 	76 
003988 	269 	112 	76 	76 
003989 	269 	112 	76 	76 
003990 	269 	112 	76 	76 
003991 	269 	112 	76 	76 
003992 	269 	112 	76 	76 
003993 	269 	112 	76 	76 
003994 	269 	112 	76 	76 
003995 	269 	112 	76 	76 
003996 	269 	112 	76 	76 
003997 	264 	105 	90 	91 
003998 	264 	105 	90 	91 
