Identity  : 	id10308
Reference : 	rgpPBT4yQcg
Offset    : 	-2
FV Conf   : 	15.173
ASD Conf  : 	6.723

FRAME 	X 	Y 	W 	H 
003148 	253 	112 	75 	76 
003149 	253 	112 	75 	76 
003150 	253 	112 	75 	76 
003151 	253 	112 	75 	76 
003152 	253 	112 	75 	76 
003153 	253 	112 	75 	76 
003154 	253 	112 	75 	76 
003155 	253 	112 	75 	76 
003156 	253 	112 	75 	76 
003157 	253 	112 	75 	76 
003158 	253 	112 	75 	76 
003159 	253 	112 	75 	76 
003160 	253 	112 	75 	76 
003161 	253 	112 	75 	76 
003162 	261 	112 	76 	76 
003163 	261 	112 	76 	76 
003164 	261 	112 	76 	76 
003165 	253 	112 	75 	76 
003166 	253 	112 	75 	76 
003167 	253 	112 	75 	76 
003168 	253 	112 	75 	76 
003169 	253 	112 	75 	76 
003170 	253 	112 	75 	76 
003171 	253 	112 	75 	76 
003172 	253 	112 	75 	76 
003173 	253 	112 	75 	76 
003174 	253 	112 	75 	76 
003175 	253 	112 	75 	76 
003176 	253 	104 	75 	76 
003177 	253 	104 	75 	76 
003178 	253 	104 	75 	76 
003179 	253 	104 	75 	76 
003180 	253 	104 	75 	76 
003181 	253 	104 	75 	76 
003182 	253 	104 	75 	76 
003183 	253 	104 	75 	76 
003184 	253 	104 	75 	76 
003185 	253 	104 	75 	76 
003186 	253 	104 	75 	76 
003187 	253 	104 	75 	76 
003188 	253 	112 	75 	76 
003189 	253 	112 	75 	76 
003190 	253 	112 	75 	76 
003191 	253 	112 	75 	76 
003192 	253 	112 	75 	76 
003193 	253 	112 	75 	76 
003194 	253 	112 	75 	76 
003195 	253 	112 	75 	76 
003196 	253 	112 	75 	76 
003197 	253 	112 	75 	76 
003198 	253 	112 	75 	76 
003199 	253 	112 	75 	76 
003200 	253 	112 	75 	76 
003201 	261 	112 	76 	76 
003202 	261 	112 	76 	76 
003203 	261 	112 	76 	76 
003204 	261 	112 	76 	76 
003205 	261 	112 	76 	76 
003206 	261 	112 	76 	76 
003207 	253 	112 	75 	76 
003208 	253 	112 	75 	76 
003209 	261 	112 	76 	76 
003210 	261 	112 	76 	76 
003211 	261 	112 	76 	76 
003212 	261 	112 	76 	76 
003213 	261 	112 	76 	76 
003214 	261 	112 	76 	76 
003215 	261 	112 	76 	76 
003216 	261 	112 	76 	76 
003217 	261 	104 	76 	76 
003218 	261 	104 	76 	76 
003219 	261 	104 	76 	76 
003220 	261 	104 	76 	76 
003221 	261 	104 	76 	76 
003222 	261 	104 	76 	76 
003223 	261 	104 	76 	76 
003224 	261 	104 	76 	76 
003225 	261 	112 	76 	76 
003226 	254 	105 	90 	91 
003227 	261 	112 	76 	76 
003228 	261 	112 	76 	76 
003229 	261 	112 	76 	76 
003230 	261 	112 	76 	76 
003231 	261 	112 	76 	76 
003232 	269 	112 	76 	76 
003233 	269 	112 	76 	76 
003234 	269 	112 	76 	76 
003235 	269 	112 	76 	76 
003236 	261 	112 	76 	76 
003237 	261 	112 	76 	76 
003238 	261 	112 	76 	76 
003239 	269 	112 	76 	76 
003240 	269 	112 	76 	76 
003241 	269 	112 	76 	76 
003242 	269 	112 	76 	76 
003243 	269 	112 	76 	76 
003244 	269 	112 	76 	76 
003245 	261 	112 	76 	76 
003246 	261 	112 	76 	76 
003247 	261 	112 	76 	76 
003248 	261 	112 	76 	76 
003249 	261 	112 	76 	76 
003250 	261 	112 	76 	76 
003251 	261 	112 	76 	76 
003252 	261 	112 	76 	76 
003253 	261 	112 	76 	76 
003254 	261 	104 	76 	76 
003255 	261 	104 	76 	76 
003256 	261 	104 	76 	76 
003257 	261 	104 	76 	76 
003258 	261 	104 	76 	76 
003259 	266 	114 	63 	63 
003260 	261 	104 	76 	76 
003261 	261 	104 	76 	76 
003262 	261 	104 	76 	76 
003263 	261 	104 	76 	76 
003264 	261 	104 	76 	76 
003265 	261 	112 	76 	76 
003266 	253 	104 	75 	76 
003267 	253 	104 	75 	76 
003268 	266 	114 	63 	63 
003269 	261 	112 	76 	76 
003270 	261 	112 	76 	76 
003271 	261 	112 	76 	76 
003272 	253 	104 	75 	76 
003273 	253 	112 	75 	76 
003274 	253 	112 	75 	76 
003275 	253 	104 	75 	76 
003276 	253 	104 	75 	76 
003277 	253 	104 	75 	76 
003278 	253 	104 	75 	76 
003279 	253 	112 	75 	76 
003280 	253 	112 	75 	76 
003281 	253 	112 	75 	76 
003282 	253 	112 	75 	76 
