Identity  : 	id10285
Reference : 	9HcPA8lluoY
Offset    : 	-6
FV Conf   : 	22.174
ASD Conf  : 	7.839

FRAME 	X 	Y 	W 	H 
003057 	221 	78 	109 	109 
003058 	221 	78 	109 	109 
003059 	221 	78 	109 	109 
003060 	221 	78 	109 	109 
003061 	221 	78 	109 	109 
003062 	221 	78 	109 	109 
003063 	221 	78 	109 	109 
003064 	221 	78 	109 	109 
003065 	221 	78 	109 	109 
003066 	221 	78 	109 	109 
003067 	221 	78 	109 	109 
003068 	221 	78 	109 	109 
003069 	221 	78 	109 	109 
003070 	221 	78 	109 	109 
003071 	221 	78 	109 	109 
003072 	221 	78 	109 	109 
003073 	221 	78 	109 	109 
003074 	221 	66 	109 	109 
003075 	221 	66 	109 	109 
003076 	221 	78 	109 	109 
003077 	221 	78 	109 	109 
003078 	221 	66 	109 	109 
003079 	221 	66 	109 	109 
003080 	221 	66 	109 	109 
003081 	221 	66 	109 	109 
003082 	221 	66 	109 	109 
003083 	221 	66 	109 	109 
003084 	221 	66 	109 	109 
003085 	221 	66 	109 	109 
003086 	221 	66 	109 	109 
003087 	221 	66 	109 	109 
003088 	221 	66 	109 	109 
003089 	221 	78 	109 	109 
003090 	221 	78 	109 	109 
003091 	221 	78 	109 	109 
003092 	221 	78 	109 	109 
003093 	209 	78 	109 	109 
003094 	209 	78 	109 	109 
003095 	209 	90 	109 	109 
003096 	221 	90 	109 	109 
003097 	221 	90 	109 	109 
003098 	221 	90 	109 	109 
003099 	221 	90 	109 	109 
003100 	221 	90 	109 	109 
003101 	221 	90 	109 	109 
003102 	221 	90 	109 	109 
003103 	221 	90 	109 	109 
003104 	221 	90 	109 	109 
003105 	221 	90 	109 	109 
003106 	221 	90 	109 	109 
003107 	221 	78 	109 	109 
003108 	221 	78 	109 	109 
003109 	223 	66 	130 	130 
003110 	223 	66 	130 	130 
003111 	223 	66 	130 	130 
003112 	221 	78 	109 	109 
003113 	221 	78 	109 	109 
003114 	221 	78 	109 	109 
003115 	221 	78 	109 	109 
003116 	221 	78 	109 	109 
003117 	221 	78 	109 	109 
003118 	221 	90 	109 	109 
003119 	221 	90 	109 	109 
003120 	221 	90 	109 	109 
003121 	221 	90 	109 	109 
003122 	221 	90 	109 	109 
003123 	221 	90 	109 	109 
003124 	221 	90 	109 	109 
003125 	221 	90 	109 	109 
003126 	221 	90 	109 	109 
003127 	221 	90 	109 	109 
003128 	221 	78 	109 	109 
003129 	221 	78 	109 	109 
003130 	221 	78 	109 	109 
003131 	221 	78 	109 	109 
003132 	221 	78 	109 	109 
003133 	221 	78 	109 	109 
003134 	221 	78 	109 	109 
003135 	221 	78 	109 	109 
003136 	221 	78 	109 	109 
003137 	221 	78 	109 	109 
003138 	221 	78 	109 	109 
003139 	221 	90 	109 	109 
003140 	221 	90 	109 	109 
003141 	221 	90 	109 	109 
003142 	221 	90 	109 	109 
003143 	221 	90 	109 	109 
003144 	221 	90 	109 	109 
003145 	221 	90 	109 	109 
003146 	221 	90 	109 	109 
003147 	221 	90 	109 	109 
003148 	221 	90 	109 	109 
003149 	221 	90 	109 	109 
003150 	221 	90 	109 	109 
003151 	221 	90 	109 	109 
003152 	221 	90 	109 	109 
003153 	221 	90 	109 	109 
003154 	221 	90 	109 	109 
003155 	221 	90 	109 	109 
003156 	221 	90 	109 	109 
003157 	221 	90 	109 	109 
003158 	221 	90 	109 	109 
