Identity  : 	id10273
Reference : 	E50E5hbggyM
Offset    : 	0
FV Conf   : 	21.905
ASD Conf  : 	7.230

FRAME 	X 	Y 	W 	H 
033648 	269 	78 	108 	109 
033649 	269 	78 	108 	109 
033650 	284 	95 	90 	91 
033651 	284 	95 	90 	91 
033652 	281 	78 	108 	109 
033653 	281 	78 	108 	109 
033654 	281 	78 	108 	109 
033655 	281 	78 	108 	109 
033656 	281 	78 	108 	109 
033657 	281 	78 	108 	109 
033658 	284 	85 	90 	91 
033659 	284 	85 	90 	91 
033660 	284 	85 	90 	91 
033661 	284 	85 	90 	91 
033662 	284 	85 	90 	91 
033663 	284 	85 	90 	91 
033664 	284 	85 	90 	91 
033665 	284 	85 	90 	91 
033666 	284 	85 	90 	91 
033667 	284 	85 	90 	91 
033668 	284 	85 	90 	91 
033669 	284 	85 	90 	91 
033670 	284 	85 	90 	91 
033671 	284 	85 	90 	91 
033672 	281 	78 	108 	109 
033673 	284 	85 	90 	91 
033674 	284 	85 	90 	91 
033675 	284 	95 	90 	91 
033676 	284 	95 	90 	91 
033677 	269 	90 	108 	109 
033678 	269 	90 	108 	109 
033679 	274 	95 	90 	91 
033680 	274 	95 	90 	91 
033681 	274 	95 	90 	91 
033682 	274 	95 	90 	91 
033683 	274 	95 	90 	91 
033684 	274 	95 	90 	91 
033685 	274 	95 	90 	91 
033686 	274 	95 	90 	91 
033687 	274 	95 	90 	91 
033688 	274 	95 	90 	91 
033689 	274 	95 	90 	91 
033690 	274 	95 	90 	91 
033691 	274 	95 	90 	91 
033692 	274 	95 	90 	91 
033693 	274 	95 	90 	91 
033694 	274 	95 	90 	91 
033695 	274 	95 	90 	91 
033696 	274 	95 	90 	91 
033697 	274 	95 	90 	91 
033698 	274 	95 	90 	91 
033699 	274 	95 	90 	91 
033700 	274 	95 	90 	91 
033701 	274 	95 	90 	91 
033702 	274 	95 	90 	91 
033703 	274 	95 	90 	91 
033704 	274 	95 	90 	91 
033705 	274 	95 	90 	91 
033706 	274 	95 	90 	91 
033707 	257 	90 	109 	109 
033708 	274 	105 	90 	91 
033709 	257 	102 	109 	109 
033710 	257 	114 	109 	109 
033711 	274 	125 	90 	90 
033712 	274 	135 	90 	90 
033713 	274 	135 	90 	90 
033714 	274 	135 	90 	90 
033715 	274 	135 	90 	90 
033716 	274 	135 	90 	90 
033717 	274 	145 	90 	90 
033718 	274 	135 	90 	90 
033719 	274 	135 	90 	90 
033720 	274 	135 	90 	90 
033721 	284 	125 	90 	90 
033722 	274 	135 	90 	90 
033723 	274 	135 	90 	90 
033724 	274 	135 	90 	90 
033725 	274 	125 	90 	90 
033726 	274 	125 	90 	90 
033727 	274 	125 	90 	90 
033728 	274 	125 	90 	90 
033729 	274 	125 	90 	90 
033730 	274 	125 	90 	90 
033731 	274 	115 	90 	91 
033732 	269 	102 	108 	109 
033733 	269 	102 	108 	109 
033734 	269 	102 	108 	109 
033735 	269 	90 	108 	109 
033736 	269 	90 	108 	109 
033737 	274 	95 	90 	91 
033738 	274 	95 	90 	91 
033739 	274 	95 	90 	91 
033740 	274 	95 	90 	91 
033741 	274 	85 	90 	91 
033742 	274 	85 	90 	91 
033743 	274 	95 	90 	91 
033744 	274 	95 	90 	91 
033745 	274 	95 	90 	91 
033746 	274 	95 	90 	91 
033747 	264 	105 	90 	91 
033748 	257 	102 	109 	109 
033749 	274 	115 	90 	91 
033750 	274 	115 	90 	91 
033751 	274 	125 	90 	90 
033752 	274 	125 	90 	90 
033753 	274 	125 	90 	90 
033754 	274 	125 	90 	90 
033755 	274 	125 	90 	90 
033756 	274 	125 	90 	90 
033757 	274 	125 	90 	90 
033758 	284 	115 	90 	91 
033759 	269 	114 	108 	109 
033760 	284 	115 	90 	91 
033761 	269 	102 	108 	109 
033762 	269 	102 	108 	109 
033763 	269 	102 	108 	109 
033764 	269 	102 	108 	109 
033765 	274 	105 	90 	91 
033766 	274 	115 	90 	91 
033767 	274 	115 	90 	91 
033768 	274 	125 	90 	90 
033769 	274 	125 	90 	90 
033770 	274 	125 	90 	90 
033771 	274 	125 	90 	90 
033772 	274 	125 	90 	90 
033773 	274 	125 	90 	90 
033774 	274 	125 	90 	90 
033775 	274 	125 	90 	90 
033776 	274 	125 	90 	90 
033777 	274 	125 	90 	90 
033778 	274 	125 	90 	90 
033779 	274 	125 	90 	90 
033780 	274 	125 	90 	90 
033781 	274 	125 	90 	90 
033782 	274 	125 	90 	90 
033783 	274 	125 	90 	90 
033784 	274 	125 	90 	90 
033785 	274 	125 	90 	90 
033786 	274 	125 	90 	90 
033787 	274 	125 	90 	90 
033788 	274 	125 	90 	90 
033789 	274 	125 	90 	90 
033790 	274 	125 	90 	90 
033791 	274 	125 	90 	90 
033792 	274 	125 	90 	90 
033793 	274 	125 	90 	90 
033794 	274 	125 	90 	90 
033795 	274 	125 	90 	90 
033796 	274 	125 	90 	90 
033797 	274 	125 	90 	90 
033798 	274 	125 	90 	90 
