Identity  : 	id10283
Reference : 	u3s9xdUlmmk
Offset    : 	-2
FV Conf   : 	14.060
ASD Conf  : 	7.575

FRAME 	X 	Y 	W 	H 
005241 	134 	85 	91 	91 
005242 	144 	85 	91 	91 
005243 	144 	85 	91 	91 
005244 	138 	78 	108 	109 
005245 	138 	78 	108 	109 
005246 	138 	78 	108 	109 
005247 	154 	85 	91 	91 
005248 	154 	85 	91 	91 
005249 	154 	85 	91 	91 
005250 	154 	85 	91 	91 
005251 	154 	85 	91 	91 
005252 	154 	85 	91 	91 
005253 	154 	85 	91 	91 
005254 	154 	85 	91 	91 
005255 	154 	85 	91 	91 
005256 	154 	85 	91 	91 
005257 	154 	85 	91 	91 
005258 	154 	85 	91 	91 
005259 	154 	85 	91 	91 
005260 	154 	85 	91 	91 
005261 	154 	85 	91 	91 
005262 	154 	85 	91 	91 
005263 	154 	85 	91 	91 
005264 	154 	85 	91 	91 
005265 	154 	85 	91 	91 
005266 	154 	85 	91 	91 
005267 	154 	85 	91 	91 
005268 	154 	85 	91 	91 
005269 	138 	78 	108 	109 
005270 	138 	78 	108 	109 
005271 	138 	78 	108 	109 
005272 	138 	78 	108 	109 
005273 	144 	85 	91 	91 
005274 	144 	75 	91 	91 
005275 	144 	85 	91 	91 
005276 	138 	78 	108 	109 
005277 	138 	78 	108 	109 
005278 	138 	78 	108 	109 
005279 	134 	85 	91 	91 
005280 	134 	85 	91 	91 
005281 	134 	85 	91 	91 
005282 	134 	85 	91 	91 
005283 	134 	85 	91 	91 
005284 	134 	85 	91 	91 
005285 	134 	85 	91 	91 
005286 	134 	85 	91 	91 
005287 	134 	85 	91 	91 
005288 	134 	85 	91 	91 
005289 	134 	85 	91 	91 
005290 	134 	85 	91 	91 
005291 	134 	85 	91 	91 
005292 	144 	85 	91 	91 
005293 	144 	75 	91 	91 
005294 	144 	85 	91 	91 
005295 	144 	85 	91 	91 
005296 	144 	85 	91 	91 
005297 	144 	85 	91 	91 
005298 	144 	85 	91 	91 
005299 	144 	85 	91 	91 
005300 	138 	78 	108 	109 
005301 	144 	85 	91 	91 
005302 	144 	85 	91 	91 
005303 	144 	85 	91 	91 
005304 	144 	85 	91 	91 
005305 	144 	85 	91 	91 
005306 	144 	85 	91 	91 
005307 	154 	85 	91 	91 
005308 	154 	85 	91 	91 
005309 	154 	85 	91 	91 
005310 	138 	78 	108 	109 
005311 	138 	78 	108 	109 
005312 	144 	85 	91 	91 
005313 	144 	75 	91 	91 
005314 	144 	85 	91 	91 
005315 	144 	85 	91 	91 
005316 	144 	85 	91 	91 
005317 	144 	85 	91 	91 
005318 	144 	85 	91 	91 
005319 	144 	85 	91 	91 
005320 	144 	85 	91 	91 
005321 	144 	75 	91 	91 
005322 	144 	85 	91 	91 
005323 	144 	85 	91 	91 
005324 	134 	85 	91 	91 
005325 	134 	85 	91 	91 
005326 	134 	85 	91 	91 
005327 	134 	85 	91 	91 
005328 	124 	85 	91 	91 
005329 	124 	85 	91 	91 
005330 	124 	85 	91 	91 
005331 	124 	85 	91 	91 
005332 	134 	85 	91 	91 
005333 	134 	85 	91 	91 
005334 	134 	85 	91 	91 
005335 	134 	85 	91 	91 
005336 	144 	85 	91 	91 
005337 	144 	75 	91 	91 
005338 	144 	75 	91 	91 
005339 	138 	78 	108 	109 
005340 	138 	78 	108 	109 
005341 	138 	78 	108 	109 
005342 	138 	78 	108 	109 
005343 	138 	78 	108 	109 
005344 	144 	85 	91 	91 
005345 	144 	85 	91 	91 
005346 	138 	78 	108 	109 
005347 	138 	78 	108 	109 
005348 	144 	75 	91 	91 
005349 	144 	85 	91 	91 
005350 	144 	85 	91 	91 
005351 	138 	78 	108 	109 
005352 	144 	75 	91 	91 
005353 	144 	75 	91 	91 
005354 	144 	75 	91 	91 
005355 	144 	75 	91 	91 
005356 	144 	75 	91 	91 
005357 	150 	66 	108 	109 
005358 	150 	66 	108 	109 
005359 	150 	66 	108 	109 
005360 	150 	66 	108 	109 
005361 	150 	66 	108 	109 
005362 	150 	66 	108 	109 
005363 	150 	66 	108 	109 
005364 	150 	66 	108 	109 
005365 	150 	66 	108 	109 
005366 	150 	66 	108 	109 
005367 	150 	66 	108 	109 
005368 	150 	66 	108 	109 
005369 	164 	75 	91 	91 
005370 	161 	66 	109 	109 
005371 	161 	66 	109 	109 
005372 	161 	66 	109 	109 
005373 	161 	66 	109 	109 
005374 	161 	66 	109 	109 
005375 	161 	66 	109 	109 
005376 	161 	66 	109 	109 
005377 	161 	66 	109 	109 
005378 	161 	66 	109 	109 
005379 	161 	66 	109 	109 
005380 	161 	66 	109 	109 
005381 	161 	66 	109 	109 
005382 	161 	66 	109 	109 
005383 	161 	66 	109 	109 
005384 	161 	66 	109 	109 
005385 	161 	66 	109 	109 
005386 	161 	66 	109 	109 
005387 	164 	75 	91 	91 
005388 	164 	75 	91 	91 
005389 	164 	75 	91 	91 
005390 	164 	75 	91 	91 
005391 	164 	75 	91 	91 
005392 	164 	65 	91 	91 
005393 	164 	65 	91 	91 
005394 	164 	65 	91 	91 
005395 	164 	65 	91 	91 
005396 	164 	65 	91 	91 
005397 	164 	65 	91 	91 
005398 	164 	65 	91 	91 
005399 	164 	65 	91 	91 
005400 	164 	65 	91 	91 
005401 	164 	65 	91 	91 
005402 	164 	65 	91 	91 
005403 	164 	65 	91 	91 
005404 	164 	65 	91 	91 
005405 	164 	65 	91 	91 
005406 	164 	65 	91 	91 
005407 	164 	75 	91 	91 
005408 	164 	75 	91 	91 
005409 	164 	75 	91 	91 
005410 	164 	75 	91 	91 
005411 	164 	75 	91 	91 
005412 	164 	75 	91 	91 
005413 	164 	75 	91 	91 
005414 	164 	75 	91 	91 
005415 	164 	75 	91 	91 
005416 	164 	75 	91 	91 
005417 	164 	75 	91 	91 
005418 	164 	75 	91 	91 
005419 	150 	66 	108 	109 
005420 	150 	66 	108 	109 
005421 	150 	66 	108 	109 
005422 	150 	66 	108 	109 
005423 	154 	75 	91 	91 
005424 	150 	66 	108 	109 
005425 	150 	66 	108 	109 
005426 	154 	75 	91 	91 
005427 	154 	75 	91 	91 
005428 	150 	78 	108 	109 
005429 	150 	78 	108 	109 
005430 	150 	78 	108 	109 
005431 	150 	78 	108 	109 
005432 	150 	78 	108 	109 
005433 	150 	78 	108 	109 
005434 	150 	78 	108 	109 
005435 	150 	78 	108 	109 
005436 	150 	78 	108 	109 
005437 	150 	78 	108 	109 
005438 	154 	85 	91 	91 
005439 	154 	85 	91 	91 
005440 	154 	85 	91 	91 
005441 	154 	85 	91 	91 
005442 	154 	85 	91 	91 
005443 	154 	85 	91 	91 
005444 	154 	85 	91 	91 
005445 	154 	85 	91 	91 
005446 	154 	85 	91 	91 
005447 	154 	85 	91 	91 
005448 	154 	85 	91 	91 
005449 	154 	85 	91 	91 
005450 	154 	75 	91 	91 
005451 	154 	75 	91 	91 
005452 	154 	75 	91 	91 
005453 	154 	75 	91 	91 
005454 	154 	75 	91 	91 
005455 	154 	75 	91 	91 
005456 	150 	66 	108 	109 
005457 	150 	66 	108 	109 
005458 	150 	66 	108 	109 
005459 	150 	78 	108 	109 
005460 	150 	66 	108 	109 
005461 	150 	66 	108 	109 
005462 	164 	75 	91 	91 
005463 	164 	75 	91 	91 
005464 	161 	66 	109 	109 
005465 	161 	66 	109 	109 
005466 	161 	66 	109 	109 
005467 	164 	75 	91 	91 
005468 	164 	75 	91 	91 
005469 	164 	75 	91 	91 
005470 	164 	75 	91 	91 
005471 	164 	75 	91 	91 
005472 	164 	75 	91 	91 
005473 	164 	75 	91 	91 
005474 	164 	75 	91 	91 
005475 	164 	75 	91 	91 
005476 	164 	75 	91 	91 
005477 	164 	75 	91 	91 
005478 	164 	75 	91 	91 
005479 	164 	75 	91 	91 
005480 	164 	75 	91 	91 
005481 	164 	75 	91 	91 
005482 	164 	75 	91 	91 
005483 	164 	75 	91 	91 
005484 	164 	75 	91 	91 
005485 	161 	66 	109 	109 
005486 	161 	66 	109 	109 
005487 	161 	66 	109 	109 
005488 	161 	66 	109 	109 
005489 	161 	66 	109 	109 
005490 	161 	66 	109 	109 
005491 	161 	66 	109 	109 
005492 	161 	66 	109 	109 
005493 	161 	66 	109 	109 
005494 	161 	66 	109 	109 
005495 	164 	75 	91 	91 
005496 	164 	75 	91 	91 
005497 	164 	75 	91 	91 
005498 	164 	75 	91 	91 
005499 	164 	75 	91 	91 
005500 	164 	75 	91 	91 
005501 	164 	75 	91 	91 
005502 	150 	66 	108 	109 
005503 	154 	75 	91 	91 
005504 	154 	75 	91 	91 
005505 	154 	85 	91 	91 
005506 	144 	75 	91 	91 
005507 	144 	75 	91 	91 
005508 	144 	85 	91 	91 
005509 	144 	85 	91 	91 
005510 	134 	85 	91 	91 
005511 	134 	85 	91 	91 
005512 	134 	85 	91 	91 
005513 	134 	85 	91 	91 
005514 	134 	85 	91 	91 
005515 	134 	85 	91 	91 
005516 	134 	85 	91 	91 
005517 	134 	85 	91 	91 
005518 	134 	85 	91 	91 
005519 	134 	85 	91 	91 
005520 	144 	85 	91 	91 
005521 	144 	85 	91 	91 
005522 	144 	85 	91 	91 
005523 	144 	85 	91 	91 
005524 	144 	75 	91 	91 
005525 	144 	75 	91 	91 
005526 	144 	75 	91 	91 
005527 	144 	75 	91 	91 
005528 	144 	75 	91 	91 
005529 	144 	85 	91 	91 
005530 	144 	85 	91 	91 
005531 	134 	85 	91 	91 
005532 	134 	85 	91 	91 
005533 	134 	85 	91 	91 
005534 	134 	85 	91 	91 
005535 	134 	85 	91 	91 
005536 	134 	85 	91 	91 
005537 	134 	85 	91 	91 
005538 	134 	85 	91 	91 
005539 	134 	85 	91 	91 
005540 	144 	85 	91 	91 
005541 	144 	85 	91 	91 
005542 	144 	85 	91 	91 
005543 	144 	85 	91 	91 
005544 	138 	66 	108 	109 
005545 	138 	66 	108 	109 
005546 	138 	66 	108 	109 
005547 	150 	66 	108 	109 
005548 	150 	66 	108 	109 
005549 	150 	66 	108 	109 
005550 	150 	66 	108 	109 
005551 	150 	66 	108 	109 
005552 	150 	66 	108 	109 
005553 	154 	75 	91 	91 
005554 	154 	75 	91 	91 
005555 	154 	75 	91 	91 
005556 	154 	85 	91 	91 
005557 	144 	75 	91 	91 
005558 	144 	75 	91 	91 
005559 	144 	75 	91 	91 
005560 	144 	75 	91 	91 
005561 	144 	75 	91 	91 
005562 	144 	75 	91 	91 
005563 	144 	75 	91 	91 
005564 	144 	75 	91 	91 
005565 	138 	66 	108 	109 
005566 	138 	66 	108 	109 
005567 	154 	75 	91 	91 
005568 	150 	78 	108 	109 
005569 	150 	78 	108 	109 
005570 	164 	85 	91 	91 
005571 	164 	85 	91 	91 
005572 	164 	85 	91 	91 
005573 	164 	85 	91 	91 
005574 	150 	78 	108 	109 
005575 	150 	78 	108 	109 
005576 	150 	78 	108 	109 
005577 	150 	78 	108 	109 
005578 	150 	78 	108 	109 
005579 	150 	78 	108 	109 
005580 	150 	66 	108 	109 
005581 	150 	66 	108 	109 
005582 	150 	66 	108 	109 
005583 	150 	66 	108 	109 
005584 	150 	66 	108 	109 
005585 	150 	66 	108 	109 
005586 	150 	66 	108 	109 
005587 	150 	66 	108 	109 
005588 	150 	66 	108 	109 
005589 	150 	66 	108 	109 
005590 	150 	66 	108 	109 
005591 	150 	66 	108 	109 
005592 	150 	66 	108 	109 
005593 	150 	66 	108 	109 
005594 	150 	66 	108 	109 
005595 	150 	66 	108 	109 
005596 	150 	66 	108 	109 
005597 	150 	66 	108 	109 
005598 	150 	66 	108 	109 
005599 	150 	66 	108 	109 
005600 	150 	66 	108 	109 
005601 	150 	66 	108 	109 
005602 	150 	66 	108 	109 
005603 	150 	66 	108 	109 
005604 	150 	66 	108 	109 
005605 	150 	66 	108 	109 
005606 	150 	66 	108 	109 
005607 	154 	75 	91 	91 
005608 	154 	75 	91 	91 
005609 	138 	66 	108 	109 
005610 	138 	66 	108 	109 
005611 	138 	66 	108 	109 
005612 	144 	75 	91 	91 
005613 	144 	75 	91 	91 
005614 	154 	75 	91 	91 
005615 	150 	66 	108 	109 
005616 	150 	66 	108 	109 
005617 	150 	66 	108 	109 
005618 	150 	66 	108 	109 
005619 	154 	85 	91 	91 
005620 	154 	85 	91 	91 
005621 	144 	85 	91 	91 
005622 	144 	85 	91 	91 
005623 	144 	85 	91 	91 
005624 	144 	85 	91 	91 
005625 	138 	78 	108 	109 
005626 	138 	78 	108 	109 
005627 	138 	78 	108 	109 
005628 	138 	78 	108 	109 
005629 	138 	78 	108 	109 
005630 	138 	78 	108 	109 
005631 	138 	78 	108 	109 
005632 	138 	78 	108 	109 
005633 	138 	78 	108 	109 
005634 	138 	78 	108 	109 
005635 	138 	78 	108 	109 
005636 	138 	78 	108 	109 
005637 	134 	85 	91 	91 
005638 	138 	78 	108 	109 
005639 	134 	75 	91 	91 
005640 	134 	75 	91 	91 
005641 	134 	75 	91 	91 
005642 	134 	75 	91 	91 
005643 	134 	75 	91 	91 
005644 	134 	75 	91 	91 
005645 	134 	75 	91 	91 
005646 	144 	85 	91 	91 
005647 	144 	85 	91 	91 
005648 	144 	85 	91 	91 
005649 	144 	75 	91 	91 
005650 	144 	75 	91 	91 
005651 	144 	75 	91 	91 
005652 	144 	75 	91 	91 
005653 	144 	75 	91 	91 
005654 	144 	75 	91 	91 
005655 	144 	85 	91 	91 
005656 	144 	85 	91 	91 
005657 	144 	85 	91 	91 
005658 	144 	85 	91 	91 
005659 	144 	85 	91 	91 
005660 	144 	75 	91 	91 
005661 	126 	66 	108 	109 
005662 	134 	85 	91 	91 
005663 	134 	85 	91 	91 
005664 	134 	85 	91 	91 
005665 	134 	85 	91 	91 
005666 	134 	85 	91 	91 
005667 	134 	85 	91 	91 
005668 	134 	85 	91 	91 
005669 	134 	85 	91 	91 
005670 	134 	85 	91 	91 
005671 	134 	85 	91 	91 
005672 	134 	85 	91 	91 
005673 	144 	85 	91 	91 
005674 	144 	85 	91 	91 
005675 	144 	85 	91 	91 
005676 	144 	85 	91 	91 
005677 	144 	85 	91 	91 
005678 	144 	85 	91 	91 
005679 	144 	85 	91 	91 
005680 	126 	78 	108 	109 
005681 	126 	78 	108 	109 
005682 	126 	78 	108 	109 
005683 	126 	78 	108 	109 
005684 	134 	75 	91 	91 
005685 	134 	75 	91 	91 
005686 	134 	75 	91 	91 
005687 	126 	66 	108 	109 
005688 	138 	66 	108 	109 
005689 	138 	66 	108 	109 
005690 	138 	66 	108 	109 
005691 	138 	66 	108 	109 
005692 	138 	66 	108 	109 
005693 	138 	66 	108 	109 
005694 	138 	66 	108 	109 
005695 	138 	66 	108 	109 
005696 	138 	66 	108 	109 
005697 	138 	66 	108 	109 
005698 	138 	66 	108 	109 
005699 	138 	66 	108 	109 
005700 	138 	66 	108 	109 
005701 	138 	66 	108 	109 
005702 	138 	66 	108 	109 
005703 	138 	66 	108 	109 
005704 	150 	66 	108 	109 
005705 	150 	66 	108 	109 
005706 	150 	66 	108 	109 
005707 	150 	66 	108 	109 
005708 	150 	66 	108 	109 
005709 	150 	66 	108 	109 
005710 	150 	66 	108 	109 
005711 	150 	66 	108 	109 
005712 	164 	65 	91 	91 
005713 	164 	65 	91 	91 
005714 	150 	66 	108 	109 
005715 	150 	66 	108 	109 
005716 	150 	66 	108 	109 
005717 	150 	66 	108 	109 
005718 	150 	66 	108 	109 
005719 	150 	66 	108 	109 
005720 	150 	66 	108 	109 
005721 	150 	66 	108 	109 
005722 	150 	66 	108 	109 
005723 	150 	66 	108 	109 
005724 	150 	66 	108 	109 
005725 	150 	66 	108 	109 
005726 	164 	65 	91 	91 
005727 	164 	65 	91 	91 
005728 	164 	65 	91 	91 
005729 	164 	65 	91 	91 
005730 	164 	65 	91 	91 
005731 	164 	65 	91 	91 
005732 	164 	65 	91 	91 
005733 	164 	65 	91 	91 
005734 	164 	65 	91 	91 
005735 	164 	65 	91 	91 
005736 	164 	75 	91 	91 
005737 	164 	75 	91 	91 
005738 	164 	65 	91 	91 
005739 	150 	66 	108 	109 
005740 	150 	66 	108 	109 
005741 	150 	66 	108 	109 
005742 	150 	66 	108 	109 
005743 	150 	66 	108 	109 
005744 	150 	66 	108 	109 
005745 	150 	66 	108 	109 
005746 	150 	66 	108 	109 
005747 	150 	66 	108 	109 
005748 	150 	66 	108 	109 
005749 	150 	66 	108 	109 
005750 	150 	66 	108 	109 
005751 	150 	66 	108 	109 
005752 	150 	66 	108 	109 
005753 	150 	66 	108 	109 
005754 	150 	66 	108 	109 
005755 	150 	66 	108 	109 
005756 	150 	66 	108 	109 
005757 	150 	66 	108 	109 
005758 	154 	65 	91 	91 
005759 	154 	65 	91 	91 
005760 	154 	65 	91 	91 
005761 	154 	65 	91 	91 
005762 	154 	65 	91 	91 
005763 	154 	65 	91 	91 
005764 	154 	65 	91 	91 
005765 	144 	65 	91 	91 
005766 	144 	65 	91 	91 
005767 	144 	65 	91 	91 
005768 	144 	65 	91 	91 
005769 	138 	54 	108 	109 
005770 	138 	54 	108 	109 
005771 	138 	54 	108 	109 
005772 	138 	54 	108 	109 
005773 	138 	54 	108 	109 
005774 	138 	54 	108 	109 
005775 	138 	54 	108 	109 
005776 	138 	54 	108 	109 
005777 	138 	54 	108 	109 
005778 	138 	54 	108 	109 
005779 	138 	54 	108 	109 
005780 	144 	65 	91 	91 
005781 	144 	65 	91 	91 
005782 	144 	65 	91 	91 
005783 	144 	65 	91 	91 
005784 	144 	65 	91 	91 
005785 	144 	65 	91 	91 
005786 	144 	65 	91 	91 
005787 	144 	65 	91 	91 
005788 	144 	65 	91 	91 
005789 	144 	65 	91 	91 
005790 	144 	65 	91 	91 
005791 	144 	65 	91 	91 
005792 	144 	65 	91 	91 
005793 	138 	54 	108 	109 
005794 	138 	54 	108 	109 
005795 	138 	54 	108 	109 
005796 	138 	54 	108 	109 
005797 	138 	54 	108 	109 
005798 	138 	54 	108 	109 
005799 	138 	54 	108 	109 
005800 	138 	54 	108 	109 
005801 	138 	54 	108 	109 
005802 	138 	54 	108 	109 
005803 	144 	65 	91 	91 
005804 	144 	65 	91 	91 
005805 	138 	66 	108 	109 
005806 	150 	66 	108 	109 
005807 	154 	75 	91 	91 
005808 	154 	75 	91 	91 
005809 	154 	75 	91 	91 
005810 	150 	66 	108 	109 
005811 	154 	75 	91 	91 
005812 	138 	66 	108 	109 
005813 	138 	66 	108 	109 
005814 	138 	66 	108 	109 
005815 	138 	66 	108 	109 
005816 	138 	66 	108 	109 
005817 	138 	66 	108 	109 
005818 	138 	66 	108 	109 
005819 	138 	66 	108 	109 
005820 	138 	66 	108 	109 
005821 	138 	66 	108 	109 
005822 	144 	75 	91 	91 
005823 	154 	75 	91 	91 
005824 	154 	75 	91 	91 
005825 	154 	75 	91 	91 
005826 	154 	75 	91 	91 
005827 	154 	75 	91 	91 
005828 	154 	75 	91 	91 
005829 	138 	66 	108 	109 
005830 	138 	66 	108 	109 
005831 	138 	66 	108 	109 
005832 	138 	66 	108 	109 
005833 	138 	66 	108 	109 
005834 	144 	75 	91 	91 
005835 	138 	66 	108 	109 
005836 	138 	66 	108 	109 
005837 	138 	66 	108 	109 
005838 	138 	66 	108 	109 
005839 	138 	66 	108 	109 
005840 	144 	65 	91 	91 
005841 	144 	75 	91 	91 
005842 	134 	65 	91 	91 
005843 	134 	65 	91 	91 
005844 	134 	65 	91 	91 
005845 	134 	65 	91 	91 
005846 	134 	65 	91 	91 
005847 	134 	65 	91 	91 
005848 	134 	65 	91 	91 
005849 	144 	75 	91 	91 
005850 	144 	75 	91 	91 
005851 	138 	66 	108 	109 
005852 	138 	66 	108 	109 
005853 	138 	66 	108 	109 
005854 	138 	66 	108 	109 
005855 	138 	66 	108 	109 
005856 	138 	66 	108 	109 
005857 	138 	66 	108 	109 
005858 	138 	66 	108 	109 
005859 	138 	66 	108 	109 
005860 	138 	66 	108 	109 
005861 	138 	66 	108 	109 
005862 	138 	66 	108 	109 
005863 	138 	66 	108 	109 
005864 	138 	66 	108 	109 
005865 	138 	66 	108 	109 
005866 	138 	66 	108 	109 
005867 	138 	66 	108 	109 
005868 	138 	66 	108 	109 
005869 	138 	66 	108 	109 
005870 	138 	66 	108 	109 
005871 	138 	66 	108 	109 
005872 	138 	66 	108 	109 
005873 	138 	66 	108 	109 
005874 	138 	66 	108 	109 
005875 	138 	66 	108 	109 
005876 	138 	66 	108 	109 
005877 	144 	75 	91 	91 
005878 	144 	75 	91 	91 
005879 	144 	75 	91 	91 
005880 	144 	75 	91 	91 
005881 	138 	66 	108 	109 
005882 	138 	66 	108 	109 
005883 	144 	75 	91 	91 
005884 	138 	66 	108 	109 
005885 	138 	66 	108 	109 
005886 	138 	66 	108 	109 
005887 	138 	66 	108 	109 
005888 	138 	66 	108 	109 
005889 	138 	66 	108 	109 
005890 	138 	66 	108 	109 
005891 	144 	75 	91 	91 
005892 	138 	66 	108 	109 
005893 	138 	66 	108 	109 
005894 	138 	66 	108 	109 
005895 	144 	75 	91 	91 
005896 	144 	75 	91 	91 
005897 	144 	85 	91 	91 
005898 	144 	85 	91 	91 
005899 	144 	85 	91 	91 
005900 	144 	85 	91 	91 
005901 	144 	85 	91 	91 
005902 	144 	85 	91 	91 
005903 	154 	85 	91 	91 
005904 	154 	75 	91 	91 
005905 	150 	66 	108 	109 
005906 	150 	66 	108 	109 
005907 	150 	66 	108 	109 
005908 	150 	66 	108 	109 
005909 	150 	66 	108 	109 
005910 	150 	66 	108 	109 
005911 	154 	75 	91 	91 
005912 	154 	75 	91 	91 
005913 	154 	75 	91 	91 
005914 	154 	65 	91 	91 
005915 	154 	65 	91 	91 
005916 	154 	65 	91 	91 
005917 	154 	65 	91 	91 
005918 	154 	65 	91 	91 
005919 	154 	75 	91 	91 
005920 	138 	66 	108 	109 
005921 	138 	66 	108 	109 
005922 	138 	66 	108 	109 
005923 	138 	66 	108 	109 
005924 	138 	66 	108 	109 
005925 	138 	66 	108 	109 
005926 	138 	66 	108 	109 
005927 	138 	66 	108 	109 
005928 	138 	66 	108 	109 
005929 	138 	66 	108 	109 
005930 	138 	66 	108 	109 
005931 	138 	66 	108 	109 
005932 	138 	66 	108 	109 
005933 	138 	66 	108 	109 
005934 	138 	66 	108 	109 
005935 	150 	66 	108 	109 
005936 	150 	66 	108 	109 
005937 	150 	66 	108 	109 
005938 	138 	66 	108 	109 
005939 	154 	75 	91 	91 
005940 	154 	75 	91 	91 
005941 	154 	75 	91 	91 
005942 	154 	75 	91 	91 
005943 	154 	75 	91 	91 
005944 	154 	75 	91 	91 
005945 	154 	75 	91 	91 
005946 	154 	75 	91 	91 
005947 	154 	75 	91 	91 
005948 	154 	75 	91 	91 
005949 	154 	75 	91 	91 
005950 	154 	75 	91 	91 
005951 	154 	75 	91 	91 
005952 	154 	75 	91 	91 
005953 	154 	75 	91 	91 
005954 	150 	66 	108 	109 
005955 	150 	66 	108 	109 
005956 	154 	75 	91 	91 
005957 	150 	66 	108 	109 
005958 	150 	66 	108 	109 
005959 	154 	75 	91 	91 
005960 	154 	75 	91 	91 
005961 	154 	75 	91 	91 
005962 	154 	75 	91 	91 
005963 	154 	75 	91 	91 
005964 	154 	75 	91 	91 
005965 	150 	66 	108 	109 
005966 	154 	75 	91 	91 
005967 	150 	66 	108 	109 
005968 	150 	66 	108 	109 
005969 	150 	66 	108 	109 
005970 	154 	75 	91 	91 
005971 	154 	75 	91 	91 
005972 	154 	75 	91 	91 
005973 	154 	75 	91 	91 
005974 	150 	66 	108 	109 
005975 	150 	66 	108 	109 
005976 	154 	75 	91 	91 
005977 	154 	75 	91 	91 
005978 	154 	75 	91 	91 
005979 	154 	75 	91 	91 
005980 	154 	75 	91 	91 
005981 	154 	75 	91 	91 
005982 	154 	75 	91 	91 
005983 	154 	75 	91 	91 
005984 	154 	75 	91 	91 
005985 	154 	75 	91 	91 
005986 	154 	75 	91 	91 
005987 	154 	75 	91 	91 
005988 	154 	75 	91 	91 
005989 	154 	75 	91 	91 
005990 	154 	75 	91 	91 
005991 	154 	75 	91 	91 
005992 	154 	75 	91 	91 
005993 	154 	75 	91 	91 
005994 	154 	75 	91 	91 
005995 	154 	75 	91 	91 
005996 	154 	75 	91 	91 
005997 	154 	75 	91 	91 
005998 	154 	75 	91 	91 
005999 	154 	75 	91 	91 
006000 	154 	75 	91 	91 
006001 	154 	75 	91 	91 
006002 	154 	75 	91 	91 
006003 	154 	75 	91 	91 
006004 	154 	75 	91 	91 
006005 	154 	75 	91 	91 
