Identity  : 	id10305
Reference : 	nJbBcMdxQU4
Offset    : 	-2
FV Conf   : 	18.494
ASD Conf  : 	6.977

FRAME 	X 	Y 	W 	H 
002026 	403 	65 	91 	91 
002027 	403 	65 	91 	91 
002028 	403 	65 	91 	91 
002029 	403 	65 	91 	91 
002030 	403 	65 	91 	91 
002031 	403 	65 	91 	91 
002032 	419 	79 	75 	76 
002033 	419 	79 	75 	76 
002034 	419 	79 	75 	76 
002035 	419 	79 	75 	76 
002036 	419 	79 	75 	76 
002037 	419 	79 	75 	76 
002038 	419 	79 	75 	76 
002039 	403 	75 	91 	91 
002040 	403 	75 	91 	91 
002041 	403 	75 	91 	91 
002042 	403 	75 	91 	91 
002043 	403 	65 	91 	91 
002044 	403 	65 	91 	91 
002045 	403 	65 	91 	91 
002046 	403 	65 	91 	91 
002047 	403 	65 	91 	91 
002048 	403 	55 	91 	91 
002049 	403 	55 	91 	91 
002050 	403 	55 	91 	91 
002051 	403 	55 	91 	91 
002052 	403 	55 	91 	91 
002053 	403 	55 	91 	91 
002054 	403 	55 	91 	91 
002055 	403 	55 	91 	91 
002056 	403 	55 	91 	91 
002057 	393 	65 	91 	91 
002058 	393 	65 	91 	91 
002059 	393 	65 	91 	91 
002060 	393 	65 	91 	91 
002061 	393 	65 	91 	91 
002062 	393 	65 	91 	91 
002063 	393 	65 	91 	91 
002064 	393 	65 	91 	91 
002065 	393 	65 	91 	91 
002066 	393 	65 	91 	91 
002067 	402 	79 	76 	76 
002068 	402 	79 	76 	76 
002069 	402 	79 	76 	76 
002070 	402 	79 	76 	76 
002071 	402 	79 	76 	76 
002072 	402 	79 	76 	76 
002073 	393 	75 	91 	91 
002074 	393 	75 	91 	91 
002075 	402 	79 	76 	76 
002076 	402 	79 	76 	76 
002077 	402 	79 	76 	76 
002078 	393 	65 	91 	91 
002079 	393 	65 	91 	91 
002080 	393 	65 	91 	91 
002081 	393 	65 	91 	91 
002082 	393 	65 	91 	91 
002083 	393 	65 	91 	91 
002084 	393 	65 	91 	91 
002085 	393 	65 	91 	91 
002086 	393 	65 	91 	91 
002087 	393 	65 	91 	91 
002088 	393 	65 	91 	91 
002089 	393 	65 	91 	91 
002090 	393 	65 	91 	91 
002091 	393 	65 	91 	91 
002092 	393 	65 	91 	91 
002093 	393 	65 	91 	91 
002094 	393 	65 	91 	91 
002095 	393 	65 	91 	91 
002096 	393 	65 	91 	91 
002097 	393 	65 	91 	91 
002098 	393 	65 	91 	91 
002099 	393 	65 	91 	91 
002100 	393 	65 	91 	91 
002101 	393 	65 	91 	91 
002102 	393 	65 	91 	91 
002103 	393 	65 	91 	91 
002104 	393 	65 	91 	91 
002105 	393 	65 	91 	91 
002106 	393 	65 	91 	91 
002107 	393 	65 	91 	91 
002108 	393 	65 	91 	91 
002109 	393 	65 	91 	91 
002110 	393 	65 	91 	91 
002111 	393 	65 	91 	91 
002112 	393 	65 	91 	91 
002113 	393 	75 	91 	91 
002114 	410 	79 	76 	76 
002115 	410 	79 	76 	76 
002116 	410 	79 	76 	76 
002117 	410 	79 	76 	76 
002118 	410 	79 	76 	76 
002119 	410 	79 	76 	76 
002120 	410 	79 	76 	76 
002121 	410 	79 	76 	76 
002122 	410 	79 	76 	76 
002123 	410 	79 	76 	76 
002124 	410 	79 	76 	76 
002125 	410 	79 	76 	76 
002126 	410 	79 	76 	76 
002127 	410 	79 	76 	76 
002128 	410 	79 	76 	76 
002129 	410 	79 	76 	76 
002130 	410 	79 	76 	76 
002131 	402 	79 	76 	76 
002132 	402 	79 	76 	76 
002133 	402 	79 	76 	76 
002134 	393 	75 	91 	91 
002135 	402 	79 	76 	76 
002136 	402 	79 	76 	76 
002137 	402 	79 	76 	76 
002138 	402 	79 	76 	76 
002139 	402 	79 	76 	76 
002140 	393 	75 	91 	91 
002141 	402 	79 	76 	76 
002142 	402 	79 	76 	76 
002143 	393 	75 	91 	91 
002144 	402 	79 	76 	76 
002145 	410 	79 	76 	76 
002146 	410 	79 	76 	76 
002147 	410 	79 	76 	76 
002148 	410 	79 	76 	76 
002149 	410 	79 	76 	76 
002150 	410 	79 	76 	76 
002151 	410 	79 	76 	76 
002152 	410 	79 	76 	76 
002153 	410 	79 	76 	76 
002154 	402 	79 	76 	76 
002155 	402 	79 	76 	76 
002156 	402 	79 	76 	76 
002157 	402 	79 	76 	76 
002158 	402 	79 	76 	76 
002159 	402 	79 	76 	76 
002160 	402 	79 	76 	76 
002161 	410 	79 	76 	76 
002162 	410 	79 	76 	76 
002163 	410 	79 	76 	76 
002164 	410 	79 	76 	76 
002165 	410 	79 	76 	76 
002166 	410 	79 	76 	76 
002167 	410 	79 	76 	76 
002168 	403 	65 	91 	91 
002169 	403 	65 	91 	91 
002170 	403 	65 	91 	91 
002171 	403 	65 	91 	91 
002172 	403 	65 	91 	91 
002173 	403 	65 	91 	91 
002174 	403 	65 	91 	91 
002175 	403 	65 	91 	91 
002176 	403 	65 	91 	91 
002177 	403 	65 	91 	91 
002178 	403 	65 	91 	91 
002179 	403 	65 	91 	91 
002180 	403 	65 	91 	91 
002181 	403 	65 	91 	91 
002182 	393 	65 	91 	91 
002183 	393 	65 	91 	91 
002184 	393 	65 	91 	91 
002185 	403 	65 	91 	91 
002186 	403 	65 	91 	91 
002187 	403 	65 	91 	91 
002188 	403 	65 	91 	91 
002189 	403 	65 	91 	91 
002190 	403 	65 	91 	91 
002191 	403 	65 	91 	91 
002192 	403 	65 	91 	91 
002193 	393 	65 	91 	91 
002194 	393 	65 	91 	91 
002195 	393 	65 	91 	91 
002196 	393 	65 	91 	91 
002197 	393 	65 	91 	91 
002198 	393 	65 	91 	91 
002199 	393 	65 	91 	91 
002200 	393 	65 	91 	91 
002201 	393 	65 	91 	91 
002202 	393 	65 	91 	91 
002203 	393 	65 	91 	91 
002204 	393 	65 	91 	91 
002205 	393 	65 	91 	91 
002206 	393 	65 	91 	91 
002207 	393 	65 	91 	91 
002208 	393 	65 	91 	91 
002209 	393 	65 	91 	91 
002210 	393 	65 	91 	91 
002211 	393 	65 	91 	91 
002212 	393 	65 	91 	91 
002213 	393 	65 	91 	91 
002214 	393 	65 	91 	91 
002215 	393 	65 	91 	91 
002216 	393 	65 	91 	91 
002217 	393 	65 	91 	91 
002218 	393 	65 	91 	91 
002219 	393 	65 	91 	91 
002220 	393 	65 	91 	91 
002221 	393 	65 	91 	91 
002222 	393 	65 	91 	91 
002223 	393 	65 	91 	91 
002224 	393 	65 	91 	91 
002225 	393 	65 	91 	91 
002226 	393 	65 	91 	91 
002227 	393 	65 	91 	91 
002228 	393 	65 	91 	91 
002229 	393 	65 	91 	91 
002230 	393 	65 	91 	91 
002231 	393 	65 	91 	91 
002232 	393 	65 	91 	91 
002233 	393 	65 	91 	91 
002234 	393 	65 	91 	91 
002235 	393 	65 	91 	91 
002236 	393 	65 	91 	91 
002237 	393 	65 	91 	91 
002238 	393 	65 	91 	91 
002239 	393 	65 	91 	91 
002240 	393 	65 	91 	91 
002241 	393 	65 	91 	91 
002242 	393 	65 	91 	91 
002243 	393 	65 	91 	91 
002244 	393 	65 	91 	91 
002245 	393 	65 	91 	91 
002246 	393 	65 	91 	91 
002247 	393 	65 	91 	91 
002248 	393 	65 	91 	91 
002249 	393 	65 	91 	91 
002250 	393 	65 	91 	91 
002251 	393 	65 	91 	91 
002252 	393 	65 	91 	91 
002253 	393 	65 	91 	91 
002254 	393 	65 	91 	91 
002255 	393 	65 	91 	91 
002256 	393 	65 	91 	91 
002257 	393 	65 	91 	91 
002258 	393 	65 	91 	91 
002259 	393 	65 	91 	91 
002260 	393 	65 	91 	91 
002261 	393 	65 	91 	91 
002262 	393 	65 	91 	91 
002263 	393 	65 	91 	91 
002264 	393 	65 	91 	91 
002265 	393 	65 	91 	91 
002266 	393 	65 	91 	91 
002267 	393 	65 	91 	91 
002268 	393 	65 	91 	91 
002269 	393 	65 	91 	91 
002270 	393 	65 	91 	91 
002271 	393 	65 	91 	91 
002272 	393 	65 	91 	91 
002273 	393 	65 	91 	91 
002274 	393 	65 	91 	91 
002275 	393 	65 	91 	91 
002276 	393 	65 	91 	91 
002277 	393 	65 	91 	91 
002278 	393 	65 	91 	91 
002279 	393 	65 	91 	91 
002280 	393 	65 	91 	91 
002281 	393 	65 	91 	91 
002282 	393 	65 	91 	91 
002283 	393 	65 	91 	91 
002284 	393 	65 	91 	91 
002285 	393 	65 	91 	91 
002286 	393 	65 	91 	91 
002287 	393 	65 	91 	91 
002288 	393 	65 	91 	91 
002289 	393 	65 	91 	91 
002290 	393 	65 	91 	91 
002291 	393 	65 	91 	91 
002292 	393 	65 	91 	91 
002293 	393 	65 	91 	91 
002294 	393 	65 	91 	91 
002295 	393 	65 	91 	91 
002296 	393 	65 	91 	91 
002297 	393 	65 	91 	91 
002298 	393 	65 	91 	91 
002299 	393 	65 	91 	91 
002300 	393 	65 	91 	91 
002301 	393 	65 	91 	91 
002302 	393 	65 	91 	91 
002303 	393 	65 	91 	91 
002304 	393 	55 	91 	91 
002305 	393 	55 	91 	91 
002306 	393 	55 	91 	91 
002307 	393 	55 	91 	91 
002308 	403 	55 	91 	91 
002309 	403 	55 	91 	91 
002310 	403 	55 	91 	91 
002311 	403 	55 	91 	91 
002312 	403 	55 	91 	91 
002313 	403 	55 	91 	91 
002314 	393 	55 	91 	91 
002315 	393 	55 	91 	91 
002316 	393 	55 	91 	91 
002317 	393 	55 	91 	91 
002318 	393 	55 	91 	91 
002319 	393 	55 	91 	91 
002320 	393 	55 	91 	91 
002321 	393 	55 	91 	91 
002322 	393 	55 	91 	91 
002323 	393 	65 	91 	91 
002324 	393 	55 	91 	91 
002325 	393 	55 	91 	91 
002326 	393 	55 	91 	91 
002327 	393 	55 	91 	91 
002328 	393 	55 	91 	91 
002329 	393 	55 	91 	91 
002330 	393 	55 	91 	91 
002331 	393 	55 	91 	91 
002332 	393 	55 	91 	91 
002333 	393 	55 	91 	91 
002334 	393 	55 	91 	91 
002335 	393 	55 	91 	91 
002336 	393 	55 	91 	91 
002337 	393 	55 	91 	91 
002338 	393 	55 	91 	91 
002339 	393 	55 	91 	91 
002340 	393 	55 	91 	91 
002341 	393 	55 	91 	91 
002342 	393 	55 	91 	91 
002343 	393 	55 	91 	91 
002344 	393 	55 	91 	91 
002345 	393 	55 	91 	91 
002346 	393 	55 	91 	91 
002347 	393 	55 	91 	91 
002348 	393 	55 	91 	91 
002349 	393 	55 	91 	91 
002350 	393 	55 	91 	91 
002351 	393 	55 	91 	91 
002352 	393 	55 	91 	91 
002353 	393 	55 	91 	91 
002354 	393 	55 	91 	91 
002355 	393 	55 	91 	91 
002356 	393 	55 	91 	91 
002357 	393 	55 	91 	91 
002358 	393 	55 	91 	91 
002359 	393 	55 	91 	91 
002360 	393 	55 	91 	91 
002361 	393 	55 	91 	91 
002362 	393 	55 	91 	91 
002363 	393 	55 	91 	91 
002364 	393 	55 	91 	91 
002365 	393 	55 	91 	91 
002366 	393 	55 	91 	91 
002367 	393 	55 	91 	91 
002368 	393 	55 	91 	91 
002369 	393 	55 	91 	91 
002370 	393 	55 	91 	91 
002371 	393 	55 	91 	91 
002372 	393 	55 	91 	91 
002373 	403 	55 	91 	91 
002374 	403 	55 	91 	91 
002375 	403 	55 	91 	91 
002376 	403 	45 	91 	91 
002377 	403 	45 	91 	91 
002378 	403 	45 	91 	91 
002379 	413 	55 	91 	91 
002380 	413 	55 	91 	91 
002381 	413 	55 	91 	91 
002382 	419 	54 	75 	76 
002383 	403 	45 	91 	91 
002384 	403 	55 	91 	91 
