Identity  : 	id10305
Reference : 	nJbBcMdxQU4
Offset    : 	-1
FV Conf   : 	17.978
ASD Conf  : 	6.450

FRAME 	X 	Y 	W 	H 
000621 	393 	55 	91 	91 
000622 	393 	55 	91 	91 
000623 	393 	55 	91 	91 
000624 	393 	55 	91 	91 
000625 	393 	55 	91 	91 
000626 	393 	55 	91 	91 
000627 	393 	55 	91 	91 
000628 	393 	55 	91 	91 
000629 	393 	55 	91 	91 
000630 	393 	55 	91 	91 
000631 	393 	55 	91 	91 
000632 	393 	55 	91 	91 
000633 	393 	55 	91 	91 
000634 	393 	55 	91 	91 
000635 	393 	55 	91 	91 
000636 	393 	55 	91 	91 
000637 	393 	55 	91 	91 
000638 	393 	55 	91 	91 
000639 	393 	55 	91 	91 
000640 	393 	55 	91 	91 
000641 	393 	55 	91 	91 
000642 	393 	55 	91 	91 
000643 	393 	55 	91 	91 
000644 	393 	55 	91 	91 
000645 	393 	55 	91 	91 
000646 	393 	55 	91 	91 
000647 	393 	55 	91 	91 
000648 	393 	55 	91 	91 
000649 	393 	55 	91 	91 
000650 	393 	55 	91 	91 
000651 	393 	55 	91 	91 
000652 	393 	55 	91 	91 
000653 	393 	55 	91 	91 
000654 	393 	55 	91 	91 
000655 	393 	55 	91 	91 
000656 	393 	55 	91 	91 
000657 	393 	55 	91 	91 
000658 	393 	55 	91 	91 
000659 	393 	55 	91 	91 
000660 	393 	55 	91 	91 
000661 	393 	55 	91 	91 
000662 	393 	55 	91 	91 
000663 	393 	55 	91 	91 
000664 	393 	55 	91 	91 
000665 	393 	55 	91 	91 
000666 	393 	55 	91 	91 
000667 	393 	55 	91 	91 
000668 	393 	55 	91 	91 
000669 	403 	55 	91 	91 
000670 	403 	55 	91 	91 
000671 	403 	55 	91 	91 
000672 	403 	55 	91 	91 
000673 	403 	55 	91 	91 
000674 	403 	55 	91 	91 
000675 	403 	55 	91 	91 
000676 	403 	55 	91 	91 
000677 	403 	55 	91 	91 
000678 	403 	55 	91 	91 
000679 	403 	55 	91 	91 
000680 	403 	55 	91 	91 
000681 	403 	55 	91 	91 
000682 	403 	55 	91 	91 
000683 	403 	55 	91 	91 
000684 	403 	55 	91 	91 
000685 	403 	55 	91 	91 
000686 	403 	55 	91 	91 
000687 	403 	55 	91 	91 
000688 	403 	55 	91 	91 
000689 	403 	55 	91 	91 
000690 	403 	55 	91 	91 
000691 	403 	55 	91 	91 
000692 	403 	55 	91 	91 
000693 	403 	55 	91 	91 
000694 	403 	55 	91 	91 
000695 	403 	55 	91 	91 
000696 	403 	55 	91 	91 
000697 	403 	55 	91 	91 
000698 	403 	55 	91 	91 
000699 	403 	55 	91 	91 
000700 	403 	55 	91 	91 
000701 	403 	55 	91 	91 
000702 	419 	54 	75 	76 
000703 	419 	54 	75 	76 
000704 	403 	45 	91 	91 
000705 	403 	45 	91 	91 
000706 	403 	45 	91 	91 
000707 	403 	45 	91 	91 
000708 	403 	45 	91 	91 
000709 	403 	45 	91 	91 
000710 	403 	45 	91 	91 
000711 	403 	45 	91 	91 
000712 	403 	55 	91 	91 
000713 	403 	55 	91 	91 
000714 	403 	55 	91 	91 
000715 	403 	55 	91 	91 
000716 	403 	55 	91 	91 
000717 	403 	55 	91 	91 
000718 	403 	55 	91 	91 
000719 	410 	71 	76 	75 
000720 	410 	71 	76 	75 
000721 	410 	71 	76 	75 
000722 	403 	55 	91 	91 
000723 	403 	55 	91 	91 
000724 	403 	55 	91 	91 
000725 	403 	55 	91 	91 
000726 	403 	55 	91 	91 
000727 	403 	55 	91 	91 
000728 	403 	55 	91 	91 
000729 	403 	55 	91 	91 
000730 	403 	55 	91 	91 
000731 	403 	55 	91 	91 
000732 	403 	55 	91 	91 
000733 	403 	55 	91 	91 
000734 	403 	55 	91 	91 
000735 	403 	55 	91 	91 
000736 	403 	55 	91 	91 
000737 	403 	55 	91 	91 
000738 	403 	55 	91 	91 
000739 	403 	55 	91 	91 
000740 	403 	65 	91 	91 
000741 	403 	65 	91 	91 
000742 	403 	65 	91 	91 
000743 	403 	65 	91 	91 
000744 	403 	65 	91 	91 
000745 	403 	65 	91 	91 
000746 	403 	65 	91 	91 
000747 	403 	65 	91 	91 
000748 	403 	65 	91 	91 
000749 	403 	65 	91 	91 
000750 	403 	65 	91 	91 
000751 	403 	65 	91 	91 
000752 	403 	65 	91 	91 
000753 	403 	65 	91 	91 
000754 	403 	65 	91 	91 
000755 	403 	65 	91 	91 
000756 	403 	65 	91 	91 
000757 	403 	65 	91 	91 
000758 	403 	65 	91 	91 
000759 	403 	65 	91 	91 
000760 	403 	65 	91 	91 
000761 	403 	65 	91 	91 
000762 	403 	65 	91 	91 
000763 	403 	65 	91 	91 
000764 	403 	65 	91 	91 
000765 	403 	65 	91 	91 
000766 	403 	65 	91 	91 
000767 	403 	65 	91 	91 
000768 	403 	65 	91 	91 
000769 	403 	65 	91 	91 
000770 	403 	65 	91 	91 
000771 	403 	65 	91 	91 
000772 	403 	65 	91 	91 
000773 	403 	65 	91 	91 
