Identity  : 	id10299
Reference : 	it0-Z6L2128
Offset    : 	1
FV Conf   : 	12.579
ASD Conf  : 	8.022

FRAME 	X 	Y 	W 	H 
003219 	284 	85 	90 	91 
003220 	269 	66 	108 	109 
003221 	269 	66 	108 	109 
003222 	269 	66 	108 	109 
003223 	269 	78 	108 	109 
003224 	269 	78 	108 	109 
003225 	269 	78 	108 	109 
003226 	251 	66 	130 	130 
003227 	257 	78 	109 	109 
003228 	257 	78 	109 	109 
003229 	257 	78 	109 	109 
003230 	257 	78 	109 	109 
003231 	257 	78 	109 	109 
003232 	257 	78 	109 	109 
003233 	257 	78 	109 	109 
003234 	257 	78 	109 	109 
003235 	274 	95 	90 	91 
003236 	274 	95 	90 	91 
003237 	269 	78 	108 	109 
003238 	269 	78 	108 	109 
003239 	269 	78 	108 	109 
003240 	269 	78 	108 	109 
003241 	269 	78 	108 	109 
003242 	281 	78 	108 	109 
003243 	281 	78 	108 	109 
003244 	281 	78 	108 	109 
003245 	281 	78 	108 	109 
003246 	293 	78 	108 	109 
003247 	293 	78 	108 	109 
003248 	293 	78 	108 	109 
003249 	304 	95 	90 	91 
003250 	314 	95 	90 	91 
003251 	314 	95 	90 	91 
003252 	305 	90 	108 	109 
003253 	305 	90 	108 	109 
003254 	323 	95 	91 	91 
003255 	323 	95 	91 	91 
003256 	323 	95 	91 	91 
003257 	323 	95 	91 	91 
003258 	323 	95 	91 	91 
003259 	323 	95 	91 	91 
003260 	323 	95 	91 	91 
003261 	323 	95 	91 	91 
003262 	323 	95 	91 	91 
003263 	305 	90 	108 	109 
003264 	305 	90 	108 	109 
003265 	305 	90 	108 	109 
003266 	305 	90 	108 	109 
003267 	305 	90 	108 	109 
003268 	305 	90 	108 	109 
003269 	305 	90 	108 	109 
003270 	305 	90 	108 	109 
003271 	305 	90 	108 	109 
003272 	305 	90 	108 	109 
003273 	305 	90 	108 	109 
003274 	314 	105 	90 	91 
003275 	304 	105 	90 	91 
003276 	293 	102 	108 	109 
003277 	293 	90 	108 	109 
003278 	293 	90 	108 	109 
003279 	293 	90 	108 	109 
003280 	281 	90 	108 	109 
003281 	281 	90 	108 	109 
003282 	281 	90 	108 	109 
003283 	281 	90 	108 	109 
003284 	284 	95 	90 	91 
003285 	269 	78 	108 	109 
003286 	269 	78 	108 	109 
003287 	269 	78 	108 	109 
003288 	269 	78 	108 	109 
003289 	269 	78 	108 	109 
003290 	269 	78 	108 	109 
003291 	257 	78 	109 	109 
003292 	257 	78 	109 	109 
003293 	257 	78 	109 	109 
003294 	257 	78 	109 	109 
003295 	257 	78 	109 	109 
003296 	237 	66 	130 	130 
003297 	245 	66 	109 	109 
003298 	245 	66 	109 	109 
003299 	245 	66 	109 	109 
003300 	245 	66 	109 	109 
003301 	245 	66 	109 	109 
003302 	245 	66 	109 	109 
003303 	245 	66 	109 	109 
003304 	245 	66 	109 	109 
003305 	237 	66 	130 	130 
003306 	237 	66 	130 	130 
003307 	237 	66 	130 	130 
003308 	237 	66 	130 	130 
003309 	237 	66 	130 	130 
003310 	257 	66 	109 	109 
003311 	257 	66 	109 	109 
003312 	245 	66 	109 	109 
003313 	237 	51 	130 	130 
003314 	245 	66 	109 	109 
003315 	245 	66 	109 	109 
003316 	245 	66 	109 	109 
003317 	245 	66 	109 	109 
003318 	245 	66 	109 	109 
003319 	245 	66 	109 	109 
003320 	245 	66 	109 	109 
003321 	257 	66 	109 	109 
003322 	257 	66 	109 	109 
003323 	257 	66 	109 	109 
003324 	257 	66 	109 	109 
003325 	257 	66 	109 	109 
003326 	257 	66 	109 	109 
003327 	257 	78 	109 	109 
003328 	257 	78 	109 	109 
003329 	257 	78 	109 	109 
003330 	257 	78 	109 	109 
003331 	257 	78 	109 	109 
003332 	257 	78 	109 	109 
003333 	257 	78 	109 	109 
003334 	257 	78 	109 	109 
003335 	257 	78 	109 	109 
003336 	257 	78 	109 	109 
003337 	257 	78 	109 	109 
003338 	257 	78 	109 	109 
003339 	257 	78 	109 	109 
003340 	257 	78 	109 	109 
003341 	257 	78 	109 	109 
003342 	237 	66 	130 	130 
003343 	245 	78 	109 	109 
003344 	257 	78 	109 	109 
003345 	257 	78 	109 	109 
003346 	257 	78 	109 	109 
003347 	257 	78 	109 	109 
003348 	257 	78 	109 	109 
003349 	257 	78 	109 	109 
003350 	257 	78 	109 	109 
003351 	257 	78 	109 	109 
003352 	257 	66 	109 	109 
003353 	251 	66 	130 	130 
003354 	251 	66 	130 	130 
003355 	269 	66 	108 	109 
003356 	269 	66 	108 	109 
003357 	269 	66 	108 	109 
003358 	269 	66 	108 	109 
003359 	269 	66 	108 	109 
003360 	269 	66 	108 	109 
003361 	269 	66 	108 	109 
003362 	269 	66 	108 	109 
003363 	269 	66 	108 	109 
003364 	269 	66 	108 	109 
003365 	257 	66 	109 	109 
003366 	257 	66 	109 	109 
003367 	245 	66 	109 	109 
003368 	245 	66 	109 	109 
003369 	245 	66 	109 	109 
003370 	245 	66 	109 	109 
003371 	245 	66 	109 	109 
003372 	245 	66 	109 	109 
003373 	245 	78 	109 	109 
003374 	245 	78 	109 	109 
003375 	237 	66 	130 	130 
003376 	237 	66 	130 	130 
003377 	237 	66 	130 	130 
003378 	237 	66 	130 	130 
003379 	237 	66 	130 	130 
003380 	237 	66 	130 	130 
003381 	237 	66 	130 	130 
003382 	237 	66 	130 	130 
003383 	237 	66 	130 	130 
003384 	237 	66 	130 	130 
003385 	237 	66 	130 	130 
003386 	237 	66 	130 	130 
003387 	237 	66 	130 	130 
003388 	237 	66 	130 	130 
003389 	237 	66 	130 	130 
003390 	237 	66 	130 	130 
003391 	237 	66 	130 	130 
003392 	257 	66 	109 	109 
003393 	257 	66 	109 	109 
003394 	257 	66 	109 	109 
003395 	257 	66 	109 	109 
003396 	257 	66 	109 	109 
003397 	251 	66 	130 	130 
