Identity  : 	id10300
Reference : 	fAe7DXqrZls
Offset    : 	0
FV Conf   : 	14.229
ASD Conf  : 	5.702

FRAME 	X 	Y 	W 	H 
001928 	165 	82 	128 	128 
001929 	165 	82 	128 	128 
001930 	165 	82 	128 	128 
001931 	165 	82 	128 	128 
001932 	165 	82 	128 	128 
001933 	165 	82 	128 	128 
001934 	165 	82 	128 	128 
001935 	165 	82 	128 	128 
001936 	165 	82 	128 	128 
001937 	165 	82 	128 	128 
001938 	165 	82 	128 	128 
001939 	165 	82 	128 	128 
001940 	165 	82 	128 	128 
001941 	165 	82 	128 	128 
001942 	165 	82 	129 	129 
001943 	165 	82 	129 	129 
001944 	165 	82 	129 	129 
001945 	165 	82 	129 	129 
001946 	165 	81 	129 	129 
001947 	165 	81 	129 	129 
001948 	165 	81 	129 	129 
001949 	165 	81 	129 	129 
001950 	165 	81 	129 	129 
001951 	165 	81 	129 	129 
001952 	165 	81 	129 	129 
001953 	165 	81 	129 	129 
001954 	165 	81 	129 	129 
001955 	165 	81 	129 	129 
001956 	165 	81 	129 	129 
001957 	165 	81 	129 	129 
001958 	165 	81 	129 	129 
001959 	165 	81 	129 	129 
001960 	165 	81 	129 	129 
001961 	165 	81 	129 	129 
001962 	165 	81 	129 	129 
001963 	165 	81 	129 	129 
001964 	165 	81 	129 	129 
001965 	165 	81 	129 	129 
001966 	165 	81 	129 	129 
001967 	165 	81 	129 	129 
001968 	165 	81 	129 	129 
001969 	165 	81 	129 	129 
001970 	165 	81 	129 	129 
001971 	165 	81 	129 	129 
001972 	165 	81 	129 	129 
001973 	165 	81 	129 	129 
001974 	165 	81 	129 	129 
001975 	165 	81 	129 	129 
001976 	165 	81 	129 	129 
001977 	165 	81 	129 	129 
001978 	165 	81 	129 	129 
001979 	165 	81 	129 	129 
001980 	165 	81 	129 	129 
001981 	165 	81 	129 	129 
001982 	165 	81 	129 	129 
001983 	165 	81 	129 	129 
001984 	165 	81 	129 	129 
001985 	165 	81 	129 	129 
001986 	165 	81 	129 	129 
001987 	165 	81 	129 	129 
001988 	165 	81 	129 	129 
001989 	165 	81 	129 	129 
001990 	165 	81 	129 	129 
001991 	165 	81 	130 	130 
001992 	165 	80 	130 	130 
001993 	165 	80 	130 	130 
001994 	165 	80 	130 	130 
001995 	165 	80 	130 	130 
001996 	165 	80 	130 	130 
001997 	165 	80 	130 	130 
001998 	165 	80 	130 	130 
001999 	165 	80 	130 	130 
002000 	165 	80 	130 	130 
002001 	165 	80 	130 	130 
002002 	165 	80 	130 	130 
002003 	165 	80 	130 	130 
002004 	165 	80 	130 	130 
002005 	165 	80 	130 	130 
002006 	165 	80 	130 	130 
002007 	165 	80 	130 	130 
002008 	165 	80 	130 	130 
002009 	165 	80 	130 	130 
002010 	165 	80 	130 	130 
002011 	165 	80 	130 	130 
002012 	165 	80 	130 	130 
002013 	165 	80 	130 	130 
002014 	165 	80 	130 	130 
002015 	165 	80 	130 	130 
002016 	165 	80 	130 	130 
002017 	165 	80 	130 	130 
002018 	165 	80 	130 	130 
002019 	165 	80 	130 	130 
002020 	165 	80 	130 	130 
002021 	165 	80 	130 	130 
002022 	165 	80 	130 	130 
002023 	165 	80 	130 	130 
002024 	165 	80 	130 	130 
002025 	165 	80 	130 	130 
002026 	165 	80 	130 	130 
002027 	165 	80 	130 	130 
002028 	165 	80 	130 	130 
002029 	165 	80 	130 	130 
002030 	165 	80 	130 	130 
002031 	165 	80 	130 	130 
002032 	165 	80 	130 	130 
002033 	165 	80 	130 	130 
002034 	165 	80 	130 	130 
002035 	165 	80 	130 	130 
002036 	165 	80 	130 	130 
002037 	165 	80 	130 	130 
002038 	165 	80 	130 	130 
002039 	165 	80 	130 	130 
002040 	165 	80 	130 	130 
002041 	165 	80 	130 	130 
002042 	165 	80 	130 	130 
002043 	165 	80 	130 	130 
002044 	165 	80 	130 	130 
002045 	165 	80 	130 	130 
002046 	165 	80 	130 	130 
002047 	165 	80 	130 	130 
002048 	165 	80 	130 	130 
002049 	165 	80 	130 	130 
002050 	165 	80 	130 	130 
002051 	165 	80 	130 	130 
002052 	165 	80 	130 	130 
002053 	165 	80 	130 	130 
002054 	165 	80 	130 	130 
002055 	165 	80 	130 	130 
002056 	165 	80 	130 	130 
002057 	165 	80 	130 	130 
002058 	165 	80 	130 	130 
002059 	165 	80 	130 	130 
002060 	165 	80 	130 	130 
002061 	165 	80 	130 	130 
002062 	165 	80 	130 	130 
002063 	165 	80 	130 	130 
002064 	165 	80 	130 	130 
002065 	165 	80 	130 	130 
002066 	165 	80 	130 	130 
002067 	165 	80 	130 	130 
002068 	165 	80 	130 	130 
002069 	165 	80 	130 	130 
002070 	165 	80 	130 	130 
002071 	165 	80 	130 	130 
002072 	165 	80 	130 	130 
002073 	165 	80 	130 	130 
002074 	165 	80 	130 	130 
002075 	165 	80 	130 	130 
002076 	165 	80 	130 	130 
002077 	165 	80 	130 	130 
002078 	165 	80 	130 	130 
002079 	165 	80 	130 	130 
002080 	165 	80 	130 	130 
002081 	165 	80 	130 	130 
002082 	165 	80 	130 	130 
002083 	165 	80 	130 	130 
002084 	165 	80 	130 	130 
002085 	165 	80 	130 	130 
002086 	165 	80 	130 	130 
002087 	165 	80 	130 	130 
002088 	165 	80 	130 	130 
002089 	165 	80 	130 	130 
002090 	165 	80 	130 	130 
002091 	165 	80 	130 	130 
002092 	165 	80 	130 	130 
002093 	165 	80 	130 	130 
002094 	165 	80 	130 	130 
002095 	165 	80 	130 	130 
002096 	165 	80 	130 	130 
002097 	165 	80 	130 	130 
002098 	165 	80 	130 	130 
002099 	165 	80 	130 	130 
002100 	165 	80 	130 	130 
002101 	165 	80 	130 	130 
002102 	165 	80 	130 	130 
002103 	165 	80 	130 	130 
002104 	165 	80 	130 	130 
002105 	165 	80 	130 	130 
002106 	165 	80 	130 	130 
002107 	165 	80 	130 	130 
002108 	165 	80 	130 	130 
002109 	165 	80 	130 	130 
002110 	165 	80 	130 	130 
002111 	165 	80 	130 	130 
002112 	165 	80 	130 	130 
002113 	165 	80 	130 	130 
002114 	165 	80 	130 	130 
002115 	165 	80 	130 	130 
002116 	165 	80 	130 	130 
002117 	165 	80 	130 	130 
002118 	165 	80 	130 	130 
002119 	165 	80 	130 	130 
002120 	165 	80 	130 	130 
002121 	165 	80 	130 	130 
002122 	165 	80 	130 	130 
002123 	165 	80 	130 	130 
002124 	165 	80 	130 	130 
002125 	165 	80 	130 	130 
002126 	165 	80 	130 	130 
002127 	165 	80 	130 	130 
002128 	165 	80 	130 	130 
002129 	165 	80 	130 	130 
002130 	165 	80 	130 	130 
002131 	165 	80 	130 	130 
002132 	165 	80 	130 	130 
002133 	165 	80 	130 	130 
002134 	165 	80 	130 	130 
002135 	165 	80 	130 	130 
002136 	165 	80 	130 	130 
002137 	165 	80 	130 	130 
002138 	165 	80 	130 	130 
002139 	165 	80 	130 	130 
002140 	165 	80 	130 	130 
002141 	165 	80 	130 	130 
002142 	165 	80 	130 	130 
002143 	165 	80 	130 	130 
002144 	165 	80 	130 	130 
002145 	165 	80 	130 	130 
002146 	165 	80 	130 	130 
002147 	165 	80 	130 	130 
002148 	165 	80 	130 	130 
002149 	165 	80 	130 	130 
002150 	165 	80 	130 	130 
002151 	165 	80 	130 	130 
002152 	165 	80 	130 	130 
002153 	165 	80 	130 	130 
002154 	165 	80 	130 	130 
002155 	165 	80 	130 	130 
002156 	165 	80 	130 	130 
002157 	165 	80 	130 	130 
002158 	165 	80 	130 	130 
002159 	165 	80 	130 	130 
002160 	165 	80 	130 	130 
002161 	165 	80 	130 	130 
002162 	165 	80 	130 	130 
002163 	165 	80 	130 	130 
002164 	165 	80 	130 	130 
002165 	165 	80 	130 	130 
002166 	165 	80 	130 	130 
002167 	165 	80 	130 	130 
002168 	165 	80 	130 	130 
002169 	165 	80 	130 	130 
002170 	165 	80 	130 	130 
002171 	165 	80 	130 	130 
002172 	165 	80 	130 	130 
002173 	165 	80 	130 	130 
002174 	165 	80 	130 	130 
002175 	165 	80 	130 	130 
002176 	165 	80 	130 	130 
002177 	165 	80 	130 	130 
002178 	165 	80 	130 	130 
002179 	165 	80 	130 	130 
002180 	165 	80 	130 	130 
002181 	165 	80 	130 	130 
002182 	165 	80 	130 	130 
002183 	165 	80 	130 	130 
002184 	165 	80 	130 	130 
002185 	165 	80 	130 	130 
002186 	165 	80 	130 	130 
002187 	165 	80 	130 	130 
002188 	165 	80 	130 	130 
002189 	165 	80 	130 	130 
002190 	165 	80 	130 	130 
002191 	165 	80 	130 	130 
002192 	165 	80 	130 	130 
002193 	165 	80 	130 	130 
002194 	165 	80 	130 	130 
002195 	165 	80 	130 	130 
002196 	165 	80 	130 	130 
002197 	165 	80 	130 	130 
002198 	165 	80 	130 	130 
002199 	165 	80 	130 	130 
002200 	165 	80 	130 	130 
002201 	165 	80 	130 	130 
002202 	165 	80 	130 	130 
002203 	165 	80 	130 	130 
002204 	165 	80 	130 	130 
002205 	165 	80 	130 	130 
002206 	165 	80 	130 	130 
002207 	165 	80 	130 	130 
002208 	165 	80 	130 	130 
002209 	165 	80 	130 	130 
002210 	165 	80 	130 	130 
002211 	165 	80 	130 	130 
002212 	165 	80 	130 	130 
