Identity  : 	id10300
Reference : 	fAe7DXqrZls
Offset    : 	0
FV Conf   : 	14.229
ASD Conf  : 	6.945

FRAME 	X 	Y 	W 	H 
001290 	162 	96 	115 	115 
001291 	162 	96 	115 	115 
001292 	162 	96 	115 	115 
001293 	162 	96 	115 	115 
001294 	162 	96 	115 	115 
001295 	162 	95 	115 	115 
001296 	162 	95 	115 	115 
001297 	162 	95 	115 	115 
001298 	162 	95 	115 	115 
001299 	162 	95 	115 	115 
001300 	162 	95 	115 	115 
001301 	162 	95 	115 	115 
001302 	162 	95 	115 	115 
001303 	162 	95 	115 	115 
001304 	162 	95 	115 	115 
001305 	162 	95 	115 	115 
001306 	162 	95 	115 	115 
001307 	162 	95 	115 	115 
001308 	162 	95 	115 	115 
001309 	162 	95 	115 	115 
001310 	162 	95 	116 	116 
001311 	162 	95 	116 	116 
001312 	162 	95 	116 	116 
001313 	162 	95 	116 	116 
001314 	162 	95 	116 	116 
001315 	162 	95 	116 	116 
001316 	162 	95 	116 	116 
001317 	162 	95 	116 	116 
001318 	162 	95 	116 	116 
001319 	162 	95 	116 	116 
001320 	162 	95 	116 	116 
001321 	162 	95 	116 	116 
001322 	162 	95 	116 	116 
001323 	162 	95 	116 	116 
001324 	162 	95 	116 	116 
001325 	162 	95 	116 	116 
001326 	162 	95 	116 	116 
001327 	162 	95 	116 	116 
001328 	162 	95 	116 	116 
001329 	162 	95 	116 	116 
001330 	162 	95 	116 	116 
001331 	162 	95 	116 	116 
001332 	162 	95 	116 	116 
001333 	162 	95 	116 	116 
001334 	162 	95 	116 	116 
001335 	162 	95 	116 	116 
001336 	162 	95 	116 	116 
001337 	162 	95 	116 	116 
001338 	162 	95 	116 	116 
001339 	162 	95 	116 	116 
001340 	162 	95 	116 	116 
001341 	162 	95 	116 	116 
001342 	162 	94 	116 	116 
001343 	162 	94 	116 	116 
001344 	162 	94 	116 	116 
001345 	162 	94 	116 	116 
001346 	162 	94 	116 	116 
001347 	162 	94 	116 	116 
001348 	162 	94 	116 	116 
001349 	162 	94 	116 	116 
001350 	162 	94 	116 	116 
001351 	162 	94 	116 	116 
001352 	162 	94 	116 	116 
001353 	162 	94 	116 	116 
001354 	162 	94 	116 	116 
001355 	162 	94 	116 	116 
001356 	162 	94 	116 	116 
001357 	162 	94 	116 	116 
001358 	162 	94 	117 	116 
001359 	162 	94 	117 	117 
001360 	162 	94 	117 	117 
001361 	162 	94 	117 	117 
001362 	162 	94 	117 	117 
001363 	162 	94 	117 	117 
001364 	162 	94 	117 	117 
001365 	162 	94 	117 	117 
001366 	162 	94 	117 	117 
001367 	162 	94 	117 	117 
001368 	162 	94 	117 	117 
001369 	162 	94 	117 	117 
001370 	162 	94 	117 	117 
001371 	162 	94 	117 	117 
001372 	162 	94 	117 	117 
001373 	162 	94 	117 	117 
001374 	162 	94 	117 	117 
001375 	162 	94 	117 	117 
001376 	162 	94 	117 	117 
001377 	163 	94 	117 	117 
001378 	163 	94 	117 	117 
001379 	163 	94 	117 	117 
001380 	163 	94 	117 	117 
001381 	163 	94 	117 	117 
001382 	163 	94 	117 	117 
001383 	163 	94 	117 	117 
001384 	163 	94 	117 	117 
001385 	163 	94 	117 	117 
001386 	163 	94 	117 	117 
001387 	163 	94 	117 	117 
001388 	163 	93 	117 	117 
001389 	163 	93 	117 	117 
001390 	163 	93 	117 	117 
001391 	163 	93 	117 	117 
001392 	163 	93 	117 	117 
001393 	163 	93 	117 	117 
001394 	163 	93 	117 	117 
001395 	163 	93 	117 	117 
001396 	163 	93 	117 	117 
001397 	163 	93 	117 	117 
001398 	163 	93 	117 	117 
001399 	163 	93 	117 	117 
001400 	163 	93 	117 	117 
001401 	163 	93 	117 	117 
001402 	163 	93 	117 	117 
001403 	163 	93 	117 	117 
001404 	163 	93 	117 	117 
001405 	163 	93 	117 	117 
001406 	163 	93 	117 	117 
001407 	163 	93 	118 	118 
001408 	163 	93 	118 	118 
001409 	163 	93 	118 	118 
001410 	163 	93 	118 	118 
001411 	163 	93 	118 	118 
001412 	163 	93 	118 	118 
001413 	163 	93 	118 	118 
001414 	163 	93 	118 	118 
001415 	163 	93 	118 	118 
001416 	163 	93 	118 	118 
001417 	163 	93 	118 	118 
001418 	163 	93 	118 	118 
001419 	163 	93 	118 	118 
001420 	163 	93 	118 	118 
001421 	163 	93 	118 	118 
001422 	163 	93 	118 	118 
001423 	163 	93 	118 	118 
001424 	163 	93 	118 	118 
001425 	163 	93 	118 	118 
001426 	163 	93 	118 	118 
001427 	163 	93 	118 	118 
001428 	163 	93 	118 	118 
001429 	163 	93 	118 	118 
001430 	163 	93 	118 	118 
001431 	163 	93 	118 	118 
001432 	163 	93 	118 	118 
001433 	163 	93 	118 	118 
001434 	163 	93 	118 	118 
001435 	163 	92 	118 	118 
001436 	163 	92 	118 	118 
001437 	163 	92 	118 	118 
001438 	163 	92 	118 	118 
001439 	163 	92 	118 	118 
001440 	163 	92 	118 	118 
001441 	163 	92 	118 	118 
001442 	163 	92 	118 	118 
001443 	163 	92 	118 	118 
001444 	163 	92 	118 	118 
001445 	163 	92 	118 	118 
001446 	163 	92 	118 	118 
001447 	163 	92 	118 	118 
001448 	163 	92 	118 	118 
001449 	163 	92 	118 	118 
001450 	163 	92 	118 	118 
001451 	163 	92 	118 	118 
001452 	163 	92 	118 	118 
001453 	163 	92 	118 	118 
001454 	163 	92 	118 	118 
001455 	163 	92 	118 	118 
001456 	163 	92 	119 	119 
001457 	163 	92 	119 	119 
001458 	163 	92 	119 	119 
001459 	163 	92 	119 	119 
001460 	163 	92 	119 	119 
001461 	163 	92 	119 	119 
001462 	163 	92 	119 	119 
001463 	163 	92 	119 	119 
001464 	163 	92 	119 	119 
001465 	163 	92 	119 	119 
001466 	163 	92 	119 	119 
001467 	163 	92 	119 	119 
001468 	163 	92 	119 	119 
001469 	163 	92 	119 	119 
001470 	163 	92 	119 	119 
001471 	163 	92 	119 	119 
001472 	163 	92 	119 	119 
001473 	163 	92 	119 	119 
001474 	163 	92 	119 	119 
001475 	163 	92 	119 	119 
001476 	163 	92 	119 	119 
001477 	163 	92 	119 	119 
001478 	163 	92 	119 	119 
001479 	163 	92 	119 	119 
001480 	163 	92 	119 	119 
001481 	163 	91 	119 	119 
001482 	163 	91 	119 	119 
001483 	163 	91 	119 	119 
001484 	163 	91 	119 	119 
001485 	163 	91 	119 	119 
001486 	163 	91 	119 	119 
001487 	163 	91 	119 	119 
001488 	163 	91 	119 	119 
001489 	163 	91 	119 	119 
001490 	163 	91 	119 	119 
001491 	163 	91 	119 	119 
001492 	163 	91 	119 	119 
001493 	163 	91 	119 	119 
001494 	163 	91 	119 	119 
001495 	163 	91 	119 	119 
001496 	163 	91 	119 	119 
001497 	163 	91 	119 	119 
001498 	163 	91 	119 	119 
001499 	163 	91 	119 	119 
001500 	163 	91 	119 	119 
001501 	163 	91 	119 	119 
001502 	163 	91 	119 	119 
001503 	163 	91 	119 	119 
001504 	163 	91 	120 	120 
001505 	163 	91 	120 	120 
001506 	163 	91 	120 	120 
001507 	163 	91 	120 	120 
001508 	163 	91 	120 	120 
001509 	163 	91 	120 	120 
001510 	163 	91 	120 	120 
001511 	163 	91 	120 	120 
001512 	163 	91 	120 	120 
001513 	163 	91 	120 	120 
001514 	163 	91 	120 	120 
001515 	163 	91 	120 	120 
001516 	163 	91 	120 	120 
001517 	163 	91 	120 	120 
