Identity  : 	id10300
Reference : 	fAe7DXqrZls
Offset    : 	0
FV Conf   : 	17.455
ASD Conf  : 	7.771

FRAME 	X 	Y 	W 	H 
001654 	164 	105 	91 	91 
001655 	164 	105 	91 	91 
001656 	164 	105 	91 	91 
001657 	164 	105 	91 	91 
001658 	164 	105 	91 	91 
001659 	164 	105 	91 	91 
001660 	164 	105 	91 	91 
001661 	164 	105 	91 	91 
001662 	164 	105 	91 	91 
001663 	164 	105 	91 	91 
001664 	164 	105 	91 	91 
001665 	164 	105 	91 	91 
001666 	164 	105 	91 	91 
001667 	164 	105 	91 	91 
001668 	164 	105 	91 	91 
001669 	164 	105 	91 	91 
001670 	164 	105 	91 	91 
001671 	174 	105 	91 	91 
001672 	174 	105 	91 	91 
001673 	174 	105 	91 	91 
001674 	174 	105 	91 	91 
001675 	174 	105 	91 	91 
001676 	174 	105 	91 	91 
001677 	174 	105 	91 	91 
001678 	174 	105 	91 	91 
001679 	174 	105 	91 	91 
001680 	174 	105 	91 	91 
001681 	174 	105 	91 	91 
001682 	174 	105 	91 	91 
001683 	174 	105 	91 	91 
001684 	174 	105 	91 	91 
001685 	174 	105 	91 	91 
001686 	174 	105 	91 	91 
001687 	174 	105 	91 	91 
001688 	174 	105 	91 	91 
001689 	174 	105 	91 	91 
001690 	174 	105 	91 	91 
001691 	174 	105 	91 	91 
001692 	174 	105 	91 	91 
001693 	174 	105 	91 	91 
001694 	164 	105 	91 	91 
001695 	164 	105 	91 	91 
001696 	164 	105 	91 	91 
001697 	164 	105 	91 	91 
001698 	164 	105 	91 	91 
001699 	164 	105 	91 	91 
001700 	164 	105 	91 	91 
001701 	164 	105 	91 	91 
001702 	164 	105 	91 	91 
001703 	164 	105 	91 	91 
001704 	150 	102 	108 	109 
001705 	150 	102 	108 	109 
001706 	150 	102 	108 	109 
001707 	150 	102 	108 	109 
001708 	150 	102 	108 	109 
001709 	150 	102 	108 	109 
001710 	164 	105 	91 	91 
001711 	164 	105 	91 	91 
001712 	164 	105 	91 	91 
001713 	164 	105 	91 	91 
001714 	164 	105 	91 	91 
001715 	164 	105 	91 	91 
001716 	164 	105 	91 	91 
001717 	164 	105 	91 	91 
001718 	174 	105 	91 	91 
001719 	161 	90 	109 	109 
001720 	174 	105 	91 	91 
001721 	174 	105 	91 	91 
001722 	174 	105 	91 	91 
001723 	174 	105 	91 	91 
001724 	174 	105 	91 	91 
001725 	174 	105 	91 	91 
001726 	174 	105 	91 	91 
001727 	174 	105 	91 	91 
001728 	174 	105 	91 	91 
001729 	174 	105 	91 	91 
001730 	174 	105 	91 	91 
001731 	174 	105 	91 	91 
001732 	174 	105 	91 	91 
001733 	174 	105 	91 	91 
001734 	164 	105 	91 	91 
001735 	164 	105 	91 	91 
001736 	164 	105 	91 	91 
001737 	164 	105 	91 	91 
001738 	164 	105 	91 	91 
001739 	164 	105 	91 	91 
001740 	164 	105 	91 	91 
001741 	164 	105 	91 	91 
001742 	164 	105 	91 	91 
001743 	164 	105 	91 	91 
001744 	164 	105 	91 	91 
001745 	164 	105 	91 	91 
001746 	174 	105 	91 	91 
001747 	174 	105 	91 	91 
001748 	174 	105 	91 	91 
001749 	174 	105 	91 	91 
001750 	174 	105 	91 	91 
001751 	174 	105 	91 	91 
001752 	174 	105 	91 	91 
001753 	174 	105 	91 	91 
001754 	174 	105 	91 	91 
001755 	174 	105 	91 	91 
001756 	174 	105 	91 	91 
001757 	174 	105 	91 	91 
001758 	174 	105 	91 	91 
001759 	174 	105 	91 	91 
001760 	174 	105 	91 	91 
001761 	174 	105 	91 	91 
001762 	174 	105 	91 	91 
001763 	174 	105 	91 	91 
001764 	174 	105 	91 	91 
001765 	174 	105 	91 	91 
001766 	161 	102 	109 	109 
001767 	161 	102 	109 	109 
001768 	174 	105 	91 	91 
001769 	174 	105 	91 	91 
001770 	174 	105 	91 	91 
001771 	161 	102 	109 	109 
001772 	174 	105 	91 	91 
001773 	164 	105 	91 	91 
001774 	164 	105 	91 	91 
001775 	164 	105 	91 	91 
001776 	164 	105 	91 	91 
001777 	164 	105 	91 	91 
001778 	164 	105 	91 	91 
001779 	164 	105 	91 	91 
001780 	164 	105 	91 	91 
001781 	164 	105 	91 	91 
001782 	161 	102 	109 	109 
001783 	161 	102 	109 	109 
001784 	161 	102 	109 	109 
001785 	161 	102 	109 	109 
001786 	161 	102 	109 	109 
001787 	161 	102 	109 	109 
001788 	161 	102 	109 	109 
001789 	161 	102 	109 	109 
001790 	161 	102 	109 	109 
001791 	161 	102 	109 	109 
001792 	161 	102 	109 	109 
001793 	164 	105 	91 	91 
001794 	161 	102 	109 	109 
001795 	161 	102 	109 	109 
001796 	161 	102 	109 	109 
001797 	161 	102 	109 	109 
001798 	161 	102 	109 	109 
001799 	161 	102 	109 	109 
001800 	161 	102 	109 	109 
001801 	161 	102 	109 	109 
001802 	164 	105 	91 	91 
001803 	164 	105 	91 	91 
001804 	164 	105 	91 	91 
001805 	164 	105 	91 	91 
001806 	164 	105 	91 	91 
001807 	164 	105 	91 	91 
001808 	164 	105 	91 	91 
001809 	164 	105 	91 	91 
001810 	164 	105 	91 	91 
001811 	164 	105 	91 	91 
001812 	164 	105 	91 	91 
001813 	161 	90 	109 	109 
001814 	161 	102 	109 	109 
001815 	161 	90 	109 	109 
001816 	174 	105 	91 	91 
001817 	174 	105 	91 	91 
001818 	174 	105 	91 	91 
001819 	174 	105 	91 	91 
001820 	174 	105 	91 	91 
001821 	174 	105 	91 	91 
001822 	174 	105 	91 	91 
001823 	174 	105 	91 	91 
001824 	174 	105 	91 	91 
001825 	174 	105 	91 	91 
001826 	174 	105 	91 	91 
001827 	174 	105 	91 	91 
001828 	174 	105 	91 	91 
001829 	174 	105 	91 	91 
001830 	174 	105 	91 	91 
001831 	174 	105 	91 	91 
001832 	174 	105 	91 	91 
001833 	174 	105 	91 	91 
001834 	174 	105 	91 	91 
001835 	174 	105 	91 	91 
001836 	174 	105 	91 	91 
001837 	174 	105 	91 	91 
001838 	174 	105 	91 	91 
001839 	174 	105 	91 	91 
001840 	174 	105 	91 	91 
001841 	174 	105 	91 	91 
001842 	174 	105 	91 	91 
001843 	174 	105 	91 	91 
001844 	174 	105 	91 	91 
001845 	174 	105 	91 	91 
