Identity  : 	id10300
Reference : 	fAe7DXqrZls
Offset    : 	0
FV Conf   : 	16.636
ASD Conf  : 	6.578

FRAME 	X 	Y 	W 	H 
004797 	150 	102 	108 	109 
004798 	150 	102 	108 	109 
004799 	150 	102 	108 	109 
004800 	150 	102 	108 	109 
004801 	150 	102 	108 	109 
004802 	150 	102 	108 	109 
004803 	150 	102 	108 	109 
004804 	150 	102 	108 	109 
004805 	161 	102 	109 	109 
004806 	161 	102 	109 	109 
004807 	161 	102 	109 	109 
004808 	161 	102 	109 	109 
004809 	161 	102 	109 	109 
004810 	161 	102 	109 	109 
004811 	161 	102 	109 	109 
004812 	161 	102 	109 	109 
004813 	161 	102 	109 	109 
004814 	167 	102 	109 	109 
004815 	173 	102 	109 	109 
004816 	173 	102 	109 	109 
004817 	173 	102 	109 	109 
004818 	173 	102 	109 	109 
004819 	173 	102 	109 	109 
004820 	173 	102 	109 	109 
004821 	173 	102 	109 	109 
004822 	173 	102 	109 	109 
004823 	173 	102 	109 	109 
004824 	173 	102 	109 	109 
004825 	173 	102 	109 	109 
004826 	173 	102 	109 	109 
004827 	173 	102 	109 	109 
004828 	173 	102 	109 	109 
004829 	173 	102 	109 	109 
004830 	173 	102 	109 	109 
004831 	173 	102 	109 	109 
004832 	173 	102 	109 	109 
004833 	173 	102 	109 	109 
004834 	173 	102 	109 	109 
004835 	173 	114 	109 	109 
004836 	173 	114 	109 	109 
004837 	173 	114 	109 	109 
004838 	173 	114 	109 	109 
004839 	173 	114 	109 	109 
004840 	173 	114 	109 	109 
004841 	173 	114 	109 	109 
004842 	173 	114 	109 	109 
004843 	173 	102 	109 	109 
004844 	173 	114 	109 	109 
004845 	173 	114 	109 	109 
004846 	173 	114 	109 	109 
004847 	173 	114 	109 	109 
004848 	173 	114 	109 	109 
004849 	173 	114 	109 	109 
004850 	173 	114 	109 	109 
004851 	173 	114 	109 	109 
004852 	161 	114 	109 	109 
004853 	173 	114 	109 	109 
004854 	161 	114 	109 	109 
004855 	161 	114 	109 	109 
004856 	161 	114 	109 	109 
004857 	173 	114 	109 	109 
004858 	173 	114 	109 	109 
004859 	173 	114 	109 	109 
004860 	173 	114 	109 	109 
004861 	173 	114 	109 	109 
004862 	173 	114 	109 	109 
004863 	173 	114 	109 	109 
004864 	173 	114 	109 	109 
004865 	173 	114 	109 	109 
004866 	173 	114 	109 	109 
004867 	173 	114 	109 	109 
004868 	173 	114 	109 	109 
004869 	173 	114 	109 	109 
004870 	173 	114 	109 	109 
004871 	173 	114 	109 	109 
004872 	173 	114 	109 	109 
004873 	173 	114 	109 	109 
004874 	173 	114 	109 	109 
004875 	173 	114 	109 	109 
004876 	173 	114 	109 	109 
004877 	173 	114 	109 	109 
004878 	173 	114 	109 	109 
004879 	173 	114 	109 	109 
004880 	173 	114 	109 	109 
004881 	173 	114 	109 	109 
004882 	173 	114 	109 	109 
004883 	173 	114 	109 	109 
004884 	173 	114 	109 	109 
004885 	173 	114 	109 	109 
004886 	173 	114 	109 	109 
004887 	173 	114 	109 	109 
004888 	173 	126 	109 	109 
004889 	173 	126 	109 	109 
004890 	173 	126 	109 	109 
004891 	173 	126 	109 	109 
004892 	173 	114 	109 	109 
004893 	173 	114 	109 	109 
004894 	173 	114 	109 	109 
004895 	161 	114 	109 	109 
004896 	161 	114 	109 	109 
004897 	161 	114 	109 	109 
004898 	161 	114 	109 	109 
004899 	161 	114 	109 	109 
004900 	161 	114 	109 	109 
004901 	161 	114 	109 	109 
004902 	161 	114 	109 	109 
004903 	173 	102 	109 	109 
004904 	173 	102 	109 	109 
004905 	173 	102 	109 	109 
004906 	161 	102 	109 	109 
004907 	173 	102 	109 	109 
004908 	173 	102 	109 	109 
004909 	173 	102 	109 	109 
004910 	173 	102 	109 	109 
004911 	173 	102 	109 	109 
004912 	173 	102 	109 	109 
004913 	173 	102 	109 	109 
004914 	173 	102 	109 	109 
004915 	173 	114 	109 	109 
004916 	173 	114 	109 	109 
004917 	173 	114 	109 	109 
004918 	173 	114 	109 	109 
004919 	173 	114 	109 	109 
004920 	173 	114 	109 	109 
004921 	173 	114 	109 	109 
004922 	173 	114 	109 	109 
004923 	173 	114 	109 	109 
004924 	173 	114 	109 	109 
004925 	173 	114 	109 	109 
004926 	173 	114 	109 	109 
004927 	173 	114 	109 	109 
004928 	173 	114 	109 	109 
004929 	173 	114 	109 	109 
004930 	173 	114 	109 	109 
004931 	173 	114 	109 	109 
004932 	173 	114 	109 	109 
004933 	173 	114 	109 	109 
004934 	173 	114 	109 	109 
004935 	173 	114 	109 	109 
004936 	173 	114 	109 	109 
004937 	173 	114 	109 	109 
004938 	173 	114 	109 	109 
004939 	173 	114 	109 	109 
004940 	173 	114 	109 	109 
004941 	173 	114 	109 	109 
004942 	173 	114 	109 	109 
004943 	173 	114 	109 	109 
004944 	173 	114 	109 	109 
004945 	173 	114 	109 	109 
004946 	173 	114 	109 	109 
004947 	173 	114 	109 	109 
004948 	173 	114 	109 	109 
004949 	173 	114 	109 	109 
004950 	173 	114 	109 	109 
004951 	173 	114 	109 	109 
004952 	173 	114 	109 	109 
004953 	173 	114 	109 	109 
004954 	173 	114 	109 	109 
004955 	173 	114 	109 	109 
004956 	173 	114 	109 	109 
004957 	173 	114 	109 	109 
004958 	173 	114 	109 	109 
004959 	173 	114 	109 	109 
004960 	161 	114 	109 	109 
004961 	161 	114 	109 	109 
004962 	161 	114 	109 	109 
004963 	161 	114 	109 	109 
004964 	137 	94 	130 	130 
004965 	161 	114 	109 	109 
004966 	161 	114 	109 	109 
004967 	161 	114 	109 	109 
004968 	161 	102 	109 	109 
004969 	161 	102 	109 	109 
004970 	161 	102 	109 	109 
004971 	161 	102 	109 	109 
004972 	161 	102 	109 	109 
004973 	161 	102 	109 	109 
004974 	164 	105 	91 	91 
004975 	150 	102 	108 	109 
004976 	150 	102 	108 	109 
004977 	150 	102 	108 	109 
004978 	154 	105 	91 	91 
004979 	154 	105 	91 	91 
004980 	154 	105 	91 	91 
004981 	154 	105 	91 	91 
004982 	154 	105 	91 	91 
004983 	154 	105 	91 	91 
004984 	154 	105 	91 	91 
004985 	150 	102 	108 	109 
004986 	150 	102 	108 	109 
004987 	150 	102 	108 	109 
004988 	150 	102 	108 	109 
004989 	154 	115 	91 	91 
004990 	154 	115 	91 	91 
004991 	154 	115 	91 	91 
004992 	138 	114 	108 	109 
004993 	138 	102 	108 	109 
004994 	138 	102 	108 	109 
004995 	138 	102 	108 	109 
004996 	138 	102 	108 	109 
004997 	138 	102 	108 	109 
004998 	150 	102 	108 	109 
004999 	150 	102 	108 	109 
005000 	164 	105 	91 	91 
005001 	164 	105 	91 	91 
005002 	150 	102 	108 	109 
005003 	150 	102 	108 	109 
005004 	150 	102 	108 	109 
005005 	150 	102 	108 	109 
005006 	150 	102 	108 	109 
005007 	150 	102 	108 	109 
005008 	150 	102 	108 	109 
005009 	150 	102 	108 	109 
005010 	150 	102 	108 	109 
005011 	150 	102 	108 	109 
005012 	150 	102 	108 	109 
005013 	150 	102 	108 	109 
005014 	150 	102 	108 	109 
005015 	150 	102 	108 	109 
005016 	154 	115 	91 	91 
005017 	154 	115 	91 	91 
005018 	154 	115 	91 	91 
005019 	154 	115 	91 	91 
005020 	138 	102 	108 	109 
005021 	138 	102 	108 	109 
005022 	138 	102 	108 	109 
005023 	138 	102 	108 	109 
005024 	138 	114 	108 	109 
005025 	138 	114 	108 	109 
005026 	138 	102 	108 	109 
005027 	138 	102 	108 	109 
005028 	138 	102 	108 	109 
005029 	138 	114 	108 	109 
005030 	138 	114 	108 	109 
005031 	138 	114 	108 	109 
005032 	138 	114 	108 	109 
005033 	138 	114 	108 	109 
005034 	138 	114 	108 	109 
005035 	138 	114 	108 	109 
005036 	138 	114 	108 	109 
005037 	138 	114 	108 	109 
005038 	138 	114 	108 	109 
005039 	138 	114 	108 	109 
005040 	138 	114 	108 	109 
005041 	138 	114 	108 	109 
005042 	138 	114 	108 	109 
005043 	138 	114 	108 	109 
005044 	138 	114 	108 	109 
005045 	138 	114 	108 	109 
005046 	138 	114 	108 	109 
005047 	138 	114 	108 	109 
005048 	138 	114 	108 	109 
005049 	138 	114 	108 	109 
005050 	138 	114 	108 	109 
005051 	138 	114 	108 	109 
005052 	138 	114 	108 	109 
005053 	138 	114 	108 	109 
