Identity  : 	id10300
Reference : 	fAe7DXqrZls
Offset    : 	0
FV Conf   : 	17.475
ASD Conf  : 	7.122

FRAME 	X 	Y 	W 	H 
006357 	134 	94 	130 	130 
006358 	134 	94 	130 	130 
006359 	134 	94 	130 	130 
006360 	134 	94 	130 	130 
006361 	134 	94 	130 	130 
006362 	133 	94 	130 	130 
006363 	133 	94 	130 	130 
006364 	133 	94 	130 	130 
006365 	133 	94 	130 	130 
006366 	133 	94 	130 	130 
006367 	133 	94 	130 	130 
006368 	133 	94 	130 	130 
006369 	133 	94 	130 	130 
006370 	133 	94 	130 	130 
006371 	133 	94 	130 	130 
006372 	133 	94 	130 	130 
006373 	132 	94 	130 	130 
006374 	132 	94 	130 	130 
006375 	132 	94 	130 	130 
006376 	132 	94 	130 	130 
006377 	132 	94 	130 	130 
006378 	132 	94 	130 	130 
006379 	132 	94 	130 	130 
006380 	132 	94 	130 	130 
006381 	132 	94 	130 	130 
006382 	132 	94 	130 	130 
006383 	132 	94 	130 	130 
006384 	131 	94 	130 	130 
006385 	131 	94 	130 	130 
006386 	131 	94 	130 	130 
006387 	131 	94 	130 	130 
006388 	131 	94 	130 	130 
006389 	131 	94 	130 	130 
006390 	131 	94 	130 	130 
006391 	131 	94 	130 	130 
006392 	131 	94 	130 	130 
006393 	131 	94 	130 	130 
006394 	131 	94 	130 	130 
006395 	131 	94 	130 	130 
006396 	130 	94 	130 	130 
006397 	130 	94 	130 	130 
006398 	130 	94 	130 	130 
006399 	130 	94 	130 	130 
006400 	130 	94 	130 	130 
006401 	130 	94 	130 	130 
006402 	130 	94 	130 	130 
006403 	130 	94 	130 	130 
006404 	130 	94 	130 	130 
006405 	130 	94 	130 	130 
006406 	130 	94 	130 	130 
006407 	129 	94 	130 	130 
006408 	129 	94 	130 	130 
006409 	129 	94 	130 	130 
006410 	129 	94 	130 	130 
006411 	129 	94 	130 	130 
006412 	129 	94 	130 	130 
006413 	129 	94 	130 	130 
006414 	129 	94 	130 	130 
006415 	129 	94 	130 	130 
006416 	129 	94 	130 	130 
006417 	129 	94 	130 	130 
006418 	128 	94 	130 	130 
006419 	128 	94 	130 	130 
006420 	128 	94 	130 	130 
006421 	128 	94 	130 	130 
006422 	128 	94 	130 	130 
006423 	128 	94 	130 	130 
006424 	128 	94 	130 	130 
006425 	128 	94 	130 	130 
006426 	128 	94 	130 	130 
006427 	128 	94 	130 	130 
006428 	128 	94 	130 	130 
006429 	127 	94 	130 	130 
006430 	127 	94 	130 	130 
006431 	127 	94 	130 	130 
006432 	127 	94 	130 	130 
006433 	127 	94 	130 	130 
006434 	127 	94 	130 	130 
006435 	127 	94 	130 	130 
006436 	127 	94 	130 	130 
006437 	127 	94 	130 	130 
006438 	127 	94 	130 	130 
006439 	127 	94 	130 	130 
006440 	126 	94 	130 	130 
006441 	126 	94 	130 	130 
006442 	126 	94 	130 	130 
006443 	126 	94 	130 	130 
006444 	126 	94 	130 	130 
006445 	126 	94 	130 	130 
006446 	126 	94 	130 	130 
006447 	126 	94 	130 	130 
006448 	126 	94 	130 	130 
006449 	126 	94 	130 	130 
006450 	126 	94 	130 	130 
006451 	125 	94 	130 	130 
006452 	125 	94 	130 	130 
006453 	125 	94 	130 	130 
006454 	125 	94 	130 	130 
006455 	125 	94 	130 	130 
006456 	125 	94 	130 	130 
006457 	125 	94 	130 	130 
006458 	125 	94 	130 	130 
006459 	125 	94 	130 	130 
006460 	125 	94 	130 	130 
006461 	125 	94 	130 	130 
006462 	125 	94 	130 	130 
