Identity  : 	id10307
Reference : 	f8Ms66atECE
Offset    : 	-1
FV Conf   : 	17.457
ASD Conf  : 	8.816

FRAME 	X 	Y 	W 	H 
005449 	301 	33 	186 	187 
005450 	301 	53 	186 	187 
005451 	301 	53 	186 	187 
005452 	301 	53 	186 	187 
005453 	301 	53 	186 	187 
005454 	301 	53 	186 	187 
005455 	301 	53 	186 	187 
005456 	301 	53 	186 	187 
005457 	301 	53 	186 	187 
005458 	301 	53 	186 	187 
005459 	301 	53 	186 	187 
005460 	301 	53 	186 	187 
005461 	301 	53 	186 	187 
005462 	301 	53 	186 	187 
005463 	301 	53 	186 	187 
005464 	301 	33 	186 	187 
005465 	301 	33 	186 	187 
005466 	301 	33 	186 	187 
005467 	301 	33 	186 	187 
005468 	301 	33 	186 	187 
005469 	301 	33 	186 	187 
005470 	301 	33 	186 	187 
005471 	301 	33 	186 	187 
005472 	301 	33 	186 	187 
005473 	301 	53 	186 	187 
005474 	321 	53 	187 	187 
005475 	321 	53 	187 	187 
005476 	321 	53 	187 	187 
005477 	321 	53 	187 	187 
005478 	321 	53 	187 	187 
005479 	321 	53 	187 	187 
005480 	321 	53 	187 	187 
005481 	321 	53 	187 	187 
005482 	321 	53 	187 	187 
005483 	321 	53 	187 	187 
005484 	321 	53 	187 	187 
005485 	321 	53 	187 	187 
005486 	321 	53 	187 	187 
005487 	321 	53 	187 	187 
005488 	321 	53 	187 	187 
005489 	321 	53 	187 	187 
005490 	321 	53 	187 	187 
005491 	321 	53 	187 	187 
005492 	321 	53 	187 	187 
005493 	321 	53 	187 	187 
005494 	321 	53 	187 	187 
005495 	321 	53 	187 	187 
005496 	321 	53 	187 	187 
005497 	321 	53 	187 	187 
005498 	321 	53 	187 	187 
005499 	321 	53 	187 	187 
005500 	321 	53 	187 	187 
005501 	321 	53 	187 	187 
005502 	321 	53 	187 	187 
005503 	321 	53 	187 	187 
005504 	321 	53 	187 	187 
005505 	321 	53 	187 	187 
005506 	321 	53 	187 	187 
005507 	321 	53 	187 	187 
005508 	321 	33 	187 	187 
005509 	321 	33 	187 	187 
005510 	321 	33 	187 	187 
005511 	321 	33 	187 	187 
005512 	321 	33 	187 	187 
005513 	321 	33 	187 	187 
005514 	321 	33 	187 	187 
005515 	321 	33 	187 	187 
005516 	321 	33 	187 	187 
005517 	321 	33 	187 	187 
005518 	321 	33 	187 	187 
005519 	321 	33 	187 	187 
005520 	321 	33 	187 	187 
005521 	321 	33 	187 	187 
005522 	342 	33 	187 	187 
005523 	342 	33 	187 	187 
005524 	342 	33 	187 	187 
005525 	342 	12 	187 	187 
005526 	342 	12 	187 	187 
005527 	342 	12 	187 	187 
005528 	342 	12 	187 	187 
005529 	321 	12 	187 	187 
005530 	311 	15 	224 	224 
005531 	311 	15 	224 	224 
005532 	321 	33 	187 	187 
005533 	321 	33 	187 	187 
005534 	321 	33 	187 	187 
005535 	321 	33 	187 	187 
005536 	321 	33 	187 	187 
005537 	321 	33 	187 	187 
005538 	321 	33 	187 	187 
005539 	321 	33 	187 	187 
005540 	321 	33 	187 	187 
005541 	321 	33 	187 	187 
005542 	321 	33 	187 	187 
005543 	321 	33 	187 	187 
005544 	321 	33 	187 	187 
005545 	321 	33 	187 	187 
005546 	321 	33 	187 	187 
005547 	321 	33 	187 	187 
005548 	321 	33 	187 	187 
005549 	321 	33 	187 	187 
005550 	321 	33 	187 	187 
005551 	301 	33 	186 	187 
005552 	321 	33 	187 	187 
005553 	321 	33 	187 	187 
005554 	321 	33 	187 	187 
005555 	321 	33 	187 	187 
005556 	321 	33 	187 	187 
005557 	321 	53 	187 	187 
005558 	321 	53 	187 	187 
005559 	321 	53 	187 	187 
005560 	321 	53 	187 	187 
005561 	321 	53 	187 	187 
005562 	321 	33 	187 	187 
005563 	321 	33 	187 	187 
005564 	321 	33 	187 	187 
005565 	321 	33 	187 	187 
005566 	321 	33 	187 	187 
005567 	321 	33 	187 	187 
005568 	321 	33 	187 	187 
005569 	321 	33 	187 	187 
005570 	321 	33 	187 	187 
005571 	342 	33 	187 	187 
005572 	342 	33 	187 	187 
005573 	342 	33 	187 	187 
005574 	342 	33 	187 	187 
005575 	342 	33 	187 	187 
005576 	342 	33 	187 	187 
005577 	342 	33 	187 	187 
005578 	342 	33 	187 	187 
005579 	342 	33 	187 	187 
005580 	342 	33 	187 	187 
005581 	342 	33 	187 	187 
005582 	342 	33 	187 	187 
005583 	342 	53 	187 	187 
005584 	342 	53 	187 	187 
005585 	342 	53 	187 	187 
005586 	342 	53 	187 	187 
005587 	342 	53 	187 	187 
005588 	342 	53 	187 	187 
005589 	342 	53 	187 	187 
005590 	342 	53 	187 	187 
005591 	342 	53 	187 	187 
005592 	342 	53 	187 	187 
005593 	342 	53 	187 	187 
005594 	363 	53 	186 	187 
005595 	363 	53 	186 	187 
005596 	363 	53 	186 	187 
005597 	363 	53 	186 	187 
005598 	363 	53 	186 	187 
005599 	363 	53 	186 	187 
005600 	336 	39 	224 	224 
005601 	342 	53 	187 	187 
005602 	342 	53 	187 	187 
005603 	342 	53 	187 	187 
005604 	342 	53 	187 	187 
005605 	342 	53 	187 	187 
005606 	342 	53 	187 	187 
005607 	342 	53 	187 	187 
005608 	342 	53 	187 	187 
005609 	342 	53 	187 	187 
005610 	342 	53 	187 	187 
005611 	342 	53 	187 	187 
005612 	342 	53 	187 	187 
005613 	342 	53 	187 	187 
005614 	321 	53 	187 	187 
005615 	321 	33 	187 	187 
005616 	321 	53 	187 	187 
005617 	321 	53 	187 	187 
005618 	321 	53 	187 	187 
005619 	321 	53 	187 	187 
005620 	321 	53 	187 	187 
005621 	321 	53 	187 	187 
005622 	321 	53 	187 	187 
005623 	301 	53 	186 	187 
005624 	301 	74 	186 	187 
005625 	301 	74 	186 	187 
005626 	301 	74 	186 	187 
005627 	301 	74 	186 	187 
005628 	301 	74 	186 	187 
005629 	301 	74 	186 	187 
005630 	301 	74 	186 	187 
005631 	301 	74 	186 	187 
005632 	301 	74 	186 	187 
005633 	301 	74 	186 	187 
005634 	301 	74 	186 	187 
005635 	301 	74 	186 	187 
005636 	301 	74 	186 	187 
005637 	301 	74 	186 	187 
005638 	301 	74 	186 	187 
005639 	301 	74 	186 	187 
005640 	301 	74 	186 	187 
005641 	301 	53 	186 	187 
005642 	301 	53 	186 	187 
005643 	301 	53 	186 	187 
005644 	301 	53 	186 	187 
005645 	301 	53 	186 	187 
005646 	321 	74 	187 	187 
005647 	321 	74 	187 	187 
005648 	321 	74 	187 	187 
005649 	321 	74 	187 	187 
005650 	321 	74 	187 	187 
005651 	321 	74 	187 	187 
005652 	321 	74 	187 	187 
005653 	321 	74 	187 	187 
005654 	321 	53 	187 	187 
005655 	321 	53 	187 	187 
005656 	321 	53 	187 	187 
005657 	321 	53 	187 	187 
005658 	321 	53 	187 	187 
005659 	321 	53 	187 	187 
005660 	321 	53 	187 	187 
005661 	321 	53 	187 	187 
005662 	321 	53 	187 	187 
005663 	321 	53 	187 	187 
005664 	321 	53 	187 	187 
005665 	321 	53 	187 	187 
005666 	321 	53 	187 	187 
005667 	321 	53 	187 	187 
005668 	321 	33 	187 	187 
005669 	321 	33 	187 	187 
005670 	321 	33 	187 	187 
005671 	321 	33 	187 	187 
005672 	321 	33 	187 	187 
005673 	342 	33 	187 	187 
005674 	342 	33 	187 	187 
005675 	342 	33 	187 	187 
005676 	342 	33 	187 	187 
005677 	342 	33 	187 	187 
005678 	342 	33 	187 	187 
005679 	342 	33 	187 	187 
005680 	342 	33 	187 	187 
005681 	342 	33 	187 	187 
005682 	342 	33 	187 	187 
005683 	342 	33 	187 	187 
005684 	342 	33 	187 	187 
005685 	342 	33 	187 	187 
005686 	342 	33 	187 	187 
005687 	342 	33 	187 	187 
005688 	342 	33 	187 	187 
005689 	342 	33 	187 	187 
005690 	342 	33 	187 	187 
005691 	342 	33 	187 	187 
005692 	321 	33 	187 	187 
005693 	321 	53 	187 	187 
005694 	321 	53 	187 	187 
005695 	321 	53 	187 	187 
005696 	321 	53 	187 	187 
005697 	321 	53 	187 	187 
005698 	321 	53 	187 	187 
005699 	321 	53 	187 	187 
005700 	321 	53 	187 	187 
005701 	321 	53 	187 	187 
005702 	321 	53 	187 	187 
005703 	321 	74 	187 	187 
005704 	321 	74 	187 	187 
005705 	321 	74 	187 	187 
005706 	321 	74 	187 	187 
005707 	287 	39 	224 	224 
005708 	287 	39 	224 	224 
005709 	287 	39 	224 	224 
005710 	301 	53 	186 	187 
005711 	301 	53 	186 	187 
005712 	301 	53 	186 	187 
005713 	301 	53 	186 	187 
005714 	301 	53 	186 	187 
005715 	301 	53 	186 	187 
005716 	301 	53 	186 	187 
005717 	301 	53 	186 	187 
005718 	301 	53 	186 	187 
005719 	301 	53 	186 	187 
005720 	321 	53 	187 	187 
005721 	321 	53 	187 	187 
005722 	321 	53 	187 	187 
005723 	321 	33 	187 	187 
005724 	321 	33 	187 	187 
005725 	321 	33 	187 	187 
005726 	321 	33 	187 	187 
005727 	321 	33 	187 	187 
005728 	342 	33 	187 	187 
005729 	342 	33 	187 	187 
005730 	342 	33 	187 	187 
005731 	342 	33 	187 	187 
005732 	342 	33 	187 	187 
005733 	342 	33 	187 	187 
005734 	342 	33 	187 	187 
005735 	342 	33 	187 	187 
005736 	342 	33 	187 	187 
005737 	342 	33 	187 	187 
005738 	342 	12 	187 	187 
005739 	342 	12 	187 	187 
005740 	342 	12 	187 	187 
005741 	342 	12 	187 	187 
005742 	342 	12 	187 	187 
005743 	342 	12 	187 	187 
005744 	353 	27 	156 	156 
005745 	342 	33 	187 	187 
005746 	342 	33 	187 	187 
005747 	342 	33 	187 	187 
005748 	342 	33 	187 	187 
005749 	342 	33 	187 	187 
005750 	342 	33 	187 	187 
005751 	342 	33 	187 	187 
005752 	342 	53 	187 	187 
005753 	342 	53 	187 	187 
005754 	342 	53 	187 	187 
005755 	342 	53 	187 	187 
005756 	342 	53 	187 	187 
005757 	342 	53 	187 	187 
005758 	342 	53 	187 	187 
005759 	342 	53 	187 	187 
005760 	342 	53 	187 	187 
005761 	342 	53 	187 	187 
005762 	321 	33 	187 	187 
005763 	342 	33 	187 	187 
005764 	342 	33 	187 	187 
005765 	321 	33 	187 	187 
005766 	321 	33 	187 	187 
005767 	321 	33 	187 	187 
005768 	321 	33 	187 	187 
005769 	321 	33 	187 	187 
005770 	321 	33 	187 	187 
005771 	321 	33 	187 	187 
005772 	321 	33 	187 	187 
005773 	321 	12 	187 	187 
005774 	321 	12 	187 	187 
005775 	321 	12 	187 	187 
005776 	321 	12 	187 	187 
005777 	321 	33 	187 	187 
005778 	321 	33 	187 	187 
005779 	321 	33 	187 	187 
005780 	321 	33 	187 	187 
005781 	321 	33 	187 	187 
005782 	321 	33 	187 	187 
005783 	321 	33 	187 	187 
005784 	321 	12 	187 	187 
005785 	321 	12 	187 	187 
005786 	321 	12 	187 	187 
005787 	321 	12 	187 	187 
005788 	321 	12 	187 	187 
005789 	321 	12 	187 	187 
005790 	321 	12 	187 	187 
005791 	321 	12 	187 	187 
005792 	321 	12 	187 	187 
005793 	321 	12 	187 	187 
005794 	321 	12 	187 	187 
005795 	353 	27 	156 	156 
005796 	342 	12 	187 	187 
005797 	342 	12 	187 	187 
005798 	342 	12 	187 	187 
005799 	342 	33 	187 	187 
005800 	342 	33 	187 	187 
005801 	342 	33 	187 	187 
005802 	342 	33 	187 	187 
005803 	342 	33 	187 	187 
005804 	342 	33 	187 	187 
005805 	342 	33 	187 	187 
005806 	342 	33 	187 	187 
005807 	342 	33 	187 	187 
005808 	342 	33 	187 	187 
005809 	342 	33 	187 	187 
005810 	342 	33 	187 	187 
005811 	342 	33 	187 	187 
005812 	342 	33 	187 	187 
005813 	342 	33 	187 	187 
005814 	342 	33 	187 	187 
005815 	342 	33 	187 	187 
005816 	342 	33 	187 	187 
