Identity  : 	id10294
Reference : 	1l9B0dz7gjc
Offset    : 	-1
FV Conf   : 	14.169
ASD Conf  : 	5.087

FRAME 	X 	Y 	W 	H 
000342 	180 	123 	130 	130 
000343 	180 	123 	130 	130 
000344 	180 	123 	130 	130 
000345 	180 	123 	130 	130 
000346 	180 	123 	130 	130 
000347 	180 	123 	130 	130 
000348 	180 	123 	130 	130 
000349 	180 	123 	130 	130 
000350 	180 	123 	130 	130 
000351 	180 	123 	130 	130 
000352 	180 	123 	130 	130 
000353 	180 	123 	130 	130 
000354 	180 	123 	130 	130 
000355 	180 	123 	130 	130 
000356 	180 	123 	130 	130 
000357 	180 	123 	130 	130 
000358 	180 	123 	130 	130 
000359 	180 	123 	130 	130 
000360 	180 	123 	130 	130 
000361 	180 	123 	130 	130 
000362 	180 	123 	130 	130 
000363 	180 	123 	130 	130 
000364 	180 	123 	130 	130 
000365 	180 	123 	130 	130 
000366 	180 	123 	130 	130 
000367 	180 	123 	130 	130 
000368 	180 	123 	130 	130 
000369 	180 	123 	130 	130 
000370 	180 	123 	130 	130 
000371 	180 	123 	130 	130 
000372 	180 	123 	130 	130 
000373 	180 	123 	130 	130 
000374 	180 	123 	130 	130 
000375 	180 	123 	130 	130 
000376 	180 	123 	130 	130 
000377 	180 	123 	130 	130 
000378 	180 	123 	130 	130 
000379 	180 	123 	130 	130 
000380 	180 	123 	130 	130 
000381 	180 	123 	130 	130 
000382 	180 	123 	130 	130 
000383 	180 	123 	130 	130 
000384 	180 	123 	130 	130 
000385 	180 	123 	130 	130 
000386 	180 	123 	130 	130 
000387 	180 	123 	130 	130 
000388 	180 	123 	130 	130 
000389 	180 	123 	130 	130 
000390 	180 	123 	130 	130 
000391 	180 	123 	130 	130 
000392 	180 	137 	130 	130 
000393 	180 	137 	130 	130 
000394 	180 	137 	130 	130 
000395 	180 	137 	130 	130 
000396 	180 	137 	130 	130 
000397 	180 	137 	130 	130 
000398 	180 	137 	130 	130 
000399 	180 	137 	130 	130 
000400 	180 	137 	130 	130 
000401 	180 	137 	130 	130 
000402 	180 	137 	130 	130 
000403 	180 	137 	130 	130 
000404 	180 	137 	130 	130 
000405 	180 	137 	130 	130 
000406 	180 	137 	130 	130 
000407 	180 	137 	130 	130 
000408 	180 	137 	130 	130 
000409 	180 	137 	130 	130 
000410 	180 	137 	130 	130 
000411 	180 	137 	130 	130 
000412 	180 	137 	130 	130 
000413 	180 	137 	130 	130 
000414 	180 	137 	130 	130 
000415 	180 	123 	130 	130 
000416 	180 	123 	130 	130 
000417 	180 	123 	130 	130 
000418 	180 	123 	130 	130 
000419 	180 	123 	130 	130 
000420 	180 	123 	130 	130 
000421 	180 	123 	130 	130 
000422 	164 	113 	156 	156 
000423 	180 	123 	130 	130 
000424 	180 	123 	130 	130 
000425 	180 	123 	130 	130 
000426 	180 	123 	130 	130 
000427 	180 	123 	130 	130 
000428 	180 	123 	130 	130 
000429 	180 	123 	130 	130 
000430 	180 	123 	130 	130 
000431 	180 	123 	130 	130 
000432 	180 	123 	130 	130 
000433 	180 	123 	130 	130 
000434 	180 	123 	130 	130 
000435 	180 	123 	130 	130 
000436 	180 	123 	130 	130 
000437 	180 	123 	130 	130 
000438 	180 	123 	130 	130 
000439 	180 	123 	130 	130 
000440 	180 	123 	130 	130 
000441 	180 	123 	130 	130 
000442 	180 	123 	130 	130 
000443 	180 	123 	130 	130 
000444 	180 	123 	130 	130 
000445 	180 	123 	130 	130 
000446 	180 	123 	130 	130 
000447 	180 	123 	130 	130 
000448 	180 	123 	130 	130 
000449 	180 	123 	130 	130 
000450 	180 	123 	130 	130 
000451 	180 	123 	130 	130 
000452 	180 	123 	130 	130 
000453 	180 	123 	130 	130 
000454 	180 	123 	130 	130 
000455 	180 	123 	130 	130 
000456 	180 	123 	130 	130 
000457 	164 	113 	156 	156 
000458 	180 	123 	130 	130 
000459 	180 	123 	130 	130 
000460 	180 	123 	130 	130 
000461 	180 	123 	130 	130 
000462 	164 	113 	156 	156 
000463 	180 	109 	130 	130 
000464 	180 	109 	130 	130 
000465 	180 	109 	130 	130 
000466 	180 	109 	130 	130 
000467 	180 	109 	130 	130 
000468 	180 	109 	130 	130 
000469 	180 	109 	130 	130 
000470 	180 	109 	130 	130 
000471 	180 	109 	130 	130 
000472 	180 	109 	130 	130 
000473 	180 	109 	130 	130 
000474 	180 	109 	130 	130 
000475 	180 	109 	130 	130 
000476 	180 	109 	130 	130 
000477 	180 	109 	130 	130 
000478 	180 	109 	130 	130 
000479 	180 	109 	130 	130 
000480 	164 	113 	156 	156 
000481 	180 	123 	130 	130 
000482 	164 	113 	156 	156 
000483 	180 	123 	130 	130 
000484 	164 	113 	156 	156 
000485 	164 	113 	156 	156 
000486 	164 	113 	156 	156 
000487 	164 	113 	156 	156 
000488 	164 	113 	156 	156 
000489 	180 	123 	130 	130 
000490 	180 	123 	130 	130 
000491 	180 	123 	130 	130 
000492 	180 	123 	130 	130 
000493 	194 	137 	130 	130 
000494 	194 	137 	130 	130 
000495 	194 	137 	130 	130 
000496 	194 	137 	130 	130 
000497 	194 	137 	130 	130 
000498 	194 	137 	130 	130 
000499 	194 	137 	130 	130 
000500 	181 	130 	156 	156 
000501 	194 	137 	130 	130 
000502 	180 	137 	130 	130 
000503 	180 	137 	130 	130 
000504 	180 	137 	130 	130 
000505 	180 	137 	130 	130 
000506 	180 	123 	130 	130 
000507 	180 	123 	130 	130 
000508 	180 	123 	130 	130 
