Identity  : 	id10292
Reference : 	gm6PJowclv0
Offset    : 	-3
FV Conf   : 	17.797
ASD Conf  : 	5.600

FRAME 	X 	Y 	W 	H 
000330 	329 	54 	108 	109 
000331 	333 	65 	91 	91 
000332 	317 	54 	108 	109 
000333 	317 	54 	108 	109 
000334 	317 	54 	108 	109 
000335 	317 	54 	108 	109 
000336 	317 	54 	108 	109 
000337 	317 	54 	108 	109 
000338 	317 	54 	108 	109 
000339 	317 	54 	108 	109 
000340 	317 	54 	108 	109 
000341 	317 	54 	108 	109 
000342 	317 	54 	108 	109 
000343 	317 	54 	108 	109 
000344 	317 	54 	108 	109 
000345 	317 	54 	108 	109 
000346 	317 	54 	108 	109 
000347 	317 	54 	108 	109 
000348 	333 	65 	91 	91 
000349 	333 	55 	91 	91 
000350 	333 	55 	91 	91 
000351 	329 	54 	108 	109 
000352 	329 	54 	108 	109 
000353 	329 	54 	108 	109 
000354 	329 	54 	108 	109 
000355 	329 	54 	108 	109 
000356 	329 	54 	108 	109 
000357 	329 	54 	108 	109 
000358 	329 	54 	108 	109 
000359 	329 	54 	108 	109 
000360 	329 	54 	108 	109 
000361 	329 	54 	108 	109 
000362 	329 	54 	108 	109 
000363 	329 	54 	108 	109 
000364 	329 	54 	108 	109 
000365 	329 	54 	108 	109 
000366 	329 	54 	108 	109 
000367 	329 	54 	108 	109 
000368 	329 	54 	108 	109 
000369 	329 	54 	108 	109 
000370 	329 	54 	108 	109 
000371 	329 	54 	108 	109 
000372 	329 	54 	108 	109 
000373 	329 	54 	108 	109 
000374 	329 	54 	108 	109 
000375 	333 	65 	91 	91 
000376 	333 	65 	91 	91 
000377 	333 	65 	91 	91 
000378 	329 	54 	108 	109 
000379 	329 	54 	108 	109 
000380 	329 	54 	108 	109 
000381 	329 	54 	108 	109 
000382 	329 	54 	108 	109 
000383 	333 	55 	91 	91 
000384 	333 	55 	91 	91 
000385 	333 	55 	91 	91 
000386 	329 	54 	108 	109 
000387 	329 	54 	108 	109 
000388 	329 	54 	108 	109 
000389 	329 	54 	108 	109 
000390 	329 	54 	108 	109 
000391 	329 	54 	108 	109 
000392 	329 	54 	108 	109 
000393 	329 	54 	108 	109 
000394 	329 	54 	108 	109 
000395 	329 	54 	108 	109 
000396 	329 	54 	108 	109 
000397 	329 	54 	108 	109 
000398 	329 	54 	108 	109 
000399 	333 	65 	91 	91 
000400 	317 	54 	108 	109 
000401 	317 	54 	108 	109 
000402 	317 	54 	108 	109 
000403 	317 	54 	108 	109 
000404 	317 	54 	108 	109 
000405 	333 	65 	91 	91 
000406 	333 	65 	91 	91 
000407 	333 	65 	91 	91 
000408 	333 	65 	91 	91 
000409 	333 	65 	91 	91 
000410 	317 	54 	108 	109 
000411 	317 	54 	108 	109 
000412 	317 	54 	108 	109 
000413 	317 	54 	108 	109 
000414 	333 	65 	91 	91 
000415 	333 	65 	91 	91 
000416 	317 	54 	108 	109 
000417 	317 	54 	108 	109 
000418 	317 	54 	108 	109 
000419 	317 	54 	108 	109 
000420 	317 	54 	108 	109 
000421 	317 	54 	108 	109 
000422 	317 	54 	108 	109 
000423 	317 	54 	108 	109 
000424 	317 	54 	108 	109 
000425 	317 	54 	108 	109 
000426 	317 	54 	108 	109 
000427 	317 	54 	108 	109 
000428 	317 	54 	108 	109 
000429 	317 	54 	108 	109 
000430 	317 	54 	108 	109 
000431 	317 	54 	108 	109 
000432 	317 	54 	108 	109 
000433 	317 	54 	108 	109 
000434 	317 	54 	108 	109 
000435 	317 	54 	108 	109 
000436 	317 	54 	108 	109 
000437 	317 	54 	108 	109 
000438 	317 	54 	108 	109 
000439 	317 	54 	108 	109 
000440 	333 	55 	91 	91 
000441 	333 	55 	91 	91 
