Identity  : 	id10292
Reference : 	gm6PJowclv0
Offset    : 	-2
FV Conf   : 	13.933
ASD Conf  : 	4.946

FRAME 	X 	Y 	W 	H 
004752 	176 	80 	63 	63 
004753 	176 	80 	63 	63 
004754 	176 	80 	63 	63 
004755 	176 	80 	63 	63 
004756 	176 	80 	63 	63 
004757 	176 	80 	63 	63 
004758 	176 	80 	63 	63 
004759 	176 	80 	63 	63 
004760 	176 	80 	63 	63 
004761 	176 	80 	63 	63 
004762 	175 	83 	53 	53 
004763 	175 	83 	53 	53 
004764 	169 	80 	63 	63 
004765 	169 	80 	63 	63 
004766 	169 	80 	63 	63 
004767 	169 	80 	63 	63 
004768 	169 	80 	63 	63 
004769 	169 	80 	63 	63 
004770 	169 	83 	53 	53 
004771 	169 	83 	53 	53 
004772 	169 	89 	53 	53 
004773 	169 	89 	53 	53 
004774 	169 	89 	53 	53 
004775 	169 	83 	53 	53 
004776 	169 	80 	63 	63 
004777 	175 	83 	53 	53 
004778 	176 	80 	63 	63 
004779 	181 	83 	53 	53 
004780 	183 	80 	63 	63 
004781 	187 	89 	53 	53 
004782 	183 	87 	63 	63 
004783 	183 	87 	63 	63 
004784 	192 	89 	53 	53 
004785 	190 	87 	63 	63 
004786 	190 	87 	63 	63 
004787 	192 	89 	53 	53 
004788 	192 	89 	53 	53 
004789 	192 	89 	53 	53 
004790 	192 	89 	53 	53 
004791 	192 	89 	53 	53 
004792 	187 	89 	53 	53 
004793 	183 	87 	63 	63 
004794 	183 	87 	63 	63 
004795 	183 	87 	63 	63 
004796 	183 	87 	63 	63 
004797 	181 	89 	53 	53 
004798 	176 	80 	63 	63 
004799 	176 	80 	63 	63 
004800 	176 	80 	63 	63 
004801 	175 	83 	53 	53 
004802 	175 	83 	53 	53 
004803 	175 	83 	53 	53 
004804 	175 	83 	53 	53 
004805 	175 	83 	53 	53 
004806 	175 	83 	53 	53 
004807 	176 	80 	63 	63 
004808 	176 	80 	63 	63 
004809 	176 	80 	63 	63 
004810 	176 	80 	63 	63 
004811 	176 	80 	63 	63 
004812 	176 	80 	63 	63 
004813 	176 	80 	63 	63 
004814 	176 	80 	63 	63 
004815 	175 	83 	53 	53 
004816 	169 	80 	63 	63 
004817 	169 	80 	63 	63 
004818 	169 	80 	63 	63 
004819 	169 	89 	53 	53 
004820 	169 	89 	53 	53 
004821 	169 	89 	53 	53 
004822 	164 	89 	52 	53 
004823 	164 	89 	52 	53 
004824 	164 	89 	52 	53 
004825 	155 	80 	63 	63 
004826 	155 	80 	63 	63 
004827 	155 	80 	63 	63 
004828 	155 	80 	63 	63 
004829 	158 	89 	53 	53 
004830 	158 	89 	53 	53 
004831 	158 	89 	53 	53 
004832 	158 	89 	53 	53 
004833 	158 	89 	53 	53 
004834 	158 	89 	53 	53 
004835 	155 	80 	63 	63 
004836 	155 	80 	63 	63 
004837 	155 	87 	63 	63 
004838 	164 	89 	52 	53 
004839 	164 	89 	52 	53 
004840 	164 	89 	52 	53 
004841 	164 	89 	52 	53 
004842 	164 	89 	52 	53 
004843 	169 	89 	53 	53 
004844 	169 	89 	53 	53 
004845 	169 	89 	53 	53 
004846 	169 	89 	53 	53 
004847 	169 	89 	53 	53 
004848 	169 	89 	53 	53 
004849 	169 	89 	53 	53 
004850 	169 	80 	63 	63 
004851 	169 	80 	63 	63 
004852 	169 	80 	63 	63 
004853 	169 	80 	63 	63 
004854 	169 	80 	63 	63 
004855 	169 	83 	53 	53 
004856 	169 	89 	53 	53 
004857 	162 	80 	63 	63 
004858 	164 	89 	52 	53 
004859 	164 	89 	52 	53 
004860 	164 	89 	52 	53 
004861 	164 	89 	52 	53 
004862 	155 	87 	63 	63 
004863 	155 	87 	63 	63 
004864 	155 	87 	63 	63 
004865 	155 	87 	63 	63 
004866 	155 	87 	63 	63 
004867 	164 	89 	52 	53 
004868 	162 	80 	63 	63 
004869 	169 	89 	53 	53 
004870 	169 	80 	63 	63 
004871 	176 	80 	63 	63 
004872 	176 	80 	63 	63 
004873 	183 	80 	63 	63 
004874 	183 	80 	63 	63 
004875 	187 	89 	53 	53 
004876 	187 	89 	53 	53 
004877 	192 	89 	53 	53 
004878 	190 	87 	63 	63 
004879 	192 	89 	53 	53 
004880 	190 	87 	63 	63 
004881 	190 	87 	63 	63 
004882 	190 	87 	63 	63 
004883 	190 	87 	63 	63 
004884 	190 	87 	63 	63 
004885 	190 	87 	63 	63 
004886 	190 	87 	63 	63 
004887 	190 	87 	63 	63 
004888 	190 	87 	63 	63 
004889 	190 	87 	63 	63 
004890 	190 	87 	63 	63 
004891 	190 	87 	63 	63 
004892 	190 	87 	63 	63 
004893 	190 	87 	63 	63 
004894 	190 	87 	63 	63 
004895 	190 	87 	63 	63 
004896 	190 	87 	63 	63 
004897 	183 	87 	63 	63 
004898 	183 	87 	63 	63 
004899 	183 	87 	63 	63 
004900 	183 	87 	63 	63 
004901 	176 	87 	63 	63 
004902 	176 	87 	63 	63 
004903 	175 	89 	53 	53 
004904 	169 	80 	63 	63 
004905 	169 	80 	63 	63 
004906 	169 	89 	53 	53 
004907 	162 	80 	63 	63 
004908 	164 	89 	52 	53 
004909 	164 	89 	52 	53 
004910 	164 	89 	52 	53 
004911 	164 	89 	52 	53 
004912 	158 	83 	53 	53 
004913 	155 	80 	63 	63 
004914 	155 	80 	63 	63 
004915 	155 	80 	63 	63 
004916 	155 	80 	63 	63 
004917 	155 	80 	63 	63 
004918 	155 	80 	63 	63 
004919 	155 	80 	63 	63 
004920 	158 	83 	53 	53 
004921 	155 	80 	63 	63 
004922 	158 	89 	53 	53 
004923 	158 	89 	53 	53 
004924 	158 	89 	53 	53 
004925 	158 	89 	53 	53 
004926 	158 	89 	53 	53 
004927 	158 	89 	53 	53 
004928 	158 	89 	53 	53 
004929 	158 	89 	53 	53 
004930 	158 	89 	53 	53 
004931 	158 	89 	53 	53 
004932 	158 	89 	53 	53 
004933 	158 	89 	53 	53 
004934 	158 	89 	53 	53 
004935 	158 	89 	53 	53 
004936 	158 	89 	53 	53 
004937 	158 	89 	53 	53 
004938 	158 	89 	53 	53 
004939 	158 	89 	53 	53 
004940 	158 	89 	53 	53 
004941 	158 	89 	53 	53 
004942 	158 	89 	53 	53 
004943 	158 	89 	53 	53 
004944 	158 	89 	53 	53 
004945 	158 	89 	53 	53 
004946 	158 	89 	53 	53 
004947 	158 	89 	53 	53 
004948 	158 	89 	53 	53 
004949 	158 	89 	53 	53 
004950 	158 	89 	53 	53 
004951 	158 	89 	53 	53 
004952 	158 	89 	53 	53 
004953 	158 	89 	53 	53 
004954 	158 	89 	53 	53 
004955 	158 	89 	53 	53 
004956 	158 	89 	53 	53 
004957 	158 	89 	53 	53 
004958 	155 	80 	63 	63 
004959 	162 	80 	63 	63 
004960 	169 	83 	53 	53 
004961 	169 	80 	63 	63 
004962 	175 	83 	53 	53 
004963 	176 	80 	63 	63 
004964 	176 	80 	63 	63 
004965 	183 	80 	63 	63 
004966 	187 	89 	53 	53 
004967 	192 	89 	53 	53 
004968 	192 	89 	53 	53 
004969 	190 	87 	63 	63 
004970 	190 	87 	63 	63 
004971 	190 	87 	63 	63 
004972 	198 	89 	53 	53 
004973 	190 	87 	63 	63 
004974 	190 	87 	63 	63 
004975 	190 	87 	63 	63 
004976 	190 	87 	63 	63 
004977 	190 	87 	63 	63 
004978 	190 	87 	63 	63 
004979 	190 	87 	63 	63 
004980 	190 	87 	63 	63 
004981 	190 	87 	63 	63 
004982 	190 	87 	63 	63 
004983 	190 	87 	63 	63 
004984 	192 	89 	53 	53 
004985 	192 	89 	53 	53 
004986 	192 	89 	53 	53 
004987 	192 	89 	53 	53 
004988 	190 	87 	63 	63 
004989 	192 	89 	53 	53 
004990 	190 	87 	63 	63 
004991 	190 	87 	63 	63 
004992 	190 	87 	63 	63 
004993 	192 	89 	53 	53 
004994 	183 	87 	63 	63 
004995 	183 	87 	63 	63 
004996 	183 	87 	63 	63 
004997 	183 	87 	63 	63 
004998 	183 	87 	63 	63 
004999 	183 	87 	63 	63 
005000 	187 	89 	53 	53 
005001 	183 	87 	63 	63 
005002 	187 	89 	53 	53 
005003 	183 	87 	63 	63 
005004 	181 	89 	53 	53 
005005 	181 	89 	53 	53 
005006 	181 	89 	53 	53 
005007 	181 	89 	53 	53 
005008 	181 	89 	53 	53 
005009 	181 	89 	53 	53 
005010 	176 	80 	63 	63 
005011 	176 	80 	63 	63 
005012 	176 	80 	63 	63 
005013 	176 	80 	63 	63 
005014 	176 	80 	63 	63 
005015 	176 	80 	63 	63 
005016 	176 	80 	63 	63 
005017 	176 	80 	63 	63 
005018 	176 	80 	63 	63 
005019 	176 	80 	63 	63 
005020 	176 	87 	63 	63 
005021 	176 	87 	63 	63 
005022 	176 	87 	63 	63 
005023 	176 	87 	63 	63 
005024 	176 	87 	63 	63 
005025 	176 	87 	63 	63 
005026 	175 	89 	53 	53 
005027 	175 	89 	53 	53 
005028 	175 	89 	53 	53 
005029 	175 	89 	53 	53 
005030 	175 	89 	53 	53 
005031 	175 	89 	53 	53 
005032 	169 	80 	63 	63 
005033 	169 	80 	63 	63 
005034 	169 	80 	63 	63 
005035 	169 	83 	53 	53 
