Identity  : 	id10292
Reference : 	gm6PJowclv0
Offset    : 	-2
FV Conf   : 	14.649
ASD Conf  : 	5.701

FRAME 	X 	Y 	W 	H 
003382 	169 	80 	63 	63 
003383 	169 	80 	63 	63 
003384 	175 	83 	53 	53 
003385 	175 	83 	53 	53 
003386 	175 	83 	53 	53 
003387 	175 	83 	53 	53 
003388 	175 	83 	53 	53 
003389 	175 	83 	53 	53 
003390 	175 	83 	53 	53 
003391 	175 	83 	53 	53 
003392 	175 	83 	53 	53 
003393 	175 	83 	53 	53 
003394 	176 	80 	63 	63 
003395 	176 	80 	63 	63 
003396 	176 	80 	63 	63 
003397 	176 	80 	63 	63 
003398 	176 	80 	63 	63 
003399 	176 	80 	63 	63 
003400 	176 	80 	63 	63 
003401 	176 	80 	63 	63 
003402 	176 	80 	63 	63 
003403 	176 	80 	63 	63 
003404 	176 	80 	63 	63 
003405 	176 	80 	63 	63 
003406 	176 	80 	63 	63 
003407 	176 	80 	63 	63 
003408 	183 	80 	63 	63 
003409 	183 	80 	63 	63 
003410 	183 	80 	63 	63 
003411 	183 	80 	63 	63 
003412 	183 	80 	63 	63 
003413 	183 	80 	63 	63 
003414 	183 	80 	63 	63 
003415 	183 	80 	63 	63 
003416 	183 	80 	63 	63 
003417 	183 	80 	63 	63 
003418 	183 	80 	63 	63 
003419 	183 	80 	63 	63 
003420 	187 	89 	53 	53 
003421 	187 	89 	53 	53 
003422 	187 	89 	53 	53 
003423 	187 	89 	53 	53 
003424 	187 	89 	53 	53 
003425 	183 	80 	63 	63 
003426 	183 	80 	63 	63 
003427 	183 	80 	63 	63 
003428 	183 	80 	63 	63 
003429 	183 	80 	63 	63 
003430 	176 	80 	63 	63 
003431 	176 	80 	63 	63 
003432 	176 	80 	63 	63 
003433 	176 	80 	63 	63 
003434 	175 	83 	53 	53 
003435 	169 	80 	63 	63 
003436 	169 	80 	63 	63 
003437 	169 	80 	63 	63 
003438 	169 	83 	53 	53 
003439 	169 	83 	53 	53 
003440 	164 	83 	52 	53 
003441 	164 	83 	52 	53 
003442 	164 	83 	52 	53 
003443 	155 	80 	63 	63 
003444 	158 	83 	53 	53 
003445 	158 	83 	53 	53 
003446 	158 	83 	53 	53 
003447 	158 	83 	53 	53 
003448 	148 	80 	63 	63 
003449 	148 	80 	63 	63 
003450 	148 	80 	63 	63 
003451 	152 	83 	53 	53 
003452 	152 	89 	53 	53 
003453 	152 	89 	53 	53 
003454 	152 	89 	53 	53 
003455 	148 	80 	63 	63 
003456 	148 	80 	63 	63 
003457 	148 	80 	63 	63 
003458 	148 	80 	63 	63 
003459 	148 	80 	63 	63 
003460 	148 	80 	63 	63 
003461 	148 	80 	63 	63 
003462 	158 	89 	53 	53 
003463 	148 	80 	63 	63 
003464 	148 	80 	63 	63 
003465 	148 	80 	63 	63 
003466 	148 	80 	63 	63 
003467 	148 	80 	63 	63 
003468 	158 	89 	53 	53 
003469 	158 	89 	53 	53 
003470 	158 	89 	53 	53 
003471 	158 	89 	53 	53 
003472 	158 	89 	53 	53 
003473 	164 	89 	52 	53 
003474 	162 	80 	63 	63 
003475 	169 	89 	53 	53 
003476 	169 	80 	63 	63 
003477 	175 	83 	53 	53 
003478 	176 	80 	63 	63 
003479 	176 	80 	63 	63 
003480 	176 	80 	63 	63 
003481 	176 	80 	63 	63 
003482 	181 	89 	53 	53 
003483 	183 	80 	63 	63 
003484 	183 	80 	63 	63 
003485 	183 	80 	63 	63 
003486 	183 	80 	63 	63 
003487 	183 	80 	63 	63 
003488 	183 	80 	63 	63 
003489 	183 	80 	63 	63 
003490 	183 	80 	63 	63 
003491 	181 	89 	53 	53 
003492 	181 	89 	53 	53 
003493 	183 	80 	63 	63 
003494 	181 	89 	53 	53 
003495 	181 	89 	53 	53 
003496 	181 	89 	53 	53 
003497 	181 	89 	53 	53 
003498 	176 	80 	63 	63 
003499 	176 	80 	63 	63 
003500 	176 	80 	63 	63 
003501 	176 	80 	63 	63 
003502 	181 	83 	53 	53 
003503 	176 	80 	63 	63 
003504 	176 	80 	63 	63 
003505 	176 	80 	63 	63 
003506 	176 	73 	63 	63 
003507 	176 	73 	63 	63 
003508 	176 	73 	63 	63 
003509 	176 	73 	63 	63 
