Identity  : 	id10297
Reference : 	6pjKcuVoHLM
Offset    : 	-1
FV Conf   : 	17.165
ASD Conf  : 	7.650

FRAME 	X 	Y 	W 	H 
008076 	204 	75 	91 	91 
008077 	204 	75 	91 	91 
008078 	204 	75 	91 	91 
008079 	204 	75 	91 	91 
008080 	204 	75 	91 	91 
008081 	204 	75 	91 	91 
008082 	214 	75 	91 	91 
008083 	214 	75 	91 	91 
008084 	214 	75 	91 	91 
008085 	214 	75 	91 	91 
008086 	214 	75 	91 	91 
008087 	214 	75 	91 	91 
008088 	214 	75 	91 	91 
008089 	214 	85 	91 	91 
008090 	220 	87 	75 	76 
008091 	214 	85 	91 	91 
008092 	214 	85 	91 	91 
008093 	214 	85 	91 	91 
008094 	214 	75 	91 	91 
008095 	214 	75 	91 	91 
008096 	214 	75 	91 	91 
008097 	214 	75 	91 	91 
008098 	214 	75 	91 	91 
008099 	214 	75 	91 	91 
008100 	214 	75 	91 	91 
008101 	214 	75 	91 	91 
008102 	214 	75 	91 	91 
008103 	214 	75 	91 	91 
008104 	224 	75 	91 	91 
008105 	224 	75 	91 	91 
008106 	234 	75 	90 	91 
008107 	234 	75 	90 	91 
008108 	234 	75 	90 	91 
008109 	234 	75 	90 	91 
008110 	234 	75 	90 	91 
008111 	234 	75 	90 	91 
008112 	234 	75 	90 	91 
008113 	234 	75 	90 	91 
008114 	224 	75 	91 	91 
008115 	224 	75 	91 	91 
008116 	224 	75 	91 	91 
008117 	224 	75 	91 	91 
008118 	224 	75 	91 	91 
008119 	224 	75 	91 	91 
008120 	224 	75 	91 	91 
008121 	234 	75 	90 	91 
008122 	234 	75 	90 	91 
008123 	234 	75 	90 	91 
008124 	234 	75 	90 	91 
008125 	224 	75 	91 	91 
008126 	224 	75 	91 	91 
008127 	224 	75 	91 	91 
008128 	224 	75 	91 	91 
008129 	224 	75 	91 	91 
008130 	224 	75 	91 	91 
008131 	224 	75 	91 	91 
008132 	224 	75 	91 	91 
008133 	224 	75 	91 	91 
008134 	234 	75 	90 	91 
008135 	234 	75 	90 	91 
008136 	234 	75 	90 	91 
008137 	234 	75 	90 	91 
008138 	234 	75 	90 	91 
008139 	224 	75 	91 	91 
008140 	224 	75 	91 	91 
008141 	224 	85 	91 	91 
008142 	224 	85 	91 	91 
008143 	224 	85 	91 	91 
008144 	224 	85 	91 	91 
008145 	224 	85 	91 	91 
008146 	224 	85 	91 	91 
008147 	224 	75 	91 	91 
008148 	224 	75 	91 	91 
008149 	224 	75 	91 	91 
008150 	224 	75 	91 	91 
008151 	224 	75 	91 	91 
008152 	224 	75 	91 	91 
008153 	224 	75 	91 	91 
008154 	224 	85 	91 	91 
008155 	224 	85 	91 	91 
008156 	224 	85 	91 	91 
008157 	224 	85 	91 	91 
008158 	224 	85 	91 	91 
008159 	224 	75 	91 	91 
008160 	224 	75 	91 	91 
008161 	224 	75 	91 	91 
008162 	224 	75 	91 	91 
008163 	224 	75 	91 	91 
008164 	224 	75 	91 	91 
008165 	224 	85 	91 	91 
008166 	224 	85 	91 	91 
008167 	224 	85 	91 	91 
008168 	224 	85 	91 	91 
008169 	224 	85 	91 	91 
008170 	224 	85 	91 	91 
008171 	234 	85 	90 	91 
008172 	224 	75 	91 	91 
008173 	224 	75 	91 	91 
008174 	234 	65 	90 	91 
008175 	234 	65 	90 	91 
008176 	234 	65 	90 	91 
008177 	234 	65 	90 	91 
008178 	234 	75 	90 	91 
008179 	234 	75 	90 	91 
008180 	224 	75 	91 	91 
008181 	224 	75 	91 	91 
008182 	224 	85 	91 	91 
008183 	224 	85 	91 	91 
008184 	224 	85 	91 	91 
008185 	224 	85 	91 	91 
008186 	224 	75 	91 	91 
008187 	224 	75 	91 	91 
008188 	224 	75 	91 	91 
008189 	236 	79 	76 	76 
008190 	224 	65 	91 	91 
008191 	224 	65 	91 	91 
008192 	224 	65 	91 	91 
008193 	224 	65 	91 	91 
008194 	224 	65 	91 	91 
008195 	224 	75 	91 	91 
008196 	224 	75 	91 	91 
008197 	224 	75 	91 	91 
008198 	224 	75 	91 	91 
008199 	224 	85 	91 	91 
008200 	224 	85 	91 	91 
008201 	224 	85 	91 	91 
008202 	224 	75 	91 	91 
008203 	224 	75 	91 	91 
008204 	224 	75 	91 	91 
008205 	224 	75 	91 	91 
008206 	224 	75 	91 	91 
008207 	224 	75 	91 	91 
008208 	224 	75 	91 	91 
008209 	224 	75 	91 	91 
008210 	224 	75 	91 	91 
008211 	224 	75 	91 	91 
008212 	224 	75 	91 	91 
008213 	236 	87 	76 	76 
008214 	224 	75 	91 	91 
008215 	224 	75 	91 	91 
008216 	234 	75 	90 	91 
008217 	234 	75 	90 	91 
008218 	234 	75 	90 	91 
008219 	224 	75 	91 	91 
008220 	224 	75 	91 	91 
008221 	224 	75 	91 	91 
008222 	224 	75 	91 	91 
008223 	224 	75 	91 	91 
008224 	224 	75 	91 	91 
008225 	224 	75 	91 	91 
008226 	224 	75 	91 	91 
008227 	224 	75 	91 	91 
008228 	224 	75 	91 	91 
008229 	224 	75 	91 	91 
008230 	224 	75 	91 	91 
008231 	224 	75 	91 	91 
008232 	224 	75 	91 	91 
008233 	224 	75 	91 	91 
008234 	224 	75 	91 	91 
008235 	224 	75 	91 	91 
008236 	224 	75 	91 	91 
008237 	224 	75 	91 	91 
008238 	224 	75 	91 	91 
008239 	224 	75 	91 	91 
008240 	224 	75 	91 	91 
008241 	224 	75 	91 	91 
008242 	224 	75 	91 	91 
008243 	224 	75 	91 	91 
008244 	224 	75 	91 	91 
008245 	224 	75 	91 	91 
008246 	224 	75 	91 	91 
008247 	224 	75 	91 	91 
008248 	224 	75 	91 	91 
008249 	224 	75 	91 	91 
008250 	224 	75 	91 	91 
008251 	224 	75 	91 	91 
008252 	224 	75 	91 	91 
008253 	224 	75 	91 	91 
008254 	224 	75 	91 	91 
008255 	224 	75 	91 	91 
008256 	224 	75 	91 	91 
008257 	224 	75 	91 	91 
008258 	224 	75 	91 	91 
008259 	224 	75 	91 	91 
008260 	224 	75 	91 	91 
008261 	224 	75 	91 	91 
008262 	224 	75 	91 	91 
008263 	224 	75 	91 	91 
008264 	224 	75 	91 	91 
008265 	228 	87 	76 	76 
008266 	228 	87 	76 	76 
008267 	214 	85 	91 	91 
008268 	214 	85 	91 	91 
008269 	214 	85 	91 	91 
008270 	214 	85 	91 	91 
008271 	209 	78 	109 	109 
