Identity  : 	id10297
Reference : 	6pjKcuVoHLM
Offset    : 	-1
FV Conf   : 	17.198
ASD Conf  : 	9.354

FRAME 	X 	Y 	W 	H 
002434 	234 	65 	90 	91 
002435 	224 	65 	91 	91 
002436 	224 	65 	91 	91 
002437 	224 	65 	91 	91 
002438 	224 	65 	91 	91 
002439 	224 	65 	91 	91 
002440 	224 	65 	91 	91 
002441 	224 	65 	91 	91 
002442 	224 	65 	91 	91 
002443 	224 	65 	91 	91 
002444 	224 	65 	91 	91 
002445 	224 	65 	91 	91 
002446 	224 	65 	91 	91 
002447 	224 	65 	91 	91 
002448 	224 	65 	91 	91 
002449 	228 	79 	76 	76 
002450 	228 	79 	76 	76 
002451 	228 	79 	76 	76 
002452 	228 	79 	76 	76 
002453 	228 	79 	76 	76 
002454 	214 	65 	91 	91 
002455 	214 	65 	91 	91 
002456 	214 	65 	91 	91 
002457 	214 	65 	91 	91 
002458 	209 	66 	109 	109 
002459 	209 	66 	109 	109 
002460 	228 	79 	76 	76 
002461 	224 	75 	91 	91 
002462 	228 	79 	76 	76 
002463 	228 	79 	76 	76 
002464 	228 	79 	76 	76 
002465 	214 	75 	91 	91 
002466 	214 	75 	91 	91 
002467 	214 	75 	91 	91 
002468 	214 	75 	91 	91 
002469 	214 	75 	91 	91 
002470 	214 	75 	91 	91 
002471 	214 	75 	91 	91 
002472 	214 	75 	91 	91 
002473 	214 	75 	91 	91 
002474 	214 	75 	91 	91 
002475 	214 	75 	91 	91 
002476 	214 	75 	91 	91 
002477 	214 	75 	91 	91 
002478 	214 	75 	91 	91 
002479 	214 	75 	91 	91 
002480 	214 	75 	91 	91 
002481 	214 	75 	91 	91 
002482 	214 	75 	91 	91 
002483 	214 	75 	91 	91 
002484 	214 	75 	91 	91 
002485 	214 	75 	91 	91 
002486 	214 	75 	91 	91 
002487 	214 	75 	91 	91 
002488 	214 	75 	91 	91 
002489 	214 	75 	91 	91 
002490 	214 	75 	91 	91 
002491 	214 	75 	91 	91 
002492 	214 	75 	91 	91 
002493 	214 	65 	91 	91 
002494 	214 	75 	91 	91 
002495 	197 	66 	109 	109 
002496 	197 	66 	109 	109 
002497 	211 	71 	76 	75 
002498 	204 	65 	91 	91 
002499 	204 	65 	91 	91 
002500 	204 	65 	91 	91 
002501 	203 	71 	76 	75 
002502 	203 	71 	76 	75 
002503 	203 	71 	76 	75 
002504 	203 	71 	76 	75 
002505 	203 	71 	76 	75 
002506 	203 	71 	76 	75 
002507 	203 	71 	76 	75 
002508 	203 	71 	76 	75 
002509 	203 	71 	76 	75 
002510 	203 	71 	76 	75 
002511 	203 	71 	76 	75 
002512 	203 	71 	76 	75 
002513 	204 	65 	91 	91 
002514 	211 	71 	76 	75 
002515 	214 	75 	91 	91 
002516 	214 	75 	91 	91 
002517 	214 	65 	91 	91 
002518 	214 	65 	91 	91 
002519 	224 	75 	91 	91 
002520 	224 	65 	91 	91 
002521 	224 	65 	91 	91 
002522 	224 	65 	91 	91 
002523 	224 	65 	91 	91 
002524 	224 	65 	91 	91 
002525 	224 	65 	91 	91 
002526 	224 	65 	91 	91 
002527 	224 	65 	91 	91 
002528 	224 	65 	91 	91 
002529 	234 	75 	90 	91 
002530 	234 	75 	90 	91 
002531 	234 	75 	90 	91 
002532 	234 	75 	90 	91 
002533 	234 	75 	90 	91 
002534 	234 	75 	90 	91 
002535 	234 	75 	90 	91 
002536 	224 	75 	91 	91 
002537 	224 	75 	91 	91 
002538 	224 	65 	91 	91 
002539 	224 	65 	91 	91 
002540 	224 	65 	91 	91 
002541 	224 	65 	91 	91 
002542 	224 	65 	91 	91 
002543 	224 	65 	91 	91 
002544 	224 	65 	91 	91 
002545 	224 	65 	91 	91 
