Identity  : 	id10297
Reference : 	6pjKcuVoHLM
Offset    : 	-1
FV Conf   : 	18.690
ASD Conf  : 	6.934

FRAME 	X 	Y 	W 	H 
004396 	234 	75 	90 	91 
004397 	234 	75 	90 	91 
004398 	234 	75 	90 	91 
004399 	234 	75 	90 	91 
004400 	236 	87 	76 	76 
004401 	224 	75 	91 	91 
004402 	224 	75 	91 	91 
004403 	224 	75 	91 	91 
004404 	224 	75 	91 	91 
004405 	224 	75 	91 	91 
004406 	224 	65 	91 	91 
004407 	224 	65 	91 	91 
004408 	224 	65 	91 	91 
004409 	236 	79 	76 	76 
004410 	236 	79 	76 	76 
004411 	236 	79 	76 	76 
004412 	224 	75 	91 	91 
004413 	224 	75 	91 	91 
004414 	224 	75 	91 	91 
004415 	224 	75 	91 	91 
004416 	224 	75 	91 	91 
004417 	224 	75 	91 	91 
004418 	224 	75 	91 	91 
004419 	224 	75 	91 	91 
004420 	224 	75 	91 	91 
004421 	224 	65 	91 	91 
004422 	224 	65 	91 	91 
004423 	224 	65 	91 	91 
004424 	224 	65 	91 	91 
004425 	224 	65 	91 	91 
004426 	224 	75 	91 	91 
004427 	224 	75 	91 	91 
004428 	224 	75 	91 	91 
004429 	224 	75 	91 	91 
004430 	224 	75 	91 	91 
004431 	224 	75 	91 	91 
004432 	224 	65 	91 	91 
004433 	224 	65 	91 	91 
004434 	224 	65 	91 	91 
004435 	224 	65 	91 	91 
004436 	224 	65 	91 	91 
004437 	224 	65 	91 	91 
004438 	224 	65 	91 	91 
004439 	224 	65 	91 	91 
004440 	224 	65 	91 	91 
004441 	224 	65 	91 	91 
004442 	224 	65 	91 	91 
004443 	224 	65 	91 	91 
004444 	224 	65 	91 	91 
004445 	224 	65 	91 	91 
004446 	224 	65 	91 	91 
004447 	228 	79 	76 	76 
004448 	224 	65 	91 	91 
004449 	228 	79 	76 	76 
004450 	228 	79 	76 	76 
004451 	228 	79 	76 	76 
004452 	228 	79 	76 	76 
004453 	228 	79 	76 	76 
004454 	228 	79 	76 	76 
004455 	228 	79 	76 	76 
004456 	228 	79 	76 	76 
004457 	228 	79 	76 	76 
004458 	228 	79 	76 	76 
004459 	214 	65 	91 	91 
004460 	228 	79 	76 	76 
004461 	228 	79 	76 	76 
004462 	228 	79 	76 	76 
004463 	228 	79 	76 	76 
004464 	228 	79 	76 	76 
004465 	228 	79 	76 	76 
004466 	228 	79 	76 	76 
004467 	228 	79 	76 	76 
004468 	228 	79 	76 	76 
004469 	228 	79 	76 	76 
004470 	228 	79 	76 	76 
004471 	228 	79 	76 	76 
004472 	228 	79 	76 	76 
004473 	228 	79 	76 	76 
004474 	224 	65 	91 	91 
004475 	224 	65 	91 	91 
004476 	224 	65 	91 	91 
004477 	224 	65 	91 	91 
004478 	224 	65 	91 	91 
004479 	224 	65 	91 	91 
004480 	224 	65 	91 	91 
004481 	224 	65 	91 	91 
004482 	224 	65 	91 	91 
004483 	224 	65 	91 	91 
004484 	224 	65 	91 	91 
004485 	224 	65 	91 	91 
004486 	224 	65 	91 	91 
004487 	224 	65 	91 	91 
004488 	224 	65 	91 	91 
004489 	224 	65 	91 	91 
004490 	224 	65 	91 	91 
004491 	224 	65 	91 	91 
004492 	224 	75 	91 	91 
004493 	224 	75 	91 	91 
004494 	224 	75 	91 	91 
004495 	224 	75 	91 	91 
004496 	224 	75 	91 	91 
004497 	224 	75 	91 	91 
004498 	224 	75 	91 	91 
004499 	224 	75 	91 	91 
004500 	224 	75 	91 	91 
004501 	224 	75 	91 	91 
004502 	224 	65 	91 	91 
004503 	224 	65 	91 	91 
004504 	224 	65 	91 	91 
004505 	224 	65 	91 	91 
004506 	224 	65 	91 	91 
004507 	224 	65 	91 	91 
004508 	224 	75 	91 	91 
004509 	224 	75 	91 	91 
004510 	224 	75 	91 	91 
004511 	224 	75 	91 	91 
004512 	224 	75 	91 	91 
004513 	234 	75 	90 	91 
004514 	221 	66 	109 	109 
004515 	234 	75 	90 	91 
004516 	236 	79 	76 	76 
004517 	224 	65 	91 	91 
004518 	224 	65 	91 	91 
004519 	224 	65 	91 	91 
004520 	224 	65 	91 	91 
004521 	224 	65 	91 	91 
004522 	224 	65 	91 	91 
004523 	224 	75 	91 	91 
004524 	224 	75 	91 	91 
004525 	224 	75 	91 	91 
004526 	224 	75 	91 	91 
004527 	224 	75 	91 	91 
004528 	224 	75 	91 	91 
004529 	236 	79 	76 	76 
004530 	236 	79 	76 	76 
004531 	236 	79 	76 	76 
004532 	234 	75 	90 	91 
004533 	234 	75 	90 	91 
004534 	236 	79 	76 	76 
004535 	236 	79 	76 	76 
004536 	236 	79 	76 	76 
004537 	236 	79 	76 	76 
004538 	236 	79 	76 	76 
004539 	234 	75 	90 	91 
004540 	236 	79 	76 	76 
004541 	234 	75 	90 	91 
004542 	234 	75 	90 	91 
004543 	234 	75 	90 	91 
004544 	234 	75 	90 	91 
004545 	234 	75 	90 	91 
004546 	234 	75 	90 	91 
004547 	234 	75 	90 	91 
004548 	234 	75 	90 	91 
004549 	234 	75 	90 	91 
004550 	234 	75 	90 	91 
004551 	224 	75 	91 	91 
004552 	224 	75 	91 	91 
004553 	224 	75 	91 	91 
004554 	224 	75 	91 	91 
004555 	224 	75 	91 	91 
004556 	224 	75 	91 	91 
004557 	224 	75 	91 	91 
004558 	224 	75 	91 	91 
004559 	224 	75 	91 	91 
004560 	224 	85 	91 	91 
004561 	224 	85 	91 	91 
004562 	224 	85 	91 	91 
004563 	224 	85 	91 	91 
004564 	224 	85 	91 	91 
004565 	224 	85 	91 	91 
004566 	224 	85 	91 	91 
004567 	224 	85 	91 	91 
004568 	224 	85 	91 	91 
004569 	224 	85 	91 	91 
004570 	224 	85 	91 	91 
004571 	224 	85 	91 	91 
004572 	224 	85 	91 	91 
004573 	224 	85 	91 	91 
004574 	224 	85 	91 	91 
004575 	224 	85 	91 	91 
004576 	224 	85 	91 	91 
004577 	224 	85 	91 	91 
004578 	224 	85 	91 	91 
004579 	224 	85 	91 	91 
004580 	234 	85 	90 	91 
004581 	224 	85 	91 	91 
004582 	234 	85 	90 	91 
004583 	234 	85 	90 	91 
004584 	234 	85 	90 	91 
004585 	234 	85 	90 	91 
004586 	234 	85 	90 	91 
004587 	234 	85 	90 	91 
004588 	234 	75 	90 	91 
004589 	224 	85 	91 	91 
004590 	234 	75 	90 	91 
004591 	234 	75 	90 	91 
004592 	234 	75 	90 	91 
004593 	234 	75 	90 	91 
004594 	234 	75 	90 	91 
004595 	234 	75 	90 	91 
004596 	234 	75 	90 	91 
004597 	234 	75 	90 	91 
004598 	224 	75 	91 	91 
004599 	224 	75 	91 	91 
004600 	224 	75 	91 	91 
004601 	224 	75 	91 	91 
004602 	224 	75 	91 	91 
004603 	224 	75 	91 	91 
004604 	236 	87 	76 	76 
004605 	236 	87 	76 	76 
004606 	224 	75 	91 	91 
004607 	224 	75 	91 	91 
004608 	236 	87 	76 	76 
004609 	224 	75 	91 	91 
004610 	224 	75 	91 	91 
004611 	236 	87 	76 	76 
004612 	236 	87 	76 	76 
004613 	224 	75 	91 	91 
004614 	224 	75 	91 	91 
004615 	224 	75 	91 	91 
004616 	224 	75 	91 	91 
004617 	236 	79 	76 	76 
004618 	236 	79 	76 	76 
004619 	236 	79 	76 	76 
004620 	236 	79 	76 	76 
004621 	236 	79 	76 	76 
004622 	224 	65 	91 	91 
004623 	224 	75 	91 	91 
004624 	224 	75 	91 	91 
004625 	224 	75 	91 	91 
004626 	224 	75 	91 	91 
004627 	224 	65 	91 	91 
004628 	228 	79 	76 	76 
004629 	228 	79 	76 	76 
004630 	228 	79 	76 	76 
004631 	214 	75 	91 	91 
004632 	214 	75 	91 	91 
004633 	214 	75 	91 	91 
004634 	214 	75 	91 	91 
004635 	214 	75 	91 	91 
004636 	214 	75 	91 	91 
004637 	214 	75 	91 	91 
004638 	214 	65 	91 	91 
004639 	214 	65 	91 	91 
004640 	228 	79 	76 	76 
004641 	228 	79 	76 	76 
004642 	228 	79 	76 	76 
004643 	228 	79 	76 	76 
004644 	214 	65 	91 	91 
004645 	228 	79 	76 	76 
004646 	228 	79 	76 	76 
004647 	228 	79 	76 	76 
004648 	228 	79 	76 	76 
004649 	214 	65 	91 	91 
004650 	214 	65 	91 	91 
004651 	228 	71 	76 	75 
004652 	228 	71 	76 	75 
004653 	224 	65 	91 	91 
004654 	224 	65 	91 	91 
004655 	224 	65 	91 	91 
004656 	224 	65 	91 	91 
004657 	224 	65 	91 	91 
004658 	224 	65 	91 	91 
004659 	224 	65 	91 	91 
004660 	224 	65 	91 	91 
004661 	224 	65 	91 	91 
004662 	224 	65 	91 	91 
004663 	224 	65 	91 	91 
004664 	224 	65 	91 	91 
004665 	224 	65 	91 	91 
004666 	224 	65 	91 	91 
004667 	224 	65 	91 	91 
004668 	224 	65 	91 	91 
004669 	224 	65 	91 	91 
004670 	224 	65 	91 	91 
004671 	224 	65 	91 	91 
004672 	224 	65 	91 	91 
004673 	224 	65 	91 	91 
004674 	224 	65 	91 	91 
004675 	224 	65 	91 	91 
004676 	224 	65 	91 	91 
004677 	224 	65 	91 	91 
004678 	224 	65 	91 	91 
004679 	224 	65 	91 	91 
004680 	224 	65 	91 	91 
004681 	224 	65 	91 	91 
004682 	224 	65 	91 	91 
004683 	224 	65 	91 	91 
004684 	214 	65 	91 	91 
004685 	214 	65 	91 	91 
004686 	224 	65 	91 	91 
004687 	224 	65 	91 	91 
004688 	224 	65 	91 	91 
004689 	224 	65 	91 	91 
004690 	224 	65 	91 	91 
004691 	224 	65 	91 	91 
004692 	224 	65 	91 	91 
004693 	224 	65 	91 	91 
004694 	224 	65 	91 	91 
004695 	224 	75 	91 	91 
004696 	224 	75 	91 	91 
004697 	224 	75 	91 	91 
004698 	224 	75 	91 	91 
004699 	224 	75 	91 	91 
004700 	224 	75 	91 	91 
004701 	224 	75 	91 	91 
004702 	224 	75 	91 	91 
004703 	224 	75 	91 	91 
004704 	224 	75 	91 	91 
