Identity  : 	id10297
Reference : 	6pjKcuVoHLM
Offset    : 	-1
FV Conf   : 	16.171
ASD Conf  : 	8.375

FRAME 	X 	Y 	W 	H 
010100 	203 	87 	76 	76 
010101 	211 	87 	76 	76 
010102 	211 	87 	76 	76 
010103 	211 	87 	76 	76 
010104 	204 	85 	91 	91 
010105 	204 	75 	91 	91 
010106 	204 	85 	91 	91 
010107 	197 	78 	109 	109 
010108 	197 	78 	109 	109 
010109 	214 	85 	91 	91 
010110 	220 	87 	75 	76 
010111 	220 	87 	75 	76 
010112 	214 	85 	91 	91 
010113 	214 	85 	91 	91 
010114 	214 	85 	91 	91 
010115 	214 	75 	91 	91 
010116 	214 	75 	91 	91 
010117 	214 	75 	91 	91 
010118 	214 	75 	91 	91 
010119 	214 	75 	91 	91 
010120 	214 	75 	91 	91 
010121 	214 	85 	91 	91 
010122 	214 	85 	91 	91 
010123 	214 	85 	91 	91 
010124 	214 	85 	91 	91 
010125 	214 	85 	91 	91 
010126 	214 	75 	91 	91 
010127 	214 	75 	91 	91 
010128 	214 	75 	91 	91 
010129 	214 	75 	91 	91 
010130 	214 	85 	91 	91 
010131 	214 	85 	91 	91 
010132 	214 	75 	91 	91 
010133 	214 	75 	91 	91 
010134 	214 	75 	91 	91 
010135 	214 	75 	91 	91 
010136 	214 	75 	91 	91 
010137 	214 	75 	91 	91 
010138 	214 	85 	91 	91 
010139 	214 	85 	91 	91 
010140 	214 	85 	91 	91 
010141 	214 	85 	91 	91 
010142 	228 	87 	76 	76 
010143 	228 	87 	76 	76 
010144 	228 	87 	76 	76 
010145 	228 	87 	76 	76 
010146 	228 	87 	76 	76 
010147 	228 	87 	76 	76 
010148 	228 	87 	76 	76 
010149 	228 	87 	76 	76 
010150 	228 	87 	76 	76 
010151 	214 	75 	91 	91 
010152 	214 	75 	91 	91 
010153 	214 	75 	91 	91 
010154 	214 	75 	91 	91 
010155 	214 	75 	91 	91 
010156 	214 	75 	91 	91 
010157 	220 	87 	75 	76 
010158 	214 	75 	91 	91 
010159 	220 	87 	75 	76 
010160 	214 	75 	91 	91 
010161 	214 	75 	91 	91 
010162 	214 	75 	91 	91 
010163 	214 	75 	91 	91 
010164 	214 	75 	91 	91 
010165 	214 	85 	91 	91 
010166 	214 	75 	91 	91 
010167 	214 	75 	91 	91 
010168 	214 	75 	91 	91 
010169 	214 	75 	91 	91 
010170 	214 	75 	91 	91 
010171 	214 	75 	91 	91 
010172 	214 	85 	91 	91 
010173 	214 	85 	91 	91 
010174 	214 	85 	91 	91 
010175 	214 	85 	91 	91 
010176 	214 	85 	91 	91 
010177 	214 	85 	91 	91 
010178 	214 	85 	91 	91 
010179 	214 	85 	91 	91 
010180 	214 	85 	91 	91 
010181 	214 	85 	91 	91 
010182 	214 	85 	91 	91 
010183 	214 	85 	91 	91 
010184 	214 	75 	91 	91 
010185 	214 	75 	91 	91 
010186 	214 	75 	91 	91 
010187 	214 	85 	91 	91 
010188 	214 	85 	91 	91 
010189 	214 	85 	91 	91 
010190 	214 	85 	91 	91 
010191 	214 	75 	91 	91 
010192 	228 	87 	76 	76 
010193 	214 	75 	91 	91 
010194 	228 	87 	76 	76 
010195 	228 	87 	76 	76 
010196 	224 	75 	91 	91 
010197 	224 	75 	91 	91 
010198 	224 	65 	91 	91 
010199 	224 	65 	91 	91 
