Identity  : 	id10297
Reference : 	6pjKcuVoHLM
Offset    : 	-1
FV Conf   : 	13.073
ASD Conf  : 	6.545

FRAME 	X 	Y 	W 	H 
008769 	224 	85 	91 	91 
008770 	214 	85 	91 	91 
008771 	214 	85 	91 	91 
008772 	214 	85 	91 	91 
008773 	214 	85 	91 	91 
008774 	214 	85 	91 	91 
008775 	214 	85 	91 	91 
008776 	214 	85 	91 	91 
008777 	214 	85 	91 	91 
008778 	214 	85 	91 	91 
008779 	214 	85 	91 	91 
008780 	214 	85 	91 	91 
008781 	214 	85 	91 	91 
008782 	214 	85 	91 	91 
008783 	214 	85 	91 	91 
008784 	214 	85 	91 	91 
008785 	214 	85 	91 	91 
008786 	214 	85 	91 	91 
008787 	214 	85 	91 	91 
008788 	214 	85 	91 	91 
008789 	214 	85 	91 	91 
008790 	214 	85 	91 	91 
008791 	214 	85 	91 	91 
008792 	214 	85 	91 	91 
008793 	214 	85 	91 	91 
008794 	214 	85 	91 	91 
008795 	214 	85 	91 	91 
008796 	214 	85 	91 	91 
008797 	214 	85 	91 	91 
008798 	214 	85 	91 	91 
008799 	214 	85 	91 	91 
008800 	214 	85 	91 	91 
008801 	214 	85 	91 	91 
008802 	214 	85 	91 	91 
008803 	214 	85 	91 	91 
008804 	214 	85 	91 	91 
008805 	214 	85 	91 	91 
008806 	214 	85 	91 	91 
008807 	214 	85 	91 	91 
008808 	214 	85 	91 	91 
008809 	214 	85 	91 	91 
008810 	214 	85 	91 	91 
008811 	214 	85 	91 	91 
008812 	214 	85 	91 	91 
008813 	214 	85 	91 	91 
008814 	214 	85 	91 	91 
008815 	214 	85 	91 	91 
008816 	214 	85 	91 	91 
008817 	214 	85 	91 	91 
008818 	214 	85 	91 	91 
008819 	214 	85 	91 	91 
008820 	214 	85 	91 	91 
008821 	214 	85 	91 	91 
008822 	214 	85 	91 	91 
008823 	214 	85 	91 	91 
008824 	214 	85 	91 	91 
008825 	214 	85 	91 	91 
008826 	214 	85 	91 	91 
008827 	214 	85 	91 	91 
008828 	214 	85 	91 	91 
008829 	214 	85 	91 	91 
008830 	214 	85 	91 	91 
008831 	214 	85 	91 	91 
008832 	214 	85 	91 	91 
008833 	214 	85 	91 	91 
008834 	214 	85 	91 	91 
008835 	214 	85 	91 	91 
008836 	214 	85 	91 	91 
008837 	214 	85 	91 	91 
008838 	214 	85 	91 	91 
008839 	214 	85 	91 	91 
008840 	214 	85 	91 	91 
008841 	214 	85 	91 	91 
008842 	214 	85 	91 	91 
008843 	214 	85 	91 	91 
008844 	214 	85 	91 	91 
008845 	214 	85 	91 	91 
008846 	214 	85 	91 	91 
008847 	214 	85 	91 	91 
008848 	220 	96 	75 	75 
008849 	214 	85 	91 	91 
008850 	220 	96 	75 	75 
008851 	220 	96 	75 	75 
008852 	214 	85 	91 	91 
008853 	220 	96 	75 	75 
008854 	214 	85 	91 	91 
008855 	220 	96 	75 	75 
008856 	214 	85 	91 	91 
008857 	220 	96 	75 	75 
008858 	220 	96 	75 	75 
008859 	220 	96 	75 	75 
008860 	214 	85 	91 	91 
008861 	220 	96 	75 	75 
008862 	220 	96 	75 	75 
008863 	214 	85 	91 	91 
008864 	214 	85 	91 	91 
008865 	214 	85 	91 	91 
008866 	214 	85 	91 	91 
008867 	214 	85 	91 	91 
008868 	214 	85 	91 	91 
008869 	214 	85 	91 	91 
008870 	214 	85 	91 	91 
008871 	214 	85 	91 	91 
008872 	214 	85 	91 	91 
008873 	214 	85 	91 	91 
008874 	214 	85 	91 	91 
008875 	214 	85 	91 	91 
008876 	214 	85 	91 	91 
008877 	214 	85 	91 	91 
008878 	228 	96 	76 	75 
008879 	228 	96 	76 	75 
008880 	228 	96 	76 	75 
008881 	228 	96 	76 	75 
008882 	228 	96 	76 	75 
008883 	228 	96 	76 	75 
008884 	228 	96 	76 	75 
008885 	228 	96 	76 	75 
008886 	228 	96 	76 	75 
008887 	228 	96 	76 	75 
008888 	228 	96 	76 	75 
008889 	228 	96 	76 	75 
008890 	224 	85 	91 	91 
008891 	224 	85 	91 	91 
008892 	236 	96 	76 	75 
008893 	224 	85 	91 	91 
008894 	224 	85 	91 	91 
008895 	224 	85 	91 	91 
008896 	224 	85 	91 	91 
008897 	224 	85 	91 	91 
008898 	224 	85 	91 	91 
008899 	224 	85 	91 	91 
008900 	224 	85 	91 	91 
008901 	224 	85 	91 	91 
008902 	224 	85 	91 	91 
008903 	224 	85 	91 	91 
008904 	234 	85 	90 	91 
008905 	234 	85 	90 	91 
008906 	244 	85 	90 	91 
008907 	244 	85 	90 	91 
008908 	244 	75 	90 	91 
008909 	246 	75 	90 	91 
008910 	249 	75 	90 	91 
008911 	252 	75 	90 	91 
008912 	254 	75 	90 	91 
008913 	254 	75 	90 	91 
008914 	254 	75 	90 	91 
008915 	254 	75 	90 	91 
008916 	254 	78 	90 	91 
008917 	254 	80 	90 	91 
008918 	254 	82 	90 	91 
008919 	254 	85 	90 	91 
008920 	254 	85 	90 	91 
008921 	254 	85 	90 	91 
008922 	254 	85 	90 	91 
008923 	250 	85 	90 	91 
008924 	246 	85 	90 	91 
008925 	242 	85 	90 	91 
008926 	238 	85 	90 	91 
008927 	234 	85 	90 	91 
008928 	234 	85 	90 	91 
008929 	234 	85 	90 	91 
008930 	234 	85 	90 	91 
008931 	234 	85 	90 	91 
008932 	234 	85 	90 	91 
008933 	234 	85 	90 	91 
008934 	224 	85 	91 	91 
008935 	224 	85 	91 	91 
008936 	224 	85 	91 	91 
008937 	224 	85 	91 	91 
008938 	224 	85 	91 	91 
008939 	224 	85 	91 	91 
008940 	224 	85 	91 	91 
008941 	228 	87 	76 	76 
008942 	228 	87 	76 	76 
008943 	228 	87 	76 	76 
008944 	228 	87 	76 	76 
008945 	214 	75 	91 	91 
008946 	214 	75 	91 	91 
008947 	214 	75 	91 	91 
