Identity  : 	id10307
Reference : 	cR5FfR4TbEI
Offset    : 	-3
FV Conf   : 	20.932
ASD Conf  : 	7.064

FRAME 	X 	Y 	W 	H 
011153 	204 	95 	91 	91 
011154 	194 	95 	91 	91 
011155 	194 	95 	91 	91 
011156 	194 	95 	91 	91 
011157 	184 	95 	91 	91 
011158 	184 	95 	91 	91 
011159 	184 	95 	91 	91 
011160 	184 	95 	91 	91 
011161 	184 	95 	91 	91 
011162 	184 	95 	91 	91 
011163 	184 	95 	91 	91 
011164 	184 	95 	91 	91 
011165 	184 	95 	91 	91 
011166 	184 	95 	91 	91 
011167 	184 	95 	91 	91 
011168 	184 	95 	91 	91 
011169 	195 	104 	75 	76 
011170 	194 	95 	91 	91 
011171 	194 	95 	91 	91 
011172 	194 	95 	91 	91 
011173 	194 	105 	91 	91 
011174 	204 	105 	91 	91 
011175 	204 	105 	91 	91 
011176 	204 	105 	91 	91 
011177 	204 	105 	91 	91 
011178 	204 	105 	91 	91 
011179 	204 	105 	91 	91 
011180 	204 	105 	91 	91 
011181 	204 	105 	91 	91 
011182 	204 	105 	91 	91 
011183 	204 	105 	91 	91 
011184 	204 	105 	91 	91 
011185 	204 	105 	91 	91 
011186 	204 	105 	91 	91 
011187 	204 	105 	91 	91 
011188 	204 	105 	91 	91 
011189 	204 	105 	91 	91 
011190 	204 	105 	91 	91 
011191 	204 	105 	91 	91 
011192 	204 	105 	91 	91 
011193 	204 	105 	91 	91 
011194 	204 	105 	91 	91 
011195 	204 	105 	91 	91 
011196 	204 	105 	91 	91 
011197 	204 	105 	91 	91 
011198 	204 	105 	91 	91 
011199 	204 	105 	91 	91 
011200 	204 	105 	91 	91 
011201 	204 	105 	91 	91 
011202 	204 	95 	91 	91 
011203 	204 	95 	91 	91 
011204 	204 	95 	91 	91 
011205 	204 	95 	91 	91 
011206 	204 	95 	91 	91 
011207 	204 	105 	91 	91 
011208 	204 	105 	91 	91 
011209 	204 	105 	91 	91 
011210 	204 	105 	91 	91 
011211 	204 	105 	91 	91 
011212 	194 	105 	91 	91 
011213 	194 	105 	91 	91 
011214 	194 	105 	91 	91 
011215 	194 	105 	91 	91 
011216 	194 	105 	91 	91 
011217 	194 	105 	91 	91 
011218 	194 	105 	91 	91 
011219 	194 	105 	91 	91 
011220 	184 	95 	91 	91 
011221 	184 	95 	91 	91 
011222 	184 	95 	91 	91 
011223 	174 	95 	91 	91 
011224 	174 	95 	91 	91 
011225 	174 	95 	91 	91 
011226 	174 	95 	91 	91 
011227 	174 	95 	91 	91 
011228 	174 	95 	91 	91 
011229 	174 	95 	91 	91 
011230 	164 	95 	91 	91 
011231 	164 	95 	91 	91 
011232 	154 	95 	91 	91 
011233 	154 	95 	91 	91 
011234 	144 	95 	91 	91 
011235 	144 	95 	91 	91 
011236 	144 	95 	91 	91 
011237 	144 	95 	91 	91 
011238 	144 	95 	91 	91 
011239 	144 	95 	91 	91 
011240 	144 	95 	91 	91 
011241 	144 	95 	91 	91 
011242 	144 	95 	91 	91 
011243 	154 	95 	91 	91 
011244 	154 	95 	91 	91 
011245 	164 	95 	91 	91 
011246 	164 	95 	91 	91 
011247 	164 	95 	91 	91 
011248 	174 	95 	91 	91 
011249 	174 	95 	91 	91 
011250 	184 	95 	91 	91 
011251 	184 	95 	91 	91 
011252 	184 	95 	91 	91 
011253 	194 	95 	91 	91 
011254 	194 	105 	91 	91 
011255 	194 	105 	91 	91 
011256 	194 	105 	91 	91 
011257 	194 	105 	91 	91 
011258 	194 	105 	91 	91 
011259 	194 	105 	91 	91 
011260 	194 	95 	91 	91 
011261 	194 	95 	91 	91 
011262 	194 	95 	91 	91 
011263 	194 	95 	91 	91 
011264 	194 	95 	91 	91 
011265 	194 	95 	91 	91 
011266 	194 	95 	91 	91 
011267 	194 	95 	91 	91 
011268 	194 	85 	91 	91 
011269 	194 	85 	91 	91 
011270 	194 	85 	91 	91 
011271 	194 	85 	91 	91 
011272 	184 	85 	91 	91 
011273 	174 	85 	91 	91 
011274 	174 	85 	91 	91 
011275 	164 	85 	91 	91 
011276 	164 	85 	91 	91 
011277 	154 	85 	91 	91 
011278 	144 	85 	91 	91 
011279 	145 	96 	76 	75 
011280 	134 	85 	91 	91 
011281 	134 	85 	91 	91 
011282 	137 	96 	75 	75 
011283 	137 	96 	75 	75 
011284 	134 	85 	91 	91 
011285 	134 	85 	91 	91 
011286 	134 	85 	91 	91 
011287 	134 	95 	91 	91 
011288 	134 	95 	91 	91 
011289 	134 	95 	91 	91 
011290 	134 	95 	91 	91 
011291 	134 	105 	91 	91 
011292 	134 	105 	91 	91 
011293 	134 	105 	91 	91 
011294 	134 	105 	91 	91 
011295 	134 	105 	91 	91 
011296 	134 	105 	91 	91 
011297 	124 	95 	91 	91 
011298 	124 	95 	91 	91 
011299 	124 	95 	91 	91 
011300 	124 	95 	91 	91 
011301 	124 	95 	91 	91 
011302 	137 	104 	75 	76 
011303 	134 	95 	91 	91 
011304 	134 	95 	91 	91 
011305 	134 	95 	91 	91 
011306 	134 	95 	91 	91 
011307 	134 	95 	91 	91 
011308 	145 	104 	76 	76 
011309 	145 	104 	76 	76 
011310 	145 	104 	76 	76 
011311 	144 	105 	91 	91 
011312 	144 	105 	91 	91 
011313 	144 	105 	91 	91 
011314 	144 	105 	91 	91 
011315 	144 	105 	91 	91 
011316 	144 	105 	91 	91 
011317 	144 	105 	91 	91 
011318 	145 	112 	76 	76 
011319 	145 	112 	76 	76 
011320 	134 	105 	91 	91 
011321 	134 	105 	91 	91 
011322 	134 	105 	91 	91 
011323 	134 	95 	91 	91 
011324 	134 	95 	91 	91 
011325 	134 	95 	91 	91 
011326 	134 	95 	91 	91 
011327 	134 	95 	91 	91 
011328 	134 	95 	91 	91 
011329 	134 	95 	91 	91 
011330 	134 	85 	91 	91 
011331 	134 	85 	91 	91 
011332 	134 	85 	91 	91 
011333 	144 	95 	91 	91 
011334 	144 	95 	91 	91 
011335 	144 	95 	91 	91 
011336 	144 	95 	91 	91 
011337 	144 	95 	91 	91 
011338 	154 	105 	91 	91 
011339 	154 	105 	91 	91 
011340 	154 	105 	91 	91 
011341 	154 	105 	91 	91 
011342 	154 	105 	91 	91 
011343 	144 	105 	91 	91 
011344 	144 	105 	91 	91 
011345 	144 	105 	91 	91 
011346 	144 	95 	91 	91 
011347 	144 	95 	91 	91 
011348 	144 	95 	91 	91 
011349 	144 	95 	91 	91 
011350 	144 	95 	91 	91 
011351 	144 	95 	91 	91 
011352 	154 	95 	91 	91 
011353 	154 	95 	91 	91 
011354 	154 	95 	91 	91 
011355 	154 	95 	91 	91 
011356 	154 	95 	91 	91 
011357 	154 	95 	91 	91 
011358 	154 	95 	91 	91 
011359 	154 	95 	91 	91 
011360 	154 	95 	91 	91 
011361 	154 	95 	91 	91 
011362 	154 	95 	91 	91 
011363 	164 	95 	91 	91 
011364 	164 	95 	91 	91 
011365 	164 	95 	91 	91 
011366 	164 	95 	91 	91 
011367 	178 	96 	76 	75 
011368 	174 	95 	91 	91 
011369 	174 	95 	91 	91 
011370 	184 	95 	91 	91 
011371 	184 	95 	91 	91 
011372 	184 	95 	91 	91 
011373 	184 	105 	91 	91 
011374 	184 	105 	91 	91 
011375 	184 	105 	91 	91 
011376 	184 	105 	91 	91 
011377 	184 	105 	91 	91 
011378 	184 	105 	91 	91 
011379 	186 	104 	76 	76 
011380 	174 	95 	91 	91 
011381 	174 	95 	91 	91 
011382 	174 	95 	91 	91 
011383 	164 	95 	91 	91 
011384 	154 	95 	91 	91 
011385 	154 	105 	91 	91 
011386 	144 	105 	91 	91 
011387 	144 	105 	91 	91 
011388 	144 	105 	91 	91 
011389 	144 	105 	91 	91 
011390 	134 	105 	91 	91 
011391 	134 	105 	91 	91 
011392 	134 	105 	91 	91 
011393 	134 	105 	91 	91 
011394 	134 	105 	91 	91 
011395 	134 	105 	91 	91 
011396 	134 	105 	91 	91 
011397 	134 	105 	91 	91 
011398 	134 	105 	91 	91 
011399 	134 	105 	91 	91 
011400 	134 	105 	91 	91 
011401 	134 	95 	91 	91 
011402 	134 	95 	91 	91 
011403 	134 	95 	91 	91 
011404 	144 	95 	91 	91 
011405 	144 	95 	91 	91 
011406 	144 	95 	91 	91 
011407 	144 	95 	91 	91 
011408 	154 	95 	91 	91 
011409 	154 	95 	91 	91 
011410 	170 	104 	75 	76 
011411 	164 	95 	91 	91 
011412 	164 	95 	91 	91 
011413 	164 	95 	91 	91 
011414 	164 	95 	91 	91 
011415 	164 	95 	91 	91 
011416 	164 	95 	91 	91 
011417 	164 	95 	91 	91 
011418 	164 	95 	91 	91 
011419 	164 	95 	91 	91 
011420 	164 	95 	91 	91 
011421 	178 	104 	76 	76 
011422 	174 	105 	91 	91 
011423 	174 	105 	91 	91 
011424 	184 	105 	91 	91 
011425 	184 	105 	91 	91 
011426 	184 	105 	91 	91 
011427 	194 	105 	91 	91 
011428 	194 	105 	91 	91 
011429 	204 	105 	91 	91 
011430 	204 	105 	91 	91 
011431 	214 	105 	91 	91 
011432 	214 	105 	91 	91 
011433 	214 	105 	91 	91 
011434 	214 	105 	91 	91 
011435 	214 	105 	91 	91 
011436 	214 	105 	91 	91 
011437 	214 	105 	91 	91 
011438 	224 	105 	91 	91 
011439 	224 	105 	91 	91 
011440 	214 	105 	91 	91 
011441 	214 	105 	91 	91 
011442 	214 	105 	91 	91 
011443 	214 	105 	91 	91 
011444 	214 	95 	91 	91 
011445 	214 	95 	91 	91 
011446 	204 	95 	91 	91 
011447 	204 	105 	91 	91 
011448 	204 	105 	91 	91 
011449 	220 	112 	75 	76 
011450 	220 	112 	75 	76 
011451 	214 	105 	91 	91 
011452 	214 	105 	91 	91 
011453 	214 	105 	91 	91 
011454 	214 	105 	91 	91 
011455 	214 	105 	91 	91 
011456 	214 	105 	91 	91 
011457 	214 	105 	91 	91 
011458 	214 	115 	91 	91 
011459 	214 	115 	91 	91 
011460 	214 	115 	91 	91 
011461 	214 	115 	91 	91 
011462 	214 	105 	91 	91 
011463 	214 	105 	91 	91 
011464 	214 	105 	91 	91 
011465 	214 	105 	91 	91 
011466 	214 	105 	91 	91 
011467 	214 	105 	91 	91 
011468 	214 	105 	91 	91 
011469 	220 	112 	75 	76 
011470 	214 	115 	91 	91 
011471 	204 	115 	91 	91 
011472 	204 	115 	91 	91 
011473 	204 	115 	91 	91 
011474 	204 	115 	91 	91 
011475 	194 	115 	91 	91 
011476 	194 	115 	91 	91 
011477 	194 	115 	91 	91 
011478 	194 	115 	91 	91 
011479 	184 	115 	91 	91 
011480 	184 	125 	91 	90 
011481 	184 	125 	91 	90 
011482 	184 	125 	91 	90 
011483 	184 	125 	91 	90 
011484 	186 	129 	76 	75 
011485 	174 	115 	91 	91 
011486 	174 	115 	91 	91 
011487 	174 	115 	91 	91 
011488 	174 	115 	91 	91 
011489 	174 	115 	91 	91 
011490 	174 	115 	91 	91 
011491 	174 	115 	91 	91 
011492 	174 	115 	91 	91 
011493 	174 	115 	91 	91 
011494 	174 	115 	91 	91 
011495 	174 	115 	91 	91 
011496 	174 	125 	91 	90 
011497 	174 	125 	91 	90 
011498 	174 	135 	91 	90 
011499 	164 	145 	91 	90 
011500 	164 	145 	91 	90 
011501 	178 	154 	76 	75 
011502 	178 	154 	76 	75 
011503 	164 	145 	91 	90 
011504 	164 	145 	91 	90 
011505 	164 	135 	91 	90 
011506 	164 	135 	91 	90 
011507 	164 	135 	91 	90 
011508 	164 	125 	91 	90 
011509 	164 	125 	91 	90 
011510 	170 	137 	75 	76 
011511 	164 	135 	91 	90 
011512 	164 	135 	91 	90 
011513 	164 	135 	91 	90 
011514 	164 	135 	91 	90 
011515 	164 	135 	91 	90 
011516 	164 	135 	91 	90 
011517 	164 	135 	91 	90 
011518 	164 	135 	91 	90 
011519 	164 	135 	91 	90 
011520 	164 	135 	91 	90 
011521 	174 	135 	91 	90 
011522 	174 	135 	91 	90 
011523 	174 	135 	91 	90 
011524 	174 	135 	91 	90 
011525 	174 	135 	91 	90 
011526 	174 	135 	91 	90 
011527 	174 	135 	91 	90 
011528 	174 	135 	91 	90 
011529 	174 	135 	91 	90 
011530 	174 	135 	91 	90 
011531 	174 	135 	91 	90 
011532 	174 	135 	91 	90 
011533 	174 	135 	91 	90 
011534 	174 	135 	91 	90 
011535 	174 	135 	91 	90 
011536 	174 	135 	91 	90 
011537 	174 	135 	91 	90 
011538 	186 	137 	76 	76 
011539 	186 	137 	76 	76 
011540 	184 	125 	91 	90 
011541 	184 	125 	91 	90 
011542 	184 	125 	91 	90 
011543 	184 	125 	91 	90 
011544 	184 	125 	91 	90 
011545 	184 	125 	91 	90 
011546 	184 	125 	91 	90 
011547 	184 	125 	91 	90 
011548 	184 	125 	91 	90 
011549 	184 	125 	91 	90 
011550 	184 	125 	91 	90 
011551 	184 	125 	91 	90 
011552 	184 	125 	91 	90 
011553 	184 	125 	91 	90 
011554 	186 	129 	76 	75 
011555 	184 	125 	91 	90 
011556 	184 	115 	91 	91 
011557 	184 	115 	91 	91 
011558 	184 	115 	91 	91 
011559 	184 	115 	91 	91 
011560 	184 	115 	91 	91 
011561 	184 	115 	91 	91 
011562 	184 	115 	91 	91 
011563 	184 	115 	91 	91 
011564 	184 	115 	91 	91 
011565 	184 	115 	91 	91 
011566 	184 	115 	91 	91 
011567 	184 	105 	91 	91 
011568 	184 	105 	91 	91 
011569 	174 	105 	91 	91 
011570 	174 	105 	91 	91 
011571 	174 	105 	91 	91 
011572 	174 	105 	91 	91 
011573 	174 	105 	91 	91 
011574 	174 	95 	91 	91 
011575 	174 	95 	91 	91 
011576 	174 	95 	91 	91 
011577 	184 	95 	91 	91 
011578 	184 	95 	91 	91 
011579 	194 	95 	91 	91 
011580 	194 	95 	91 	91 
011581 	194 	95 	91 	91 
011582 	204 	95 	91 	91 
011583 	204 	95 	91 	91 
011584 	204 	105 	91 	91 
011585 	204 	105 	91 	91 
011586 	204 	105 	91 	91 
011587 	204 	105 	91 	91 
011588 	204 	105 	91 	91 
011589 	204 	105 	91 	91 
011590 	204 	105 	91 	91 
011591 	204 	105 	91 	91 
011592 	204 	105 	91 	91 
011593 	204 	105 	91 	91 
011594 	204 	105 	91 	91 
011595 	204 	105 	91 	91 
011596 	204 	105 	91 	91 
011597 	204 	105 	91 	91 
011598 	204 	105 	91 	91 
011599 	204 	105 	91 	91 
011600 	204 	105 	91 	91 
011601 	204 	105 	91 	91 
011602 	204 	105 	91 	91 
011603 	204 	105 	91 	91 
011604 	204 	105 	91 	91 
011605 	204 	115 	91 	91 
011606 	204 	115 	91 	91 
011607 	204 	115 	91 	91 
011608 	204 	115 	91 	91 
011609 	204 	115 	91 	91 
011610 	194 	115 	91 	91 
011611 	194 	115 	91 	91 
011612 	194 	115 	91 	91 
011613 	194 	115 	91 	91 
011614 	194 	115 	91 	91 
011615 	194 	115 	91 	91 
011616 	194 	115 	91 	91 
011617 	194 	115 	91 	91 
011618 	194 	115 	91 	91 
011619 	194 	115 	91 	91 
011620 	194 	115 	91 	91 
