Identity  : 	id10280
Reference : 	9AtE4C309P8
Offset    : 	-3
FV Conf   : 	17.298
ASD Conf  : 	6.205

FRAME 	X 	Y 	W 	H 
001149 	244 	105 	90 	91 
001150 	244 	105 	90 	91 
001151 	233 	90 	109 	109 
001152 	233 	90 	109 	109 
001153 	233 	90 	109 	109 
001154 	244 	95 	90 	91 
001155 	244 	95 	90 	91 
001156 	244 	105 	90 	91 
001157 	244 	105 	90 	91 
001158 	244 	105 	90 	91 
001159 	233 	90 	109 	109 
001160 	233 	90 	109 	109 
001161 	233 	90 	109 	109 
001162 	244 	95 	90 	91 
001163 	244 	95 	90 	91 
001164 	244 	95 	90 	91 
001165 	244 	95 	90 	91 
001166 	254 	95 	90 	91 
001167 	254 	95 	90 	91 
001168 	254 	95 	90 	91 
001169 	254 	95 	90 	91 
001170 	254 	95 	90 	91 
001171 	254 	95 	90 	91 
001172 	254 	95 	90 	91 
001173 	254 	95 	90 	91 
001174 	254 	95 	90 	91 
001175 	254 	95 	90 	91 
001176 	254 	95 	90 	91 
001177 	245 	90 	109 	109 
001178 	245 	90 	109 	109 
001179 	254 	95 	90 	91 
001180 	254 	95 	90 	91 
001181 	254 	95 	90 	91 
001182 	254 	95 	90 	91 
001183 	254 	95 	90 	91 
001184 	254 	95 	90 	91 
001185 	254 	95 	90 	91 
001186 	254 	95 	90 	91 
001187 	254 	95 	90 	91 
001188 	254 	95 	90 	91 
001189 	254 	95 	90 	91 
001190 	254 	95 	90 	91 
001191 	254 	95 	90 	91 
001192 	254 	95 	90 	91 
001193 	254 	95 	90 	91 
001194 	254 	95 	90 	91 
001195 	245 	90 	109 	109 
001196 	245 	90 	109 	109 
001197 	245 	90 	109 	109 
001198 	245 	90 	109 	109 
001199 	245 	90 	109 	109 
001200 	245 	90 	109 	109 
001201 	264 	105 	90 	91 
001202 	264 	105 	90 	91 
001203 	264 	105 	90 	91 
001204 	264 	105 	90 	91 
001205 	264 	105 	90 	91 
001206 	264 	105 	90 	91 
001207 	264 	105 	90 	91 
001208 	264 	105 	90 	91 
001209 	264 	105 	90 	91 
001210 	264 	115 	90 	91 
001211 	264 	115 	90 	91 
001212 	245 	102 	109 	109 
001213 	264 	115 	90 	91 
001214 	245 	102 	109 	109 
001215 	264 	115 	90 	91 
001216 	264 	115 	90 	91 
001217 	264 	105 	90 	91 
001218 	254 	105 	90 	91 
001219 	254 	105 	90 	91 
001220 	245 	102 	109 	109 
001221 	245 	102 	109 	109 
001222 	254 	115 	90 	91 
001223 	254 	115 	90 	91 
001224 	245 	114 	109 	109 
001225 	264 	135 	90 	90 
001226 	264 	135 	90 	90 
001227 	264 	135 	90 	90 
001228 	264 	135 	90 	90 
001229 	264 	125 	90 	90 
001230 	245 	114 	109 	109 
001231 	254 	115 	90 	91 
001232 	254 	115 	90 	91 
001233 	245 	102 	109 	109 
001234 	254 	105 	90 	91 
001235 	254 	105 	90 	91 
001236 	254 	105 	90 	91 
001237 	254 	105 	90 	91 
001238 	245 	90 	109 	109 
001239 	245 	90 	109 	109 
001240 	245 	90 	109 	109 
001241 	245 	90 	109 	109 
001242 	245 	90 	109 	109 
001243 	254 	105 	90 	91 
001244 	254 	105 	90 	91 
001245 	254 	105 	90 	91 
001246 	245 	90 	109 	109 
001247 	245 	90 	109 	109 
001248 	245 	90 	109 	109 
001249 	245 	90 	109 	109 
001250 	245 	90 	109 	109 
001251 	245 	90 	109 	109 
001252 	254 	105 	90 	91 
001253 	254 	105 	90 	91 
001254 	245 	102 	109 	109 
001255 	245 	102 	109 	109 
001256 	254 	105 	90 	91 
001257 	254 	105 	90 	91 
001258 	254 	105 	90 	91 
001259 	245 	90 	109 	109 
001260 	245 	90 	109 	109 
001261 	245 	90 	109 	109 
001262 	245 	90 	109 	109 
001263 	245 	90 	109 	109 
001264 	245 	90 	109 	109 
001265 	245 	90 	109 	109 
001266 	245 	90 	109 	109 
001267 	245 	90 	109 	109 
001268 	245 	90 	109 	109 
001269 	245 	90 	109 	109 
001270 	245 	90 	109 	109 
001271 	245 	90 	109 	109 
001272 	245 	90 	109 	109 
001273 	245 	90 	109 	109 
001274 	254 	95 	90 	91 
001275 	254 	95 	90 	91 
001276 	254 	95 	90 	91 
001277 	254 	95 	90 	91 
001278 	254 	95 	90 	91 
001279 	254 	95 	90 	91 
001280 	254 	95 	90 	91 
001281 	254 	95 	90 	91 
001282 	254 	95 	90 	91 
001283 	254 	95 	90 	91 
001284 	254 	95 	90 	91 
001285 	254 	95 	90 	91 
001286 	254 	95 	90 	91 
001287 	254 	95 	90 	91 
001288 	254 	95 	90 	91 
001289 	254 	95 	90 	91 
001290 	254 	105 	90 	91 
001291 	254 	105 	90 	91 
001292 	254 	105 	90 	91 
001293 	254 	105 	90 	91 
001294 	254 	105 	90 	91 
001295 	254 	105 	90 	91 
001296 	254 	105 	90 	91 
001297 	254 	105 	90 	91 
001298 	254 	105 	90 	91 
001299 	254 	105 	90 	91 
001300 	254 	115 	90 	91 
001301 	254 	105 	90 	91 
001302 	254 	115 	90 	91 
001303 	254 	105 	90 	91 
001304 	254 	115 	90 	91 
001305 	254 	115 	90 	91 
001306 	254 	115 	90 	91 
001307 	254 	115 	90 	91 
001308 	254 	115 	90 	91 
001309 	254 	115 	90 	91 
001310 	254 	115 	90 	91 
001311 	254 	115 	90 	91 
001312 	254 	115 	90 	91 
001313 	254 	105 	90 	91 
001314 	254 	105 	90 	91 
001315 	254 	105 	90 	91 
001316 	254 	105 	90 	91 
001317 	254 	105 	90 	91 
001318 	254 	115 	90 	91 
001319 	254 	115 	90 	91 
001320 	254 	115 	90 	91 
001321 	254 	115 	90 	91 
001322 	254 	115 	90 	91 
001323 	254 	115 	90 	91 
001324 	254 	115 	90 	91 
001325 	254 	115 	90 	91 
001326 	254 	115 	90 	91 
001327 	254 	115 	90 	91 
001328 	254 	115 	90 	91 
001329 	254 	115 	90 	91 
001330 	254 	115 	90 	91 
001331 	254 	115 	90 	91 
001332 	254 	115 	90 	91 
001333 	254 	115 	90 	91 
001334 	254 	115 	90 	91 
001335 	264 	115 	90 	91 
001336 	264 	115 	90 	91 
001337 	254 	115 	90 	91 
001338 	254 	115 	90 	91 
001339 	254 	115 	90 	91 
001340 	254 	115 	90 	91 
001341 	254 	115 	90 	91 
001342 	254 	115 	90 	91 
001343 	244 	115 	90 	91 
001344 	244 	115 	90 	91 
001345 	244 	115 	90 	91 
001346 	244 	115 	90 	91 
001347 	244 	115 	90 	91 
001348 	244 	115 	90 	91 
001349 	244 	115 	90 	91 
001350 	244 	115 	90 	91 
001351 	244 	115 	90 	91 
001352 	234 	115 	90 	91 
001353 	234 	115 	90 	91 
001354 	234 	115 	90 	91 
001355 	234 	115 	90 	91 
001356 	234 	115 	90 	91 
001357 	234 	115 	90 	91 
001358 	234 	115 	90 	91 
001359 	234 	115 	90 	91 
001360 	234 	115 	90 	91 
001361 	244 	115 	90 	91 
001362 	244 	115 	90 	91 
001363 	244 	115 	90 	91 
001364 	244 	115 	90 	91 
001365 	244 	115 	90 	91 
001366 	244 	115 	90 	91 
001367 	254 	115 	90 	91 
001368 	254 	115 	90 	91 
001369 	254 	125 	90 	90 
001370 	254 	125 	90 	90 
001371 	254 	125 	90 	90 
001372 	254 	125 	90 	90 
001373 	254 	125 	90 	90 
001374 	254 	125 	90 	90 
001375 	254 	125 	90 	90 
001376 	254 	115 	90 	91 
001377 	254 	115 	90 	91 
001378 	254 	115 	90 	91 
001379 	254 	115 	90 	91 
001380 	254 	115 	90 	91 
001381 	254 	115 	90 	91 
001382 	254 	115 	90 	91 
001383 	254 	115 	90 	91 
001384 	254 	115 	90 	91 
001385 	254 	115 	90 	91 
001386 	254 	115 	90 	91 
001387 	254 	115 	90 	91 
001388 	254 	115 	90 	91 
001389 	254 	115 	90 	91 
001390 	254 	115 	90 	91 
001391 	254 	115 	90 	91 
001392 	254 	115 	90 	91 
001393 	254 	115 	90 	91 
001394 	254 	115 	90 	91 
001395 	254 	115 	90 	91 
001396 	254 	115 	90 	91 
001397 	254 	115 	90 	91 
001398 	254 	115 	90 	91 
001399 	254 	115 	90 	91 
001400 	254 	115 	90 	91 
001401 	254 	115 	90 	91 
001402 	254 	115 	90 	91 
001403 	254 	115 	90 	91 
001404 	254 	115 	90 	91 
001405 	254 	115 	90 	91 
001406 	254 	115 	90 	91 
001407 	254 	115 	90 	91 
001408 	254 	115 	90 	91 
001409 	254 	115 	90 	91 
001410 	254 	115 	90 	91 
001411 	254 	115 	90 	91 
001412 	254 	115 	90 	91 
001413 	254 	115 	90 	91 
001414 	254 	115 	90 	91 
001415 	254 	105 	90 	91 
001416 	254 	115 	90 	91 
001417 	254 	115 	90 	91 
001418 	254 	115 	90 	91 
001419 	254 	115 	90 	91 
001420 	254 	115 	90 	91 
001421 	254 	115 	90 	91 
001422 	254 	115 	90 	91 
001423 	254 	115 	90 	91 
001424 	254 	115 	90 	91 
001425 	254 	115 	90 	91 
001426 	254 	115 	90 	91 
001427 	254 	115 	90 	91 
001428 	254 	115 	90 	91 
