Identity  : 	id10280
Reference : 	9AtE4C309P8
Offset    : 	-3
FV Conf   : 	20.064
ASD Conf  : 	8.724

FRAME 	X 	Y 	W 	H 
004891 	208 	123 	130 	130 
004892 	208 	123 	130 	130 
004893 	208 	123 	130 	130 
004894 	208 	123 	130 	130 
004895 	208 	123 	130 	130 
004896 	208 	123 	130 	130 
004897 	208 	123 	130 	130 
004898 	208 	123 	130 	130 
004899 	208 	123 	130 	130 
004900 	208 	123 	130 	130 
004901 	208 	123 	130 	130 
004902 	208 	123 	130 	130 
004903 	208 	123 	130 	130 
004904 	208 	123 	130 	130 
004905 	208 	123 	130 	130 
004906 	208 	123 	130 	130 
004907 	208 	109 	130 	130 
004908 	208 	109 	130 	130 
004909 	208 	109 	130 	130 
004910 	208 	109 	130 	130 
004911 	208 	109 	130 	130 
004912 	208 	109 	130 	130 
004913 	208 	123 	130 	130 
004914 	208 	123 	130 	130 
004915 	208 	109 	130 	130 
004916 	208 	109 	130 	130 
004917 	208 	109 	130 	130 
004918 	208 	109 	130 	130 
004919 	208 	109 	130 	130 
004920 	208 	109 	130 	130 
004921 	208 	109 	130 	130 
004922 	208 	109 	130 	130 
004923 	223 	109 	130 	130 
004924 	223 	109 	130 	130 
004925 	223 	109 	130 	130 
004926 	223 	109 	130 	130 
004927 	223 	109 	130 	130 
004928 	223 	94 	130 	130 
004929 	223 	109 	130 	130 
004930 	223 	109 	130 	130 
004931 	223 	109 	130 	130 
004932 	223 	109 	130 	130 
004933 	223 	109 	130 	130 
004934 	223 	109 	130 	130 
004935 	245 	114 	109 	109 
004936 	245 	114 	109 	109 
004937 	245 	114 	109 	109 
004938 	237 	109 	130 	130 
004939 	237 	109 	130 	130 
004940 	223 	109 	130 	130 
004941 	223 	109 	130 	130 
004942 	223 	109 	130 	130 
004943 	223 	109 	130 	130 
004944 	223 	109 	130 	130 
004945 	223 	109 	130 	130 
004946 	223 	109 	130 	130 
004947 	223 	109 	130 	130 
004948 	223 	109 	130 	130 
004949 	223 	109 	130 	130 
004950 	223 	109 	130 	130 
004951 	223 	109 	130 	130 
004952 	223 	109 	130 	130 
004953 	223 	109 	130 	130 
004954 	223 	109 	130 	130 
004955 	223 	109 	130 	130 
004956 	223 	109 	130 	130 
004957 	223 	109 	130 	130 
004958 	223 	109 	130 	130 
004959 	223 	109 	130 	130 
004960 	223 	109 	130 	130 
004961 	223 	109 	130 	130 
004962 	223 	109 	130 	130 
004963 	223 	109 	130 	130 
004964 	223 	109 	130 	130 
004965 	223 	109 	130 	130 
004966 	223 	109 	130 	130 
004967 	223 	109 	130 	130 
004968 	223 	109 	130 	130 
004969 	223 	109 	130 	130 
004970 	223 	109 	130 	130 
004971 	223 	109 	130 	130 
004972 	223 	109 	130 	130 
004973 	223 	123 	130 	130 
004974 	223 	123 	130 	130 
004975 	223 	123 	130 	130 
004976 	223 	123 	130 	130 
004977 	223 	123 	130 	130 
004978 	223 	123 	130 	130 
004979 	223 	123 	130 	130 
004980 	223 	123 	130 	130 
004981 	223 	123 	130 	130 
004982 	223 	123 	130 	130 
004983 	223 	123 	130 	130 
004984 	223 	123 	130 	130 
004985 	223 	123 	130 	130 
004986 	223 	123 	130 	130 
004987 	233 	126 	109 	109 
004988 	233 	126 	109 	109 
004989 	233 	126 	109 	109 
004990 	223 	109 	130 	130 
004991 	223 	109 	130 	130 
004992 	223 	109 	130 	130 
004993 	223 	109 	130 	130 
004994 	223 	109 	130 	130 
004995 	223 	109 	130 	130 
004996 	223 	109 	130 	130 
004997 	223 	109 	130 	130 
004998 	223 	109 	130 	130 
004999 	223 	109 	130 	130 
005000 	223 	109 	130 	130 
005001 	223 	109 	130 	130 
005002 	223 	109 	130 	130 
005003 	223 	109 	130 	130 
005004 	223 	109 	130 	130 
005005 	223 	109 	130 	130 
005006 	223 	109 	130 	130 
005007 	223 	109 	130 	130 
005008 	223 	109 	130 	130 
005009 	223 	109 	130 	130 
005010 	223 	109 	130 	130 
005011 	223 	109 	130 	130 
005012 	233 	126 	109 	109 
005013 	233 	126 	109 	109 
005014 	233 	126 	109 	109 
005015 	233 	126 	109 	109 
005016 	233 	126 	109 	109 
005017 	233 	126 	109 	109 
005018 	233 	126 	109 	109 
005019 	233 	126 	109 	109 
005020 	233 	126 	109 	109 
005021 	233 	126 	109 	109 
005022 	208 	109 	130 	130 
005023 	208 	109 	130 	130 
005024 	208 	109 	130 	130 
005025 	208 	109 	130 	130 
005026 	208 	109 	130 	130 
005027 	208 	109 	130 	130 
005028 	208 	109 	130 	130 
005029 	208 	109 	130 	130 
005030 	208 	109 	130 	130 
005031 	208 	109 	130 	130 
005032 	208 	109 	130 	130 
005033 	208 	109 	130 	130 
005034 	208 	109 	130 	130 
005035 	208 	109 	130 	130 
005036 	208 	109 	130 	130 
005037 	208 	109 	130 	130 
005038 	208 	109 	130 	130 
005039 	208 	109 	130 	130 
005040 	208 	109 	130 	130 
005041 	223 	109 	130 	130 
005042 	223 	109 	130 	130 
005043 	223 	109 	130 	130 
005044 	223 	109 	130 	130 
005045 	223 	109 	130 	130 
005046 	223 	109 	130 	130 
005047 	223 	109 	130 	130 
005048 	223 	109 	130 	130 
005049 	223 	109 	130 	130 
005050 	223 	109 	130 	130 
005051 	223 	109 	130 	130 
005052 	245 	114 	109 	109 
005053 	237 	109 	130 	130 
005054 	223 	109 	130 	130 
005055 	223 	109 	130 	130 
005056 	223 	109 	130 	130 
