Identity  : 	id10295
Reference : 	K1gPy1UKmBE
Offset    : 	-2
FV Conf   : 	15.552
ASD Conf  : 	5.948

FRAME 	X 	Y 	W 	H 
002136 	266 	114 	63 	63 
002137 	266 	114 	63 	63 
002138 	266 	114 	63 	63 
002139 	266 	114 	63 	63 
002140 	266 	114 	63 	63 
002141 	266 	114 	63 	63 
002142 	266 	114 	63 	63 
002143 	266 	114 	63 	63 
002144 	266 	114 	63 	63 
002145 	266 	114 	63 	63 
002146 	266 	114 	63 	63 
002147 	266 	114 	63 	63 
002148 	266 	114 	63 	63 
002149 	266 	114 	63 	63 
002150 	266 	114 	63 	63 
002151 	266 	114 	63 	63 
002152 	266 	114 	63 	63 
002153 	266 	114 	63 	63 
002154 	259 	114 	63 	63 
002155 	259 	114 	63 	63 
002156 	259 	114 	63 	63 
002157 	259 	114 	63 	63 
002158 	259 	114 	63 	63 
002159 	259 	114 	63 	63 
002160 	259 	114 	63 	63 
002161 	259 	114 	63 	63 
002162 	259 	114 	63 	63 
002163 	259 	114 	63 	63 
002164 	259 	114 	63 	63 
002165 	259 	114 	63 	63 
002166 	259 	114 	63 	63 
002167 	259 	114 	63 	63 
002168 	259 	114 	63 	63 
002169 	259 	114 	63 	63 
002170 	259 	114 	63 	63 
002171 	259 	114 	63 	63 
002172 	259 	114 	63 	63 
002173 	259 	114 	63 	63 
002174 	259 	114 	63 	63 
002175 	259 	114 	63 	63 
002176 	259 	114 	63 	63 
002177 	259 	114 	63 	63 
002178 	259 	114 	63 	63 
002179 	259 	114 	63 	63 
002180 	259 	114 	63 	63 
002181 	259 	114 	63 	63 
002182 	259 	114 	63 	63 
002183 	259 	114 	63 	63 
002184 	259 	114 	63 	63 
002185 	259 	114 	63 	63 
002186 	259 	114 	63 	63 
002187 	259 	114 	63 	63 
002188 	259 	114 	63 	63 
002189 	259 	114 	63 	63 
002190 	259 	114 	63 	63 
002191 	266 	114 	63 	63 
002192 	259 	114 	63 	63 
002193 	259 	114 	63 	63 
002194 	259 	114 	63 	63 
002195 	259 	114 	63 	63 
002196 	259 	114 	63 	63 
002197 	259 	114 	63 	63 
002198 	259 	114 	63 	63 
002199 	259 	114 	63 	63 
002200 	259 	114 	63 	63 
002201 	259 	114 	63 	63 
002202 	259 	114 	63 	63 
002203 	259 	114 	63 	63 
002204 	259 	114 	63 	63 
002205 	259 	114 	63 	63 
002206 	259 	114 	63 	63 
002207 	259 	114 	63 	63 
002208 	259 	114 	63 	63 
002209 	259 	114 	63 	63 
002210 	259 	114 	63 	63 
002211 	259 	114 	63 	63 
002212 	259 	107 	63 	63 
002213 	259 	107 	63 	63 
002214 	259 	107 	63 	63 
002215 	252 	107 	63 	63 
002216 	252 	107 	63 	63 
002217 	252 	107 	63 	63 
002218 	259 	107 	63 	63 
002219 	252 	107 	63 	63 
002220 	252 	107 	63 	63 
002221 	252 	107 	63 	63 
002222 	252 	107 	63 	63 
002223 	252 	107 	63 	63 
002224 	259 	114 	63 	63 
002225 	259 	114 	63 	63 
002226 	259 	114 	63 	63 
002227 	259 	114 	63 	63 
002228 	259 	114 	63 	63 
002229 	252 	107 	63 	63 
002230 	252 	107 	63 	63 
002231 	252 	107 	63 	63 
002232 	252 	107 	63 	63 
002233 	252 	107 	63 	63 
002234 	252 	114 	63 	63 
002235 	252 	107 	63 	63 
002236 	252 	107 	63 	63 
002237 	252 	107 	63 	63 
002238 	252 	107 	63 	63 
002239 	252 	107 	63 	63 
002240 	252 	107 	63 	63 
002241 	252 	114 	63 	63 
002242 	252 	114 	63 	63 
002243 	252 	114 	63 	63 
002244 	252 	114 	63 	63 
002245 	252 	114 	63 	63 
002246 	252 	114 	63 	63 
002247 	252 	114 	63 	63 
002248 	252 	114 	63 	63 
002249 	252 	114 	63 	63 
002250 	252 	114 	63 	63 
002251 	252 	114 	63 	63 
002252 	252 	114 	63 	63 
002253 	252 	114 	63 	63 
002254 	252 	114 	63 	63 
002255 	252 	114 	63 	63 
002256 	252 	114 	63 	63 
002257 	252 	114 	63 	63 
002258 	252 	114 	63 	63 
002259 	252 	114 	63 	63 
002260 	252 	114 	63 	63 
002261 	252 	114 	63 	63 
002262 	252 	114 	63 	63 
002263 	252 	114 	63 	63 
002264 	252 	114 	63 	63 
002265 	252 	114 	63 	63 
002266 	252 	114 	63 	63 
002267 	252 	114 	63 	63 
002268 	252 	114 	63 	63 
002269 	259 	114 	63 	63 
002270 	259 	114 	63 	63 
002271 	259 	114 	63 	63 
002272 	259 	114 	63 	63 
002273 	259 	114 	63 	63 
002274 	259 	114 	63 	63 
002275 	259 	114 	63 	63 
002276 	259 	114 	63 	63 
002277 	259 	114 	63 	63 
002278 	259 	107 	63 	63 
002279 	259 	107 	63 	63 
002280 	259 	107 	63 	63 
002281 	259 	107 	63 	63 
002282 	259 	107 	63 	63 
002283 	262 	112 	52 	53 
002284 	252 	114 	63 	63 
002285 	252 	114 	63 	63 
002286 	252 	114 	63 	63 
002287 	252 	114 	63 	63 
002288 	252 	114 	63 	63 
002289 	252 	114 	63 	63 
002290 	252 	114 	63 	63 
002291 	252 	114 	63 	63 
002292 	252 	114 	63 	63 
002293 	252 	114 	63 	63 
002294 	252 	114 	63 	63 
002295 	252 	114 	63 	63 
002296 	252 	114 	63 	63 
002297 	252 	114 	63 	63 
002298 	252 	114 	63 	63 
002299 	252 	114 	63 	63 
002300 	252 	114 	63 	63 
002301 	252 	114 	63 	63 
002302 	252 	114 	63 	63 
002303 	252 	114 	63 	63 
002304 	252 	114 	63 	63 
002305 	252 	114 	63 	63 
002306 	252 	114 	63 	63 
002307 	252 	114 	63 	63 
002308 	252 	114 	63 	63 
002309 	252 	114 	63 	63 
002310 	252 	114 	63 	63 
002311 	252 	114 	63 	63 
002312 	252 	114 	63 	63 
002313 	252 	114 	63 	63 
002314 	252 	114 	63 	63 
002315 	252 	114 	63 	63 
002316 	252 	114 	63 	63 
002317 	252 	114 	63 	63 
002318 	259 	114 	63 	63 
002319 	259 	114 	63 	63 
002320 	259 	114 	63 	63 
002321 	259 	114 	63 	63 
002322 	266 	114 	63 	63 
002323 	266 	114 	63 	63 
002324 	266 	114 	63 	63 
002325 	266 	114 	63 	63 
002326 	266 	114 	63 	63 
002327 	266 	114 	63 	63 
002328 	266 	114 	63 	63 
002329 	266 	114 	63 	63 
002330 	259 	114 	63 	63 
002331 	259 	114 	63 	63 
002332 	259 	114 	63 	63 
002333 	259 	114 	63 	63 
002334 	259 	114 	63 	63 
002335 	259 	114 	63 	63 
002336 	259 	114 	63 	63 
002337 	259 	114 	63 	63 
002338 	259 	114 	63 	63 
002339 	259 	114 	63 	63 
002340 	259 	114 	63 	63 
002341 	259 	114 	63 	63 
002342 	259 	114 	63 	63 
002343 	259 	114 	63 	63 
002344 	259 	114 	63 	63 
002345 	259 	114 	63 	63 
002346 	259 	114 	63 	63 
002347 	259 	114 	63 	63 
002348 	259 	114 	63 	63 
002349 	259 	114 	63 	63 
002350 	259 	114 	63 	63 
002351 	259 	114 	63 	63 
002352 	259 	114 	63 	63 
002353 	259 	114 	63 	63 
002354 	259 	114 	63 	63 
002355 	259 	114 	63 	63 
002356 	259 	114 	63 	63 
002357 	259 	114 	63 	63 
002358 	259 	114 	63 	63 
002359 	259 	114 	63 	63 
002360 	259 	114 	63 	63 
002361 	259 	114 	63 	63 
002362 	259 	114 	63 	63 
002363 	259 	114 	63 	63 
002364 	259 	114 	63 	63 
002365 	259 	114 	63 	63 
002366 	259 	114 	63 	63 
002367 	259 	114 	63 	63 
002368 	259 	114 	63 	63 
002369 	259 	114 	63 	63 
002370 	259 	114 	63 	63 
002371 	259 	114 	63 	63 
002372 	259 	114 	63 	63 
002373 	259 	114 	63 	63 
002374 	259 	114 	63 	63 
002375 	252 	114 	63 	63 
