Identity  : 	id10295
Reference : 	K1gPy1UKmBE
Offset    : 	-2
FV Conf   : 	16.929
ASD Conf  : 	7.469

FRAME 	X 	Y 	W 	H 
005052 	264 	125 	90 	90 
005053 	264 	125 	90 	90 
005054 	264 	125 	90 	90 
005055 	264 	125 	90 	90 
005056 	264 	125 	90 	90 
005057 	264 	125 	90 	90 
005058 	264 	125 	90 	90 
005059 	264 	115 	90 	91 
005060 	264 	115 	90 	91 
005061 	264 	115 	90 	91 
005062 	264 	115 	90 	91 
005063 	278 	121 	75 	75 
005064 	278 	121 	75 	75 
005065 	278 	121 	75 	75 
005066 	278 	121 	75 	75 
005067 	264 	115 	90 	91 
005068 	264 	125 	90 	90 
005069 	264 	125 	90 	90 
005070 	264 	125 	90 	90 
005071 	264 	125 	90 	90 
005072 	264 	125 	90 	90 
005073 	264 	125 	90 	90 
005074 	264 	125 	90 	90 
005075 	264 	115 	90 	91 
005076 	264 	115 	90 	91 
005077 	264 	115 	90 	91 
005078 	264 	115 	90 	91 
005079 	264 	115 	90 	91 
005080 	264 	115 	90 	91 
005081 	264 	125 	90 	90 
005082 	264 	125 	90 	90 
005083 	264 	125 	90 	90 
005084 	264 	125 	90 	90 
005085 	264 	125 	90 	90 
005086 	264 	125 	90 	90 
005087 	264 	125 	90 	90 
005088 	264 	125 	90 	90 
005089 	264 	125 	90 	90 
005090 	264 	125 	90 	90 
005091 	264 	115 	90 	91 
005092 	264 	115 	90 	91 
005093 	264 	115 	90 	91 
005094 	264 	115 	90 	91 
005095 	264 	115 	90 	91 
005096 	264 	115 	90 	91 
005097 	264 	125 	90 	90 
005098 	264 	125 	90 	90 
005099 	264 	125 	90 	90 
005100 	264 	125 	90 	90 
005101 	264 	115 	90 	91 
005102 	264 	115 	90 	91 
005103 	261 	121 	76 	75 
005104 	261 	121 	76 	75 
005105 	261 	129 	76 	75 
005106 	254 	115 	90 	91 
005107 	261 	129 	76 	75 
005108 	254 	125 	90 	90 
005109 	254 	115 	90 	91 
005110 	254 	115 	90 	91 
005111 	254 	115 	90 	91 
005112 	254 	115 	90 	91 
005113 	254 	115 	90 	91 
005114 	254 	115 	90 	91 
005115 	254 	115 	90 	91 
005116 	254 	115 	90 	91 
005117 	254 	115 	90 	91 
005118 	254 	115 	90 	91 
005119 	254 	115 	90 	91 
005120 	254 	115 	90 	91 
005121 	254 	115 	90 	91 
005122 	254 	115 	90 	91 
005123 	254 	115 	90 	91 
005124 	254 	115 	90 	91 
005125 	254 	115 	90 	91 
005126 	254 	115 	90 	91 
005127 	254 	115 	90 	91 
005128 	254 	115 	90 	91 
005129 	254 	115 	90 	91 
005130 	254 	115 	90 	91 
005131 	254 	115 	90 	91 
005132 	254 	115 	90 	91 
005133 	254 	115 	90 	91 
005134 	254 	115 	90 	91 
005135 	254 	115 	90 	91 
005136 	254 	115 	90 	91 
005137 	254 	115 	90 	91 
005138 	254 	115 	90 	91 
005139 	254 	115 	90 	91 
005140 	254 	115 	90 	91 
005141 	254 	115 	90 	91 
005142 	254 	115 	90 	91 
005143 	254 	115 	90 	91 
005144 	254 	115 	90 	91 
005145 	254 	115 	90 	91 
005146 	254 	115 	90 	91 
005147 	254 	115 	90 	91 
005148 	254 	115 	90 	91 
005149 	264 	125 	90 	90 
005150 	264 	125 	90 	90 
005151 	264 	125 	90 	90 
005152 	264 	125 	90 	90 
005153 	264 	125 	90 	90 
005154 	264 	125 	90 	90 
005155 	264 	125 	90 	90 
