Identity  : 	id10272
Reference : 	dkN2DIBrXqQ
Offset    : 	-2
FV Conf   : 	16.660
ASD Conf  : 	6.744

FRAME 	X 	Y 	W 	H 
000577 	293 	78 	108 	109 
000578 	293 	78 	108 	109 
000579 	293 	78 	108 	109 
000580 	293 	78 	108 	109 
000581 	293 	78 	108 	109 
000582 	293 	78 	108 	109 
000583 	293 	78 	108 	109 
000584 	293 	78 	108 	109 
000585 	294 	66 	130 	130 
000586 	305 	78 	108 	109 
000587 	305 	78 	108 	109 
000588 	305 	78 	108 	109 
000589 	305 	78 	108 	109 
000590 	305 	78 	108 	109 
000591 	305 	78 	108 	109 
000592 	305 	78 	108 	109 
000593 	305 	78 	108 	109 
000594 	317 	78 	108 	109 
000595 	317 	78 	108 	109 
000596 	317 	78 	108 	109 
000597 	317 	78 	108 	109 
000598 	317 	78 	108 	109 
000599 	317 	78 	108 	109 
000600 	317 	78 	108 	109 
000601 	317 	78 	108 	109 
000602 	317 	78 	108 	109 
000603 	317 	90 	108 	109 
000604 	317 	90 	108 	109 
000605 	317 	90 	108 	109 
000606 	317 	90 	108 	109 
000607 	317 	90 	108 	109 
000608 	317 	90 	108 	109 
000609 	317 	78 	108 	109 
000610 	317 	78 	108 	109 
000611 	317 	78 	108 	109 
000612 	317 	78 	108 	109 
000613 	317 	78 	108 	109 
000614 	317 	78 	108 	109 
000615 	317 	78 	108 	109 
000616 	317 	78 	108 	109 
000617 	317 	78 	108 	109 
000618 	317 	78 	108 	109 
000619 	305 	78 	108 	109 
000620 	305 	78 	108 	109 
000621 	293 	78 	108 	109 
000622 	293 	78 	108 	109 
000623 	293 	78 	108 	109 
000624 	281 	90 	108 	109 
000625 	281 	90 	108 	109 
000626 	284 	95 	90 	91 
000627 	269 	90 	108 	109 
000628 	269 	90 	108 	109 
000629 	274 	95 	90 	91 
000630 	257 	90 	109 	109 
000631 	257 	90 	109 	109 
000632 	257 	90 	109 	109 
000633 	257 	90 	109 	109 
000634 	257 	90 	109 	109 
000635 	257 	90 	109 	109 
000636 	257 	90 	109 	109 
000637 	257 	90 	109 	109 
000638 	257 	90 	109 	109 
000639 	245 	90 	109 	109 
000640 	245 	90 	109 	109 
000641 	245 	90 	109 	109 
000642 	245 	90 	109 	109 
000643 	245 	78 	109 	109 
000644 	245 	78 	109 	109 
000645 	245 	78 	109 	109 
000646 	233 	78 	109 	109 
000647 	233 	78 	109 	109 
000648 	233 	78 	109 	109 
000649 	233 	78 	109 	109 
000650 	233 	78 	109 	109 
000651 	233 	78 	109 	109 
000652 	233 	78 	109 	109 
000653 	233 	78 	109 	109 
000654 	233 	78 	109 	109 
000655 	233 	78 	109 	109 
000656 	233 	78 	109 	109 
000657 	233 	78 	109 	109 
000658 	245 	78 	109 	109 
000659 	245 	78 	109 	109 
000660 	245 	78 	109 	109 
000661 	245 	78 	109 	109 
000662 	245 	78 	109 	109 
000663 	245 	90 	109 	109 
000664 	245 	78 	109 	109 
000665 	245 	78 	109 	109 
000666 	233 	78 	109 	109 
000667 	233 	78 	109 	109 
000668 	233 	78 	109 	109 
000669 	233 	78 	109 	109 
000670 	233 	78 	109 	109 
000671 	233 	78 	109 	109 
000672 	233 	78 	109 	109 
000673 	233 	78 	109 	109 
000674 	233 	78 	109 	109 
000675 	245 	78 	109 	109 
000676 	245 	78 	109 	109 
000677 	245 	78 	109 	109 
000678 	257 	90 	109 	109 
000679 	274 	95 	90 	91 
000680 	269 	90 	108 	109 
000681 	269 	90 	108 	109 
000682 	266 	80 	130 	130 
000683 	266 	80 	130 	130 
000684 	281 	90 	108 	109 
000685 	281 	90 	108 	109 
000686 	280 	80 	130 	130 
000687 	293 	90 	108 	109 
000688 	280 	80 	130 	130 
000689 	293 	90 	108 	109 
000690 	293 	90 	108 	109 
000691 	293 	90 	108 	109 
000692 	293 	90 	108 	109 
000693 	293 	90 	108 	109 
000694 	293 	90 	108 	109 
000695 	293 	90 	108 	109 
000696 	293 	90 	108 	109 
000697 	305 	90 	108 	109 
000698 	305 	90 	108 	109 
000699 	305 	90 	108 	109 
000700 	305 	90 	108 	109 
000701 	305 	90 	108 	109 
000702 	305 	90 	108 	109 
000703 	305 	90 	108 	109 
000704 	305 	90 	108 	109 
000705 	305 	90 	108 	109 
000706 	305 	90 	108 	109 
000707 	305 	90 	108 	109 
000708 	305 	90 	108 	109 
000709 	305 	90 	108 	109 
