Identity  : 	id10293
Reference : 	nAtqrkWKIhM
Offset    : 	-2
FV Conf   : 	16.300
ASD Conf  : 	6.060

FRAME 	X 	Y 	W 	H 
008030 	341 	54 	108 	109 
008031 	337 	37 	130 	130 
008032 	337 	37 	130 	130 
008033 	337 	37 	130 	130 
008034 	337 	37 	130 	130 
008035 	337 	37 	130 	130 
008036 	337 	37 	130 	130 
008037 	337 	37 	130 	130 
008038 	341 	54 	108 	109 
008039 	341 	54 	108 	109 
008040 	341 	54 	108 	109 
008041 	341 	54 	108 	109 
008042 	341 	54 	108 	109 
008043 	341 	54 	108 	109 
008044 	341 	54 	108 	109 
008045 	341 	54 	108 	109 
008046 	341 	54 	108 	109 
008047 	341 	54 	108 	109 
008048 	341 	54 	108 	109 
008049 	341 	43 	108 	108 
008050 	341 	43 	108 	108 
008051 	341 	43 	108 	108 
008052 	323 	37 	130 	130 
008053 	323 	37 	130 	130 
008054 	323 	37 	130 	130 
008055 	323 	37 	130 	130 
008056 	323 	37 	130 	130 
008057 	323 	37 	130 	130 
008058 	323 	37 	130 	130 
008059 	323 	37 	130 	130 
008060 	323 	37 	130 	130 
008061 	323 	37 	130 	130 
008062 	323 	37 	130 	130 
008063 	323 	37 	130 	130 
008064 	323 	37 	130 	130 
008065 	323 	37 	130 	130 
008066 	323 	37 	130 	130 
008067 	323 	37 	130 	130 
008068 	323 	37 	130 	130 
008069 	323 	37 	130 	130 
008070 	323 	37 	130 	130 
008071 	323 	37 	130 	130 
008072 	323 	37 	130 	130 
008073 	323 	37 	130 	130 
008074 	323 	37 	130 	130 
008075 	323 	37 	130 	130 
008076 	323 	37 	130 	130 
008077 	323 	37 	130 	130 
008078 	323 	37 	130 	130 
008079 	323 	37 	130 	130 
008080 	323 	37 	130 	130 
008081 	323 	37 	130 	130 
008082 	323 	37 	130 	130 
008083 	323 	37 	130 	130 
008084 	323 	37 	130 	130 
008085 	323 	37 	130 	130 
008086 	323 	37 	130 	130 
008087 	323 	37 	130 	130 
008088 	323 	37 	130 	130 
008089 	323 	37 	130 	130 
008090 	323 	37 	130 	130 
008091 	323 	37 	130 	130 
008092 	323 	37 	130 	130 
008093 	323 	37 	130 	130 
008094 	341 	54 	108 	109 
008095 	323 	37 	130 	130 
008096 	341 	54 	108 	109 
008097 	341 	54 	108 	109 
008098 	341 	54 	108 	109 
008099 	341 	54 	108 	109 
008100 	323 	37 	130 	130 
008101 	341 	54 	108 	109 
008102 	323 	37 	130 	130 
008103 	323 	37 	130 	130 
008104 	323 	37 	130 	130 
008105 	323 	37 	130 	130 
008106 	323 	37 	130 	130 
008107 	341 	54 	108 	109 
008108 	341 	54 	108 	109 
008109 	323 	37 	130 	130 
008110 	341 	54 	108 	109 
008111 	323 	37 	130 	130 
008112 	341 	54 	108 	109 
008113 	323 	37 	130 	130 
008114 	323 	37 	130 	130 
008115 	323 	37 	130 	130 
008116 	323 	37 	130 	130 
008117 	341 	54 	108 	109 
008118 	341 	54 	108 	109 
008119 	341 	54 	108 	109 
008120 	341 	54 	108 	109 
008121 	341 	54 	108 	109 
008122 	341 	54 	108 	109 
008123 	341 	54 	108 	109 
008124 	341 	54 	108 	109 
008125 	341 	54 	108 	109 
008126 	341 	54 	108 	109 
008127 	341 	54 	108 	109 
008128 	341 	54 	108 	109 
008129 	341 	54 	108 	109 
008130 	341 	54 	108 	109 
008131 	341 	54 	108 	109 
008132 	341 	54 	108 	109 
008133 	341 	54 	108 	109 
008134 	341 	54 	108 	109 
