Identity  : 	id10294
Reference : 	oTRparDs-84
Offset    : 	-2
FV Conf   : 	15.843
ASD Conf  : 	6.102

FRAME 	X 	Y 	W 	H 
003350 	216 	96 	156 	156 
003351 	216 	96 	156 	156 
003352 	216 	96 	156 	156 
003353 	216 	96 	156 	156 
003354 	216 	96 	156 	156 
003355 	223 	109 	130 	130 
003356 	223 	109 	130 	130 
003357 	223 	109 	130 	130 
003358 	216 	79 	156 	156 
003359 	216 	79 	156 	156 
003360 	216 	79 	156 	156 
003361 	216 	79 	156 	156 
003362 	216 	79 	156 	156 
003363 	216 	79 	156 	156 
003364 	216 	79 	156 	156 
003365 	216 	79 	156 	156 
003366 	216 	79 	156 	156 
003367 	216 	79 	156 	156 
003368 	216 	79 	156 	156 
003369 	237 	109 	130 	130 
003370 	237 	109 	130 	130 
003371 	237 	109 	130 	130 
003372 	216 	79 	156 	156 
003373 	216 	79 	156 	156 
003374 	237 	109 	130 	130 
003375 	216 	79 	156 	156 
003376 	216 	79 	156 	156 
003377 	216 	79 	156 	156 
003378 	237 	109 	130 	130 
003379 	237 	109 	130 	130 
003380 	216 	79 	156 	156 
003381 	216 	79 	156 	156 
003382 	216 	79 	156 	156 
003383 	216 	79 	156 	156 
003384 	216 	79 	156 	156 
003385 	216 	79 	156 	156 
003386 	216 	79 	156 	156 
003387 	216 	79 	156 	156 
003388 	237 	109 	130 	130 
003389 	237 	109 	130 	130 
003390 	237 	109 	130 	130 
003391 	237 	94 	130 	130 
003392 	237 	94 	130 	130 
003393 	237 	94 	130 	130 
003394 	237 	94 	130 	130 
003395 	237 	94 	130 	130 
003396 	237 	94 	130 	130 
003397 	237 	94 	130 	130 
003398 	237 	94 	130 	130 
003399 	237 	94 	130 	130 
003400 	237 	94 	130 	130 
003401 	237 	94 	130 	130 
003402 	237 	94 	130 	130 
003403 	237 	94 	130 	130 
003404 	237 	94 	130 	130 
003405 	237 	94 	130 	130 
003406 	237 	94 	130 	130 
003407 	216 	79 	156 	156 
003408 	216 	79 	156 	156 
003409 	216 	79 	156 	156 
003410 	216 	79 	156 	156 
003411 	216 	79 	156 	156 
003412 	216 	79 	156 	156 
003413 	223 	94 	130 	130 
003414 	216 	79 	156 	156 
003415 	216 	79 	156 	156 
003416 	216 	79 	156 	156 
003417 	216 	79 	156 	156 
003418 	216 	79 	156 	156 
003419 	216 	79 	156 	156 
003420 	216 	79 	156 	156 
003421 	216 	79 	156 	156 
003422 	216 	79 	156 	156 
003423 	216 	79 	156 	156 
003424 	216 	79 	156 	156 
003425 	216 	79 	156 	156 
003426 	216 	79 	156 	156 
003427 	216 	79 	156 	156 
003428 	216 	79 	156 	156 
003429 	216 	79 	156 	156 
003430 	216 	79 	156 	156 
003431 	216 	96 	156 	156 
003432 	237 	109 	130 	130 
003433 	216 	96 	156 	156 
003434 	237 	109 	130 	130 
003435 	216 	96 	156 	156 
003436 	216 	96 	156 	156 
003437 	216 	96 	156 	156 
003438 	216 	96 	156 	156 
003439 	216 	96 	156 	156 
003440 	216 	96 	156 	156 
003441 	216 	96 	156 	156 
003442 	216 	96 	156 	156 
003443 	216 	96 	156 	156 
003444 	216 	96 	156 	156 
003445 	216 	96 	156 	156 
003446 	216 	96 	156 	156 
003447 	216 	96 	156 	156 
003448 	216 	96 	156 	156 
003449 	216 	96 	156 	156 
003450 	216 	96 	156 	156 
003451 	216 	96 	156 	156 
003452 	216 	96 	156 	156 
003453 	216 	96 	156 	156 
003454 	216 	96 	156 	156 
003455 	216 	79 	156 	156 
003456 	223 	109 	130 	130 
003457 	223 	109 	130 	130 
003458 	223 	109 	130 	130 
003459 	223 	109 	130 	130 
003460 	223 	109 	130 	130 
003461 	223 	109 	130 	130 
003462 	223 	109 	130 	130 
003463 	223 	109 	130 	130 
003464 	223 	109 	130 	130 
003465 	223 	109 	130 	130 
003466 	223 	109 	130 	130 
003467 	223 	109 	130 	130 
003468 	223 	109 	130 	130 
003469 	223 	109 	130 	130 
003470 	223 	109 	130 	130 
003471 	216 	79 	156 	156 
003472 	216 	79 	156 	156 
003473 	216 	79 	156 	156 
003474 	216 	79 	156 	156 
003475 	216 	79 	156 	156 
003476 	223 	80 	130 	130 
003477 	216 	62 	156 	155 
