Identity  : 	id10304
Reference : 	o9bD_E99Jpg
Offset    : 	-2
FV Conf   : 	12.592
ASD Conf  : 	8.906

FRAME 	X 	Y 	W 	H 
005854 	128 	79 	76 	76 
005855 	114 	75 	91 	91 
005856 	120 	87 	76 	76 
005857 	112 	79 	75 	76 
005858 	112 	79 	75 	76 
005859 	112 	79 	75 	76 
005860 	112 	79 	75 	76 
005861 	112 	79 	75 	76 
005862 	112 	79 	75 	76 
005863 	112 	79 	75 	76 
005864 	112 	79 	75 	76 
005865 	114 	75 	91 	91 
005866 	128 	87 	76 	76 
005867 	124 	75 	91 	91 
005868 	124 	75 	91 	91 
005869 	124 	75 	91 	91 
005870 	137 	87 	75 	76 
005871 	137 	87 	75 	76 
005872 	137 	87 	75 	76 
005873 	137 	87 	75 	76 
005874 	137 	87 	75 	76 
005875 	137 	87 	75 	76 
005876 	137 	87 	75 	76 
005877 	137 	87 	75 	76 
005878 	137 	87 	75 	76 
005879 	137 	87 	75 	76 
005880 	137 	87 	75 	76 
005881 	137 	87 	75 	76 
005882 	134 	75 	91 	91 
005883 	134 	75 	91 	91 
005884 	134 	75 	91 	91 
005885 	134 	75 	91 	91 
005886 	134 	75 	91 	91 
005887 	134 	75 	91 	91 
005888 	134 	75 	91 	91 
005889 	145 	79 	76 	76 
005890 	145 	79 	76 	76 
005891 	145 	79 	76 	76 
005892 	145 	79 	76 	76 
005893 	145 	79 	76 	76 
005894 	145 	79 	76 	76 
005895 	145 	79 	76 	76 
005896 	145 	79 	76 	76 
005897 	145 	79 	76 	76 
005898 	145 	79 	76 	76 
005899 	145 	79 	76 	76 
005900 	145 	79 	76 	76 
005901 	145 	79 	76 	76 
005902 	145 	79 	76 	76 
005903 	145 	79 	76 	76 
005904 	144 	75 	91 	91 
005905 	144 	75 	91 	91 
005906 	144 	75 	91 	91 
005907 	144 	75 	91 	91 
005908 	144 	75 	91 	91 
005909 	144 	75 	91 	91 
005910 	144 	75 	91 	91 
005911 	145 	79 	76 	76 
005912 	145 	79 	76 	76 
005913 	145 	87 	76 	76 
005914 	145 	87 	76 	76 
005915 	145 	87 	76 	76 
005916 	137 	96 	75 	75 
005917 	137 	96 	75 	75 
005918 	137 	96 	75 	75 
005919 	137 	96 	75 	75 
005920 	145 	104 	76 	76 
005921 	153 	96 	76 	75 
005922 	162 	96 	75 	75 
005923 	162 	96 	75 	75 
005924 	154 	95 	91 	91 
005925 	154 	95 	91 	91 
005926 	153 	96 	76 	75 
005927 	153 	96 	76 	75 
005928 	145 	104 	76 	76 
005929 	137 	104 	75 	76 
005930 	137 	104 	75 	76 
005931 	128 	96 	76 	75 
005932 	128 	96 	76 	75 
005933 	128 	96 	76 	75 
005934 	128 	96 	76 	75 
005935 	128 	96 	76 	75 
005936 	124 	95 	91 	91 
005937 	137 	96 	75 	75 
005938 	137 	96 	75 	75 
005939 	134 	85 	91 	91 
005940 	137 	96 	75 	75 
005941 	137 	96 	75 	75 
005942 	137 	96 	75 	75 
005943 	137 	96 	75 	75 
005944 	137 	96 	75 	75 
005945 	137 	96 	75 	75 
005946 	137 	96 	75 	75 
005947 	137 	96 	75 	75 
005948 	137 	96 	75 	75 
005949 	137 	87 	75 	76 
005950 	137 	87 	75 	76 
005951 	137 	87 	75 	76 
005952 	137 	87 	75 	76 
005953 	137 	87 	75 	76 
005954 	137 	87 	75 	76 
005955 	137 	87 	75 	76 
005956 	137 	87 	75 	76 
005957 	137 	87 	75 	76 
005958 	137 	87 	75 	76 
005959 	137 	87 	75 	76 
005960 	137 	87 	75 	76 
005961 	137 	87 	75 	76 
005962 	137 	87 	75 	76 
005963 	137 	87 	75 	76 
005964 	124 	75 	91 	91 
005965 	124 	75 	91 	91 
005966 	124 	75 	91 	91 
005967 	124 	75 	91 	91 
005968 	124 	75 	91 	91 
005969 	124 	75 	91 	91 
005970 	124 	75 	91 	91 
005971 	137 	79 	75 	76 
005972 	137 	87 	75 	76 
005973 	137 	87 	75 	76 
005974 	137 	87 	75 	76 
005975 	137 	87 	75 	76 
005976 	137 	87 	75 	76 
005977 	137 	87 	75 	76 
005978 	137 	87 	75 	76 
005979 	137 	87 	75 	76 
005980 	137 	79 	75 	76 
005981 	137 	79 	75 	76 
005982 	137 	79 	75 	76 
005983 	137 	79 	75 	76 
005984 	137 	79 	75 	76 
005985 	137 	79 	75 	76 
005986 	137 	79 	75 	76 
005987 	137 	79 	75 	76 
005988 	137 	79 	75 	76 
005989 	137 	79 	75 	76 
005990 	137 	79 	75 	76 
005991 	134 	75 	91 	91 
005992 	134 	75 	91 	91 
005993 	134 	75 	91 	91 
005994 	134 	75 	91 	91 
005995 	134 	75 	91 	91 
005996 	134 	75 	91 	91 
005997 	134 	75 	91 	91 
005998 	134 	75 	91 	91 
005999 	134 	75 	91 	91 
006000 	134 	75 	91 	91 
006001 	134 	75 	91 	91 
006002 	134 	75 	91 	91 
006003 	134 	75 	91 	91 
006004 	134 	75 	91 	91 
006005 	134 	75 	91 	91 
006006 	134 	75 	91 	91 
006007 	134 	75 	91 	91 
006008 	134 	75 	91 	91 
006009 	134 	75 	91 	91 
006010 	134 	75 	91 	91 
006011 	134 	75 	91 	91 
006012 	134 	75 	91 	91 
006013 	134 	75 	91 	91 
006014 	134 	75 	91 	91 
006015 	134 	75 	91 	91 
006016 	145 	79 	76 	76 
006017 	134 	75 	91 	91 
006018 	134 	75 	91 	91 
006019 	134 	75 	91 	91 
006020 	134 	75 	91 	91 
006021 	134 	75 	91 	91 
006022 	134 	75 	91 	91 
006023 	134 	75 	91 	91 
006024 	134 	75 	91 	91 
006025 	134 	75 	91 	91 
006026 	134 	75 	91 	91 
006027 	134 	75 	91 	91 
006028 	134 	75 	91 	91 
006029 	134 	75 	91 	91 
006030 	134 	75 	91 	91 
006031 	134 	75 	91 	91 
006032 	134 	75 	91 	91 
006033 	134 	75 	91 	91 
006034 	134 	75 	91 	91 
006035 	134 	75 	91 	91 
006036 	134 	75 	91 	91 
006037 	134 	75 	91 	91 
006038 	134 	75 	91 	91 
006039 	134 	75 	91 	91 
006040 	134 	75 	91 	91 
006041 	134 	75 	91 	91 
006042 	134 	75 	91 	91 
006043 	134 	75 	91 	91 
006044 	134 	75 	91 	91 
006045 	134 	75 	91 	91 
006046 	134 	75 	91 	91 
006047 	134 	75 	91 	91 
006048 	134 	75 	91 	91 
006049 	134 	75 	91 	91 
006050 	134 	75 	91 	91 
006051 	134 	75 	91 	91 
006052 	134 	75 	91 	91 
006053 	134 	75 	91 	91 
006054 	134 	75 	91 	91 
006055 	134 	75 	91 	91 
006056 	134 	75 	91 	91 
006057 	134 	75 	91 	91 
006058 	145 	79 	76 	76 
006059 	145 	79 	76 	76 
006060 	145 	79 	76 	76 
006061 	145 	79 	76 	76 
006062 	144 	65 	91 	91 
006063 	144 	65 	91 	91 
006064 	144 	65 	91 	91 
006065 	144 	65 	91 	91 
006066 	154 	65 	91 	91 
006067 	154 	65 	91 	91 
006068 	154 	65 	91 	91 
006069 	154 	65 	91 	91 
006070 	154 	65 	91 	91 
006071 	154 	65 	91 	91 
006072 	154 	65 	91 	91 
006073 	154 	65 	91 	91 
006074 	162 	79 	75 	76 
006075 	162 	79 	75 	76 
006076 	154 	65 	91 	91 
006077 	154 	65 	91 	91 
006078 	154 	65 	91 	91 
006079 	154 	65 	91 	91 
006080 	154 	65 	91 	91 
006081 	164 	65 	91 	91 
006082 	164 	65 	91 	91 
006083 	178 	79 	76 	76 
006084 	174 	75 	91 	91 
006085 	174 	75 	91 	91 
006086 	174 	75 	91 	91 
006087 	186 	87 	76 	76 
006088 	186 	87 	76 	76 
006089 	186 	87 	76 	76 
006090 	186 	87 	76 	76 
006091 	174 	75 	91 	91 
006092 	174 	75 	91 	91 
006093 	174 	75 	91 	91 
006094 	174 	75 	91 	91 
006095 	174 	75 	91 	91 
006096 	178 	87 	76 	76 
006097 	174 	75 	91 	91 
006098 	174 	75 	91 	91 
006099 	174 	75 	91 	91 
006100 	174 	75 	91 	91 
006101 	174 	75 	91 	91 
006102 	174 	75 	91 	91 
006103 	174 	75 	91 	91 
006104 	174 	75 	91 	91 
006105 	174 	75 	91 	91 
006106 	178 	87 	76 	76 
006107 	164 	75 	91 	91 
006108 	164 	75 	91 	91 
006109 	154 	75 	91 	91 
006110 	154 	75 	91 	91 
006111 	154 	75 	91 	91 
006112 	144 	75 	91 	91 
006113 	153 	87 	76 	76 
006114 	144 	75 	91 	91 
006115 	144 	75 	91 	91 
006116 	144 	75 	91 	91 
006117 	144 	75 	91 	91 
006118 	144 	75 	91 	91 
006119 	144 	75 	91 	91 
006120 	145 	87 	76 	76 
006121 	145 	87 	76 	76 
006122 	145 	87 	76 	76 
006123 	145 	87 	76 	76 
006124 	145 	87 	76 	76 
006125 	145 	87 	76 	76 
006126 	145 	87 	76 	76 
006127 	134 	75 	91 	91 
006128 	134 	75 	91 	91 
006129 	134 	75 	91 	91 
006130 	134 	75 	91 	91 
006131 	134 	75 	91 	91 
006132 	134 	75 	91 	91 
006133 	134 	75 	91 	91 
006134 	134 	75 	91 	91 
006135 	134 	75 	91 	91 
006136 	134 	75 	91 	91 
006137 	134 	75 	91 	91 
006138 	134 	75 	91 	91 
006139 	134 	75 	91 	91 
006140 	134 	75 	91 	91 
006141 	134 	75 	91 	91 
006142 	134 	75 	91 	91 
006143 	134 	75 	91 	91 
006144 	134 	75 	91 	91 
006145 	134 	75 	91 	91 
006146 	134 	75 	91 	91 
006147 	134 	75 	91 	91 
006148 	134 	75 	91 	91 
006149 	134 	75 	91 	91 
006150 	134 	75 	91 	91 
006151 	134 	75 	91 	91 
006152 	134 	75 	91 	91 
006153 	134 	75 	91 	91 
006154 	134 	75 	91 	91 
006155 	134 	75 	91 	91 
006156 	134 	75 	91 	91 
006157 	134 	75 	91 	91 
006158 	134 	75 	91 	91 
006159 	134 	75 	91 	91 
006160 	134 	75 	91 	91 
006161 	134 	75 	91 	91 
006162 	134 	75 	91 	91 
006163 	134 	75 	91 	91 
006164 	134 	75 	91 	91 
006165 	134 	75 	91 	91 
006166 	134 	75 	91 	91 
006167 	134 	75 	91 	91 
006168 	134 	75 	91 	91 
006169 	134 	75 	91 	91 
006170 	134 	75 	91 	91 
006171 	134 	75 	91 	91 
006172 	134 	75 	91 	91 
006173 	134 	75 	91 	91 
006174 	134 	75 	91 	91 
006175 	134 	75 	91 	91 
006176 	134 	75 	91 	91 
006177 	134 	75 	91 	91 
006178 	134 	75 	91 	91 
006179 	134 	75 	91 	91 
006180 	134 	75 	91 	91 
006181 	134 	75 	91 	91 
006182 	134 	75 	91 	91 
006183 	134 	75 	91 	91 
006184 	134 	75 	91 	91 
006185 	134 	75 	91 	91 
006186 	134 	75 	91 	91 
006187 	134 	75 	91 	91 
006188 	134 	75 	91 	91 
006189 	134 	75 	91 	91 
006190 	134 	75 	91 	91 
006191 	134 	75 	91 	91 
006192 	134 	75 	91 	91 
006193 	134 	75 	91 	91 
006194 	134 	75 	91 	91 
006195 	134 	75 	91 	91 
006196 	134 	75 	91 	91 
006197 	134 	75 	91 	91 
006198 	134 	75 	91 	91 
006199 	134 	75 	91 	91 
006200 	134 	75 	91 	91 
006201 	134 	75 	91 	91 
006202 	134 	75 	91 	91 
006203 	134 	75 	91 	91 
006204 	134 	75 	91 	91 
006205 	134 	75 	91 	91 
006206 	134 	75 	91 	91 
006207 	134 	75 	91 	91 
006208 	134 	75 	91 	91 
006209 	134 	75 	91 	91 
