Identity  : 	id10304
Reference : 	o9bD_E99Jpg
Offset    : 	-2
FV Conf   : 	15.667
ASD Conf  : 	7.624

FRAME 	X 	Y 	W 	H 
002444 	413 	75 	91 	91 
002445 	413 	75 	91 	91 
002446 	413 	75 	91 	91 
002447 	413 	75 	91 	91 
002448 	413 	75 	91 	91 
002449 	413 	75 	91 	91 
002450 	413 	75 	91 	91 
002451 	413 	75 	91 	91 
002452 	413 	75 	91 	91 
002453 	413 	75 	91 	91 
002454 	413 	75 	91 	91 
002455 	413 	75 	91 	91 
002456 	413 	75 	91 	91 
002457 	413 	75 	91 	91 
002458 	413 	75 	91 	91 
002459 	413 	75 	91 	91 
002460 	413 	75 	91 	91 
002461 	413 	75 	91 	91 
002462 	413 	75 	91 	91 
002463 	413 	75 	91 	91 
002464 	413 	75 	91 	91 
002465 	413 	75 	91 	91 
002466 	413 	85 	91 	91 
002467 	427 	96 	76 	75 
002468 	427 	96 	76 	75 
002469 	427 	96 	76 	75 
002470 	427 	96 	76 	75 
002471 	427 	96 	76 	75 
002472 	427 	96 	76 	75 
002473 	427 	96 	76 	75 
002474 	427 	96 	76 	75 
002475 	427 	96 	76 	75 
002476 	427 	96 	76 	75 
002477 	427 	96 	76 	75 
002478 	427 	96 	76 	75 
002479 	427 	96 	76 	75 
002480 	427 	96 	76 	75 
002481 	427 	96 	76 	75 
002482 	427 	96 	76 	75 
002483 	427 	96 	76 	75 
002484 	427 	96 	76 	75 
002485 	427 	96 	76 	75 
002486 	427 	96 	76 	75 
002487 	427 	96 	76 	75 
002488 	427 	96 	76 	75 
002489 	413 	85 	91 	91 
002490 	419 	96 	75 	75 
002491 	419 	96 	75 	75 
002492 	419 	96 	75 	75 
002493 	419 	96 	75 	75 
002494 	419 	96 	75 	75 
002495 	419 	96 	75 	75 
002496 	419 	96 	75 	75 
002497 	419 	96 	75 	75 
002498 	419 	96 	75 	75 
002499 	419 	96 	75 	75 
002500 	419 	96 	75 	75 
002501 	419 	96 	75 	75 
002502 	419 	96 	75 	75 
002503 	419 	96 	75 	75 
002504 	419 	96 	75 	75 
002505 	419 	96 	75 	75 
002506 	413 	85 	91 	91 
002507 	419 	96 	75 	75 
002508 	413 	85 	91 	91 
002509 	413 	85 	91 	91 
002510 	413 	85 	91 	91 
002511 	413 	85 	91 	91 
002512 	427 	96 	76 	75 
002513 	427 	96 	76 	75 
002514 	427 	96 	76 	75 
002515 	427 	96 	76 	75 
002516 	427 	96 	76 	75 
002517 	427 	96 	76 	75 
002518 	427 	96 	76 	75 
002519 	427 	96 	76 	75 
002520 	427 	96 	76 	75 
002521 	427 	96 	76 	75 
002522 	427 	96 	76 	75 
002523 	427 	96 	76 	75 
002524 	427 	96 	76 	75 
002525 	427 	96 	76 	75 
002526 	427 	96 	76 	75 
002527 	427 	96 	76 	75 
002528 	427 	96 	76 	75 
002529 	423 	85 	91 	91 
002530 	423 	85 	91 	91 
002531 	423 	85 	91 	91 
002532 	423 	85 	91 	91 
002533 	423 	85 	91 	91 
002534 	423 	85 	91 	91 
002535 	423 	85 	91 	91 
002536 	423 	85 	91 	91 
002537 	423 	85 	91 	91 
002538 	423 	85 	91 	91 
002539 	423 	85 	91 	91 
002540 	423 	85 	91 	91 
002541 	423 	85 	91 	91 
002542 	423 	85 	91 	91 
002543 	423 	85 	91 	91 
002544 	423 	85 	91 	91 
002545 	423 	85 	91 	91 
002546 	423 	85 	91 	91 
002547 	423 	85 	91 	91 
002548 	423 	85 	91 	91 
002549 	423 	85 	91 	91 
002550 	423 	85 	91 	91 
002551 	423 	85 	91 	91 
002552 	423 	85 	91 	91 
002553 	423 	85 	91 	91 
002554 	427 	96 	76 	75 
002555 	427 	96 	76 	75 
002556 	427 	96 	76 	75 
002557 	427 	96 	76 	75 
002558 	427 	96 	76 	75 
002559 	427 	96 	76 	75 
002560 	427 	96 	76 	75 
002561 	427 	96 	76 	75 
002562 	427 	96 	76 	75 
002563 	427 	96 	76 	75 
002564 	427 	96 	76 	75 
002565 	427 	96 	76 	75 
002566 	427 	96 	76 	75 
002567 	427 	96 	76 	75 
002568 	427 	96 	76 	75 
002569 	427 	96 	76 	75 
002570 	427 	96 	76 	75 
002571 	427 	96 	76 	75 
002572 	427 	96 	76 	75 
002573 	427 	96 	76 	75 
002574 	427 	96 	76 	75 
002575 	419 	96 	75 	75 
002576 	419 	96 	75 	75 
002577 	413 	95 	91 	91 
002578 	413 	95 	91 	91 
002579 	419 	96 	75 	75 
002580 	419 	96 	75 	75 
002581 	413 	95 	91 	91 
002582 	413 	95 	91 	91 
002583 	413 	95 	91 	91 
002584 	413 	95 	91 	91 
002585 	413 	95 	91 	91 
002586 	413 	95 	91 	91 
002587 	413 	95 	91 	91 
002588 	413 	95 	91 	91 
002589 	413 	95 	91 	91 
002590 	413 	95 	91 	91 
002591 	413 	95 	91 	91 
002592 	413 	95 	91 	91 
002593 	413 	95 	91 	91 
002594 	413 	95 	91 	91 
002595 	413 	95 	91 	91 
002596 	413 	95 	91 	91 
002597 	413 	95 	91 	91 
002598 	413 	95 	91 	91 
002599 	413 	85 	91 	91 
002600 	413 	85 	91 	91 
002601 	427 	96 	76 	75 
002602 	427 	96 	76 	75 
002603 	427 	96 	76 	75 
002604 	413 	95 	91 	91 
002605 	413 	95 	91 	91 
002606 	419 	96 	75 	75 
002607 	427 	96 	76 	75 
002608 	427 	96 	76 	75 
002609 	427 	96 	76 	75 
002610 	427 	96 	76 	75 
002611 	427 	96 	76 	75 
002612 	427 	96 	76 	75 
002613 	427 	96 	76 	75 
002614 	427 	96 	76 	75 
002615 	427 	96 	76 	75 
002616 	427 	96 	76 	75 
002617 	427 	96 	76 	75 
002618 	419 	96 	75 	75 
002619 	413 	85 	91 	91 
002620 	419 	96 	75 	75 
002621 	419 	96 	75 	75 
002622 	419 	96 	75 	75 
002623 	419 	96 	75 	75 
002624 	419 	96 	75 	75 
002625 	419 	96 	75 	75 
002626 	419 	96 	75 	75 
002627 	419 	96 	75 	75 
002628 	419 	96 	75 	75 
002629 	419 	96 	75 	75 
002630 	419 	96 	75 	75 
002631 	419 	96 	75 	75 
002632 	419 	96 	75 	75 
002633 	419 	96 	75 	75 
002634 	419 	96 	75 	75 
002635 	419 	96 	75 	75 
002636 	419 	96 	75 	75 
002637 	419 	96 	75 	75 
002638 	419 	96 	75 	75 
002639 	419 	96 	75 	75 
002640 	419 	96 	75 	75 
002641 	419 	96 	75 	75 
002642 	419 	96 	75 	75 
002643 	419 	96 	75 	75 
002644 	419 	96 	75 	75 
002645 	419 	96 	75 	75 
002646 	419 	96 	75 	75 
002647 	419 	96 	75 	75 
002648 	419 	96 	75 	75 
002649 	419 	96 	75 	75 
002650 	419 	96 	75 	75 
002651 	419 	96 	75 	75 
002652 	419 	96 	75 	75 
002653 	419 	96 	75 	75 
002654 	419 	96 	75 	75 
002655 	419 	96 	75 	75 
002656 	419 	96 	75 	75 
002657 	419 	96 	75 	75 
002658 	419 	96 	75 	75 
002659 	419 	96 	75 	75 
002660 	419 	96 	75 	75 
002661 	419 	96 	75 	75 
002662 	419 	96 	75 	75 
002663 	419 	96 	75 	75 
002664 	419 	96 	75 	75 
002665 	419 	96 	75 	75 
002666 	419 	96 	75 	75 
002667 	419 	96 	75 	75 
002668 	419 	96 	75 	75 
002669 	419 	96 	75 	75 
002670 	419 	96 	75 	75 
002671 	419 	96 	75 	75 
002672 	419 	96 	75 	75 
002673 	413 	85 	91 	91 
002674 	413 	85 	91 	91 
002675 	413 	85 	91 	91 
002676 	413 	85 	91 	91 
002677 	413 	85 	91 	91 
002678 	413 	85 	91 	91 
002679 	413 	85 	91 	91 
002680 	427 	96 	76 	75 
002681 	427 	96 	76 	75 
002682 	427 	96 	76 	75 
002683 	427 	96 	76 	75 
002684 	427 	96 	76 	75 
002685 	427 	96 	76 	75 
002686 	427 	96 	76 	75 
002687 	427 	96 	76 	75 
002688 	427 	96 	76 	75 
002689 	427 	96 	76 	75 
002690 	427 	96 	76 	75 
002691 	427 	96 	76 	75 
002692 	427 	96 	76 	75 
002693 	427 	96 	76 	75 
002694 	427 	96 	76 	75 
002695 	427 	96 	76 	75 
002696 	427 	96 	76 	75 
002697 	427 	96 	76 	75 
002698 	427 	96 	76 	75 
002699 	427 	96 	76 	75 
002700 	427 	96 	76 	75 
002701 	427 	96 	76 	75 
002702 	427 	96 	76 	75 
002703 	427 	96 	76 	75 
002704 	427 	96 	76 	75 
002705 	427 	96 	76 	75 
002706 	427 	96 	76 	75 
002707 	427 	96 	76 	75 
002708 	427 	96 	76 	75 
002709 	427 	96 	76 	75 
002710 	427 	96 	76 	75 
002711 	413 	85 	91 	91 
002712 	427 	96 	76 	75 
002713 	413 	85 	91 	91 
002714 	413 	85 	91 	91 
002715 	413 	85 	91 	91 
002716 	413 	85 	91 	91 
002717 	413 	85 	91 	91 
002718 	413 	85 	91 	91 
002719 	413 	85 	91 	91 
002720 	413 	85 	91 	91 
002721 	413 	85 	91 	91 
002722 	413 	85 	91 	91 
002723 	413 	85 	91 	91 
002724 	413 	85 	91 	91 
002725 	413 	85 	91 	91 
002726 	413 	85 	91 	91 
002727 	413 	85 	91 	91 
002728 	413 	85 	91 	91 
002729 	413 	85 	91 	91 
002730 	413 	85 	91 	91 
002731 	413 	85 	91 	91 
002732 	413 	85 	91 	91 
002733 	413 	85 	91 	91 
002734 	413 	85 	91 	91 
002735 	413 	85 	91 	91 
002736 	413 	85 	91 	91 
002737 	413 	85 	91 	91 
002738 	413 	85 	91 	91 
002739 	413 	85 	91 	91 
002740 	413 	85 	91 	91 
002741 	413 	85 	91 	91 
002742 	413 	85 	91 	91 
002743 	419 	96 	75 	75 
002744 	419 	96 	75 	75 
002745 	413 	85 	91 	91 
002746 	413 	85 	91 	91 
002747 	413 	85 	91 	91 
002748 	413 	85 	91 	91 
002749 	413 	85 	91 	91 
002750 	419 	87 	75 	76 
002751 	419 	87 	75 	76 
002752 	419 	87 	75 	76 
002753 	413 	75 	91 	91 
002754 	413 	75 	91 	91 
002755 	413 	75 	91 	91 
002756 	413 	75 	91 	91 
002757 	413 	75 	91 	91 
002758 	413 	75 	91 	91 
002759 	413 	75 	91 	91 
002760 	419 	87 	75 	76 
002761 	419 	87 	75 	76 
002762 	419 	87 	75 	76 
002763 	419 	87 	75 	76 
002764 	419 	87 	75 	76 
002765 	413 	85 	91 	91 
002766 	413 	85 	91 	91 
002767 	413 	85 	91 	91 
002768 	413 	85 	91 	91 
002769 	419 	96 	75 	75 
002770 	419 	96 	75 	75 
002771 	419 	96 	75 	75 
002772 	403 	85 	91 	91 
002773 	403 	85 	91 	91 
002774 	410 	96 	76 	75 
002775 	403 	85 	91 	91 
002776 	410 	96 	76 	75 
002777 	403 	85 	91 	91 
002778 	410 	96 	76 	75 
002779 	410 	96 	76 	75 
002780 	410 	96 	76 	75 
002781 	403 	85 	91 	91 
002782 	403 	85 	91 	91 
002783 	403 	85 	91 	91 
002784 	403 	85 	91 	91 
002785 	403 	85 	91 	91 
002786 	403 	85 	91 	91 
002787 	403 	85 	91 	91 
002788 	403 	85 	91 	91 
002789 	403 	85 	91 	91 
002790 	403 	85 	91 	91 
002791 	403 	85 	91 	91 
002792 	413 	95 	91 	91 
002793 	413 	95 	91 	91 
002794 	413 	95 	91 	91 
002795 	413 	95 	91 	91 
002796 	413 	95 	91 	91 
002797 	413 	95 	91 	91 
002798 	413 	95 	91 	91 
002799 	413 	95 	91 	91 
002800 	413 	95 	91 	91 
002801 	413 	95 	91 	91 
002802 	413 	95 	91 	91 
002803 	413 	95 	91 	91 
002804 	413 	95 	91 	91 
002805 	413 	95 	91 	91 
002806 	413 	95 	91 	91 
002807 	413 	95 	91 	91 
002808 	413 	95 	91 	91 
002809 	413 	95 	91 	91 
002810 	413 	95 	91 	91 
002811 	413 	95 	91 	91 
002812 	413 	95 	91 	91 
002813 	413 	95 	91 	91 
002814 	413 	95 	91 	91 
002815 	413 	95 	91 	91 
002816 	413 	95 	91 	91 
002817 	413 	95 	91 	91 
002818 	413 	95 	91 	91 
002819 	413 	95 	91 	91 
002820 	413 	95 	91 	91 
002821 	427 	104 	76 	76 
002822 	427 	104 	76 	76 
002823 	427 	104 	76 	76 
002824 	423 	95 	91 	91 
002825 	423 	95 	91 	91 
002826 	423 	95 	91 	91 
002827 	423 	95 	91 	91 
002828 	423 	95 	91 	91 
002829 	423 	95 	91 	91 
002830 	423 	95 	91 	91 
002831 	423 	95 	91 	91 
002832 	423 	95 	91 	91 
002833 	423 	95 	91 	91 
002834 	423 	95 	91 	91 
002835 	423 	95 	91 	91 
002836 	423 	95 	91 	91 
002837 	423 	95 	91 	91 
002838 	423 	95 	91 	91 
002839 	423 	95 	91 	91 
002840 	423 	95 	91 	91 
002841 	423 	95 	91 	91 
002842 	423 	95 	91 	91 
002843 	423 	95 	91 	91 
002844 	423 	95 	91 	91 
002845 	423 	95 	91 	91 
002846 	423 	95 	91 	91 
002847 	423 	95 	91 	91 
002848 	423 	95 	91 	91 
002849 	423 	95 	91 	91 
002850 	423 	95 	91 	91 
002851 	423 	95 	91 	91 
002852 	423 	95 	91 	91 
002853 	423 	95 	91 	91 
002854 	423 	95 	91 	91 
002855 	423 	95 	91 	91 
002856 	423 	95 	91 	91 
002857 	423 	95 	91 	91 
002858 	423 	95 	91 	91 
002859 	423 	95 	91 	91 
002860 	423 	95 	91 	91 
002861 	423 	95 	91 	91 
002862 	423 	95 	91 	91 
002863 	423 	95 	91 	91 
002864 	423 	95 	91 	91 
002865 	423 	95 	91 	91 
002866 	423 	95 	91 	91 
002867 	423 	95 	91 	91 
002868 	423 	95 	91 	91 
002869 	423 	95 	91 	91 
002870 	423 	95 	91 	91 
002871 	423 	95 	91 	91 
002872 	423 	95 	91 	91 
002873 	423 	95 	91 	91 
002874 	423 	95 	91 	91 
002875 	423 	95 	91 	91 
002876 	423 	95 	91 	91 
002877 	423 	95 	91 	91 
002878 	423 	95 	91 	91 
002879 	423 	95 	91 	91 
002880 	423 	95 	91 	91 
002881 	423 	95 	91 	91 
002882 	423 	95 	91 	91 
002883 	423 	95 	91 	91 
002884 	423 	95 	91 	91 
002885 	423 	95 	91 	91 
002886 	423 	95 	91 	91 
002887 	423 	95 	91 	91 
002888 	423 	95 	91 	91 
002889 	423 	95 	91 	91 
002890 	423 	95 	91 	91 
002891 	423 	95 	91 	91 
002892 	423 	95 	91 	91 
002893 	423 	95 	91 	91 
002894 	423 	95 	91 	91 
002895 	423 	95 	91 	91 
002896 	423 	95 	91 	91 
002897 	423 	95 	91 	91 
002898 	423 	95 	91 	91 
002899 	423 	95 	91 	91 
002900 	423 	95 	91 	91 
002901 	423 	95 	91 	91 
002902 	423 	95 	91 	91 
002903 	423 	95 	91 	91 
002904 	423 	95 	91 	91 
002905 	423 	95 	91 	91 
002906 	423 	95 	91 	91 
002907 	423 	95 	91 	91 
002908 	423 	95 	91 	91 
002909 	423 	95 	91 	91 
002910 	423 	95 	91 	91 
002911 	423 	95 	91 	91 
002912 	423 	95 	91 	91 
002913 	423 	95 	91 	91 
002914 	423 	95 	91 	91 
002915 	423 	95 	91 	91 
002916 	423 	95 	91 	91 
002917 	423 	95 	91 	91 
002918 	423 	95 	91 	91 
002919 	423 	95 	91 	91 
002920 	423 	95 	91 	91 
002921 	423 	95 	91 	91 
002922 	423 	95 	91 	91 
002923 	423 	95 	91 	91 
002924 	423 	95 	91 	91 
002925 	423 	95 	91 	91 
002926 	423 	95 	91 	91 
002927 	423 	95 	91 	91 
002928 	423 	95 	91 	91 
002929 	423 	95 	91 	91 
002930 	423 	95 	91 	91 
002931 	423 	95 	91 	91 
002932 	423 	95 	91 	91 
002933 	423 	95 	91 	91 
002934 	423 	95 	91 	91 
002935 	423 	95 	91 	91 
002936 	427 	96 	76 	75 
002937 	427 	96 	76 	75 
002938 	427 	96 	76 	75 
002939 	427 	96 	76 	75 
002940 	427 	96 	76 	75 
002941 	427 	96 	76 	75 
002942 	427 	96 	76 	75 
002943 	423 	95 	91 	91 
002944 	423 	95 	91 	91 
002945 	423 	95 	91 	91 
002946 	427 	96 	76 	75 
002947 	427 	96 	76 	75 
002948 	427 	96 	76 	75 
002949 	427 	96 	76 	75 
002950 	413 	95 	91 	91 
002951 	413 	95 	91 	91 
002952 	413 	95 	91 	91 
002953 	413 	95 	91 	91 
002954 	413 	95 	91 	91 
002955 	413 	95 	91 	91 
002956 	413 	95 	91 	91 
002957 	413 	95 	91 	91 
002958 	413 	95 	91 	91 
002959 	413 	95 	91 	91 
002960 	413 	95 	91 	91 
002961 	413 	95 	91 	91 
002962 	413 	95 	91 	91 
002963 	413 	95 	91 	91 
002964 	413 	95 	91 	91 
002965 	413 	95 	91 	91 
002966 	413 	95 	91 	91 
002967 	423 	95 	91 	91 
002968 	423 	95 	91 	91 
002969 	423 	95 	91 	91 
002970 	423 	95 	91 	91 
002971 	423 	95 	91 	91 
002972 	423 	95 	91 	91 
002973 	423 	95 	91 	91 
002974 	423 	95 	91 	91 
002975 	423 	95 	91 	91 
002976 	423 	95 	91 	91 
002977 	423 	95 	91 	91 
002978 	423 	95 	91 	91 
002979 	423 	95 	91 	91 
002980 	423 	95 	91 	91 
002981 	423 	95 	91 	91 
002982 	423 	95 	91 	91 
002983 	423 	95 	91 	91 
002984 	423 	95 	91 	91 
002985 	423 	95 	91 	91 
002986 	423 	95 	91 	91 
002987 	423 	95 	91 	91 
002988 	423 	95 	91 	91 
002989 	423 	95 	91 	91 
002990 	423 	95 	91 	91 
002991 	423 	95 	91 	91 
002992 	423 	95 	91 	91 
002993 	423 	95 	91 	91 
002994 	423 	95 	91 	91 
002995 	423 	95 	91 	91 
002996 	423 	95 	91 	91 
002997 	423 	95 	91 	91 
002998 	423 	95 	91 	91 
002999 	423 	95 	91 	91 
003000 	423 	95 	91 	91 
003001 	423 	95 	91 	91 
003002 	423 	95 	91 	91 
003003 	423 	95 	91 	91 
003004 	423 	95 	91 	91 
003005 	423 	95 	91 	91 
003006 	423 	95 	91 	91 
003007 	423 	95 	91 	91 
003008 	423 	95 	91 	91 
003009 	423 	95 	91 	91 
003010 	423 	95 	91 	91 
003011 	423 	95 	91 	91 
003012 	423 	95 	91 	91 
003013 	423 	95 	91 	91 
003014 	427 	96 	76 	75 
003015 	427 	96 	76 	75 
003016 	427 	96 	76 	75 
003017 	427 	96 	76 	75 
003018 	423 	95 	91 	91 
003019 	423 	95 	91 	91 
003020 	423 	95 	91 	91 
003021 	427 	96 	76 	75 
003022 	427 	96 	76 	75 
003023 	423 	95 	91 	91 
003024 	423 	95 	91 	91 
003025 	423 	95 	91 	91 
003026 	423 	95 	91 	91 
003027 	423 	95 	91 	91 
003028 	423 	95 	91 	91 
003029 	423 	95 	91 	91 
003030 	423 	95 	91 	91 
003031 	423 	95 	91 	91 
003032 	423 	95 	91 	91 
003033 	423 	95 	91 	91 
003034 	413 	95 	91 	91 
003035 	413 	95 	91 	91 
003036 	413 	95 	91 	91 
003037 	413 	95 	91 	91 
003038 	413 	95 	91 	91 
003039 	413 	95 	91 	91 
003040 	413 	95 	91 	91 
003041 	413 	95 	91 	91 
003042 	413 	95 	91 	91 
003043 	413 	95 	91 	91 
003044 	413 	95 	91 	91 
003045 	413 	95 	91 	91 
003046 	413 	95 	91 	91 
003047 	413 	95 	91 	91 
003048 	419 	104 	75 	76 
003049 	419 	104 	75 	76 
003050 	419 	104 	75 	76 
003051 	419 	104 	75 	76 
003052 	419 	104 	75 	76 
003053 	419 	104 	75 	76 
003054 	419 	104 	75 	76 
003055 	419 	104 	75 	76 
003056 	419 	104 	75 	76 
003057 	419 	104 	75 	76 
003058 	419 	104 	75 	76 
003059 	419 	104 	75 	76 
003060 	419 	104 	75 	76 
003061 	419 	104 	75 	76 
003062 	419 	104 	75 	76 
003063 	419 	104 	75 	76 
003064 	419 	104 	75 	76 
003065 	419 	104 	75 	76 
003066 	419 	104 	75 	76 
003067 	419 	104 	75 	76 
003068 	419 	112 	75 	76 
003069 	419 	112 	75 	76 
003070 	419 	112 	75 	76 
003071 	419 	112 	75 	76 
003072 	419 	112 	75 	76 
003073 	419 	112 	75 	76 
003074 	427 	112 	76 	76 
003075 	427 	112 	76 	76 
003076 	427 	112 	76 	76 
003077 	427 	112 	76 	76 
003078 	427 	112 	76 	76 
003079 	413 	105 	91 	91 
003080 	413 	105 	91 	91 
003081 	413 	105 	91 	91 
003082 	413 	105 	91 	91 
003083 	413 	105 	91 	91 
003084 	413 	105 	91 	91 
003085 	413 	105 	91 	91 
003086 	413 	105 	91 	91 
003087 	413 	105 	91 	91 
003088 	413 	95 	91 	91 
003089 	413 	95 	91 	91 
003090 	413 	95 	91 	91 
003091 	413 	95 	91 	91 
003092 	413 	95 	91 	91 
003093 	427 	112 	76 	76 
003094 	427 	112 	76 	76 
003095 	423 	105 	91 	91 
003096 	427 	104 	76 	76 
003097 	427 	104 	76 	76 
003098 	427 	104 	76 	76 
003099 	423 	95 	91 	91 
003100 	423 	95 	91 	91 
003101 	423 	95 	91 	91 
003102 	423 	85 	91 	91 
003103 	423 	85 	91 	91 
003104 	423 	85 	91 	91 
003105 	423 	85 	91 	91 
003106 	423 	85 	91 	91 
003107 	423 	85 	91 	91 
003108 	423 	85 	91 	91 
003109 	435 	96 	76 	75 
003110 	435 	96 	76 	75 
003111 	435 	96 	76 	75 
003112 	435 	96 	76 	75 
003113 	435 	96 	76 	75 
003114 	435 	96 	76 	75 
003115 	435 	96 	76 	75 
003116 	435 	96 	76 	75 
003117 	435 	96 	76 	75 
003118 	423 	85 	91 	91 
003119 	423 	85 	91 	91 
003120 	423 	85 	91 	91 
003121 	423 	85 	91 	91 
003122 	423 	85 	91 	91 
003123 	423 	85 	91 	91 
003124 	423 	85 	91 	91 
003125 	423 	85 	91 	91 
003126 	423 	85 	91 	91 
003127 	423 	85 	91 	91 
003128 	423 	85 	91 	91 
003129 	423 	85 	91 	91 
003130 	423 	85 	91 	91 
003131 	423 	85 	91 	91 
003132 	423 	85 	91 	91 
003133 	423 	85 	91 	91 
003134 	423 	85 	91 	91 
003135 	423 	85 	91 	91 
003136 	423 	85 	91 	91 
003137 	423 	85 	91 	91 
003138 	423 	85 	91 	91 
003139 	423 	85 	91 	91 
003140 	423 	85 	91 	91 
003141 	427 	96 	76 	75 
003142 	427 	96 	76 	75 
003143 	423 	85 	91 	91 
003144 	427 	96 	76 	75 
003145 	423 	95 	91 	91 
003146 	423 	95 	91 	91 
003147 	423 	95 	91 	91 
003148 	423 	95 	91 	91 
003149 	423 	95 	91 	91 
003150 	423 	95 	91 	91 
003151 	427 	96 	76 	75 
003152 	427 	96 	76 	75 
003153 	427 	96 	76 	75 
003154 	427 	96 	76 	75 
003155 	427 	96 	76 	75 
003156 	427 	96 	76 	75 
003157 	427 	96 	76 	75 
003158 	427 	96 	76 	75 
003159 	423 	95 	91 	91 
003160 	427 	96 	76 	75 
003161 	423 	95 	91 	91 
003162 	423 	95 	91 	91 
003163 	423 	95 	91 	91 
003164 	423 	95 	91 	91 
003165 	423 	95 	91 	91 
003166 	423 	95 	91 	91 
003167 	423 	95 	91 	91 
003168 	423 	95 	91 	91 
003169 	423 	95 	91 	91 
003170 	423 	95 	91 	91 
003171 	423 	95 	91 	91 
003172 	423 	95 	91 	91 
003173 	423 	95 	91 	91 
003174 	423 	95 	91 	91 
003175 	423 	95 	91 	91 
003176 	423 	95 	91 	91 
003177 	423 	95 	91 	91 
003178 	423 	95 	91 	91 
003179 	423 	95 	91 	91 
003180 	423 	95 	91 	91 
003181 	423 	95 	91 	91 
003182 	423 	95 	91 	91 
003183 	423 	95 	91 	91 
003184 	423 	95 	91 	91 
003185 	423 	95 	91 	91 
003186 	423 	95 	91 	91 
003187 	423 	95 	91 	91 
003188 	423 	95 	91 	91 
003189 	423 	95 	91 	91 
003190 	435 	96 	76 	75 
003191 	423 	95 	91 	91 
003192 	435 	96 	76 	75 
003193 	435 	96 	76 	75 
003194 	435 	96 	76 	75 
003195 	423 	95 	91 	91 
003196 	423 	95 	91 	91 
003197 	423 	95 	91 	91 
003198 	423 	95 	91 	91 
003199 	423 	95 	91 	91 
003200 	423 	95 	91 	91 
003201 	423 	95 	91 	91 
003202 	423 	95 	91 	91 
003203 	423 	95 	91 	91 
003204 	423 	95 	91 	91 
003205 	423 	95 	91 	91 
003206 	423 	95 	91 	91 
003207 	423 	95 	91 	91 
003208 	423 	95 	91 	91 
003209 	423 	95 	91 	91 
003210 	423 	95 	91 	91 
003211 	423 	95 	91 	91 
003212 	423 	95 	91 	91 
003213 	423 	95 	91 	91 
003214 	423 	95 	91 	91 
003215 	423 	95 	91 	91 
003216 	423 	95 	91 	91 
003217 	423 	95 	91 	91 
003218 	423 	95 	91 	91 
003219 	423 	95 	91 	91 
003220 	423 	95 	91 	91 
003221 	423 	95 	91 	91 
003222 	423 	95 	91 	91 
003223 	423 	95 	91 	91 
003224 	423 	95 	91 	91 
003225 	423 	95 	91 	91 
003226 	423 	95 	91 	91 
003227 	423 	95 	91 	91 
003228 	423 	95 	91 	91 
003229 	423 	95 	91 	91 
003230 	423 	95 	91 	91 
003231 	423 	95 	91 	91 
003232 	423 	95 	91 	91 
003233 	423 	95 	91 	91 
003234 	423 	95 	91 	91 
003235 	423 	95 	91 	91 
003236 	423 	95 	91 	91 
003237 	423 	95 	91 	91 
003238 	427 	104 	76 	76 
003239 	427 	104 	76 	76 
003240 	413 	85 	91 	91 
003241 	413 	85 	91 	91 
003242 	413 	85 	91 	91 
003243 	413 	85 	91 	91 
003244 	413 	85 	91 	91 
003245 	413 	85 	91 	91 
003246 	413 	85 	91 	91 
003247 	413 	85 	91 	91 
003248 	413 	85 	91 	91 
003249 	413 	85 	91 	91 
003250 	413 	85 	91 	91 
003251 	413 	85 	91 	91 
003252 	423 	95 	91 	91 
003253 	427 	104 	76 	76 
003254 	423 	95 	91 	91 
003255 	423 	95 	91 	91 
003256 	423 	95 	91 	91 
003257 	423 	95 	91 	91 
003258 	423 	95 	91 	91 
003259 	423 	95 	91 	91 
003260 	423 	95 	91 	91 
003261 	423 	95 	91 	91 
003262 	423 	95 	91 	91 
003263 	423 	95 	91 	91 
003264 	423 	95 	91 	91 
003265 	423 	95 	91 	91 
003266 	423 	95 	91 	91 
003267 	423 	95 	91 	91 
003268 	423 	95 	91 	91 
003269 	423 	95 	91 	91 
003270 	423 	95 	91 	91 
003271 	423 	95 	91 	91 
003272 	423 	95 	91 	91 
003273 	423 	95 	91 	91 
003274 	423 	95 	91 	91 
003275 	423 	95 	91 	91 
003276 	423 	95 	91 	91 
003277 	423 	95 	91 	91 
003278 	423 	95 	91 	91 
003279 	423 	95 	91 	91 
003280 	423 	95 	91 	91 
003281 	423 	95 	91 	91 
003282 	423 	95 	91 	91 
003283 	423 	95 	91 	91 
003284 	423 	95 	91 	91 
003285 	423 	95 	91 	91 
003286 	423 	95 	91 	91 
003287 	423 	95 	91 	91 
003288 	423 	95 	91 	91 
003289 	423 	95 	91 	91 
003290 	423 	95 	91 	91 
003291 	423 	95 	91 	91 
003292 	423 	95 	91 	91 
003293 	423 	95 	91 	91 
003294 	423 	95 	91 	91 
003295 	423 	95 	91 	91 
003296 	423 	95 	91 	91 
003297 	423 	85 	91 	91 
003298 	423 	95 	91 	91 
003299 	423 	95 	91 	91 
003300 	423 	95 	91 	91 
003301 	423 	95 	91 	91 
003302 	423 	95 	91 	91 
003303 	423 	95 	91 	91 
003304 	423 	95 	91 	91 
003305 	423 	95 	91 	91 
003306 	423 	95 	91 	91 
003307 	423 	95 	91 	91 
003308 	423 	95 	91 	91 
003309 	423 	95 	91 	91 
003310 	423 	95 	91 	91 
003311 	423 	95 	91 	91 
003312 	423 	95 	91 	91 
003313 	423 	95 	91 	91 
003314 	423 	95 	91 	91 
003315 	423 	95 	91 	91 
003316 	423 	95 	91 	91 
003317 	423 	95 	91 	91 
003318 	423 	95 	91 	91 
003319 	423 	95 	91 	91 
003320 	423 	95 	91 	91 
003321 	427 	96 	76 	75 
003322 	427 	96 	76 	75 
003323 	427 	96 	76 	75 
003324 	427 	96 	76 	75 
003325 	427 	96 	76 	75 
003326 	423 	85 	91 	91 
003327 	427 	96 	76 	75 
003328 	427 	96 	76 	75 
003329 	427 	96 	76 	75 
003330 	413 	85 	91 	91 
003331 	413 	85 	91 	91 
003332 	413 	85 	91 	91 
003333 	413 	85 	91 	91 
003334 	427 	87 	76 	76 
003335 	427 	87 	76 	76 
003336 	427 	87 	76 	76 
003337 	427 	87 	76 	76 
003338 	427 	87 	76 	76 
003339 	427 	87 	76 	76 
003340 	427 	79 	76 	76 
003341 	427 	79 	76 	76 
003342 	427 	79 	76 	76 
003343 	427 	79 	76 	76 
003344 	427 	79 	76 	76 
003345 	427 	79 	76 	76 
003346 	427 	79 	76 	76 
003347 	427 	79 	76 	76 
003348 	427 	79 	76 	76 
003349 	427 	79 	76 	76 
003350 	427 	79 	76 	76 
003351 	423 	75 	91 	91 
003352 	423 	75 	91 	91 
003353 	423 	75 	91 	91 
003354 	423 	75 	91 	91 
003355 	427 	87 	76 	76 
003356 	427 	87 	76 	76 
003357 	423 	85 	91 	91 
003358 	423 	85 	91 	91 
003359 	423 	85 	91 	91 
003360 	423 	75 	91 	91 
003361 	423 	75 	91 	91 
003362 	423 	75 	91 	91 
003363 	423 	75 	91 	91 
003364 	423 	75 	91 	91 
003365 	427 	87 	76 	76 
003366 	413 	75 	91 	91 
003367 	413 	75 	91 	91 
003368 	413 	75 	91 	91 
003369 	413 	75 	91 	91 
003370 	413 	75 	91 	91 
003371 	413 	75 	91 	91 
003372 	413 	75 	91 	91 
003373 	413 	75 	91 	91 
003374 	413 	75 	91 	91 
003375 	413 	75 	91 	91 
003376 	413 	75 	91 	91 
003377 	413 	75 	91 	91 
003378 	413 	75 	91 	91 
003379 	413 	85 	91 	91 
003380 	413 	85 	91 	91 
003381 	413 	85 	91 	91 
003382 	413 	85 	91 	91 
003383 	413 	85 	91 	91 
003384 	413 	85 	91 	91 
003385 	413 	85 	91 	91 
003386 	413 	85 	91 	91 
003387 	413 	85 	91 	91 
003388 	413 	85 	91 	91 
003389 	413 	85 	91 	91 
003390 	413 	85 	91 	91 
003391 	413 	85 	91 	91 
003392 	413 	85 	91 	91 
003393 	413 	85 	91 	91 
003394 	413 	85 	91 	91 
003395 	413 	85 	91 	91 
003396 	413 	85 	91 	91 
003397 	413 	85 	91 	91 
003398 	413 	85 	91 	91 
003399 	413 	85 	91 	91 
003400 	413 	85 	91 	91 
003401 	413 	85 	91 	91 
003402 	413 	85 	91 	91 
003403 	413 	85 	91 	91 
003404 	413 	85 	91 	91 
003405 	413 	85 	91 	91 
003406 	413 	85 	91 	91 
003407 	413 	85 	91 	91 
003408 	413 	85 	91 	91 
003409 	413 	85 	91 	91 
003410 	413 	85 	91 	91 
003411 	413 	85 	91 	91 
003412 	413 	85 	91 	91 
003413 	413 	85 	91 	91 
003414 	413 	85 	91 	91 
003415 	413 	85 	91 	91 
003416 	427 	96 	76 	75 
003417 	427 	96 	76 	75 
003418 	427 	96 	76 	75 
003419 	427 	96 	76 	75 
003420 	427 	96 	76 	75 
003421 	423 	85 	91 	91 
003422 	423 	85 	91 	91 
003423 	423 	85 	91 	91 
003424 	423 	85 	91 	91 
003425 	423 	85 	91 	91 
003426 	423 	85 	91 	91 
003427 	423 	85 	91 	91 
003428 	423 	85 	91 	91 
003429 	423 	85 	91 	91 
003430 	423 	85 	91 	91 
003431 	423 	85 	91 	91 
003432 	423 	85 	91 	91 
003433 	423 	85 	91 	91 
003434 	427 	96 	76 	75 
003435 	427 	96 	76 	75 
003436 	413 	85 	91 	91 
003437 	413 	85 	91 	91 
003438 	413 	85 	91 	91 
003439 	413 	85 	91 	91 
003440 	413 	85 	91 	91 
003441 	413 	85 	91 	91 
003442 	413 	85 	91 	91 
003443 	413 	85 	91 	91 
003444 	413 	85 	91 	91 
003445 	413 	85 	91 	91 
003446 	413 	85 	91 	91 
003447 	413 	85 	91 	91 
003448 	413 	85 	91 	91 
003449 	413 	85 	91 	91 
003450 	413 	85 	91 	91 
003451 	413 	85 	91 	91 
003452 	413 	95 	91 	91 
003453 	413 	95 	91 	91 
003454 	413 	95 	91 	91 
003455 	413 	95 	91 	91 
003456 	413 	95 	91 	91 
003457 	413 	95 	91 	91 
003458 	413 	95 	91 	91 
003459 	413 	95 	91 	91 
003460 	413 	95 	91 	91 
003461 	413 	95 	91 	91 
003462 	413 	95 	91 	91 
003463 	413 	95 	91 	91 
003464 	413 	95 	91 	91 
003465 	413 	95 	91 	91 
003466 	419 	96 	75 	75 
003467 	419 	96 	75 	75 
003468 	419 	96 	75 	75 
003469 	413 	95 	91 	91 
003470 	413 	95 	91 	91 
003471 	413 	95 	91 	91 
003472 	413 	95 	91 	91 
003473 	413 	95 	91 	91 
003474 	413 	95 	91 	91 
003475 	413 	95 	91 	91 
003476 	413 	95 	91 	91 
003477 	413 	95 	91 	91 
003478 	413 	95 	91 	91 
003479 	413 	95 	91 	91 
003480 	413 	95 	91 	91 
003481 	413 	95 	91 	91 
003482 	413 	95 	91 	91 
003483 	413 	95 	91 	91 
003484 	413 	95 	91 	91 
003485 	413 	95 	91 	91 
003486 	413 	95 	91 	91 
003487 	413 	95 	91 	91 
003488 	413 	95 	91 	91 
003489 	413 	95 	91 	91 
003490 	413 	95 	91 	91 
003491 	419 	96 	75 	75 
003492 	419 	96 	75 	75 
003493 	419 	96 	75 	75 
003494 	413 	85 	91 	91 
003495 	413 	85 	91 	91 
003496 	413 	85 	91 	91 
003497 	413 	85 	91 	91 
003498 	413 	85 	91 	91 
003499 	413 	85 	91 	91 
003500 	413 	85 	91 	91 
003501 	413 	85 	91 	91 
003502 	427 	87 	76 	76 
003503 	427 	87 	76 	76 
003504 	423 	85 	91 	91 
003505 	427 	87 	76 	76 
003506 	427 	87 	76 	76 
003507 	427 	87 	76 	76 
003508 	427 	87 	76 	76 
003509 	427 	87 	76 	76 
003510 	427 	87 	76 	76 
003511 	427 	87 	76 	76 
003512 	427 	87 	76 	76 
003513 	427 	87 	76 	76 
003514 	427 	87 	76 	76 
003515 	427 	87 	76 	76 
003516 	427 	87 	76 	76 
003517 	427 	87 	76 	76 
003518 	427 	87 	76 	76 
003519 	427 	87 	76 	76 
003520 	427 	87 	76 	76 
003521 	427 	87 	76 	76 
003522 	427 	87 	76 	76 
003523 	427 	87 	76 	76 
003524 	427 	87 	76 	76 
003525 	427 	87 	76 	76 
003526 	427 	87 	76 	76 
003527 	427 	87 	76 	76 
003528 	427 	87 	76 	76 
003529 	427 	87 	76 	76 
003530 	427 	87 	76 	76 
003531 	427 	87 	76 	76 
003532 	427 	87 	76 	76 
003533 	427 	87 	76 	76 
003534 	427 	87 	76 	76 
003535 	427 	87 	76 	76 
003536 	427 	87 	76 	76 
003537 	427 	87 	76 	76 
003538 	427 	87 	76 	76 
003539 	427 	87 	76 	76 
003540 	427 	87 	76 	76 
003541 	427 	87 	76 	76 
003542 	427 	87 	76 	76 
003543 	427 	87 	76 	76 
003544 	423 	85 	91 	91 
003545 	423 	85 	91 	91 
003546 	423 	85 	91 	91 
003547 	423 	85 	91 	91 
003548 	427 	96 	76 	75 
003549 	427 	96 	76 	75 
003550 	427 	96 	76 	75 
003551 	423 	95 	91 	91 
003552 	423 	95 	91 	91 
003553 	423 	95 	91 	91 
003554 	423 	95 	91 	91 
003555 	435 	104 	76 	76 
003556 	435 	104 	76 	76 
003557 	435 	104 	76 	76 
003558 	435 	112 	76 	76 
003559 	435 	112 	76 	76 
003560 	435 	112 	76 	76 
003561 	435 	112 	76 	76 
003562 	435 	112 	76 	76 
003563 	423 	105 	91 	91 
003564 	423 	105 	91 	91 
003565 	423 	105 	91 	91 
003566 	423 	105 	91 	91 
003567 	423 	105 	91 	91 
003568 	423 	105 	91 	91 
003569 	423 	105 	91 	91 
003570 	423 	105 	91 	91 
003571 	423 	105 	91 	91 
003572 	423 	105 	91 	91 
003573 	423 	105 	91 	91 
003574 	423 	105 	91 	91 
003575 	423 	95 	91 	91 
003576 	423 	95 	91 	91 
003577 	423 	95 	91 	91 
003578 	423 	95 	91 	91 
003579 	427 	96 	76 	75 
003580 	427 	96 	76 	75 
003581 	427 	96 	76 	75 
003582 	423 	85 	91 	91 
003583 	423 	85 	91 	91 
003584 	423 	85 	91 	91 
003585 	423 	85 	91 	91 
003586 	423 	85 	91 	91 
003587 	427 	87 	76 	76 
003588 	427 	87 	76 	76 
003589 	427 	87 	76 	76 
003590 	427 	87 	76 	76 
003591 	427 	87 	76 	76 
003592 	427 	87 	76 	76 
003593 	427 	87 	76 	76 
003594 	427 	87 	76 	76 
003595 	427 	87 	76 	76 
003596 	427 	87 	76 	76 
003597 	427 	87 	76 	76 
003598 	427 	87 	76 	76 
003599 	427 	87 	76 	76 
003600 	427 	87 	76 	76 
003601 	427 	87 	76 	76 
003602 	427 	87 	76 	76 
003603 	427 	87 	76 	76 
003604 	427 	87 	76 	76 
003605 	427 	87 	76 	76 
003606 	427 	87 	76 	76 
003607 	413 	85 	91 	91 
003608 	413 	75 	91 	91 
003609 	413 	85 	91 	91 
003610 	413 	85 	91 	91 
003611 	413 	75 	91 	91 
003612 	413 	75 	91 	91 
003613 	413 	75 	91 	91 
003614 	413 	85 	91 	91 
003615 	413 	75 	91 	91 
003616 	413 	85 	91 	91 
003617 	413 	85 	91 	91 
003618 	413 	85 	91 	91 
003619 	423 	85 	91 	91 
003620 	423 	85 	91 	91 
003621 	423 	85 	91 	91 
003622 	423 	85 	91 	91 
003623 	423 	85 	91 	91 
003624 	423 	85 	91 	91 
003625 	423 	85 	91 	91 
003626 	423 	85 	91 	91 
003627 	423 	85 	91 	91 
003628 	423 	85 	91 	91 
