Identity  : 	id10304
Reference : 	o9bD_E99Jpg
Offset    : 	-2
FV Conf   : 	15.667
ASD Conf  : 	7.908

FRAME 	X 	Y 	W 	H 
003681 	413 	85 	91 	91 
003682 	413 	85 	91 	91 
003683 	413 	85 	91 	91 
003684 	413 	85 	91 	91 
003685 	413 	85 	91 	91 
003686 	413 	85 	91 	91 
003687 	427 	96 	76 	75 
003688 	427 	96 	76 	75 
003689 	423 	95 	91 	91 
003690 	423 	95 	91 	91 
003691 	423 	95 	91 	91 
003692 	423 	95 	91 	91 
003693 	427 	96 	76 	75 
003694 	413 	85 	91 	91 
003695 	413 	85 	91 	91 
003696 	413 	85 	91 	91 
003697 	413 	85 	91 	91 
003698 	413 	85 	91 	91 
003699 	413 	85 	91 	91 
003700 	413 	85 	91 	91 
003701 	413 	85 	91 	91 
003702 	423 	85 	91 	91 
003703 	423 	85 	91 	91 
003704 	423 	85 	91 	91 
003705 	423 	85 	91 	91 
003706 	423 	85 	91 	91 
003707 	423 	85 	91 	91 
003708 	423 	85 	91 	91 
003709 	423 	85 	91 	91 
003710 	423 	85 	91 	91 
003711 	423 	85 	91 	91 
003712 	427 	87 	76 	76 
003713 	427 	87 	76 	76 
003714 	427 	87 	76 	76 
003715 	423 	85 	91 	91 
003716 	413 	85 	91 	91 
003717 	423 	85 	91 	91 
003718 	423 	85 	91 	91 
003719 	413 	85 	91 	91 
003720 	413 	85 	91 	91 
003721 	413 	85 	91 	91 
003722 	413 	85 	91 	91 
003723 	413 	85 	91 	91 
003724 	413 	85 	91 	91 
003725 	413 	85 	91 	91 
003726 	413 	85 	91 	91 
003727 	413 	85 	91 	91 
003728 	413 	85 	91 	91 
003729 	413 	85 	91 	91 
003730 	413 	85 	91 	91 
003731 	413 	85 	91 	91 
003732 	413 	85 	91 	91 
003733 	413 	85 	91 	91 
003734 	413 	85 	91 	91 
003735 	423 	85 	91 	91 
003736 	423 	85 	91 	91 
003737 	423 	85 	91 	91 
003738 	435 	96 	76 	75 
003739 	423 	95 	91 	91 
003740 	435 	96 	76 	75 
003741 	435 	96 	76 	75 
003742 	423 	95 	91 	91 
003743 	435 	96 	76 	75 
003744 	433 	85 	91 	91 
003745 	435 	104 	76 	76 
003746 	435 	96 	76 	75 
003747 	435 	96 	76 	75 
003748 	435 	96 	76 	75 
003749 	423 	95 	91 	91 
003750 	435 	104 	76 	76 
003751 	435 	104 	76 	76 
003752 	423 	95 	91 	91 
003753 	423 	95 	91 	91 
003754 	423 	95 	91 	91 
003755 	423 	95 	91 	91 
003756 	423 	95 	91 	91 
003757 	423 	95 	91 	91 
003758 	423 	95 	91 	91 
003759 	435 	96 	76 	75 
003760 	423 	85 	91 	91 
003761 	423 	85 	91 	91 
003762 	423 	85 	91 	91 
003763 	423 	85 	91 	91 
003764 	423 	85 	91 	91 
003765 	423 	85 	91 	91 
003766 	423 	85 	91 	91 
003767 	423 	85 	91 	91 
003768 	413 	85 	91 	91 
003769 	413 	85 	91 	91 
003770 	413 	85 	91 	91 
003771 	413 	85 	91 	91 
003772 	413 	85 	91 	91 
003773 	403 	85 	91 	91 
003774 	403 	85 	91 	91 
003775 	403 	85 	91 	91 
003776 	403 	85 	91 	91 
003777 	403 	85 	91 	91 
003778 	403 	85 	91 	91 
003779 	403 	85 	91 	91 
003780 	403 	85 	91 	91 
003781 	410 	87 	76 	76 
003782 	403 	85 	91 	91 
003783 	403 	85 	91 	91 
003784 	403 	85 	91 	91 
003785 	413 	85 	91 	91 
003786 	413 	85 	91 	91 
003787 	413 	85 	91 	91 
003788 	413 	85 	91 	91 
003789 	413 	85 	91 	91 
003790 	413 	85 	91 	91 
003791 	413 	85 	91 	91 
003792 	413 	85 	91 	91 
003793 	413 	85 	91 	91 
003794 	413 	85 	91 	91 
003795 	413 	85 	91 	91 
003796 	413 	85 	91 	91 
003797 	413 	85 	91 	91 
003798 	413 	85 	91 	91 
003799 	413 	85 	91 	91 
003800 	427 	87 	76 	76 
003801 	427 	87 	76 	76 
003802 	427 	87 	76 	76 
003803 	427 	87 	76 	76 
003804 	423 	85 	91 	91 
003805 	423 	85 	91 	91 
003806 	423 	85 	91 	91 
003807 	423 	85 	91 	91 
003808 	423 	85 	91 	91 
003809 	423 	85 	91 	91 
003810 	423 	85 	91 	91 
003811 	423 	85 	91 	91 
003812 	423 	85 	91 	91 
003813 	423 	85 	91 	91 
003814 	423 	85 	91 	91 
003815 	423 	85 	91 	91 
003816 	423 	85 	91 	91 
003817 	423 	85 	91 	91 
003818 	423 	85 	91 	91 
003819 	423 	85 	91 	91 
003820 	423 	85 	91 	91 
003821 	423 	85 	91 	91 
003822 	423 	85 	91 	91 
003823 	423 	85 	91 	91 
003824 	423 	85 	91 	91 
003825 	423 	85 	91 	91 
003826 	423 	85 	91 	91 
003827 	423 	85 	91 	91 
003828 	423 	85 	91 	91 
003829 	423 	85 	91 	91 
003830 	423 	85 	91 	91 
003831 	423 	85 	91 	91 
003832 	423 	85 	91 	91 
003833 	423 	85 	91 	91 
003834 	423 	85 	91 	91 
003835 	423 	85 	91 	91 
003836 	423 	85 	91 	91 
003837 	423 	85 	91 	91 
003838 	423 	85 	91 	91 
003839 	423 	85 	91 	91 
003840 	423 	85 	91 	91 
003841 	423 	85 	91 	91 
003842 	423 	85 	91 	91 
003843 	423 	85 	91 	91 
003844 	423 	85 	91 	91 
003845 	423 	85 	91 	91 
003846 	423 	85 	91 	91 
003847 	423 	85 	91 	91 
003848 	423 	85 	91 	91 
003849 	423 	85 	91 	91 
003850 	423 	85 	91 	91 
003851 	423 	85 	91 	91 
003852 	423 	85 	91 	91 
003853 	433 	85 	91 	91 
003854 	435 	96 	76 	75 
003855 	435 	96 	76 	75 
003856 	433 	85 	91 	91 
003857 	435 	96 	76 	75 
003858 	435 	96 	76 	75 
003859 	435 	96 	76 	75 
003860 	435 	96 	76 	75 
003861 	435 	96 	76 	75 
003862 	435 	96 	76 	75 
003863 	423 	85 	91 	91 
003864 	423 	85 	91 	91 
003865 	423 	85 	91 	91 
003866 	423 	85 	91 	91 
003867 	423 	85 	91 	91 
003868 	423 	85 	91 	91 
003869 	423 	85 	91 	91 
003870 	423 	85 	91 	91 
003871 	423 	85 	91 	91 
003872 	423 	85 	91 	91 
003873 	423 	85 	91 	91 
003874 	423 	85 	91 	91 
003875 	423 	85 	91 	91 
003876 	423 	85 	91 	91 
003877 	423 	85 	91 	91 
003878 	423 	85 	91 	91 
003879 	423 	85 	91 	91 
003880 	423 	85 	91 	91 
003881 	423 	85 	91 	91 
003882 	423 	85 	91 	91 
003883 	423 	85 	91 	91 
003884 	423 	85 	91 	91 
003885 	423 	85 	91 	91 
003886 	423 	85 	91 	91 
003887 	423 	85 	91 	91 
003888 	423 	85 	91 	91 
003889 	423 	85 	91 	91 
003890 	423 	85 	91 	91 
003891 	423 	85 	91 	91 
003892 	423 	85 	91 	91 
003893 	423 	85 	91 	91 
003894 	423 	85 	91 	91 
003895 	423 	85 	91 	91 
003896 	423 	85 	91 	91 
003897 	423 	85 	91 	91 
003898 	423 	85 	91 	91 
003899 	423 	85 	91 	91 
003900 	423 	85 	91 	91 
003901 	423 	85 	91 	91 
003902 	423 	85 	91 	91 
003903 	413 	85 	91 	91 
003904 	413 	85 	91 	91 
003905 	413 	85 	91 	91 
003906 	427 	87 	76 	76 
003907 	427 	87 	76 	76 
003908 	427 	87 	76 	76 
003909 	427 	87 	76 	76 
003910 	427 	87 	76 	76 
003911 	427 	87 	76 	76 
003912 	427 	87 	76 	76 
003913 	427 	87 	76 	76 
003914 	427 	87 	76 	76 
003915 	427 	87 	76 	76 
003916 	427 	87 	76 	76 
003917 	427 	87 	76 	76 
003918 	413 	85 	91 	91 
003919 	413 	85 	91 	91 
003920 	413 	85 	91 	91 
003921 	413 	85 	91 	91 
003922 	413 	85 	91 	91 
003923 	413 	85 	91 	91 
003924 	413 	85 	91 	91 
003925 	413 	85 	91 	91 
003926 	413 	85 	91 	91 
003927 	413 	85 	91 	91 
003928 	413 	85 	91 	91 
003929 	413 	85 	91 	91 
003930 	413 	85 	91 	91 
003931 	413 	85 	91 	91 
003932 	413 	85 	91 	91 
003933 	413 	85 	91 	91 
003934 	413 	85 	91 	91 
003935 	413 	85 	91 	91 
003936 	413 	85 	91 	91 
003937 	413 	85 	91 	91 
003938 	413 	85 	91 	91 
003939 	403 	75 	91 	91 
003940 	403 	75 	91 	91 
003941 	403 	75 	91 	91 
003942 	403 	75 	91 	91 
003943 	403 	75 	91 	91 
003944 	403 	75 	91 	91 
003945 	403 	75 	91 	91 
003946 	403 	75 	91 	91 
003947 	403 	75 	91 	91 
003948 	403 	75 	91 	91 
003949 	403 	75 	91 	91 
003950 	403 	75 	91 	91 
003951 	403 	75 	91 	91 
003952 	403 	75 	91 	91 
003953 	403 	75 	91 	91 
003954 	403 	75 	91 	91 
003955 	413 	85 	91 	91 
003956 	413 	85 	91 	91 
003957 	413 	85 	91 	91 
003958 	413 	85 	91 	91 
003959 	413 	85 	91 	91 
003960 	413 	85 	91 	91 
003961 	413 	85 	91 	91 
003962 	413 	85 	91 	91 
003963 	413 	85 	91 	91 
003964 	413 	85 	91 	91 
003965 	413 	85 	91 	91 
003966 	413 	85 	91 	91 
003967 	413 	85 	91 	91 
003968 	423 	85 	91 	91 
003969 	423 	85 	91 	91 
003970 	423 	85 	91 	91 
003971 	423 	85 	91 	91 
003972 	423 	85 	91 	91 
003973 	423 	85 	91 	91 
003974 	427 	87 	76 	76 
003975 	427 	87 	76 	76 
003976 	413 	85 	91 	91 
003977 	413 	85 	91 	91 
003978 	413 	85 	91 	91 
003979 	413 	85 	91 	91 
003980 	413 	85 	91 	91 
003981 	413 	85 	91 	91 
003982 	413 	85 	91 	91 
003983 	413 	85 	91 	91 
003984 	413 	85 	91 	91 
003985 	413 	85 	91 	91 
003986 	427 	96 	76 	75 
003987 	427 	96 	76 	75 
003988 	427 	96 	76 	75 
003989 	427 	96 	76 	75 
003990 	427 	96 	76 	75 
003991 	413 	85 	91 	91 
003992 	427 	96 	76 	75 
003993 	427 	96 	76 	75 
003994 	427 	96 	76 	75 
003995 	427 	96 	76 	75 
003996 	427 	96 	76 	75 
003997 	427 	96 	76 	75 
003998 	427 	96 	76 	75 
003999 	423 	85 	91 	91 
004000 	423 	85 	91 	91 
004001 	423 	85 	91 	91 
004002 	423 	85 	91 	91 
004003 	423 	85 	91 	91 
004004 	423 	85 	91 	91 
004005 	423 	85 	91 	91 
004006 	423 	85 	91 	91 
004007 	423 	85 	91 	91 
004008 	427 	96 	76 	75 
004009 	423 	85 	91 	91 
004010 	427 	96 	76 	75 
004011 	427 	96 	76 	75 
004012 	423 	85 	91 	91 
004013 	423 	85 	91 	91 
004014 	423 	85 	91 	91 
004015 	423 	85 	91 	91 
004016 	423 	85 	91 	91 
004017 	423 	85 	91 	91 
004018 	423 	85 	91 	91 
004019 	423 	85 	91 	91 
004020 	423 	85 	91 	91 
004021 	423 	85 	91 	91 
004022 	423 	85 	91 	91 
004023 	423 	85 	91 	91 
004024 	423 	85 	91 	91 
004025 	423 	85 	91 	91 
004026 	423 	85 	91 	91 
004027 	423 	95 	91 	91 
004028 	423 	85 	91 	91 
004029 	427 	96 	76 	75 
004030 	427 	96 	76 	75 
004031 	427 	96 	76 	75 
004032 	423 	85 	91 	91 
004033 	423 	85 	91 	91 
004034 	423 	85 	91 	91 
004035 	423 	85 	91 	91 
004036 	423 	85 	91 	91 
004037 	423 	85 	91 	91 
004038 	423 	85 	91 	91 
004039 	427 	96 	76 	75 
004040 	427 	96 	76 	75 
004041 	427 	96 	76 	75 
004042 	427 	96 	76 	75 
004043 	427 	96 	76 	75 
004044 	427 	96 	76 	75 
004045 	427 	96 	76 	75 
004046 	427 	96 	76 	75 
004047 	427 	96 	76 	75 
004048 	427 	96 	76 	75 
004049 	427 	96 	76 	75 
004050 	427 	96 	76 	75 
004051 	427 	96 	76 	75 
004052 	427 	96 	76 	75 
004053 	427 	96 	76 	75 
004054 	427 	96 	76 	75 
004055 	427 	96 	76 	75 
004056 	427 	96 	76 	75 
004057 	427 	96 	76 	75 
004058 	427 	96 	76 	75 
004059 	427 	96 	76 	75 
004060 	427 	96 	76 	75 
004061 	427 	96 	76 	75 
004062 	427 	96 	76 	75 
004063 	427 	96 	76 	75 
004064 	427 	96 	76 	75 
004065 	427 	96 	76 	75 
004066 	427 	96 	76 	75 
004067 	427 	96 	76 	75 
004068 	427 	96 	76 	75 
004069 	427 	96 	76 	75 
004070 	427 	96 	76 	75 
004071 	427 	96 	76 	75 
004072 	427 	96 	76 	75 
004073 	427 	96 	76 	75 
004074 	427 	96 	76 	75 
004075 	427 	96 	76 	75 
004076 	427 	96 	76 	75 
004077 	427 	96 	76 	75 
004078 	427 	96 	76 	75 
004079 	427 	96 	76 	75 
004080 	427 	96 	76 	75 
004081 	427 	96 	76 	75 
004082 	427 	96 	76 	75 
004083 	427 	96 	76 	75 
004084 	427 	96 	76 	75 
004085 	427 	96 	76 	75 
004086 	427 	96 	76 	75 
004087 	427 	96 	76 	75 
004088 	427 	96 	76 	75 
004089 	427 	96 	76 	75 
004090 	427 	96 	76 	75 
004091 	427 	96 	76 	75 
004092 	427 	96 	76 	75 
004093 	427 	96 	76 	75 
004094 	427 	96 	76 	75 
004095 	427 	96 	76 	75 
004096 	427 	96 	76 	75 
004097 	427 	96 	76 	75 
004098 	427 	96 	76 	75 
004099 	427 	96 	76 	75 
004100 	427 	96 	76 	75 
004101 	427 	96 	76 	75 
004102 	427 	96 	76 	75 
004103 	427 	96 	76 	75 
004104 	427 	96 	76 	75 
004105 	413 	85 	91 	91 
004106 	413 	85 	91 	91 
004107 	413 	85 	91 	91 
004108 	413 	85 	91 	91 
004109 	413 	85 	91 	91 
004110 	413 	85 	91 	91 
004111 	413 	85 	91 	91 
004112 	413 	85 	91 	91 
004113 	413 	85 	91 	91 
004114 	413 	85 	91 	91 
004115 	413 	85 	91 	91 
004116 	413 	85 	91 	91 
004117 	413 	85 	91 	91 
004118 	413 	85 	91 	91 
004119 	427 	96 	76 	75 
004120 	427 	96 	76 	75 
004121 	427 	96 	76 	75 
004122 	427 	96 	76 	75 
004123 	423 	85 	91 	91 
004124 	423 	85 	91 	91 
004125 	423 	85 	91 	91 
004126 	423 	85 	91 	91 
004127 	423 	85 	91 	91 
004128 	423 	85 	91 	91 
004129 	423 	85 	91 	91 
004130 	423 	85 	91 	91 
004131 	423 	85 	91 	91 
004132 	423 	85 	91 	91 
004133 	423 	85 	91 	91 
004134 	423 	85 	91 	91 
004135 	427 	96 	76 	75 
004136 	423 	85 	91 	91 
004137 	427 	96 	76 	75 
004138 	423 	85 	91 	91 
004139 	423 	85 	91 	91 
004140 	423 	85 	91 	91 
004141 	423 	85 	91 	91 
004142 	423 	85 	91 	91 
004143 	423 	85 	91 	91 
004144 	423 	85 	91 	91 
004145 	423 	85 	91 	91 
004146 	423 	85 	91 	91 
004147 	423 	85 	91 	91 
004148 	423 	85 	91 	91 
004149 	423 	85 	91 	91 
004150 	423 	85 	91 	91 
004151 	423 	85 	91 	91 
004152 	423 	85 	91 	91 
004153 	423 	85 	91 	91 
004154 	423 	85 	91 	91 
004155 	423 	85 	91 	91 
004156 	423 	85 	91 	91 
004157 	423 	85 	91 	91 
004158 	423 	85 	91 	91 
004159 	423 	85 	91 	91 
004160 	423 	85 	91 	91 
004161 	423 	85 	91 	91 
004162 	423 	85 	91 	91 
004163 	423 	85 	91 	91 
004164 	423 	85 	91 	91 
004165 	427 	96 	76 	75 
004166 	413 	85 	91 	91 
004167 	413 	85 	91 	91 
004168 	413 	85 	91 	91 
004169 	413 	85 	91 	91 
004170 	413 	85 	91 	91 
004171 	413 	85 	91 	91 
004172 	413 	85 	91 	91 
004173 	413 	85 	91 	91 
004174 	413 	85 	91 	91 
004175 	413 	85 	91 	91 
004176 	413 	85 	91 	91 
004177 	413 	85 	91 	91 
004178 	413 	85 	91 	91 
004179 	413 	85 	91 	91 
004180 	413 	85 	91 	91 
004181 	413 	85 	91 	91 
004182 	413 	85 	91 	91 
004183 	419 	96 	75 	75 
004184 	413 	85 	91 	91 
004185 	419 	96 	75 	75 
004186 	419 	96 	75 	75 
004187 	419 	96 	75 	75 
004188 	419 	96 	75 	75 
004189 	419 	96 	75 	75 
004190 	419 	96 	75 	75 
004191 	419 	96 	75 	75 
004192 	419 	96 	75 	75 
004193 	419 	96 	75 	75 
004194 	419 	96 	75 	75 
004195 	413 	95 	91 	91 
004196 	413 	95 	91 	91 
004197 	413 	95 	91 	91 
004198 	413 	95 	91 	91 
004199 	419 	96 	75 	75 
004200 	419 	96 	75 	75 
004201 	419 	96 	75 	75 
004202 	419 	96 	75 	75 
004203 	419 	96 	75 	75 
004204 	419 	96 	75 	75 
004205 	419 	96 	75 	75 
004206 	419 	96 	75 	75 
004207 	419 	96 	75 	75 
004208 	419 	96 	75 	75 
004209 	419 	96 	75 	75 
004210 	419 	96 	75 	75 
004211 	419 	96 	75 	75 
004212 	419 	96 	75 	75 
004213 	419 	96 	75 	75 
004214 	419 	96 	75 	75 
004215 	413 	95 	91 	91 
004216 	413 	95 	91 	91 
004217 	413 	95 	91 	91 
004218 	413 	95 	91 	91 
004219 	419 	96 	75 	75 
004220 	419 	96 	75 	75 
004221 	419 	96 	75 	75 
004222 	413 	95 	91 	91 
004223 	413 	95 	91 	91 
004224 	413 	95 	91 	91 
004225 	413 	95 	91 	91 
004226 	413 	95 	91 	91 
004227 	419 	96 	75 	75 
004228 	413 	95 	91 	91 
004229 	427 	96 	76 	75 
004230 	427 	96 	76 	75 
004231 	427 	96 	76 	75 
004232 	427 	96 	76 	75 
004233 	427 	96 	76 	75 
004234 	427 	96 	76 	75 
004235 	427 	96 	76 	75 
004236 	427 	96 	76 	75 
004237 	427 	96 	76 	75 
004238 	427 	96 	76 	75 
004239 	427 	96 	76 	75 
004240 	427 	96 	76 	75 
004241 	413 	95 	91 	91 
004242 	413 	95 	91 	91 
004243 	413 	95 	91 	91 
004244 	419 	96 	75 	75 
004245 	419 	96 	75 	75 
004246 	419 	96 	75 	75 
004247 	419 	96 	75 	75 
004248 	419 	96 	75 	75 
004249 	419 	96 	75 	75 
004250 	413 	85 	91 	91 
004251 	413 	85 	91 	91 
004252 	413 	85 	91 	91 
004253 	413 	85 	91 	91 
004254 	413 	85 	91 	91 
004255 	413 	85 	91 	91 
004256 	419 	87 	75 	76 
004257 	413 	85 	91 	91 
004258 	413 	85 	91 	91 
004259 	413 	85 	91 	91 
004260 	413 	85 	91 	91 
004261 	413 	85 	91 	91 
004262 	413 	85 	91 	91 
004263 	413 	85 	91 	91 
004264 	413 	85 	91 	91 
004265 	413 	85 	91 	91 
004266 	413 	85 	91 	91 
004267 	413 	85 	91 	91 
004268 	413 	85 	91 	91 
004269 	413 	85 	91 	91 
004270 	413 	85 	91 	91 
004271 	413 	75 	91 	91 
004272 	419 	87 	75 	76 
004273 	419 	87 	75 	76 
004274 	413 	75 	91 	91 
004275 	419 	87 	75 	76 
004276 	419 	87 	75 	76 
004277 	419 	87 	75 	76 
004278 	419 	87 	75 	76 
004279 	413 	75 	91 	91 
004280 	413 	75 	91 	91 
004281 	413 	75 	91 	91 
004282 	413 	85 	91 	91 
004283 	413 	85 	91 	91 
004284 	413 	85 	91 	91 
004285 	413 	85 	91 	91 
004286 	413 	85 	91 	91 
004287 	413 	85 	91 	91 
004288 	413 	85 	91 	91 
004289 	413 	85 	91 	91 
004290 	413 	85 	91 	91 
004291 	413 	85 	91 	91 
004292 	413 	85 	91 	91 
004293 	427 	87 	76 	76 
004294 	427 	87 	76 	76 
004295 	427 	87 	76 	76 
004296 	427 	87 	76 	76 
004297 	427 	87 	76 	76 
004298 	427 	87 	76 	76 
004299 	423 	75 	91 	91 
004300 	423 	75 	91 	91 
004301 	423 	75 	91 	91 
004302 	413 	85 	91 	91 
004303 	413 	85 	91 	91 
004304 	413 	85 	91 	91 
004305 	413 	85 	91 	91 
004306 	413 	85 	91 	91 
004307 	413 	85 	91 	91 
004308 	413 	85 	91 	91 
004309 	413 	85 	91 	91 
004310 	413 	85 	91 	91 
004311 	413 	75 	91 	91 
004312 	413 	85 	91 	91 
004313 	413 	85 	91 	91 
004314 	413 	85 	91 	91 
004315 	413 	85 	91 	91 
004316 	413 	85 	91 	91 
004317 	413 	85 	91 	91 
004318 	413 	85 	91 	91 
004319 	413 	85 	91 	91 
004320 	413 	95 	91 	91 
004321 	413 	85 	91 	91 
004322 	413 	85 	91 	91 
004323 	413 	85 	91 	91 
004324 	413 	85 	91 	91 
004325 	413 	85 	91 	91 
004326 	413 	85 	91 	91 
004327 	413 	85 	91 	91 
004328 	413 	85 	91 	91 
004329 	413 	85 	91 	91 
004330 	413 	85 	91 	91 
004331 	413 	85 	91 	91 
004332 	413 	85 	91 	91 
004333 	413 	85 	91 	91 
004334 	413 	85 	91 	91 
004335 	413 	85 	91 	91 
004336 	413 	85 	91 	91 
004337 	413 	85 	91 	91 
004338 	413 	85 	91 	91 
004339 	413 	85 	91 	91 
004340 	413 	85 	91 	91 
004341 	413 	85 	91 	91 
