Identity  : 	id10304
Reference : 	o9bD_E99Jpg
Offset    : 	-2
FV Conf   : 	18.367
ASD Conf  : 	6.938

FRAME 	X 	Y 	W 	H 
008379 	413 	85 	91 	91 
008380 	413 	85 	91 	91 
008381 	413 	85 	91 	91 
008382 	413 	85 	91 	91 
008383 	413 	85 	91 	91 
008384 	413 	85 	91 	91 
008385 	413 	85 	91 	91 
008386 	413 	85 	91 	91 
008387 	413 	85 	91 	91 
008388 	413 	85 	91 	91 
008389 	413 	85 	91 	91 
008390 	413 	85 	91 	91 
008391 	413 	85 	91 	91 
008392 	413 	85 	91 	91 
008393 	413 	85 	91 	91 
008394 	413 	85 	91 	91 
008395 	423 	85 	91 	91 
008396 	427 	87 	76 	76 
008397 	423 	85 	91 	91 
008398 	423 	85 	91 	91 
008399 	423 	85 	91 	91 
008400 	427 	87 	76 	76 
008401 	427 	87 	76 	76 
008402 	423 	85 	91 	91 
008403 	427 	87 	76 	76 
008404 	423 	75 	91 	91 
008405 	427 	87 	76 	76 
008406 	427 	87 	76 	76 
008407 	427 	87 	76 	76 
008408 	427 	87 	76 	76 
008409 	427 	87 	76 	76 
008410 	427 	87 	76 	76 
008411 	427 	87 	76 	76 
008412 	423 	75 	91 	91 
008413 	423 	75 	91 	91 
008414 	423 	75 	91 	91 
008415 	423 	75 	91 	91 
008416 	423 	75 	91 	91 
008417 	423 	75 	91 	91 
008418 	423 	75 	91 	91 
008419 	423 	75 	91 	91 
008420 	423 	75 	91 	91 
008421 	423 	85 	91 	91 
008422 	423 	85 	91 	91 
008423 	423 	85 	91 	91 
008424 	423 	85 	91 	91 
008425 	423 	85 	91 	91 
008426 	423 	85 	91 	91 
008427 	423 	85 	91 	91 
008428 	423 	85 	91 	91 
008429 	423 	95 	91 	91 
008430 	423 	95 	91 	91 
008431 	423 	95 	91 	91 
008432 	423 	95 	91 	91 
008433 	423 	95 	91 	91 
008434 	423 	95 	91 	91 
008435 	423 	95 	91 	91 
008436 	423 	95 	91 	91 
008437 	423 	95 	91 	91 
008438 	423 	95 	91 	91 
008439 	423 	95 	91 	91 
008440 	423 	85 	91 	91 
008441 	423 	85 	91 	91 
008442 	423 	85 	91 	91 
008443 	423 	85 	91 	91 
008444 	423 	85 	91 	91 
008445 	423 	85 	91 	91 
008446 	423 	85 	91 	91 
008447 	423 	85 	91 	91 
008448 	423 	85 	91 	91 
008449 	423 	85 	91 	91 
008450 	423 	85 	91 	91 
008451 	423 	85 	91 	91 
008452 	423 	85 	91 	91 
008453 	423 	85 	91 	91 
008454 	423 	85 	91 	91 
008455 	423 	85 	91 	91 
008456 	423 	85 	91 	91 
008457 	423 	85 	91 	91 
008458 	423 	85 	91 	91 
008459 	423 	85 	91 	91 
008460 	423 	85 	91 	91 
008461 	423 	85 	91 	91 
008462 	423 	85 	91 	91 
008463 	423 	85 	91 	91 
008464 	423 	85 	91 	91 
008465 	423 	85 	91 	91 
008466 	423 	85 	91 	91 
008467 	423 	85 	91 	91 
008468 	423 	85 	91 	91 
008469 	423 	85 	91 	91 
008470 	423 	85 	91 	91 
008471 	423 	85 	91 	91 
008472 	423 	85 	91 	91 
008473 	423 	85 	91 	91 
008474 	423 	85 	91 	91 
008475 	423 	85 	91 	91 
008476 	423 	85 	91 	91 
008477 	423 	85 	91 	91 
008478 	423 	85 	91 	91 
008479 	423 	75 	91 	91 
008480 	423 	75 	91 	91 
008481 	423 	75 	91 	91 
008482 	423 	75 	91 	91 
008483 	423 	85 	91 	91 
008484 	423 	85 	91 	91 
008485 	423 	85 	91 	91 
008486 	423 	85 	91 	91 
008487 	423 	85 	91 	91 
008488 	423 	85 	91 	91 
008489 	423 	85 	91 	91 
008490 	423 	85 	91 	91 
