Identity  : 	id10277
Reference : 	SeXsHJ3fW1c
Offset    : 	1
FV Conf   : 	19.944
ASD Conf  : 	6.318

FRAME 	X 	Y 	W 	H 
002401 	309 	94 	130 	130 
002402 	317 	102 	108 	109 
002403 	317 	102 	108 	109 
002404 	317 	90 	108 	109 
002405 	305 	90 	108 	109 
002406 	305 	90 	108 	109 
002407 	293 	102 	108 	109 
002408 	293 	90 	108 	109 
002409 	293 	90 	108 	109 
002410 	281 	102 	108 	109 
002411 	281 	90 	108 	109 
002412 	281 	90 	108 	109 
002413 	281 	90 	108 	109 
002414 	266 	94 	130 	130 
002415 	269 	90 	108 	109 
002416 	269 	90 	108 	109 
002417 	269 	90 	108 	109 
002418 	281 	90 	108 	109 
002419 	281 	90 	108 	109 
002420 	293 	102 	108 	109 
002421 	293 	90 	108 	109 
002422 	293 	90 	108 	109 
002423 	293 	90 	108 	109 
002424 	280 	80 	130 	130 
002425 	280 	80 	130 	130 
002426 	280 	94 	130 	130 
002427 	280 	94 	130 	130 
002428 	280 	94 	130 	130 
002429 	280 	94 	130 	130 
002430 	266 	94 	130 	130 
002431 	269 	102 	108 	109 
002432 	269 	102 	108 	109 
002433 	269 	102 	108 	109 
002434 	269 	102 	108 	109 
002435 	269 	102 	108 	109 
002436 	269 	102 	108 	109 
002437 	269 	102 	108 	109 
002438 	269 	102 	108 	109 
002439 	269 	102 	108 	109 
002440 	269 	102 	108 	109 
002441 	269 	102 	108 	109 
002442 	269 	102 	108 	109 
002443 	269 	102 	108 	109 
002444 	269 	102 	108 	109 
002445 	269 	102 	108 	109 
002446 	269 	102 	108 	109 
002447 	266 	94 	130 	130 
002448 	266 	94 	130 	130 
002449 	266 	94 	130 	130 
002450 	266 	94 	130 	130 
002451 	266 	94 	130 	130 
002452 	266 	94 	130 	130 
002453 	273 	94 	130 	130 
002454 	280 	94 	130 	130 
002455 	280 	94 	130 	130 
002456 	280 	80 	130 	130 
002457 	280 	80 	130 	130 
002458 	280 	82 	130 	130 
002459 	280 	84 	130 	130 
002460 	280 	85 	130 	130 
002461 	280 	87 	130 	130 
002462 	280 	89 	130 	130 
002463 	280 	90 	130 	130 
002464 	280 	92 	130 	130 
002465 	280 	94 	130 	130 
002466 	280 	94 	130 	130 
002467 	280 	94 	130 	130 
002468 	280 	80 	130 	130 
002469 	273 	80 	130 	130 
002470 	266 	80 	130 	130 
002471 	266 	80 	130 	130 
002472 	266 	80 	130 	130 
002473 	266 	80 	130 	130 
002474 	266 	80 	130 	130 
002475 	281 	90 	108 	109 
002476 	281 	90 	108 	109 
002477 	281 	90 	108 	109 
002478 	266 	80 	130 	130 
002479 	266 	80 	130 	130 
002480 	266 	80 	130 	130 
002481 	269 	90 	108 	109 
002482 	266 	80 	130 	130 
002483 	281 	90 	108 	109 
002484 	266 	80 	130 	130 
002485 	266 	80 	130 	130 
002486 	281 	90 	108 	109 
002487 	281 	86 	112 	112 
002488 	281 	82 	115 	116 
002489 	280 	78 	119 	120 
002490 	280 	74 	123 	123 
002491 	280 	70 	126 	126 
002492 	280 	66 	130 	130 
002493 	280 	66 	130 	130 
002494 	278 	66 	130 	130 
002495 	276 	66 	130 	130 
002496 	275 	66 	130 	130 
002497 	273 	66 	130 	130 
002498 	271 	66 	130 	130 
002499 	270 	66 	130 	130 
002500 	268 	66 	130 	130 
002501 	266 	66 	130 	130 
002502 	266 	66 	130 	130 
002503 	267 	66 	130 	130 
002504 	267 	66 	130 	130 
002505 	268 	66 	130 	130 
002506 	268 	66 	130 	130 
002507 	269 	66 	130 	130 
002508 	269 	66 	130 	130 
002509 	270 	66 	130 	130 
002510 	270 	66 	130 	130 
002511 	271 	66 	130 	130 
002512 	272 	66 	130 	130 
002513 	272 	66 	130 	130 
002514 	273 	66 	130 	130 
002515 	273 	66 	130 	130 
002516 	274 	66 	130 	130 
002517 	274 	66 	130 	130 
002518 	275 	66 	130 	130 
002519 	276 	66 	130 	130 
002520 	276 	66 	130 	130 
002521 	277 	66 	130 	130 
002522 	277 	66 	130 	130 
002523 	278 	66 	130 	130 
002524 	278 	66 	130 	130 
002525 	279 	66 	130 	130 
002526 	279 	66 	130 	130 
002527 	280 	66 	130 	130 
002528 	280 	67 	130 	130 
002529 	281 	67 	130 	130 
002530 	281 	68 	130 	130 
002531 	281 	69 	130 	130 
002532 	282 	70 	130 	130 
002533 	282 	70 	130 	130 
002534 	282 	71 	130 	130 
002535 	283 	72 	130 	130 
002536 	283 	72 	130 	130 
002537 	284 	73 	130 	130 
002538 	284 	74 	130 	130 
002539 	284 	74 	130 	130 
002540 	285 	75 	130 	130 
002541 	285 	76 	130 	130 
002542 	285 	76 	130 	130 
