Identity  : 	id10296
Reference : 	SKwsA_nq1P8
Offset    : 	0
FV Conf   : 	14.923
ASD Conf  : 	7.336

FRAME 	X 	Y 	W 	H 
000270 	161 	92 	91 	91 
000271 	161 	92 	91 	91 
000272 	161 	92 	91 	91 
000273 	161 	92 	91 	91 
000274 	161 	92 	91 	91 
000275 	161 	92 	91 	91 
000276 	161 	92 	91 	91 
000277 	161 	92 	91 	91 
000278 	161 	91 	91 	91 
000279 	161 	91 	91 	91 
000280 	161 	91 	91 	91 
000281 	161 	91 	91 	91 
000282 	161 	91 	91 	91 
000283 	161 	91 	91 	91 
000284 	161 	91 	91 	91 
000285 	161 	91 	91 	91 
000286 	162 	91 	91 	91 
000287 	162 	91 	91 	91 
000288 	162 	91 	91 	91 
000289 	162 	91 	91 	91 
000290 	162 	91 	91 	91 
000291 	162 	91 	91 	91 
000292 	162 	91 	91 	91 
000293 	162 	91 	91 	91 
000294 	162 	91 	91 	91 
000295 	162 	91 	91 	91 
000296 	162 	91 	91 	91 
000297 	162 	91 	91 	91 
000298 	162 	91 	91 	91 
000299 	162 	91 	91 	91 
000300 	162 	91 	91 	91 
000301 	162 	91 	91 	91 
000302 	162 	91 	91 	91 
000303 	162 	91 	91 	91 
000304 	162 	91 	91 	91 
000305 	163 	91 	91 	91 
000306 	163 	91 	91 	91 
000307 	163 	91 	91 	91 
000308 	163 	91 	91 	91 
000309 	163 	91 	91 	91 
000310 	163 	91 	91 	91 
000311 	163 	91 	91 	91 
000312 	163 	91 	91 	91 
000313 	163 	90 	91 	91 
000314 	163 	90 	91 	91 
000315 	163 	90 	91 	91 
000316 	163 	90 	91 	91 
000317 	163 	90 	91 	91 
000318 	163 	90 	91 	91 
000319 	163 	90 	91 	91 
000320 	163 	90 	91 	91 
000321 	163 	90 	91 	91 
000322 	164 	90 	91 	91 
000323 	164 	90 	91 	91 
000324 	164 	90 	91 	91 
000325 	164 	90 	91 	91 
000326 	164 	90 	91 	91 
000327 	164 	90 	91 	91 
000328 	164 	90 	91 	91 
000329 	164 	90 	91 	91 
000330 	164 	90 	91 	91 
000331 	164 	90 	91 	91 
000332 	164 	90 	91 	91 
000333 	164 	90 	91 	91 
000334 	164 	90 	91 	91 
000335 	164 	90 	91 	91 
000336 	164 	90 	91 	91 
000337 	164 	90 	91 	91 
000338 	164 	90 	91 	91 
000339 	164 	90 	91 	91 
000340 	164 	90 	91 	91 
000341 	165 	90 	91 	91 
000342 	165 	90 	91 	91 
000343 	165 	90 	91 	91 
000344 	165 	90 	91 	91 
000345 	165 	90 	91 	91 
000346 	165 	90 	91 	91 
000347 	165 	90 	91 	91 
000348 	165 	90 	91 	91 
000349 	165 	90 	91 	91 
000350 	165 	89 	91 	91 
000351 	165 	89 	91 	91 
000352 	165 	89 	91 	91 
000353 	165 	89 	91 	91 
000354 	165 	89 	91 	91 
000355 	165 	89 	91 	91 
000356 	165 	89 	91 	91 
000357 	165 	89 	91 	91 
000358 	166 	89 	91 	91 
000359 	166 	89 	91 	91 
000360 	166 	89 	91 	91 
000361 	166 	89 	91 	91 
000362 	166 	89 	91 	91 
000363 	166 	89 	91 	91 
000364 	166 	89 	91 	91 
000365 	166 	89 	91 	91 
000366 	166 	89 	91 	91 
000367 	166 	89 	91 	91 
000368 	166 	89 	91 	91 
000369 	166 	89 	91 	91 
000370 	166 	89 	91 	91 
000371 	166 	89 	91 	91 
000372 	166 	89 	91 	91 
000373 	166 	89 	91 	91 
000374 	166 	89 	91 	91 
000375 	166 	89 	91 	91 
000376 	166 	89 	91 	91 
000377 	167 	89 	91 	91 
000378 	167 	89 	91 	91 
000379 	167 	89 	91 	91 
000380 	167 	89 	91 	91 
000381 	167 	89 	91 	91 
000382 	167 	89 	91 	91 
000383 	167 	89 	91 	91 
000384 	167 	89 	91 	91 
000385 	167 	88 	91 	91 
000386 	167 	88 	91 	91 
000387 	167 	88 	91 	91 
000388 	167 	88 	91 	91 
000389 	167 	88 	91 	91 
000390 	167 	88 	91 	91 
000391 	167 	88 	91 	91 
000392 	167 	88 	91 	91 
000393 	167 	88 	91 	91 
000394 	168 	88 	91 	91 
000395 	168 	88 	91 	91 
000396 	168 	88 	91 	91 
000397 	168 	88 	91 	91 
000398 	168 	88 	91 	91 
000399 	168 	88 	91 	91 
000400 	168 	88 	91 	91 
000401 	168 	88 	91 	91 
000402 	168 	88 	91 	91 
000403 	168 	88 	91 	91 
000404 	168 	88 	91 	91 
