Identity  : 	id10276
Reference : 	5YncBThNd5E
Offset    : 	-1
FV Conf   : 	24.931
ASD Conf  : 	6.067

FRAME 	X 	Y 	W 	H 
013864 	257 	114 	109 	109 
013865 	237 	94 	130 	130 
013866 	237 	94 	130 	130 
013867 	237 	94 	130 	130 
013868 	257 	114 	109 	109 
013869 	257 	114 	109 	109 
013870 	257 	114 	109 	109 
013871 	257 	114 	109 	109 
013872 	257 	102 	109 	109 
013873 	257 	102 	109 	109 
013874 	257 	102 	109 	109 
013875 	257 	102 	109 	109 
013876 	257 	102 	109 	109 
013877 	257 	102 	109 	109 
013878 	257 	102 	109 	109 
013879 	257 	102 	109 	109 
013880 	257 	102 	109 	109 
013881 	257 	102 	109 	109 
013882 	257 	102 	109 	109 
013883 	257 	102 	109 	109 
013884 	257 	102 	109 	109 
013885 	257 	102 	109 	109 
013886 	257 	102 	109 	109 
013887 	257 	102 	109 	109 
013888 	257 	102 	109 	109 
013889 	257 	102 	109 	109 
013890 	257 	102 	109 	109 
013891 	257 	102 	109 	109 
013892 	257 	102 	109 	109 
013893 	257 	102 	109 	109 
013894 	237 	80 	130 	130 
013895 	237 	80 	130 	130 
013896 	237 	80 	130 	130 
013897 	237 	80 	130 	130 
013898 	237 	80 	130 	130 
013899 	237 	80 	130 	130 
013900 	237 	80 	130 	130 
013901 	237 	80 	130 	130 
013902 	237 	80 	130 	130 
013903 	237 	80 	130 	130 
013904 	237 	80 	130 	130 
013905 	237 	80 	130 	130 
013906 	237 	80 	130 	130 
013907 	237 	80 	130 	130 
013908 	237 	80 	130 	130 
013909 	237 	80 	130 	130 
013910 	237 	80 	130 	130 
013911 	237 	80 	130 	130 
013912 	237 	80 	130 	130 
013913 	237 	80 	130 	130 
013914 	237 	80 	130 	130 
013915 	237 	80 	130 	130 
013916 	237 	80 	130 	130 
013917 	237 	80 	130 	130 
013918 	237 	80 	130 	130 
013919 	237 	80 	130 	130 
013920 	237 	80 	130 	130 
013921 	237 	80 	130 	130 
013922 	237 	80 	130 	130 
013923 	237 	80 	130 	130 
013924 	237 	80 	130 	130 
013925 	237 	80 	130 	130 
013926 	237 	80 	130 	130 
013927 	237 	80 	130 	130 
013928 	237 	80 	130 	130 
013929 	237 	80 	130 	130 
013930 	237 	80 	130 	130 
013931 	237 	80 	130 	130 
013932 	237 	80 	130 	130 
013933 	237 	80 	130 	130 
013934 	237 	80 	130 	130 
013935 	237 	80 	130 	130 
013936 	237 	80 	130 	130 
013937 	237 	80 	130 	130 
013938 	237 	80 	130 	130 
013939 	237 	80 	130 	130 
013940 	237 	80 	130 	130 
013941 	237 	80 	130 	130 
013942 	237 	80 	130 	130 
013943 	237 	80 	130 	130 
013944 	237 	80 	130 	130 
013945 	237 	80 	130 	130 
013946 	237 	80 	130 	130 
013947 	237 	80 	130 	130 
013948 	237 	80 	130 	130 
013949 	237 	80 	130 	130 
013950 	257 	102 	109 	109 
013951 	257 	102 	109 	109 
013952 	251 	94 	130 	130 
013953 	251 	94 	130 	130 
013954 	269 	102 	108 	109 
013955 	266 	94 	130 	130 
013956 	266 	94 	130 	130 
013957 	266 	94 	130 	130 
013958 	266 	94 	130 	130 
013959 	266 	94 	130 	130 
013960 	269 	102 	108 	109 
013961 	251 	94 	130 	130 
013962 	251 	94 	130 	130 
013963 	251 	94 	130 	130 
013964 	251 	94 	130 	130 
013965 	251 	94 	130 	130 
013966 	251 	94 	130 	130 
013967 	251 	94 	130 	130 
