Identity  : 	id10276
Reference : 	5YncBThNd5E
Offset    : 	-1
FV Conf   : 	25.654
ASD Conf  : 	5.732

FRAME 	X 	Y 	W 	H 
011438 	223 	94 	130 	130 
011439 	223 	94 	130 	130 
011440 	223 	94 	130 	130 
011441 	223 	94 	130 	130 
011442 	245 	114 	109 	109 
011443 	245 	114 	109 	109 
011444 	245 	114 	109 	109 
011445 	245 	114 	109 	109 
011446 	245 	114 	109 	109 
011447 	245 	114 	109 	109 
011448 	223 	94 	130 	130 
011449 	223 	94 	130 	130 
011450 	237 	109 	130 	130 
011451 	223 	94 	130 	130 
011452 	223 	94 	130 	130 
011453 	223 	94 	130 	130 
011454 	223 	94 	130 	130 
011455 	223 	94 	130 	130 
011456 	237 	109 	130 	130 
011457 	237 	109 	130 	130 
011458 	237 	109 	130 	130 
011459 	223 	94 	130 	130 
011460 	223 	94 	130 	130 
011461 	245 	114 	109 	109 
011462 	223 	94 	130 	130 
011463 	237 	109 	130 	130 
011464 	245 	114 	109 	109 
011465 	245 	114 	109 	109 
011466 	245 	114 	109 	109 
011467 	245 	114 	109 	109 
011468 	245 	114 	109 	109 
011469 	245 	114 	109 	109 
011470 	245 	114 	109 	109 
011471 	245 	114 	109 	109 
011472 	245 	114 	109 	109 
011473 	245 	114 	109 	109 
011474 	237 	109 	130 	130 
011475 	245 	114 	109 	109 
011476 	237 	109 	130 	130 
011477 	237 	109 	130 	130 
011478 	237 	109 	130 	130 
011479 	245 	114 	109 	109 
011480 	245 	114 	109 	109 
011481 	245 	114 	109 	109 
011482 	245 	114 	109 	109 
011483 	245 	114 	109 	109 
011484 	245 	114 	109 	109 
011485 	237 	109 	130 	130 
011486 	237 	109 	130 	130 
011487 	245 	114 	109 	109 
011488 	237 	109 	130 	130 
011489 	237 	109 	130 	130 
011490 	237 	109 	130 	130 
011491 	245 	114 	109 	109 
011492 	245 	114 	109 	109 
011493 	245 	114 	109 	109 
011494 	245 	114 	109 	109 
011495 	245 	114 	109 	109 
011496 	245 	114 	109 	109 
011497 	245 	114 	109 	109 
011498 	245 	114 	109 	109 
011499 	245 	114 	109 	109 
011500 	223 	94 	130 	130 
011501 	223 	94 	130 	130 
011502 	223 	94 	130 	130 
011503 	223 	94 	130 	130 
011504 	223 	94 	130 	130 
011505 	223 	94 	130 	130 
011506 	223 	94 	130 	130 
011507 	223 	94 	130 	130 
011508 	237 	94 	130 	130 
011509 	237 	94 	130 	130 
011510 	237 	109 	130 	130 
011511 	237 	109 	130 	130 
011512 	237 	109 	130 	130 
011513 	223 	94 	130 	130 
011514 	223 	94 	130 	130 
011515 	223 	94 	130 	130 
011516 	223 	94 	130 	130 
011517 	223 	94 	130 	130 
011518 	223 	94 	130 	130 
011519 	223 	94 	130 	130 
011520 	223 	94 	130 	130 
011521 	223 	94 	130 	130 
011522 	223 	94 	130 	130 
011523 	223 	94 	130 	130 
011524 	223 	94 	130 	130 
011525 	245 	114 	109 	109 
011526 	223 	94 	130 	130 
011527 	223 	94 	130 	130 
011528 	237 	109 	130 	130 
011529 	245 	114 	109 	109 
011530 	237 	109 	130 	130 
011531 	245 	114 	109 	109 
011532 	237 	109 	130 	130 
011533 	237 	109 	130 	130 
011534 	245 	114 	109 	109 
011535 	245 	114 	109 	109 
011536 	245 	114 	109 	109 
011537 	245 	114 	109 	109 
011538 	245 	114 	109 	109 
011539 	237 	109 	130 	130 
011540 	237 	109 	130 	130 
011541 	237 	109 	130 	130 
011542 	237 	109 	130 	130 
011543 	237 	109 	130 	130 
011544 	237 	109 	130 	130 
011545 	223 	94 	130 	130 
011546 	223 	94 	130 	130 
011547 	223 	94 	130 	130 
011548 	223 	94 	130 	130 
011549 	223 	94 	130 	130 
011550 	245 	114 	109 	109 
011551 	223 	94 	130 	130 
011552 	223 	94 	130 	130 
011553 	223 	94 	130 	130 
011554 	223 	94 	130 	130 
011555 	223 	94 	130 	130 
011556 	245 	114 	109 	109 
011557 	223 	94 	130 	130 
011558 	223 	94 	130 	130 
011559 	223 	94 	130 	130 
011560 	223 	94 	130 	130 
011561 	223 	94 	130 	130 
011562 	223 	94 	130 	130 
011563 	223 	94 	130 	130 
011564 	223 	94 	130 	130 
011565 	245 	114 	109 	109 
011566 	245 	114 	109 	109 
011567 	245 	114 	109 	109 
011568 	245 	114 	109 	109 
011569 	237 	109 	130 	130 
011570 	245 	114 	109 	109 
011571 	237 	109 	130 	130 
011572 	223 	94 	130 	130 
011573 	223 	94 	130 	130 
011574 	223 	94 	130 	130 
011575 	223 	94 	130 	130 
011576 	223 	94 	130 	130 
011577 	245 	114 	109 	109 
011578 	245 	114 	109 	109 
011579 	237 	109 	130 	130 
011580 	245 	114 	109 	109 
011581 	223 	94 	130 	130 
011582 	223 	94 	130 	130 
011583 	245 	114 	109 	109 
011584 	223 	94 	130 	130 
011585 	237 	109 	130 	130 
011586 	237 	109 	130 	130 
011587 	237 	109 	130 	130 
011588 	245 	114 	109 	109 
011589 	245 	114 	109 	109 
011590 	245 	114 	109 	109 
011591 	245 	114 	109 	109 
011592 	245 	114 	109 	109 
011593 	245 	114 	109 	109 
011594 	245 	114 	109 	109 
011595 	245 	114 	109 	109 
011596 	245 	114 	109 	109 
011597 	245 	114 	109 	109 
011598 	245 	114 	109 	109 
011599 	245 	114 	109 	109 
011600 	245 	114 	109 	109 
011601 	245 	114 	109 	109 
011602 	245 	114 	109 	109 
011603 	245 	114 	109 	109 
011604 	245 	114 	109 	109 
011605 	245 	114 	109 	109 
011606 	245 	114 	109 	109 
011607 	245 	114 	109 	109 
011608 	245 	114 	109 	109 
011609 	245 	114 	109 	109 
011610 	245 	114 	109 	109 
011611 	245 	114 	109 	109 
011612 	245 	114 	109 	109 
011613 	245 	114 	109 	109 
011614 	245 	114 	109 	109 
011615 	237 	109 	130 	130 
011616 	237 	109 	130 	130 
011617 	237 	109 	130 	130 
011618 	237 	94 	130 	130 
011619 	237 	94 	130 	130 
011620 	245 	114 	109 	109 
011621 	245 	114 	109 	109 
011622 	245 	114 	109 	109 
011623 	245 	114 	109 	109 
011624 	237 	94 	130 	130 
011625 	245 	114 	109 	109 
011626 	237 	94 	130 	130 
011627 	237 	94 	130 	130 
011628 	237 	94 	130 	130 
011629 	237 	94 	130 	130 
011630 	237 	94 	130 	130 
011631 	237 	94 	130 	130 
011632 	237 	94 	130 	130 
011633 	237 	94 	130 	130 
011634 	237 	94 	130 	130 
011635 	237 	94 	130 	130 
011636 	237 	94 	130 	130 
011637 	237 	94 	130 	130 
011638 	237 	94 	130 	130 
011639 	237 	94 	130 	130 
011640 	237 	94 	130 	130 
011641 	237 	94 	130 	130 
011642 	237 	94 	130 	130 
011643 	237 	94 	130 	130 
011644 	237 	94 	130 	130 
011645 	237 	94 	130 	130 
011646 	237 	94 	130 	130 
011647 	237 	94 	130 	130 
011648 	237 	94 	130 	130 
011649 	237 	94 	130 	130 
011650 	237 	94 	130 	130 
011651 	237 	94 	130 	130 
011652 	237 	94 	130 	130 
011653 	237 	94 	130 	130 
011654 	237 	94 	130 	130 
011655 	237 	94 	130 	130 
011656 	237 	94 	130 	130 
011657 	237 	94 	130 	130 
011658 	245 	114 	109 	109 
011659 	245 	114 	109 	109 
011660 	237 	109 	130 	130 
011661 	237 	109 	130 	130 
011662 	237 	109 	130 	130 
011663 	237 	109 	130 	130 
011664 	237 	109 	130 	130 
011665 	237 	109 	130 	130 
011666 	237 	94 	130 	130 
011667 	237 	94 	130 	130 
011668 	237 	94 	130 	130 
011669 	237 	94 	130 	130 
011670 	237 	94 	130 	130 
011671 	237 	94 	130 	130 
011672 	237 	94 	130 	130 
011673 	237 	94 	130 	130 
011674 	237 	94 	130 	130 
011675 	237 	94 	130 	130 
011676 	237 	94 	130 	130 
011677 	237 	94 	130 	130 
011678 	237 	94 	130 	130 
011679 	237 	94 	130 	130 
011680 	237 	94 	130 	130 
011681 	237 	94 	130 	130 
011682 	237 	94 	130 	130 
011683 	237 	94 	130 	130 
011684 	237 	94 	130 	130 
011685 	237 	94 	130 	130 
011686 	237 	94 	130 	130 
011687 	237 	94 	130 	130 
011688 	237 	94 	130 	130 
011689 	237 	94 	130 	130 
011690 	237 	94 	130 	130 
011691 	237 	94 	130 	130 
011692 	237 	94 	130 	130 
011693 	237 	94 	130 	130 
011694 	237 	94 	130 	130 
011695 	237 	94 	130 	130 
011696 	237 	94 	130 	130 
011697 	237 	94 	130 	130 
011698 	237 	94 	130 	130 
011699 	237 	94 	130 	130 
011700 	237 	94 	130 	130 
011701 	237 	109 	130 	130 
011702 	237 	94 	130 	130 
011703 	237 	94 	130 	130 
011704 	237 	109 	130 	130 
011705 	237 	109 	130 	130 
011706 	245 	114 	109 	109 
011707 	245 	114 	109 	109 
011708 	245 	114 	109 	109 
011709 	245 	114 	109 	109 
011710 	245 	114 	109 	109 
011711 	245 	114 	109 	109 
011712 	245 	114 	109 	109 
011713 	245 	114 	109 	109 
011714 	245 	114 	109 	109 
011715 	237 	94 	130 	130 
011716 	237 	94 	130 	130 
011717 	237 	94 	130 	130 
011718 	237 	94 	130 	130 
011719 	237 	94 	130 	130 
011720 	237 	94 	130 	130 
011721 	237 	94 	130 	130 
011722 	237 	94 	130 	130 
011723 	245 	114 	109 	109 
011724 	245 	114 	109 	109 
011725 	245 	114 	109 	109 
011726 	245 	114 	109 	109 
011727 	237 	109 	130 	130 
011728 	237 	109 	130 	130 
011729 	237 	109 	130 	130 
011730 	245 	114 	109 	109 
011731 	245 	114 	109 	109 
011732 	237 	109 	130 	130 
011733 	237 	109 	130 	130 
011734 	245 	114 	109 	109 
011735 	237 	109 	130 	130 
011736 	237 	109 	130 	130 
011737 	237 	94 	130 	130 
011738 	237 	94 	130 	130 
011739 	237 	94 	130 	130 
011740 	245 	90 	109 	109 
011741 	245 	90 	109 	109 
011742 	245 	90 	109 	109 
011743 	245 	90 	109 	109 
011744 	237 	80 	130 	130 
011745 	237 	80 	130 	130 
011746 	237 	80 	130 	130 
011747 	245 	90 	109 	109 
011748 	237 	80 	130 	130 
011749 	245 	90 	109 	109 
011750 	237 	80 	130 	130 
011751 	237 	80 	130 	130 
011752 	237 	80 	130 	130 
011753 	245 	90 	109 	109 
011754 	245 	90 	109 	109 
011755 	245 	90 	109 	109 
011756 	245 	90 	109 	109 
011757 	245 	90 	109 	109 
011758 	245 	90 	109 	109 
011759 	237 	80 	130 	130 
011760 	237 	94 	130 	130 
011761 	237 	94 	130 	130 
011762 	237 	94 	130 	130 
011763 	237 	94 	130 	130 
011764 	237 	94 	130 	130 
011765 	237 	94 	130 	130 
011766 	237 	94 	130 	130 
011767 	237 	94 	130 	130 
011768 	237 	94 	130 	130 
011769 	237 	94 	130 	130 
011770 	237 	94 	130 	130 
011771 	237 	94 	130 	130 
011772 	237 	94 	130 	130 
011773 	237 	94 	130 	130 
011774 	237 	94 	130 	130 
011775 	237 	94 	130 	130 
011776 	237 	94 	130 	130 
011777 	237 	94 	130 	130 
011778 	237 	94 	130 	130 
011779 	237 	94 	130 	130 
011780 	237 	94 	130 	130 
011781 	237 	94 	130 	130 
011782 	237 	94 	130 	130 
011783 	237 	94 	130 	130 
011784 	237 	94 	130 	130 
011785 	237 	94 	130 	130 
011786 	237 	94 	130 	130 
011787 	237 	94 	130 	130 
011788 	237 	94 	130 	130 
011789 	237 	94 	130 	130 
011790 	237 	94 	130 	130 
011791 	237 	94 	130 	130 
011792 	237 	94 	130 	130 
011793 	237 	94 	130 	130 
011794 	237 	94 	130 	130 
011795 	237 	94 	130 	130 
011796 	245 	102 	109 	109 
011797 	245 	102 	109 	109 
011798 	237 	94 	130 	130 
011799 	237 	94 	130 	130 
011800 	237 	94 	130 	130 
011801 	237 	94 	130 	130 
011802 	237 	94 	130 	130 
011803 	237 	94 	130 	130 
011804 	237 	94 	130 	130 
011805 	237 	94 	130 	130 
011806 	237 	94 	130 	130 
011807 	237 	94 	130 	130 
011808 	237 	94 	130 	130 
011809 	237 	94 	130 	130 
011810 	237 	94 	130 	130 
011811 	237 	94 	130 	130 
011812 	237 	94 	130 	130 
011813 	237 	94 	130 	130 
011814 	237 	94 	130 	130 
011815 	237 	94 	130 	130 
011816 	237 	94 	130 	130 
011817 	237 	94 	130 	130 
011818 	237 	94 	130 	130 
011819 	237 	94 	130 	130 
011820 	237 	94 	130 	130 
011821 	237 	94 	130 	130 
011822 	237 	94 	130 	130 
011823 	237 	94 	130 	130 
011824 	237 	94 	130 	130 
011825 	237 	94 	130 	130 
011826 	237 	94 	130 	130 
011827 	237 	94 	130 	130 
011828 	237 	94 	130 	130 
011829 	237 	94 	130 	130 
011830 	237 	94 	130 	130 
011831 	237 	94 	130 	130 
011832 	237 	94 	130 	130 
011833 	237 	94 	130 	130 
011834 	237 	94 	130 	130 
011835 	237 	94 	130 	130 
011836 	237 	94 	130 	130 
011837 	237 	94 	130 	130 
011838 	237 	94 	130 	130 
011839 	237 	94 	130 	130 
011840 	237 	94 	130 	130 
011841 	237 	94 	130 	130 
011842 	237 	94 	130 	130 
011843 	237 	94 	130 	130 
011844 	237 	94 	130 	130 
011845 	237 	94 	130 	130 
011846 	237 	94 	130 	130 
011847 	237 	94 	130 	130 
011848 	237 	94 	130 	130 
011849 	237 	94 	130 	130 
011850 	237 	94 	130 	130 
011851 	237 	109 	130 	130 
011852 	237 	109 	130 	130 
011853 	237 	109 	130 	130 
011854 	237 	109 	130 	130 
011855 	237 	109 	130 	130 
011856 	237 	109 	130 	130 
011857 	237 	109 	130 	130 
011858 	237 	109 	130 	130 
011859 	237 	109 	130 	130 
011860 	245 	126 	109 	109 
011861 	245 	126 	109 	109 
011862 	245 	126 	109 	109 
011863 	245 	126 	109 	109 
011864 	245 	126 	109 	109 
011865 	245 	126 	109 	109 
011866 	245 	126 	109 	109 
011867 	245 	126 	109 	109 
011868 	245 	126 	109 	109 
011869 	245 	126 	109 	109 
011870 	245 	126 	109 	109 
011871 	237 	123 	130 	130 
011872 	245 	126 	109 	109 
011873 	245 	126 	109 	109 
011874 	237 	123 	130 	130 
011875 	245 	126 	109 	109 
011876 	245 	126 	109 	109 
011877 	245 	126 	109 	109 
011878 	245 	126 	109 	109 
011879 	245 	126 	109 	109 
011880 	245 	126 	109 	109 
011881 	245 	126 	109 	109 
011882 	245 	126 	109 	109 
011883 	245 	126 	109 	109 
011884 	237 	109 	130 	130 
011885 	237 	109 	130 	130 
011886 	237 	109 	130 	130 
011887 	237 	109 	130 	130 
011888 	237 	109 	130 	130 
011889 	237 	109 	130 	130 
011890 	237 	109 	130 	130 
011891 	237 	109 	130 	130 
011892 	237 	109 	130 	130 
011893 	237 	109 	130 	130 
011894 	237 	109 	130 	130 
011895 	237 	109 	130 	130 
011896 	237 	109 	130 	130 
011897 	237 	109 	130 	130 
011898 	237 	109 	130 	130 
011899 	237 	109 	130 	130 
011900 	237 	109 	130 	130 
011901 	237 	109 	130 	130 
011902 	237 	109 	130 	130 
011903 	237 	109 	130 	130 
011904 	237 	109 	130 	130 
011905 	237 	109 	130 	130 
011906 	237 	109 	130 	130 
011907 	237 	109 	130 	130 
011908 	237 	109 	130 	130 
011909 	237 	109 	130 	130 
011910 	237 	109 	130 	130 
011911 	237 	109 	130 	130 
011912 	237 	109 	130 	130 
011913 	237 	109 	130 	130 
011914 	237 	109 	130 	130 
011915 	237 	109 	130 	130 
011916 	237 	109 	130 	130 
011917 	237 	109 	130 	130 
011918 	237 	109 	130 	130 
011919 	237 	109 	130 	130 
011920 	237 	109 	130 	130 
011921 	237 	109 	130 	130 
011922 	237 	109 	130 	130 
011923 	237 	109 	130 	130 
011924 	237 	109 	130 	130 
011925 	237 	109 	130 	130 
011926 	237 	109 	130 	130 
