Identity  : 	id10294
Reference : 	L812MIi7ruk
Offset    : 	-2
FV Conf   : 	13.508
ASD Conf  : 	5.610

FRAME 	X 	Y 	W 	H 
005677 	237 	94 	130 	130 
005678 	237 	94 	130 	130 
005679 	237 	94 	130 	130 
005680 	237 	94 	130 	130 
005681 	237 	94 	130 	130 
005682 	237 	94 	130 	130 
005683 	237 	94 	130 	130 
005684 	237 	94 	130 	130 
005685 	237 	94 	130 	130 
005686 	237 	94 	130 	130 
005687 	237 	94 	130 	130 
005688 	237 	94 	130 	130 
005689 	237 	94 	130 	130 
005690 	237 	94 	130 	130 
005691 	237 	94 	130 	130 
005692 	216 	96 	156 	156 
005693 	216 	96 	156 	156 
005694 	216 	96 	156 	156 
005695 	216 	96 	156 	156 
005696 	216 	96 	156 	156 
005697 	216 	96 	156 	156 
005698 	216 	96 	156 	156 
005699 	216 	96 	156 	156 
005700 	216 	96 	156 	156 
005701 	216 	96 	156 	156 
005702 	216 	96 	156 	156 
005703 	216 	96 	156 	156 
005704 	216 	96 	156 	156 
005705 	216 	96 	156 	156 
005706 	216 	96 	156 	156 
005707 	216 	96 	156 	156 
005708 	216 	96 	156 	156 
005709 	216 	96 	156 	156 
005710 	216 	96 	156 	156 
005711 	216 	96 	156 	156 
005712 	216 	96 	156 	156 
005713 	216 	96 	156 	156 
005714 	216 	113 	156 	156 
005715 	216 	113 	156 	156 
005716 	216 	113 	156 	156 
005717 	216 	130 	156 	156 
005718 	216 	130 	156 	156 
005719 	216 	130 	156 	156 
005720 	223 	152 	130 	130 
005721 	223 	152 	130 	130 
005722 	223 	152 	130 	130 
005723 	223 	152 	130 	130 
005724 	223 	152 	130 	130 
005725 	223 	152 	130 	130 
005726 	223 	152 	130 	130 
005727 	223 	152 	130 	130 
005728 	223 	152 	130 	130 
005729 	216 	130 	156 	156 
005730 	216 	130 	156 	156 
005731 	216 	130 	156 	156 
005732 	216 	130 	156 	156 
005733 	216 	130 	156 	156 
005734 	216 	130 	156 	156 
005735 	216 	130 	156 	156 
005736 	216 	130 	156 	156 
005737 	216 	130 	156 	156 
005738 	216 	130 	156 	156 
005739 	216 	130 	156 	156 
005740 	216 	130 	156 	156 
005741 	216 	130 	156 	156 
005742 	216 	130 	156 	156 
005743 	216 	130 	156 	156 
005744 	216 	130 	156 	156 
005745 	216 	130 	156 	156 
005746 	216 	113 	156 	156 
005747 	216 	113 	156 	156 
005748 	216 	113 	156 	156 
005749 	216 	113 	156 	156 
005750 	216 	113 	156 	156 
005751 	216 	113 	156 	156 
005752 	216 	113 	156 	156 
005753 	216 	113 	156 	156 
005754 	216 	113 	156 	156 
005755 	216 	113 	156 	156 
005756 	216 	113 	156 	156 
005757 	216 	113 	156 	156 
005758 	216 	113 	156 	156 
005759 	216 	113 	156 	156 
005760 	237 	137 	130 	130 
005761 	216 	130 	156 	156 
005762 	237 	137 	130 	130 
005763 	237 	137 	130 	130 
005764 	216 	130 	156 	156 
005765 	216 	130 	156 	156 
005766 	216 	130 	156 	156 
005767 	216 	130 	156 	156 
005768 	216 	130 	156 	156 
005769 	216 	130 	156 	156 
005770 	216 	130 	156 	156 
005771 	216 	130 	156 	156 
005772 	216 	130 	156 	156 
005773 	216 	130 	156 	156 
005774 	216 	130 	156 	156 
005775 	216 	113 	156 	156 
005776 	216 	113 	156 	156 
005777 	216 	113 	156 	156 
