Identity  : 	id10291
Reference : 	kt4P4cyTpWQ
Offset    : 	-2
FV Conf   : 	15.862
ASD Conf  : 	7.041

FRAME 	X 	Y 	W 	H 
001106 	208 	123 	130 	130 
001107 	208 	123 	130 	130 
001108 	208 	123 	130 	130 
001109 	208 	123 	130 	130 
001110 	208 	123 	130 	130 
001111 	208 	123 	130 	130 
001112 	208 	123 	130 	130 
001113 	208 	123 	130 	130 
001114 	208 	123 	130 	130 
001115 	199 	113 	155 	156 
001116 	199 	113 	155 	156 
001117 	199 	113 	155 	156 
001118 	199 	113 	155 	156 
001119 	199 	113 	155 	156 
001120 	199 	113 	155 	156 
001121 	199 	113 	155 	156 
001122 	199 	113 	155 	156 
001123 	199 	113 	155 	156 
001124 	199 	113 	155 	156 
001125 	199 	113 	155 	156 
001126 	199 	113 	155 	156 
001127 	208 	137 	130 	130 
001128 	208 	137 	130 	130 
001129 	208 	137 	130 	130 
001130 	208 	137 	130 	130 
001131 	208 	137 	130 	130 
001132 	208 	137 	130 	130 
001133 	208 	137 	130 	130 
001134 	208 	137 	130 	130 
001135 	208 	137 	130 	130 
001136 	208 	137 	130 	130 
001137 	208 	137 	130 	130 
001138 	208 	137 	130 	130 
001139 	199 	113 	155 	156 
001140 	199 	113 	155 	156 
001141 	199 	113 	155 	156 
001142 	199 	113 	155 	156 
001143 	199 	113 	155 	156 
001144 	199 	113 	155 	156 
001145 	199 	113 	155 	156 
001146 	199 	96 	155 	156 
001147 	199 	96 	155 	156 
001148 	199 	96 	155 	156 
001149 	199 	96 	155 	156 
001150 	199 	96 	155 	156 
001151 	199 	96 	155 	156 
001152 	208 	109 	130 	130 
001153 	208 	109 	130 	130 
001154 	208 	109 	130 	130 
001155 	208 	109 	130 	130 
001156 	181 	96 	156 	156 
001157 	181 	96 	156 	156 
001158 	181 	96 	156 	156 
001159 	181 	96 	156 	156 
001160 	181 	96 	156 	156 
001161 	181 	96 	156 	156 
001162 	181 	96 	156 	156 
001163 	181 	96 	156 	156 
001164 	181 	96 	156 	156 
001165 	181 	96 	156 	156 
001166 	181 	96 	156 	156 
001167 	194 	94 	130 	130 
001168 	181 	96 	156 	156 
001169 	181 	96 	156 	156 
001170 	181 	96 	156 	156 
001171 	181 	96 	156 	156 
001172 	181 	96 	156 	156 
001173 	181 	96 	156 	156 
001174 	208 	109 	130 	130 
001175 	208 	109 	130 	130 
001176 	208 	109 	130 	130 
001177 	199 	96 	155 	156 
001178 	199 	96 	155 	156 
001179 	199 	96 	155 	156 
001180 	199 	96 	155 	156 
001181 	199 	96 	155 	156 
001182 	199 	96 	155 	156 
001183 	199 	96 	155 	156 
001184 	223 	109 	130 	130 
001185 	216 	79 	156 	156 
001186 	216 	79 	156 	156 
001187 	216 	79 	156 	156 
001188 	237 	109 	130 	130 
001189 	237 	109 	130 	130 
001190 	233 	96 	156 	156 
001191 	233 	96 	156 	156 
001192 	233 	96 	156 	156 
001193 	233 	96 	156 	156 
001194 	233 	96 	156 	156 
001195 	237 	123 	130 	130 
001196 	237 	123 	130 	130 
001197 	233 	96 	156 	156 
001198 	233 	96 	156 	156 
001199 	233 	113 	156 	156 
001200 	233 	113 	156 	156 
001201 	233 	113 	156 	156 
001202 	233 	113 	156 	156 
001203 	233 	113 	156 	156 
001204 	237 	123 	130 	130 
001205 	216 	113 	156 	156 
001206 	216 	113 	156 	156 
001207 	216 	96 	156 	156 
001208 	216 	96 	156 	156 
001209 	216 	113 	156 	156 
001210 	223 	123 	130 	130 
001211 	223 	123 	130 	130 
001212 	223 	123 	130 	130 
001213 	199 	96 	155 	156 
001214 	199 	96 	155 	156 
001215 	199 	96 	155 	156 
001216 	199 	96 	155 	156 
001217 	199 	96 	155 	156 
001218 	199 	96 	155 	156 
001219 	208 	109 	130 	130 
001220 	208 	109 	130 	130 
001221 	208 	109 	130 	130 
001222 	199 	96 	155 	156 
001223 	199 	96 	155 	156 
001224 	223 	109 	130 	130 
001225 	223 	109 	130 	130 
001226 	216 	79 	156 	156 
001227 	216 	79 	156 	156 
001228 	237 	109 	130 	130 
001229 	237 	109 	130 	130 
001230 	233 	79 	156 	156 
001231 	233 	79 	156 	156 
001232 	233 	79 	156 	156 
001233 	233 	79 	156 	156 
001234 	233 	79 	156 	156 
