Identity  : 	id10291
Reference : 	kt4P4cyTpWQ
Offset    : 	-2
FV Conf   : 	15.058
ASD Conf  : 	8.233

FRAME 	X 	Y 	W 	H 
001677 	199 	96 	155 	156 
001678 	199 	96 	155 	156 
001679 	199 	96 	155 	156 
001680 	208 	109 	130 	130 
001681 	181 	79 	156 	156 
001682 	181 	79 	156 	156 
001683 	181 	79 	156 	156 
001684 	194 	109 	130 	130 
001685 	181 	96 	156 	156 
001686 	181 	96 	156 	156 
001687 	180 	94 	130 	130 
001688 	180 	94 	130 	130 
001689 	180 	94 	130 	130 
001690 	180 	94 	130 	130 
001691 	180 	94 	130 	130 
001692 	180 	94 	130 	130 
001693 	180 	94 	130 	130 
001694 	180 	94 	130 	130 
001695 	180 	94 	130 	130 
001696 	164 	96 	156 	156 
001697 	164 	96 	156 	156 
001698 	164 	96 	156 	156 
001699 	181 	96 	156 	156 
001700 	181 	96 	156 	156 
001701 	181 	96 	156 	156 
001702 	181 	113 	156 	156 
001703 	181 	113 	156 	156 
001704 	181 	113 	156 	156 
001705 	181 	113 	156 	156 
001706 	181 	113 	156 	156 
001707 	181 	96 	156 	156 
001708 	181 	113 	156 	156 
001709 	181 	113 	156 	156 
001710 	181 	96 	156 	156 
001711 	181 	113 	156 	156 
001712 	181 	113 	156 	156 
001713 	181 	96 	156 	156 
001714 	181 	96 	156 	156 
001715 	181 	96 	156 	156 
001716 	181 	96 	156 	156 
001717 	181 	96 	156 	156 
001718 	181 	96 	156 	156 
001719 	199 	96 	155 	156 
001720 	199 	96 	155 	156 
001721 	199 	96 	155 	156 
001722 	199 	96 	155 	156 
001723 	199 	96 	155 	156 
001724 	216 	96 	156 	156 
001725 	216 	96 	156 	156 
001726 	216 	96 	156 	156 
001727 	216 	96 	156 	156 
001728 	216 	96 	156 	156 
001729 	216 	96 	156 	156 
001730 	216 	96 	156 	156 
001731 	216 	96 	156 	156 
001732 	216 	96 	156 	156 
001733 	216 	96 	156 	156 
001734 	216 	96 	156 	156 
001735 	216 	96 	156 	156 
001736 	216 	96 	156 	156 
001737 	216 	96 	156 	156 
001738 	216 	96 	156 	156 
001739 	216 	96 	156 	156 
001740 	216 	96 	156 	156 
001741 	216 	96 	156 	156 
001742 	216 	96 	156 	156 
001743 	216 	96 	156 	156 
001744 	216 	96 	156 	156 
001745 	216 	96 	156 	156 
001746 	216 	96 	156 	156 
001747 	199 	96 	155 	156 
001748 	199 	96 	155 	156 
001749 	199 	96 	155 	156 
001750 	199 	96 	155 	156 
001751 	199 	96 	155 	156 
001752 	199 	96 	155 	156 
001753 	199 	96 	155 	156 
001754 	199 	96 	155 	156 
001755 	199 	96 	155 	156 
001756 	199 	96 	155 	156 
001757 	199 	96 	155 	156 
001758 	199 	96 	155 	156 
001759 	199 	96 	155 	156 
001760 	199 	96 	155 	156 
001761 	199 	96 	155 	156 
001762 	199 	96 	155 	156 
001763 	199 	96 	155 	156 
001764 	199 	96 	155 	156 
001765 	199 	96 	155 	156 
001766 	199 	96 	155 	156 
001767 	199 	96 	155 	156 
001768 	199 	96 	155 	156 
001769 	199 	96 	155 	156 
001770 	199 	96 	155 	156 
001771 	199 	96 	155 	156 
001772 	199 	96 	155 	156 
001773 	199 	96 	155 	156 
001774 	208 	123 	130 	130 
001775 	181 	96 	156 	156 
001776 	181 	96 	156 	156 
001777 	181 	96 	156 	156 
001778 	181 	113 	156 	156 
001779 	181 	113 	156 	156 
001780 	181 	113 	156 	156 
001781 	181 	113 	156 	156 
001782 	181 	113 	156 	156 
001783 	181 	113 	156 	156 
001784 	181 	113 	156 	156 
001785 	194 	123 	130 	130 
001786 	181 	113 	156 	156 
001787 	181 	113 	156 	156 
001788 	208 	123 	130 	130 
001789 	208 	123 	130 	130 
001790 	199 	96 	155 	156 
001791 	199 	96 	155 	156 
001792 	199 	96 	155 	156 
001793 	223 	123 	130 	130 
001794 	216 	96 	156 	156 
001795 	216 	96 	156 	156 
001796 	216 	96 	156 	156 
001797 	216 	96 	156 	156 
001798 	216 	96 	156 	156 
001799 	216 	96 	156 	156 
001800 	216 	96 	156 	156 
001801 	216 	96 	156 	156 
001802 	216 	96 	156 	156 
001803 	233 	96 	156 	156 
001804 	233 	96 	156 	156 
001805 	233 	96 	156 	156 
