Identity  : 	id10287
Reference : 	8vC0LQMqy8Y
Offset    : 	-3
FV Conf   : 	16.422
ASD Conf  : 	7.110

FRAME 	X 	Y 	W 	H 
008265 	137 	109 	130 	130 
008266 	137 	109 	130 	130 
008267 	137 	109 	130 	130 
008268 	137 	109 	130 	130 
008269 	137 	109 	130 	130 
008270 	137 	109 	130 	130 
008271 	137 	109 	130 	130 
008272 	137 	109 	130 	130 
008273 	137 	109 	130 	130 
008274 	137 	109 	130 	130 
008275 	151 	109 	130 	130 
008276 	151 	109 	130 	130 
008277 	151 	109 	130 	130 
008278 	151 	109 	130 	130 
008279 	147 	96 	156 	156 
008280 	165 	109 	130 	130 
008281 	165 	109 	130 	130 
008282 	165 	109 	130 	130 
008283 	165 	109 	130 	130 
008284 	165 	109 	130 	130 
008285 	165 	109 	130 	130 
008286 	165 	109 	130 	130 
008287 	165 	109 	130 	130 
008288 	165 	109 	130 	130 
008289 	165 	109 	130 	130 
008290 	165 	109 	130 	130 
008291 	165 	109 	130 	130 
008292 	165 	109 	130 	130 
008293 	165 	109 	130 	130 
008294 	165 	109 	130 	130 
008295 	165 	109 	130 	130 
008296 	165 	109 	130 	130 
008297 	165 	109 	130 	130 
008298 	165 	109 	130 	130 
008299 	165 	109 	130 	130 
008300 	165 	109 	130 	130 
008301 	165 	109 	130 	130 
008302 	165 	109 	130 	130 
008303 	165 	109 	130 	130 
008304 	165 	109 	130 	130 
008305 	165 	109 	130 	130 
008306 	165 	109 	130 	130 
008307 	165 	123 	130 	130 
008308 	165 	123 	130 	130 
008309 	165 	123 	130 	130 
008310 	165 	123 	130 	130 
008311 	165 	123 	130 	130 
008312 	165 	123 	130 	130 
008313 	165 	123 	130 	130 
008314 	165 	123 	130 	130 
008315 	165 	123 	130 	130 
008316 	165 	123 	130 	130 
008317 	165 	123 	130 	130 
008318 	165 	123 	130 	130 
008319 	165 	123 	130 	130 
008320 	165 	123 	130 	130 
008321 	165 	123 	130 	130 
008322 	165 	123 	130 	130 
008323 	165 	123 	130 	130 
008324 	165 	123 	130 	130 
008325 	165 	123 	130 	130 
008326 	165 	123 	130 	130 
008327 	165 	123 	130 	130 
008328 	165 	123 	130 	130 
008329 	165 	123 	130 	130 
008330 	165 	123 	130 	130 
008331 	165 	123 	130 	130 
008332 	165 	123 	130 	130 
008333 	165 	123 	130 	130 
008334 	165 	123 	130 	130 
008335 	165 	123 	130 	130 
008336 	165 	123 	130 	130 
008337 	165 	109 	130 	130 
008338 	165 	109 	130 	130 
008339 	165 	109 	130 	130 
008340 	165 	109 	130 	130 
008341 	165 	109 	130 	130 
008342 	165 	123 	130 	130 
008343 	165 	123 	130 	130 
008344 	165 	123 	130 	130 
008345 	165 	123 	130 	130 
008346 	165 	123 	130 	130 
008347 	165 	123 	130 	130 
008348 	165 	123 	130 	130 
008349 	165 	123 	130 	130 
008350 	165 	123 	130 	130 
008351 	165 	123 	130 	130 
008352 	165 	123 	130 	130 
008353 	165 	123 	130 	130 
008354 	165 	123 	130 	130 
008355 	165 	123 	130 	130 
008356 	147 	113 	156 	156 
008357 	147 	113 	156 	156 
008358 	151 	123 	130 	130 
008359 	151 	123 	130 	130 
008360 	151 	123 	130 	130 
008361 	151 	123 	130 	130 
008362 	151 	123 	130 	130 
008363 	151 	123 	130 	130 
008364 	151 	123 	130 	130 
008365 	151 	123 	130 	130 
008366 	151 	123 	130 	130 
008367 	151 	123 	130 	130 
008368 	151 	123 	130 	130 
008369 	151 	109 	130 	130 
008370 	151 	109 	130 	130 
008371 	151 	109 	130 	130 
008372 	151 	109 	130 	130 
008373 	151 	123 	130 	130 
008374 	151 	123 	130 	130 
008375 	147 	96 	156 	156 
008376 	147 	96 	156 	156 
008377 	165 	109 	130 	130 
008378 	165 	109 	130 	130 
008379 	165 	109 	130 	130 
008380 	165 	123 	130 	130 
008381 	165 	123 	130 	130 
008382 	165 	123 	130 	130 
008383 	165 	123 	130 	130 
008384 	165 	123 	130 	130 
008385 	165 	109 	130 	130 
008386 	165 	109 	130 	130 
008387 	165 	109 	130 	130 
008388 	165 	123 	130 	130 
008389 	165 	123 	130 	130 
008390 	165 	123 	130 	130 
008391 	165 	123 	130 	130 
008392 	165 	123 	130 	130 
008393 	165 	123 	130 	130 
008394 	165 	123 	130 	130 
008395 	165 	123 	130 	130 
008396 	165 	123 	130 	130 
008397 	165 	123 	130 	130 
008398 	165 	123 	130 	130 
008399 	165 	123 	130 	130 
008400 	165 	123 	130 	130 
008401 	165 	123 	130 	130 
008402 	165 	123 	130 	130 
008403 	165 	123 	130 	130 
008404 	165 	123 	130 	130 
008405 	165 	123 	130 	130 
008406 	165 	123 	130 	130 
008407 	165 	123 	130 	130 
008408 	165 	123 	130 	130 
008409 	165 	123 	130 	130 
008410 	165 	123 	130 	130 
008411 	165 	123 	130 	130 
008412 	165 	123 	130 	130 
008413 	165 	123 	130 	130 
008414 	165 	123 	130 	130 
008415 	165 	123 	130 	130 
008416 	165 	123 	130 	130 
008417 	165 	123 	130 	130 
008418 	165 	123 	130 	130 
008419 	165 	123 	130 	130 
008420 	165 	123 	130 	130 
008421 	165 	123 	130 	130 
008422 	165 	123 	130 	130 
008423 	165 	123 	130 	130 
008424 	165 	123 	130 	130 
008425 	165 	123 	130 	130 
008426 	165 	123 	130 	130 
008427 	165 	123 	130 	130 
008428 	165 	123 	130 	130 
008429 	165 	123 	130 	130 
008430 	165 	123 	130 	130 
008431 	165 	123 	130 	130 
008432 	165 	123 	130 	130 
008433 	165 	123 	130 	130 
008434 	165 	123 	130 	130 
008435 	165 	123 	130 	130 
008436 	165 	123 	130 	130 
008437 	165 	123 	130 	130 
008438 	165 	123 	130 	130 
008439 	165 	123 	130 	130 
008440 	165 	123 	130 	130 
008441 	165 	123 	130 	130 
008442 	165 	123 	130 	130 
008443 	165 	123 	130 	130 
008444 	165 	123 	130 	130 
008445 	165 	123 	130 	130 
008446 	165 	123 	130 	130 
008447 	165 	123 	130 	130 
008448 	165 	123 	130 	130 
008449 	165 	123 	130 	130 
008450 	165 	123 	130 	130 
008451 	165 	123 	130 	130 
008452 	165 	123 	130 	130 
008453 	165 	123 	130 	130 
008454 	165 	123 	130 	130 
008455 	165 	123 	130 	130 
008456 	165 	123 	130 	130 
008457 	165 	123 	130 	130 
008458 	165 	123 	130 	130 
008459 	165 	123 	130 	130 
008460 	165 	123 	130 	130 
008461 	165 	123 	130 	130 
008462 	165 	123 	130 	130 
008463 	165 	123 	130 	130 
008464 	165 	123 	130 	130 
008465 	165 	123 	130 	130 
008466 	165 	123 	130 	130 
008467 	165 	123 	130 	130 
008468 	165 	123 	130 	130 
008469 	165 	123 	130 	130 
008470 	165 	123 	130 	130 
008471 	165 	123 	130 	130 
008472 	165 	123 	130 	130 
008473 	165 	123 	130 	130 
008474 	185 	126 	109 	109 
008475 	180 	123 	130 	130 
008476 	180 	123 	130 	130 
008477 	180 	123 	130 	130 
008478 	180 	123 	130 	130 
008479 	180 	123 	130 	130 
008480 	180 	123 	130 	130 
008481 	180 	123 	130 	130 
008482 	180 	123 	130 	130 
008483 	180 	123 	130 	130 
008484 	180 	123 	130 	130 
008485 	180 	123 	130 	130 
