Identity  : 	id10296
Reference : 	Y-qKARMSO7k
Offset    : 	-3
FV Conf   : 	21.746
ASD Conf  : 	7.170

FRAME 	X 	Y 	W 	H 
000590 	188 	89 	224 	224 
000591 	188 	89 	224 	224 
000592 	188 	89 	224 	224 
000593 	188 	89 	224 	224 
000594 	188 	89 	224 	224 
000595 	188 	89 	224 	224 
000596 	188 	89 	224 	224 
000597 	188 	89 	224 	224 
000598 	188 	89 	224 	224 
000599 	188 	89 	224 	224 
000600 	188 	89 	224 	224 
000601 	188 	89 	224 	224 
000602 	188 	89 	224 	224 
000603 	188 	89 	224 	224 
000604 	188 	89 	224 	224 
000605 	188 	89 	224 	224 
000606 	188 	89 	224 	224 
000607 	188 	89 	224 	224 
000608 	188 	89 	224 	224 
000609 	188 	89 	224 	224 
000610 	188 	89 	224 	224 
000611 	188 	89 	224 	224 
000612 	188 	89 	224 	224 
000613 	218 	95 	187 	186 
000614 	218 	95 	187 	186 
000615 	218 	95 	187 	186 
000616 	218 	95 	187 	186 
000617 	218 	95 	187 	186 
000618 	218 	95 	187 	186 
000619 	218 	115 	187 	187 
000620 	212 	89 	224 	224 
000621 	212 	89 	224 	224 
000622 	212 	89 	224 	224 
000623 	212 	89 	224 	224 
000624 	212 	89 	224 	224 
000625 	212 	89 	224 	224 
000626 	218 	95 	187 	186 
000627 	218 	95 	187 	186 
000628 	218 	95 	187 	186 
000629 	218 	95 	187 	186 
000630 	218 	95 	187 	186 
000631 	188 	89 	224 	224 
000632 	188 	89 	224 	224 
000633 	188 	89 	224 	224 
000634 	188 	89 	224 	224 
000635 	188 	89 	224 	224 
000636 	188 	89 	224 	224 
000637 	188 	89 	224 	224 
000638 	188 	89 	224 	224 
000639 	188 	89 	224 	224 
000640 	188 	89 	224 	224 
000641 	188 	89 	224 	224 
000642 	188 	89 	224 	224 
000643 	188 	89 	224 	224 
000644 	188 	89 	224 	224 
000645 	188 	89 	224 	224 
000646 	188 	89 	224 	224 
000647 	188 	89 	224 	224 
000648 	188 	89 	224 	224 
000649 	188 	89 	224 	224 
000650 	218 	95 	187 	186 
000651 	218 	95 	187 	186 
000652 	218 	95 	187 	186 
000653 	218 	95 	187 	186 
000654 	239 	115 	186 	187 
000655 	239 	115 	186 	187 
000656 	239 	115 	186 	187 
000657 	239 	115 	186 	187 
000658 	259 	115 	187 	187 
000659 	259 	115 	187 	187 
000660 	259 	115 	187 	187 
000661 	259 	115 	187 	187 
000662 	259 	115 	187 	187 
000663 	280 	115 	187 	187 
000664 	280 	115 	187 	187 
000665 	280 	115 	187 	187 
000666 	280 	115 	187 	187 
000667 	280 	115 	187 	187 
000668 	280 	115 	187 	187 
000669 	280 	115 	187 	187 
000670 	280 	115 	187 	187 
000671 	280 	95 	187 	186 
000672 	280 	95 	187 	186 
000673 	280 	95 	187 	186 
000674 	280 	95 	187 	186 
000675 	262 	64 	224 	224 
000676 	259 	95 	187 	186 
000677 	259 	95 	187 	186 
000678 	259 	95 	187 	186 
000679 	259 	95 	187 	186 
000680 	239 	95 	186 	186 
000681 	239 	95 	186 	186 
000682 	239 	95 	186 	186 
000683 	239 	95 	186 	186 
000684 	239 	95 	186 	186 
000685 	239 	115 	186 	187 
000686 	239 	115 	186 	187 
000687 	239 	115 	186 	187 
000688 	239 	115 	186 	187 
000689 	239 	115 	186 	187 
000690 	239 	115 	186 	187 
000691 	239 	115 	186 	187 
000692 	239 	115 	186 	187 
000693 	239 	115 	186 	187 
000694 	239 	115 	186 	187 
000695 	239 	115 	186 	187 
000696 	239 	115 	186 	187 
000697 	239 	115 	186 	187 
000698 	239 	115 	186 	187 
000699 	239 	115 	186 	187 
000700 	239 	115 	186 	187 
000701 	218 	115 	187 	187 
000702 	218 	95 	187 	186 
000703 	188 	64 	224 	224 
000704 	197 	74 	187 	187 
000705 	197 	74 	187 	187 
000706 	197 	74 	187 	187 
000707 	197 	74 	187 	187 
000708 	197 	74 	187 	187 
000709 	197 	74 	187 	187 
000710 	197 	95 	187 	186 
000711 	197 	95 	187 	186 
000712 	197 	95 	187 	186 
000713 	163 	64 	224 	224 
000714 	163 	64 	224 	224 
000715 	163 	64 	224 	224 
000716 	163 	64 	224 	224 
000717 	163 	64 	224 	224 
000718 	163 	64 	224 	224 
000719 	197 	95 	187 	186 
000720 	188 	64 	224 	224 
000721 	188 	64 	224 	224 
000722 	188 	64 	224 	224 
000723 	188 	64 	224 	224 
000724 	188 	64 	224 	224 
000725 	188 	64 	224 	224 
000726 	188 	64 	224 	224 
000727 	188 	64 	224 	224 
000728 	188 	64 	224 	224 
000729 	188 	64 	224 	224 
000730 	188 	64 	224 	224 
000731 	188 	64 	224 	224 
000732 	188 	64 	224 	224 
000733 	188 	64 	224 	224 
000734 	188 	39 	224 	224 
000735 	188 	39 	224 	224 
000736 	188 	39 	224 	224 
000737 	212 	39 	224 	224 
000738 	212 	39 	224 	224 
000739 	212 	39 	224 	224 
000740 	212 	39 	224 	224 
000741 	212 	39 	224 	224 
000742 	212 	39 	224 	224 
000743 	239 	74 	186 	187 
000744 	239 	74 	186 	187 
000745 	212 	64 	224 	224 
000746 	212 	64 	224 	224 
000747 	212 	64 	224 	224 
000748 	212 	64 	224 	224 
000749 	212 	64 	224 	224 
000750 	212 	64 	224 	224 
000751 	212 	64 	224 	224 
000752 	239 	74 	186 	187 
000753 	259 	74 	187 	187 
000754 	280 	74 	187 	187 
000755 	280 	74 	187 	187 
000756 	280 	95 	187 	186 
000757 	280 	95 	187 	186 
000758 	285 	96 	155 	156 
000759 	259 	95 	187 	186 
000760 	259 	95 	187 	186 
000761 	259 	115 	187 	187 
000762 	259 	115 	187 	187 
000763 	259 	115 	187 	187 
000764 	239 	115 	186 	187 
000765 	239 	115 	186 	187 
000766 	239 	115 	186 	187 
000767 	239 	115 	186 	187 
000768 	239 	115 	186 	187 
000769 	212 	89 	224 	224 
000770 	212 	89 	224 	224 
000771 	212 	89 	224 	224 
000772 	218 	95 	187 	186 
000773 	218 	95 	187 	186 
000774 	218 	95 	187 	186 
000775 	218 	95 	187 	186 
000776 	218 	95 	187 	186 
000777 	218 	95 	187 	186 
000778 	218 	95 	187 	186 
000779 	218 	74 	187 	187 
000780 	218 	74 	187 	187 
000781 	218 	74 	187 	187 
000782 	218 	74 	187 	187 
000783 	218 	74 	187 	187 
000784 	218 	74 	187 	187 
000785 	218 	74 	187 	187 
000786 	218 	74 	187 	187 
000787 	218 	74 	187 	187 
000788 	218 	95 	187 	186 
000789 	188 	64 	224 	224 
000790 	188 	64 	224 	224 
000791 	188 	64 	224 	224 
000792 	188 	64 	224 	224 
000793 	188 	64 	224 	224 
000794 	218 	74 	187 	187 
000795 	218 	74 	187 	187 
000796 	218 	74 	187 	187 
000797 	218 	74 	187 	187 
000798 	218 	74 	187 	187 
000799 	218 	74 	187 	187 
000800 	218 	74 	187 	187 
000801 	212 	64 	224 	224 
000802 	212 	64 	224 	224 
000803 	239 	95 	186 	186 
000804 	237 	89 	224 	224 
000805 	237 	89 	224 	224 
000806 	239 	95 	186 	186 
000807 	239 	115 	186 	187 
000808 	239 	115 	186 	187 
000809 	239 	115 	186 	187 
000810 	239 	115 	186 	187 
000811 	212 	89 	224 	224 
000812 	218 	95 	187 	186 
000813 	218 	95 	187 	186 
000814 	218 	115 	187 	187 
000815 	188 	89 	224 	224 
000816 	188 	89 	224 	224 
000817 	188 	89 	224 	224 
000818 	218 	95 	187 	186 
000819 	218 	95 	187 	186 
000820 	188 	89 	224 	224 
000821 	188 	89 	224 	224 
000822 	188 	89 	224 	224 
000823 	188 	89 	224 	224 
000824 	188 	89 	224 	224 
000825 	188 	89 	224 	224 
000826 	188 	89 	224 	224 
000827 	188 	89 	224 	224 
000828 	188 	89 	224 	224 
000829 	188 	89 	224 	224 
000830 	188 	89 	224 	224 
000831 	188 	89 	224 	224 
000832 	218 	115 	187 	187 
000833 	218 	115 	187 	187 
000834 	218 	115 	187 	187 
000835 	218 	115 	187 	187 
000836 	218 	115 	187 	187 
000837 	218 	115 	187 	187 
000838 	188 	89 	224 	224 
000839 	188 	89 	224 	224 
000840 	188 	89 	224 	224 
000841 	218 	95 	187 	186 
000842 	212 	64 	224 	224 
000843 	212 	64 	224 	224 
000844 	212 	64 	224 	224 
000845 	212 	64 	224 	224 
000846 	212 	64 	224 	224 
000847 	212 	64 	224 	224 
000848 	212 	64 	224 	224 
000849 	212 	64 	224 	224 
000850 	212 	64 	224 	224 
000851 	212 	64 	224 	224 
000852 	212 	64 	224 	224 
000853 	237 	64 	224 	224 
000854 	259 	95 	187 	186 
000855 	259 	115 	187 	187 
000856 	259 	115 	187 	187 
000857 	259 	95 	187 	186 
000858 	280 	95 	187 	186 
000859 	280 	95 	187 	186 
000860 	280 	95 	187 	186 
000861 	280 	95 	187 	186 
000862 	280 	95 	187 	186 
000863 	280 	95 	187 	186 
000864 	280 	95 	187 	186 
000865 	280 	95 	187 	186 
000866 	262 	89 	224 	224 
000867 	280 	95 	187 	186 
000868 	280 	95 	187 	186 
000869 	259 	95 	187 	186 
000870 	259 	95 	187 	186 
000871 	259 	95 	187 	186 
000872 	259 	95 	187 	186 
000873 	237 	89 	224 	224 
000874 	237 	89 	224 	224 
000875 	259 	115 	187 	187 
000876 	259 	115 	187 	187 
000877 	259 	115 	187 	187 
000878 	259 	115 	187 	187 
000879 	259 	115 	187 	187 
000880 	259 	115 	187 	187 
000881 	259 	115 	187 	187 
000882 	259 	115 	187 	187 
000883 	259 	115 	187 	187 
000884 	237 	89 	224 	224 
000885 	259 	95 	187 	186 
000886 	237 	64 	224 	224 
000887 	259 	95 	187 	186 
000888 	237 	64 	224 	224 
000889 	259 	115 	187 	187 
000890 	259 	115 	187 	187 
000891 	259 	115 	187 	187 
000892 	259 	115 	187 	187 
000893 	259 	115 	187 	187 
000894 	259 	115 	187 	187 
000895 	259 	115 	187 	187 
000896 	259 	115 	187 	187 
000897 	259 	115 	187 	187 
000898 	259 	115 	187 	187 
000899 	259 	115 	187 	187 
000900 	259 	115 	187 	187 
000901 	259 	115 	187 	187 
000902 	259 	115 	187 	187 
000903 	239 	115 	186 	187 
000904 	239 	95 	186 	186 
000905 	239 	95 	186 	186 
000906 	212 	89 	224 	224 
000907 	239 	95 	186 	186 
000908 	212 	89 	224 	224 
000909 	212 	89 	224 	224 
000910 	212 	89 	224 	224 
000911 	212 	64 	224 	224 
000912 	212 	64 	224 	224 
000913 	212 	64 	224 	224 
000914 	212 	64 	224 	224 
000915 	212 	64 	224 	224 
000916 	212 	64 	224 	224 
000917 	212 	64 	224 	224 
000918 	212 	64 	224 	224 
000919 	212 	64 	224 	224 
000920 	212 	64 	224 	224 
000921 	237 	64 	224 	224 
000922 	237 	64 	224 	224 
000923 	237 	64 	224 	224 
000924 	237 	64 	224 	224 
000925 	237 	64 	224 	224 
000926 	237 	64 	224 	224 
000927 	237 	64 	224 	224 
000928 	237 	64 	224 	224 
000929 	237 	64 	224 	224 
000930 	237 	64 	224 	224 
000931 	237 	64 	224 	224 
000932 	237 	64 	224 	224 
000933 	259 	95 	187 	186 
000934 	237 	89 	224 	224 
