Identity  : 	id10288
Reference : 	R4S2c-NiPfA
Offset    : 	0
FV Conf   : 	16.714
ASD Conf  : 	9.049

FRAME 	X 	Y 	W 	H 
002478 	233 	90 	109 	109 
002479 	233 	90 	109 	109 
002480 	245 	90 	109 	109 
002481 	245 	90 	109 	109 
002482 	245 	90 	109 	109 
002483 	245 	90 	109 	109 
002484 	245 	90 	109 	109 
002485 	245 	90 	109 	109 
002486 	245 	90 	109 	109 
002487 	245 	90 	109 	109 
002488 	254 	95 	90 	91 
002489 	257 	78 	109 	109 
002490 	257 	78 	109 	109 
002491 	257 	78 	109 	109 
002492 	257 	78 	109 	109 
002493 	257 	78 	109 	109 
002494 	257 	78 	109 	109 
002495 	257 	66 	109 	109 
002496 	257 	66 	109 	109 
002497 	257 	66 	109 	109 
002498 	237 	51 	130 	130 
002499 	237 	51 	130 	130 
002500 	237 	51 	130 	130 
002501 	245 	66 	109 	109 
002502 	245 	78 	109 	109 
002503 	245 	66 	109 	109 
002504 	245 	66 	109 	109 
002505 	245 	66 	109 	109 
002506 	245 	66 	109 	109 
002507 	223 	51 	130 	130 
002508 	223 	51 	130 	130 
002509 	223 	51 	130 	130 
002510 	223 	51 	130 	130 
002511 	223 	51 	130 	130 
002512 	223 	51 	130 	130 
002513 	233 	66 	109 	109 
002514 	233 	78 	109 	109 
002515 	234 	85 	90 	91 
002516 	234 	85 	90 	91 
002517 	221 	78 	109 	109 
002518 	221 	78 	109 	109 
002519 	221 	78 	109 	109 
002520 	221 	78 	109 	109 
002521 	221 	78 	109 	109 
002522 	221 	78 	109 	109 
002523 	221 	78 	109 	109 
002524 	221 	78 	109 	109 
002525 	221 	78 	109 	109 
002526 	234 	95 	90 	91 
002527 	233 	78 	109 	109 
002528 	233 	78 	109 	109 
002529 	244 	85 	90 	91 
002530 	245 	78 	109 	109 
002531 	245 	78 	109 	109 
002532 	245 	78 	109 	109 
002533 	245 	78 	109 	109 
002534 	245 	78 	109 	109 
002535 	245 	78 	109 	109 
002536 	245 	78 	109 	109 
002537 	245 	78 	109 	109 
002538 	245 	78 	109 	109 
002539 	245 	78 	109 	109 
002540 	245 	78 	109 	109 
002541 	245 	78 	109 	109 
002542 	245 	78 	109 	109 
002543 	245 	78 	109 	109 
002544 	245 	78 	109 	109 
002545 	245 	78 	109 	109 
002546 	245 	78 	109 	109 
002547 	245 	78 	109 	109 
002548 	264 	95 	90 	91 
002549 	264 	95 	90 	91 
002550 	264 	95 	90 	91 
002551 	264 	95 	90 	91 
002552 	264 	95 	90 	91 
002553 	264 	95 	90 	91 
002554 	264 	95 	90 	91 
002555 	264 	95 	90 	91 
002556 	264 	95 	90 	91 
002557 	264 	95 	90 	91 
002558 	264 	95 	90 	91 
002559 	257 	78 	109 	109 
002560 	257 	78 	109 	109 
002561 	264 	95 	90 	91 
002562 	257 	78 	109 	109 
002563 	257 	78 	109 	109 
002564 	257 	78 	109 	109 
002565 	257 	78 	109 	109 
002566 	257 	78 	109 	109 
002567 	257 	78 	109 	109 
002568 	257 	78 	109 	109 
002569 	257 	78 	109 	109 
002570 	264 	95 	90 	91 
002571 	264 	95 	90 	91 
002572 	264 	95 	90 	91 
002573 	264 	95 	90 	91 
002574 	264 	95 	90 	91 
002575 	264 	95 	90 	91 
002576 	264 	95 	90 	91 
002577 	264 	95 	90 	91 
002578 	245 	90 	109 	109 
002579 	245 	90 	109 	109 
002580 	245 	90 	109 	109 
002581 	245 	90 	109 	109 
002582 	245 	90 	109 	109 
002583 	245 	90 	109 	109 
002584 	245 	90 	109 	109 
002585 	245 	90 	109 	109 
002586 	245 	90 	109 	109 
002587 	245 	90 	109 	109 
002588 	245 	90 	109 	109 
002589 	245 	90 	109 	109 
002590 	245 	90 	109 	109 
002591 	245 	90 	109 	109 
002592 	245 	90 	109 	109 
002593 	245 	90 	109 	109 
002594 	245 	90 	109 	109 
002595 	245 	90 	109 	109 
002596 	245 	90 	109 	109 
002597 	245 	90 	109 	109 
002598 	245 	78 	109 	109 
002599 	245 	78 	109 	109 
002600 	245 	78 	109 	109 
002601 	245 	78 	109 	109 
002602 	245 	78 	109 	109 
002603 	245 	78 	109 	109 
002604 	245 	78 	109 	109 
002605 	223 	66 	130 	130 
002606 	245 	78 	109 	109 
002607 	245 	78 	109 	109 
002608 	245 	78 	109 	109 
002609 	245 	78 	109 	109 
002610 	245 	78 	109 	109 
002611 	233 	78 	109 	109 
002612 	233 	78 	109 	109 
002613 	233 	78 	109 	109 
002614 	245 	78 	109 	109 
002615 	245 	78 	109 	109 
002616 	245 	78 	109 	109 
002617 	245 	78 	109 	109 
002618 	245 	78 	109 	109 
002619 	245 	78 	109 	109 
002620 	245 	78 	109 	109 
002621 	245 	78 	109 	109 
002622 	245 	78 	109 	109 
002623 	233 	90 	109 	109 
002624 	245 	90 	109 	109 
002625 	245 	90 	109 	109 
002626 	245 	90 	109 	109 
002627 	245 	90 	109 	109 
002628 	245 	90 	109 	109 
002629 	245 	90 	109 	109 
002630 	245 	90 	109 	109 
002631 	245 	90 	109 	109 
002632 	245 	90 	109 	109 
002633 	245 	90 	109 	109 
002634 	245 	90 	109 	109 
002635 	245 	90 	109 	109 
002636 	245 	90 	109 	109 
002637 	245 	90 	109 	109 
002638 	245 	90 	109 	109 
002639 	245 	90 	109 	109 
002640 	245 	90 	109 	109 
002641 	245 	90 	109 	109 
002642 	245 	90 	109 	109 
002643 	245 	90 	109 	109 
002644 	245 	90 	109 	109 
002645 	245 	90 	109 	109 
002646 	245 	90 	109 	109 
002647 	264 	105 	90 	91 
002648 	264 	105 	90 	91 
002649 	264 	105 	90 	91 
002650 	264 	105 	90 	91 
002651 	257 	90 	109 	109 
002652 	257 	90 	109 	109 
002653 	257 	90 	109 	109 
002654 	257 	90 	109 	109 
002655 	257 	90 	109 	109 
002656 	274 	95 	90 	91 
002657 	274 	95 	90 	91 
002658 	257 	90 	109 	109 
002659 	257 	90 	109 	109 
002660 	257 	90 	109 	109 
002661 	264 	95 	90 	91 
002662 	264 	95 	90 	91 
002663 	264 	95 	90 	91 
002664 	264 	95 	90 	91 
002665 	264 	95 	90 	91 
002666 	264 	85 	90 	91 
002667 	257 	78 	109 	109 
002668 	257 	78 	109 	109 
002669 	257 	78 	109 	109 
002670 	257 	78 	109 	109 
002671 	257 	78 	109 	109 
002672 	257 	78 	109 	109 
002673 	257 	78 	109 	109 
002674 	257 	78 	109 	109 
002675 	245 	78 	109 	109 
002676 	245 	78 	109 	109 
002677 	245 	78 	109 	109 
002678 	245 	78 	109 	109 
002679 	245 	78 	109 	109 
002680 	245 	78 	109 	109 
002681 	245 	78 	109 	109 
002682 	245 	78 	109 	109 
002683 	245 	78 	109 	109 
002684 	245 	78 	109 	109 
002685 	254 	85 	90 	91 
002686 	245 	78 	109 	109 
002687 	245 	78 	109 	109 
002688 	245 	78 	109 	109 
002689 	245 	78 	109 	109 
002690 	245 	78 	109 	109 
002691 	264 	85 	90 	91 
002692 	264 	85 	90 	91 
002693 	264 	85 	90 	91 
002694 	264 	85 	90 	91 
002695 	264 	85 	90 	91 
002696 	264 	85 	90 	91 
