Identity  : 	id10288
Reference : 	R4S2c-NiPfA
Offset    : 	0
FV Conf   : 	15.337
ASD Conf  : 	5.689

FRAME 	X 	Y 	W 	H 
001888 	251 	123 	130 	130 
001889 	251 	123 	130 	130 
001890 	251 	123 	130 	130 
001891 	251 	123 	130 	130 
001892 	251 	123 	130 	130 
001893 	251 	123 	130 	130 
001894 	251 	123 	130 	130 
001895 	251 	123 	130 	130 
001896 	251 	123 	130 	130 
001897 	251 	123 	130 	130 
001898 	251 	123 	130 	130 
001899 	251 	123 	130 	130 
001900 	251 	123 	130 	130 
001901 	251 	123 	130 	130 
001902 	251 	123 	130 	130 
001903 	251 	123 	130 	130 
001904 	251 	123 	130 	130 
001905 	242 	118 	143 	143 
001906 	233 	113 	156 	156 
001907 	233 	113 	156 	156 
001908 	233 	113 	156 	156 
001909 	233 	113 	156 	156 
001910 	233 	113 	156 	156 
001911 	234 	112 	156 	156 
001912 	234 	112 	156 	156 
001913 	234 	112 	156 	156 
001914 	234 	112 	156 	156 
001915 	234 	112 	156 	156 
001916 	234 	112 	156 	156 
001917 	234 	112 	156 	156 
001918 	235 	111 	156 	156 
001919 	235 	111 	156 	156 
001920 	235 	111 	156 	156 
001921 	235 	111 	156 	156 
001922 	235 	111 	156 	156 
001923 	235 	111 	156 	156 
001924 	235 	111 	156 	156 
001925 	236 	110 	156 	156 
001926 	236 	110 	156 	156 
001927 	236 	110 	156 	156 
001928 	236 	110 	156 	156 
001929 	236 	110 	156 	156 
001930 	236 	110 	156 	156 
001931 	236 	110 	156 	156 
001932 	237 	109 	156 	156 
001933 	237 	109 	156 	156 
001934 	237 	109 	156 	156 
001935 	237 	109 	156 	156 
001936 	237 	109 	156 	156 
001937 	237 	109 	156 	156 
001938 	237 	109 	156 	156 
001939 	238 	108 	156 	156 
001940 	238 	108 	156 	156 
001941 	238 	108 	156 	156 
001942 	238 	108 	156 	156 
001943 	238 	108 	156 	156 
001944 	238 	108 	156 	156 
001945 	238 	108 	156 	156 
001946 	239 	107 	156 	156 
001947 	239 	107 	156 	156 
001948 	239 	107 	156 	156 
001949 	239 	107 	156 	156 
001950 	239 	107 	156 	156 
001951 	239 	107 	156 	156 
001952 	239 	107 	156 	156 
001953 	239 	107 	156 	156 
001954 	240 	106 	156 	156 
001955 	240 	106 	156 	156 
001956 	240 	106 	156 	156 
001957 	240 	106 	156 	156 
001958 	240 	106 	156 	156 
001959 	240 	106 	156 	156 
001960 	240 	106 	156 	156 
001961 	241 	105 	156 	156 
001962 	241 	105 	156 	156 
001963 	241 	105 	156 	156 
001964 	241 	105 	156 	156 
001965 	241 	105 	156 	156 
001966 	241 	105 	156 	156 
001967 	241 	105 	156 	156 
001968 	242 	104 	156 	156 
001969 	242 	104 	156 	156 
001970 	242 	104 	156 	156 
001971 	242 	104 	156 	156 
001972 	242 	104 	156 	156 
001973 	242 	104 	156 	156 
001974 	242 	104 	156 	156 
001975 	243 	103 	156 	156 
001976 	243 	103 	156 	156 
001977 	243 	103 	156 	156 
001978 	243 	103 	156 	156 
001979 	243 	103 	156 	156 
001980 	243 	103 	156 	156 
001981 	243 	103 	156 	156 
001982 	244 	102 	156 	156 
001983 	244 	102 	156 	156 
001984 	244 	102 	156 	156 
001985 	244 	102 	156 	156 
001986 	244 	102 	156 	156 
001987 	244 	102 	156 	156 
001988 	244 	102 	156 	156 
001989 	245 	101 	156 	156 
001990 	245 	101 	156 	156 
001991 	245 	101 	156 	156 
001992 	245 	101 	156 	156 
001993 	245 	101 	156 	156 
001994 	245 	101 	156 	156 
001995 	245 	101 	156 	156 
001996 	246 	100 	156 	156 
001997 	246 	100 	156 	156 
001998 	246 	100 	156 	156 
001999 	246 	100 	156 	156 
002000 	246 	100 	156 	156 
002001 	246 	100 	156 	156 
002002 	246 	100 	156 	156 
002003 	247 	99 	156 	156 
002004 	247 	99 	156 	156 
