Identity  : 	id10288
Reference : 	R4S2c-NiPfA
Offset    : 	0
FV Conf   : 	12.035
ASD Conf  : 	6.545

FRAME 	X 	Y 	W 	H 
002008 	266 	94 	130 	130 
002009 	266 	94 	130 	130 
002010 	251 	94 	130 	130 
002011 	251 	94 	130 	130 
002012 	251 	109 	130 	130 
002013 	251 	109 	130 	130 
002014 	251 	109 	130 	130 
002015 	251 	94 	130 	130 
002016 	251 	94 	130 	130 
002017 	251 	94 	130 	130 
002018 	251 	94 	130 	130 
002019 	251 	94 	130 	130 
002020 	251 	94 	130 	130 
002021 	251 	109 	130 	130 
002022 	251 	109 	130 	130 
002023 	251 	109 	130 	130 
002024 	251 	109 	130 	130 
002025 	251 	109 	130 	130 
002026 	251 	109 	130 	130 
002027 	251 	109 	130 	130 
002028 	251 	109 	130 	130 
002029 	251 	109 	130 	130 
002030 	251 	109 	130 	130 
002031 	251 	109 	130 	130 
002032 	251 	109 	130 	130 
002033 	251 	109 	130 	130 
002034 	251 	123 	130 	130 
002035 	251 	109 	130 	130 
002036 	251 	109 	130 	130 
002037 	251 	109 	130 	130 
002038 	251 	109 	130 	130 
002039 	251 	109 	130 	130 
002040 	251 	109 	130 	130 
002041 	251 	109 	130 	130 
002042 	251 	109 	130 	130 
002043 	251 	109 	130 	130 
002044 	251 	109 	130 	130 
002045 	251 	109 	130 	130 
002046 	251 	109 	130 	130 
002047 	251 	123 	130 	130 
002048 	251 	123 	130 	130 
002049 	251 	123 	130 	130 
002050 	251 	123 	130 	130 
002051 	251 	123 	130 	130 
002052 	251 	123 	130 	130 
002053 	251 	109 	130 	130 
002054 	251 	109 	130 	130 
002055 	251 	109 	130 	130 
002056 	251 	123 	130 	130 
002057 	251 	123 	130 	130 
002058 	251 	123 	130 	130 
002059 	251 	123 	130 	130 
002060 	251 	123 	130 	130 
002061 	251 	123 	130 	130 
002062 	251 	109 	130 	130 
002063 	251 	109 	130 	130 
002064 	251 	109 	130 	130 
002065 	251 	123 	130 	130 
002066 	251 	109 	130 	130 
002067 	251 	109 	130 	130 
002068 	251 	109 	130 	130 
002069 	251 	109 	130 	130 
002070 	251 	109 	130 	130 
002071 	251 	109 	130 	130 
002072 	251 	109 	130 	130 
002073 	250 	79 	156 	156 
002074 	266 	94 	130 	130 
002075 	250 	79 	156 	156 
002076 	250 	79 	156 	156 
002077 	250 	79 	156 	156 
002078 	250 	79 	156 	156 
002079 	250 	79 	156 	156 
002080 	250 	79 	156 	156 
002081 	250 	79 	156 	156 
002082 	266 	94 	130 	130 
002083 	266 	94 	130 	130 
002084 	266 	94 	130 	130 
002085 	266 	94 	130 	130 
002086 	266 	94 	130 	130 
002087 	266 	94 	130 	130 
002088 	266 	94 	130 	130 
002089 	266 	94 	130 	130 
002090 	251 	94 	130 	130 
002091 	251 	94 	130 	130 
002092 	251 	94 	130 	130 
002093 	251 	94 	130 	130 
002094 	251 	94 	130 	130 
002095 	251 	94 	130 	130 
002096 	251 	94 	130 	130 
002097 	251 	94 	130 	130 
002098 	251 	94 	130 	130 
002099 	251 	94 	130 	130 
002100 	251 	94 	130 	130 
002101 	251 	94 	130 	130 
002102 	251 	94 	130 	130 
002103 	251 	94 	130 	130 
002104 	251 	94 	130 	130 
002105 	251 	94 	130 	130 
002106 	251 	94 	130 	130 
002107 	251 	94 	130 	130 
002108 	251 	109 	130 	130 
002109 	251 	109 	130 	130 
002110 	251 	109 	130 	130 
002111 	251 	109 	130 	130 
002112 	233 	79 	156 	156 
002113 	251 	94 	130 	130 
002114 	251 	94 	130 	130 
002115 	251 	94 	130 	130 
002116 	251 	94 	130 	130 
002117 	251 	109 	130 	130 
002118 	251 	109 	130 	130 
002119 	251 	109 	130 	130 
002120 	251 	109 	130 	130 
002121 	251 	109 	130 	130 
002122 	251 	109 	130 	130 
002123 	251 	109 	130 	130 
002124 	251 	109 	130 	130 
002125 	251 	109 	130 	130 
002126 	251 	109 	130 	130 
002127 	251 	109 	130 	130 
