Identity  : 	id10300
Reference : 	8Sz2-IYJ2GA
Offset    : 	-2
FV Conf   : 	18.664
ASD Conf  : 	8.474

FRAME 	X 	Y 	W 	H 
003531 	259 	53 	187 	187 
003532 	259 	53 	187 	187 
003533 	285 	79 	155 	156 
003534 	285 	79 	155 	156 
003535 	285 	79 	155 	156 
003536 	285 	79 	155 	156 
003537 	285 	79 	155 	156 
003538 	285 	79 	155 	156 
003539 	285 	79 	155 	156 
003540 	285 	79 	155 	156 
003541 	285 	96 	155 	156 
003542 	285 	96 	155 	156 
003543 	285 	96 	155 	156 
003544 	267 	96 	156 	156 
003545 	267 	96 	156 	156 
003546 	267 	96 	156 	156 
003547 	266 	109 	130 	130 
003548 	250 	96 	156 	156 
003549 	266 	109 	130 	130 
003550 	266 	109 	130 	130 
003551 	250 	96 	156 	156 
003552 	250 	96 	156 	156 
003553 	250 	96 	156 	156 
003554 	250 	96 	156 	156 
003555 	250 	96 	156 	156 
003556 	250 	96 	156 	156 
003557 	250 	96 	156 	156 
003558 	250 	96 	156 	156 
003559 	250 	96 	156 	156 
003560 	250 	96 	156 	156 
003561 	250 	96 	156 	156 
003562 	250 	96 	156 	156 
003563 	250 	96 	156 	156 
003564 	250 	96 	156 	156 
003565 	250 	96 	156 	156 
003566 	266 	109 	130 	130 
003567 	250 	96 	156 	156 
003568 	266 	109 	130 	130 
003569 	250 	96 	156 	156 
003570 	250 	96 	156 	156 
003571 	250 	96 	156 	156 
003572 	250 	96 	156 	156 
003573 	250 	96 	156 	156 
003574 	250 	96 	156 	156 
003575 	250 	96 	156 	156 
003576 	250 	96 	156 	156 
003577 	266 	109 	130 	130 
003578 	266 	109 	130 	130 
003579 	266 	109 	130 	130 
003580 	266 	109 	130 	130 
003581 	266 	109 	130 	130 
003582 	266 	109 	130 	130 
003583 	266 	109 	130 	130 
003584 	267 	96 	156 	156 
003585 	267 	96 	156 	156 
003586 	267 	96 	156 	156 
003587 	267 	96 	156 	156 
003588 	267 	96 	156 	156 
003589 	267 	96 	156 	156 
003590 	267 	96 	156 	156 
003591 	267 	96 	156 	156 
003592 	267 	96 	156 	156 
003593 	267 	96 	156 	156 
003594 	267 	96 	156 	156 
003595 	280 	109 	130 	130 
003596 	280 	109 	130 	130 
003597 	267 	96 	156 	156 
003598 	267 	96 	156 	156 
003599 	280 	109 	130 	130 
003600 	267 	96 	156 	156 
003601 	267 	96 	156 	156 
003602 	267 	96 	156 	156 
003603 	267 	96 	156 	156 
003604 	267 	96 	156 	156 
003605 	267 	96 	156 	156 
003606 	267 	96 	156 	156 
003607 	267 	96 	156 	156 
003608 	267 	96 	156 	156 
003609 	267 	96 	156 	156 
003610 	267 	96 	156 	156 
003611 	267 	96 	156 	156 
003612 	267 	96 	156 	156 
003613 	267 	96 	156 	156 
003614 	267 	96 	156 	156 
003615 	267 	96 	156 	156 
003616 	267 	96 	156 	156 
003617 	267 	96 	156 	156 
003618 	267 	96 	156 	156 
003619 	267 	96 	156 	156 
003620 	267 	96 	156 	156 
003621 	259 	95 	187 	186 
003622 	267 	96 	156 	156 
003623 	259 	95 	187 	186 
003624 	259 	95 	187 	186 
003625 	259 	95 	187 	186 
003626 	259 	95 	187 	186 
003627 	267 	96 	156 	156 
003628 	267 	96 	156 	156 
003629 	267 	96 	156 	156 
003630 	267 	96 	156 	156 
003631 	267 	96 	156 	156 
003632 	267 	96 	156 	156 
003633 	285 	96 	155 	156 
003634 	285 	96 	155 	156 
003635 	285 	96 	155 	156 
003636 	285 	96 	155 	156 
003637 	285 	96 	155 	156 
003638 	285 	96 	155 	156 
003639 	285 	96 	155 	156 
003640 	285 	96 	155 	156 
003641 	285 	96 	155 	156 
003642 	285 	96 	155 	156 
003643 	285 	96 	155 	156 
003644 	285 	96 	155 	156 
003645 	285 	96 	155 	156 
003646 	285 	96 	155 	156 
003647 	285 	96 	155 	156 
003648 	285 	96 	155 	156 
003649 	285 	96 	155 	156 
003650 	285 	96 	155 	156 
003651 	285 	96 	155 	156 
003652 	285 	96 	155 	156 
003653 	285 	96 	155 	156 
003654 	285 	96 	155 	156 
003655 	285 	96 	155 	156 
003656 	285 	96 	155 	156 
003657 	285 	96 	155 	156 
003658 	285 	96 	155 	156 
003659 	285 	96 	155 	156 
003660 	285 	96 	155 	156 
003661 	285 	96 	155 	156 
003662 	285 	96 	155 	156 
003663 	285 	96 	155 	156 
003664 	285 	96 	155 	156 
003665 	285 	96 	155 	156 
003666 	285 	96 	155 	156 
003667 	285 	96 	155 	156 
003668 	285 	96 	155 	156 
003669 	285 	96 	155 	156 
003670 	285 	96 	155 	156 
003671 	285 	96 	155 	156 
003672 	285 	96 	155 	156 
003673 	285 	96 	155 	156 
003674 	285 	96 	155 	156 
003675 	285 	96 	155 	156 
003676 	285 	96 	155 	156 
003677 	267 	96 	156 	156 
003678 	267 	96 	156 	156 
003679 	267 	96 	156 	156 
003680 	267 	96 	156 	156 
003681 	267 	96 	156 	156 
003682 	267 	96 	156 	156 
003683 	267 	96 	156 	156 
003684 	267 	96 	156 	156 
003685 	267 	96 	156 	156 
003686 	267 	96 	156 	156 
003687 	267 	96 	156 	156 
003688 	267 	96 	156 	156 
003689 	267 	96 	156 	156 
003690 	267 	96 	156 	156 
003691 	267 	96 	156 	156 
003692 	259 	95 	187 	186 
003693 	259 	95 	187 	186 
003694 	259 	95 	187 	186 
003695 	259 	95 	187 	186 
003696 	259 	95 	187 	186 
003697 	259 	95 	187 	186 
003698 	259 	95 	187 	186 
003699 	259 	95 	187 	186 
003700 	267 	96 	156 	156 
003701 	259 	95 	187 	186 
003702 	267 	96 	156 	156 
003703 	259 	95 	187 	186 
003704 	267 	96 	156 	156 
003705 	267 	96 	156 	156 
003706 	267 	96 	156 	156 
003707 	267 	96 	156 	156 
003708 	267 	96 	156 	156 
003709 	267 	96 	156 	156 
003710 	267 	96 	156 	156 
003711 	250 	79 	156 	156 
003712 	250 	79 	156 	156 
003713 	250 	79 	156 	156 
003714 	250 	79 	156 	156 
003715 	250 	79 	156 	156 
003716 	250 	79 	156 	156 
003717 	250 	96 	156 	156 
003718 	250 	96 	156 	156 
003719 	250 	96 	156 	156 
003720 	250 	96 	156 	156 
003721 	250 	96 	156 	156 
003722 	250 	96 	156 	156 
003723 	250 	79 	156 	156 
003724 	250 	96 	156 	156 
003725 	250 	96 	156 	156 
003726 	250 	96 	156 	156 
003727 	250 	96 	156 	156 
003728 	250 	96 	156 	156 
003729 	250 	96 	156 	156 
003730 	250 	96 	156 	156 
003731 	250 	96 	156 	156 
003732 	250 	96 	156 	156 
003733 	250 	96 	156 	156 
003734 	250 	96 	156 	156 
003735 	250 	96 	156 	156 
003736 	250 	96 	156 	156 
003737 	250 	96 	156 	156 
003738 	250 	96 	156 	156 
003739 	250 	96 	156 	156 
003740 	239 	74 	186 	187 
003741 	239 	74 	186 	187 
003742 	239 	74 	186 	187 
003743 	239 	74 	186 	187 
003744 	239 	74 	186 	187 
003745 	239 	74 	186 	187 
003746 	250 	96 	156 	156 
003747 	250 	96 	156 	156 
003748 	250 	96 	156 	156 
003749 	250 	96 	156 	156 
003750 	250 	96 	156 	156 
003751 	250 	96 	156 	156 
003752 	250 	96 	156 	156 
003753 	250 	96 	156 	156 
003754 	250 	96 	156 	156 
003755 	250 	96 	156 	156 
003756 	250 	96 	156 	156 
003757 	250 	96 	156 	156 
003758 	250 	96 	156 	156 
003759 	250 	96 	156 	156 
003760 	250 	96 	156 	156 
003761 	250 	96 	156 	156 
