Identity  : 	id10300
Reference : 	8Sz2-IYJ2GA
Offset    : 	-2
FV Conf   : 	15.710
ASD Conf  : 	8.203

FRAME 	X 	Y 	W 	H 
000041 	269 	78 	108 	109 
000042 	269 	78 	108 	109 
000043 	269 	78 	108 	109 
000044 	269 	78 	108 	109 
000045 	284 	85 	90 	91 
000046 	284 	95 	90 	91 
000047 	284 	95 	90 	91 
000048 	269 	90 	108 	109 
000049 	269 	90 	108 	109 
000050 	269 	90 	108 	109 
000051 	284 	95 	90 	91 
000052 	284 	95 	90 	91 
000053 	284 	95 	90 	91 
000054 	284 	95 	90 	91 
000055 	284 	95 	90 	91 
000056 	284 	95 	90 	91 
000057 	284 	105 	90 	91 
000058 	284 	105 	90 	91 
000059 	284 	105 	90 	91 
000060 	284 	105 	90 	91 
000061 	284 	95 	90 	91 
000062 	294 	95 	90 	91 
000063 	294 	95 	90 	91 
000064 	294 	95 	90 	91 
000065 	304 	95 	90 	91 
000066 	304 	95 	90 	91 
000067 	304 	95 	90 	91 
000068 	304 	95 	90 	91 
000069 	304 	95 	90 	91 
000070 	304 	95 	90 	91 
000071 	304 	85 	90 	91 
000072 	304 	85 	90 	91 
000073 	304 	85 	90 	91 
000074 	304 	85 	90 	91 
000075 	304 	85 	90 	91 
000076 	304 	85 	90 	91 
000077 	304 	85 	90 	91 
000078 	304 	85 	90 	91 
000079 	304 	85 	90 	91 
000080 	304 	85 	90 	91 
000081 	304 	85 	90 	91 
000082 	304 	85 	90 	91 
000083 	304 	85 	90 	91 
000084 	304 	85 	90 	91 
000085 	304 	85 	90 	91 
000086 	304 	85 	90 	91 
000087 	304 	85 	90 	91 
000088 	304 	85 	90 	91 
000089 	304 	85 	90 	91 
000090 	304 	85 	90 	91 
000091 	304 	85 	90 	91 
000092 	304 	85 	90 	91 
000093 	304 	85 	90 	91 
000094 	304 	85 	90 	91 
000095 	304 	85 	90 	91 
000096 	304 	85 	90 	91 
000097 	304 	85 	90 	91 
000098 	304 	85 	90 	91 
000099 	304 	85 	90 	91 
000100 	304 	85 	90 	91 
000101 	304 	85 	90 	91 
000102 	304 	85 	90 	91 
000103 	294 	85 	90 	91 
000104 	294 	85 	90 	91 
000105 	294 	85 	90 	91 
000106 	281 	78 	108 	109 
000107 	281 	78 	108 	109 
000108 	281 	78 	108 	109 
000109 	281 	66 	108 	109 
000110 	284 	75 	90 	91 
000111 	284 	75 	90 	91 
000112 	284 	75 	90 	91 
000113 	284 	75 	90 	91 
000114 	284 	75 	90 	91 
000115 	269 	78 	108 	109 
000116 	284 	75 	90 	91 
000117 	284 	75 	90 	91 
000118 	284 	85 	90 	91 
000119 	284 	85 	90 	91 
000120 	284 	85 	90 	91 
000121 	284 	85 	90 	91 
000122 	284 	85 	90 	91 
000123 	284 	85 	90 	91 
000124 	284 	85 	90 	91 
000125 	284 	85 	90 	91 
000126 	284 	85 	90 	91 
000127 	284 	85 	90 	91 
000128 	284 	85 	90 	91 
000129 	284 	85 	90 	91 
000130 	284 	85 	90 	91 
000131 	284 	85 	90 	91 
000132 	284 	85 	90 	91 
000133 	284 	85 	90 	91 
000134 	284 	85 	90 	91 
000135 	284 	85 	90 	91 
000136 	281 	78 	108 	109 
000137 	281 	78 	108 	109 
000138 	281 	78 	108 	109 
000139 	281 	78 	108 	109 
000140 	281 	78 	108 	109 
000141 	281 	78 	108 	109 
000142 	281 	78 	108 	109 
000143 	281 	78 	108 	109 
000144 	284 	85 	90 	91 
000145 	284 	85 	90 	91 
000146 	284 	85 	90 	91 
000147 	284 	85 	90 	91 
000148 	269 	78 	108 	109 
000149 	269 	78 	108 	109 
000150 	269 	78 	108 	109 
000151 	269 	78 	108 	109 
000152 	269 	78 	108 	109 
000153 	269 	66 	108 	109 
000154 	269 	66 	108 	109 
000155 	269 	78 	108 	109 
000156 	274 	85 	90 	91 
000157 	269 	78 	108 	109 
000158 	274 	85 	90 	91 
000159 	257 	78 	109 	109 
000160 	257 	78 	109 	109 
000161 	257 	78 	109 	109 
000162 	257 	78 	109 	109 
000163 	257 	78 	109 	109 
000164 	257 	78 	109 	109 
000165 	257 	78 	109 	109 
000166 	257 	78 	109 	109 
000167 	257 	78 	109 	109 
000168 	257 	78 	109 	109 
000169 	257 	78 	109 	109 
000170 	257 	78 	109 	109 
000171 	257 	78 	109 	109 
000172 	257 	78 	109 	109 
000173 	257 	78 	109 	109 
000174 	264 	85 	90 	91 
000175 	264 	85 	90 	91 
000176 	264 	85 	90 	91 
000177 	264 	85 	90 	91 
000178 	257 	78 	109 	109 
000179 	264 	85 	90 	91 
000180 	257 	78 	109 	109 
000181 	264 	85 	90 	91 
000182 	264 	85 	90 	91 
000183 	264 	85 	90 	91 
000184 	264 	85 	90 	91 
000185 	264 	85 	90 	91 
000186 	264 	85 	90 	91 
000187 	264 	85 	90 	91 
000188 	264 	85 	90 	91 
000189 	264 	85 	90 	91 
000190 	264 	85 	90 	91 
000191 	264 	85 	90 	91 
000192 	264 	85 	90 	91 
000193 	257 	78 	109 	109 
000194 	264 	85 	90 	91 
000195 	274 	85 	90 	91 
000196 	274 	85 	90 	91 
000197 	274 	85 	90 	91 
000198 	274 	85 	90 	91 
000199 	274 	85 	90 	91 
000200 	274 	85 	90 	91 
000201 	269 	78 	108 	109 
000202 	269 	78 	108 	109 
000203 	269 	78 	108 	109 
000204 	269 	78 	108 	109 
000205 	269 	78 	108 	109 
000206 	269 	78 	108 	109 
000207 	269 	78 	108 	109 
000208 	269 	78 	108 	109 
000209 	269 	78 	108 	109 
000210 	274 	85 	90 	91 
000211 	274 	85 	90 	91 
000212 	274 	85 	90 	91 
000213 	274 	85 	90 	91 
000214 	274 	85 	90 	91 
000215 	274 	85 	90 	91 
000216 	274 	85 	90 	91 
000217 	274 	85 	90 	91 
000218 	269 	78 	108 	109 
000219 	269 	78 	108 	109 
000220 	269 	78 	108 	109 
000221 	284 	85 	90 	91 
000222 	284 	85 	90 	91 
000223 	284 	85 	90 	91 
000224 	284 	85 	90 	91 
000225 	284 	85 	90 	91 
000226 	284 	85 	90 	91 
000227 	284 	85 	90 	91 
000228 	284 	85 	90 	91 
000229 	284 	85 	90 	91 
000230 	274 	85 	90 	91 
000231 	274 	85 	90 	91 
000232 	274 	85 	90 	91 
000233 	274 	85 	90 	91 
000234 	274 	85 	90 	91 
000235 	284 	85 	90 	91 
000236 	284 	85 	90 	91 
000237 	284 	85 	90 	91 
000238 	284 	85 	90 	91 
000239 	284 	85 	90 	91 
000240 	284 	85 	90 	91 
000241 	284 	85 	90 	91 
000242 	284 	85 	90 	91 
000243 	284 	85 	90 	91 
000244 	284 	85 	90 	91 
000245 	284 	85 	90 	91 
000246 	284 	85 	90 	91 
000247 	284 	85 	90 	91 
000248 	284 	85 	90 	91 
000249 	284 	85 	90 	91 
000250 	284 	85 	90 	91 
000251 	284 	95 	90 	91 
000252 	284 	95 	90 	91 
000253 	284 	95 	90 	91 
000254 	284 	95 	90 	91 
000255 	281 	90 	108 	109 
000256 	294 	95 	90 	91 
000257 	294 	95 	90 	91 
000258 	294 	95 	90 	91 
000259 	294 	95 	90 	91 
000260 	294 	95 	90 	91 
000261 	294 	95 	90 	91 
000262 	294 	95 	90 	91 
000263 	294 	95 	90 	91 
000264 	294 	95 	90 	91 
000265 	294 	95 	90 	91 
000266 	294 	95 	90 	91 
000267 	281 	90 	108 	109 
000268 	281 	90 	108 	109 
000269 	281 	90 	108 	109 
000270 	281 	90 	108 	109 
000271 	281 	90 	108 	109 
000272 	281 	90 	108 	109 
000273 	284 	95 	90 	91 
000274 	281 	90 	108 	109 
000275 	284 	95 	90 	91 
000276 	284 	95 	90 	91 
000277 	284 	95 	90 	91 
000278 	284 	95 	90 	91 
000279 	284 	95 	90 	91 
000280 	284 	95 	90 	91 
000281 	284 	95 	90 	91 
000282 	284 	95 	90 	91 
000283 	284 	95 	90 	91 
000284 	284 	95 	90 	91 
000285 	284 	95 	90 	91 
000286 	284 	95 	90 	91 
000287 	284 	95 	90 	91 
000288 	284 	95 	90 	91 
000289 	284 	95 	90 	91 
000290 	284 	95 	90 	91 
000291 	284 	95 	90 	91 
000292 	284 	95 	90 	91 
000293 	284 	95 	90 	91 
000294 	284 	95 	90 	91 
000295 	284 	95 	90 	91 
000296 	284 	95 	90 	91 
000297 	284 	95 	90 	91 
000298 	284 	95 	90 	91 
000299 	284 	95 	90 	91 
000300 	284 	95 	90 	91 
000301 	284 	95 	90 	91 
000302 	284 	95 	90 	91 
000303 	284 	95 	90 	91 
000304 	284 	95 	90 	91 
000305 	284 	95 	90 	91 
000306 	284 	95 	90 	91 
000307 	284 	95 	90 	91 
000308 	284 	95 	90 	91 
000309 	284 	95 	90 	91 
000310 	284 	95 	90 	91 
000311 	284 	95 	90 	91 
000312 	284 	85 	90 	91 
000313 	284 	85 	90 	91 
000314 	284 	85 	90 	91 
000315 	284 	85 	90 	91 
000316 	284 	95 	90 	91 
000317 	284 	85 	90 	91 
000318 	284 	85 	90 	91 
000319 	284 	85 	90 	91 
000320 	284 	85 	90 	91 
000321 	284 	85 	90 	91 
000322 	284 	85 	90 	91 
000323 	284 	85 	90 	91 
000324 	284 	85 	90 	91 
000325 	284 	85 	90 	91 
000326 	284 	85 	90 	91 
000327 	284 	85 	90 	91 
000328 	284 	85 	90 	91 
000329 	284 	85 	90 	91 
000330 	284 	95 	90 	91 
000331 	284 	95 	90 	91 
000332 	284 	95 	90 	91 
000333 	284 	95 	90 	91 
000334 	284 	95 	90 	91 
000335 	284 	95 	90 	91 
000336 	284 	105 	90 	91 
000337 	284 	105 	90 	91 
000338 	284 	105 	90 	91 
000339 	284 	105 	90 	91 
000340 	284 	105 	90 	91 
000341 	284 	105 	90 	91 
000342 	284 	105 	90 	91 
000343 	284 	95 	90 	91 
000344 	284 	95 	90 	91 
000345 	284 	95 	90 	91 
000346 	284 	95 	90 	91 
000347 	269 	78 	108 	109 
000348 	284 	85 	90 	91 
000349 	284 	85 	90 	91 
000350 	284 	85 	90 	91 
000351 	284 	85 	90 	91 
000352 	274 	85 	90 	91 
000353 	274 	85 	90 	91 
000354 	274 	85 	90 	91 
000355 	274 	85 	90 	91 
000356 	284 	85 	90 	91 
000357 	284 	85 	90 	91 
000358 	284 	85 	90 	91 
000359 	284 	85 	90 	91 
000360 	284 	85 	90 	91 
000361 	284 	85 	90 	91 
000362 	284 	85 	90 	91 
000363 	284 	85 	90 	91 
000364 	284 	85 	90 	91 
000365 	284 	85 	90 	91 
000366 	284 	85 	90 	91 
000367 	284 	85 	90 	91 
000368 	284 	85 	90 	91 
000369 	284 	85 	90 	91 
000370 	284 	85 	90 	91 
000371 	284 	85 	90 	91 
000372 	284 	85 	90 	91 
000373 	284 	85 	90 	91 
000374 	284 	85 	90 	91 
000375 	284 	85 	90 	91 
000376 	284 	85 	90 	91 
000377 	284 	85 	90 	91 
000378 	284 	85 	90 	91 
000379 	284 	85 	90 	91 
000380 	284 	85 	90 	91 
000381 	284 	85 	90 	91 
000382 	284 	85 	90 	91 
000383 	284 	85 	90 	91 
000384 	281 	78 	108 	109 
000385 	284 	85 	90 	91 
000386 	281 	78 	108 	109 
000387 	284 	95 	90 	91 
000388 	284 	105 	90 	91 
000389 	284 	105 	90 	91 
000390 	284 	105 	90 	91 
000391 	269 	102 	108 	109 
000392 	284 	115 	90 	91 
000393 	284 	115 	90 	91 
000394 	284 	115 	90 	91 
000395 	274 	115 	90 	91 
