Identity  : 	id10300
Reference : 	8Sz2-IYJ2GA
Offset    : 	-2
FV Conf   : 	18.570
ASD Conf  : 	7.242

FRAME 	X 	Y 	W 	H 
003846 	274 	85 	90 	91 
003847 	274 	85 	90 	91 
003848 	274 	85 	90 	91 
003849 	274 	85 	90 	91 
003850 	274 	85 	90 	91 
003851 	274 	85 	90 	91 
003852 	274 	85 	90 	91 
003853 	274 	85 	90 	91 
003854 	274 	85 	90 	91 
003855 	274 	85 	90 	91 
003856 	274 	85 	90 	91 
003857 	269 	78 	108 	109 
003858 	269 	78 	108 	109 
003859 	269 	78 	108 	109 
003860 	269 	78 	108 	109 
003861 	269 	78 	108 	109 
003862 	269 	78 	108 	109 
003863 	269 	78 	108 	109 
003864 	269 	78 	108 	109 
003865 	269 	78 	108 	109 
003866 	269 	78 	108 	109 
003867 	269 	78 	108 	109 
003868 	284 	85 	90 	91 
003869 	284 	85 	90 	91 
003870 	284 	85 	90 	91 
003871 	284 	85 	90 	91 
003872 	269 	78 	108 	109 
003873 	269 	78 	108 	109 
003874 	269 	78 	108 	109 
003875 	269 	78 	108 	109 
003876 	269 	78 	108 	109 
003877 	269 	78 	108 	109 
003878 	269 	78 	108 	109 
003879 	269 	78 	108 	109 
003880 	284 	85 	90 	91 
003881 	284 	85 	90 	91 
003882 	284 	85 	90 	91 
003883 	284 	85 	90 	91 
003884 	284 	85 	90 	91 
003885 	284 	85 	90 	91 
003886 	284 	85 	90 	91 
003887 	284 	85 	90 	91 
003888 	269 	78 	108 	109 
003889 	269 	78 	108 	109 
003890 	269 	78 	108 	109 
003891 	269 	78 	108 	109 
003892 	269 	78 	108 	109 
003893 	269 	90 	108 	109 
003894 	269 	90 	108 	109 
003895 	269 	90 	108 	109 
003896 	269 	90 	108 	109 
003897 	269 	90 	108 	109 
003898 	284 	95 	90 	91 
003899 	284 	95 	90 	91 
003900 	284 	95 	90 	91 
003901 	284 	95 	90 	91 
003902 	284 	95 	90 	91 
003903 	284 	95 	90 	91 
003904 	284 	95 	90 	91 
003905 	284 	95 	90 	91 
003906 	284 	95 	90 	91 
003907 	269 	78 	108 	109 
003908 	284 	85 	90 	91 
003909 	274 	85 	90 	91 
003910 	274 	85 	90 	91 
003911 	274 	85 	90 	91 
003912 	274 	85 	90 	91 
003913 	274 	85 	90 	91 
003914 	274 	85 	90 	91 
003915 	274 	85 	90 	91 
003916 	274 	85 	90 	91 
003917 	274 	85 	90 	91 
003918 	274 	85 	90 	91 
003919 	274 	85 	90 	91 
003920 	274 	85 	90 	91 
003921 	274 	85 	90 	91 
003922 	274 	85 	90 	91 
003923 	274 	85 	90 	91 
003924 	274 	85 	90 	91 
003925 	274 	85 	90 	91 
003926 	274 	85 	90 	91 
003927 	274 	85 	90 	91 
003928 	274 	85 	90 	91 
003929 	274 	85 	90 	91 
003930 	274 	85 	90 	91 
003931 	274 	85 	90 	91 
003932 	274 	85 	90 	91 
003933 	274 	85 	90 	91 
003934 	274 	85 	90 	91 
003935 	274 	85 	90 	91 
003936 	274 	85 	90 	91 
003937 	274 	85 	90 	91 
003938 	274 	85 	90 	91 
003939 	274 	85 	90 	91 
003940 	274 	85 	90 	91 
003941 	274 	85 	90 	91 
003942 	274 	85 	90 	91 
003943 	274 	85 	90 	91 
003944 	274 	85 	90 	91 
003945 	274 	85 	90 	91 
003946 	274 	85 	90 	91 
003947 	274 	95 	90 	91 
003948 	278 	96 	75 	75 
003949 	274 	95 	90 	91 
003950 	274 	95 	90 	91 
003951 	257 	78 	109 	109 
003952 	257 	78 	109 	109 
003953 	278 	96 	75 	75 
003954 	274 	85 	90 	91 
003955 	274 	85 	90 	91 
003956 	274 	85 	90 	91 
003957 	274 	85 	90 	91 
003958 	274 	85 	90 	91 
003959 	274 	85 	90 	91 
003960 	274 	85 	90 	91 
003961 	274 	85 	90 	91 
003962 	274 	95 	90 	91 
003963 	269 	90 	108 	109 
003964 	284 	95 	90 	91 
003965 	284 	95 	90 	91 
003966 	284 	95 	90 	91 
003967 	281 	90 	108 	109 
003968 	294 	95 	90 	91 
003969 	294 	95 	90 	91 
003970 	294 	95 	90 	91 
003971 	281 	90 	108 	109 
003972 	281 	90 	108 	109 
003973 	281 	90 	108 	109 
003974 	284 	95 	90 	91 
003975 	284 	95 	90 	91 
003976 	284 	95 	90 	91 
003977 	284 	95 	90 	91 
003978 	284 	95 	90 	91 
003979 	284 	95 	90 	91 
003980 	284 	95 	90 	91 
003981 	284 	95 	90 	91 
003982 	269 	90 	108 	109 
003983 	269 	90 	108 	109 
003984 	269 	90 	108 	109 
003985 	269 	90 	108 	109 
003986 	269 	90 	108 	109 
003987 	269 	90 	108 	109 
003988 	269 	90 	108 	109 
003989 	269 	90 	108 	109 
003990 	274 	95 	90 	91 
003991 	274 	95 	90 	91 
003992 	274 	95 	90 	91 
003993 	274 	95 	90 	91 
003994 	274 	95 	90 	91 
003995 	274 	95 	90 	91 
