Identity  : 	id10300
Reference : 	8Sz2-IYJ2GA
Offset    : 	-2
FV Conf   : 	17.644
ASD Conf  : 	7.874

FRAME 	X 	Y 	W 	H 
001931 	274 	75 	90 	91 
001932 	274 	75 	90 	91 
001933 	274 	75 	90 	91 
001934 	274 	75 	90 	91 
001935 	274 	65 	90 	91 
001936 	257 	66 	109 	109 
001937 	257 	66 	109 	109 
001938 	264 	65 	90 	91 
001939 	264 	65 	90 	91 
001940 	264 	65 	90 	91 
001941 	264 	65 	90 	91 
001942 	264 	65 	90 	91 
001943 	264 	65 	90 	91 
001944 	264 	65 	90 	91 
001945 	264 	65 	90 	91 
001946 	264 	65 	90 	91 
001947 	264 	65 	90 	91 
001948 	264 	65 	90 	91 
001949 	264 	65 	90 	91 
001950 	264 	65 	90 	91 
001951 	264 	65 	90 	91 
001952 	264 	65 	90 	91 
001953 	264 	65 	90 	91 
001954 	264 	65 	90 	91 
001955 	264 	65 	90 	91 
001956 	264 	65 	90 	91 
001957 	264 	65 	90 	91 
001958 	264 	65 	90 	91 
001959 	264 	65 	90 	91 
001960 	264 	65 	90 	91 
001961 	264 	65 	90 	91 
001962 	264 	65 	90 	91 
001963 	264 	65 	90 	91 
001964 	264 	65 	90 	91 
001965 	264 	65 	90 	91 
001966 	264 	65 	90 	91 
001967 	264 	65 	90 	91 
001968 	264 	65 	90 	91 
001969 	264 	65 	90 	91 
001970 	264 	65 	90 	91 
001971 	264 	65 	90 	91 
001972 	264 	65 	90 	91 
001973 	264 	65 	90 	91 
001974 	264 	65 	90 	91 
001975 	264 	65 	90 	91 
001976 	264 	65 	90 	91 
001977 	264 	65 	90 	91 
001978 	254 	65 	90 	91 
001979 	254 	65 	90 	91 
001980 	254 	65 	90 	91 
001981 	254 	65 	90 	91 
001982 	254 	65 	90 	91 
001983 	254 	65 	90 	91 
001984 	254 	65 	90 	91 
001985 	254 	65 	90 	91 
001986 	254 	65 	90 	91 
001987 	254 	65 	90 	91 
001988 	254 	65 	90 	91 
001989 	254 	65 	90 	91 
001990 	254 	65 	90 	91 
001991 	254 	65 	90 	91 
001992 	254 	65 	90 	91 
001993 	254 	65 	90 	91 
001994 	254 	65 	90 	91 
001995 	254 	65 	90 	91 
001996 	254 	65 	90 	91 
001997 	254 	65 	90 	91 
001998 	254 	65 	90 	91 
001999 	254 	65 	90 	91 
002000 	254 	65 	90 	91 
002001 	254 	65 	90 	91 
002002 	254 	65 	90 	91 
002003 	254 	65 	90 	91 
002004 	254 	65 	90 	91 
002005 	254 	65 	90 	91 
002006 	254 	65 	90 	91 
002007 	254 	65 	90 	91 
002008 	254 	65 	90 	91 
002009 	254 	65 	90 	91 
002010 	254 	65 	90 	91 
002011 	254 	65 	90 	91 
002012 	254 	65 	90 	91 
002013 	254 	65 	90 	91 
002014 	254 	65 	90 	91 
002015 	254 	65 	90 	91 
002016 	254 	65 	90 	91 
002017 	254 	65 	90 	91 
002018 	254 	65 	90 	91 
002019 	254 	65 	90 	91 
002020 	254 	65 	90 	91 
002021 	254 	65 	90 	91 
002022 	254 	65 	90 	91 
002023 	254 	65 	90 	91 
002024 	254 	65 	90 	91 
002025 	254 	65 	90 	91 
002026 	254 	65 	90 	91 
002027 	254 	65 	90 	91 
002028 	254 	65 	90 	91 
002029 	254 	65 	90 	91 
002030 	254 	65 	90 	91 
002031 	254 	65 	90 	91 
002032 	254 	65 	90 	91 
002033 	254 	65 	90 	91 
002034 	254 	65 	90 	91 
002035 	254 	65 	90 	91 
002036 	254 	65 	90 	91 
002037 	254 	65 	90 	91 
002038 	254 	65 	90 	91 
002039 	254 	65 	90 	91 
002040 	254 	65 	90 	91 
002041 	254 	65 	90 	91 
002042 	254 	65 	90 	91 
002043 	254 	65 	90 	91 
002044 	254 	65 	90 	91 
002045 	254 	65 	90 	91 
002046 	254 	65 	90 	91 
002047 	254 	65 	90 	91 
002048 	254 	65 	90 	91 
002049 	254 	65 	90 	91 
002050 	254 	65 	90 	91 
002051 	254 	65 	90 	91 
002052 	254 	75 	90 	91 
002053 	254 	75 	90 	91 
002054 	254 	75 	90 	91 
002055 	254 	75 	90 	91 
002056 	254 	85 	90 	91 
002057 	254 	85 	90 	91 
002058 	254 	85 	90 	91 
002059 	254 	85 	90 	91 
002060 	254 	85 	90 	91 
002061 	254 	85 	90 	91 
002062 	254 	85 	90 	91 
002063 	254 	85 	90 	91 
002064 	254 	75 	90 	91 
002065 	254 	75 	90 	91 
002066 	254 	75 	90 	91 
002067 	254 	75 	90 	91 
002068 	254 	75 	90 	91 
002069 	254 	75 	90 	91 
002070 	254 	75 	90 	91 
002071 	254 	75 	90 	91 
002072 	254 	75 	90 	91 
002073 	254 	75 	90 	91 
002074 	254 	75 	90 	91 
002075 	254 	75 	90 	91 
002076 	254 	75 	90 	91 
002077 	254 	75 	90 	91 
002078 	269 	87 	76 	76 
002079 	269 	87 	76 	76 
002080 	264 	75 	90 	91 
002081 	264 	75 	90 	91 
002082 	264 	75 	90 	91 
