Identity  : 	id10300
Reference : 	8Sz2-IYJ2GA
Offset    : 	-2
FV Conf   : 	19.274
ASD Conf  : 	7.413

FRAME 	X 	Y 	W 	H 
001196 	304 	95 	90 	91 
001197 	304 	95 	90 	91 
001198 	304 	95 	90 	91 
001199 	293 	90 	108 	109 
001200 	293 	90 	108 	109 
001201 	293 	90 	108 	109 
001202 	293 	90 	108 	109 
001203 	293 	90 	108 	109 
001204 	293 	90 	108 	109 
001205 	293 	90 	108 	109 
001206 	304 	95 	90 	91 
001207 	304 	95 	90 	91 
001208 	293 	90 	108 	109 
001209 	304 	95 	90 	91 
001210 	304 	95 	90 	91 
001211 	304 	95 	90 	91 
001212 	304 	95 	90 	91 
001213 	304 	95 	90 	91 
001214 	304 	95 	90 	91 
001215 	293 	90 	108 	109 
001216 	293 	90 	108 	109 
001217 	293 	90 	108 	109 
001218 	293 	90 	108 	109 
001219 	293 	90 	108 	109 
001220 	293 	90 	108 	109 
001221 	293 	90 	108 	109 
001222 	293 	90 	108 	109 
001223 	293 	90 	108 	109 
001224 	293 	90 	108 	109 
001225 	293 	90 	108 	109 
001226 	293 	90 	108 	109 
001227 	293 	90 	108 	109 
001228 	304 	95 	90 	91 
001229 	293 	90 	108 	109 
001230 	293 	90 	108 	109 
001231 	293 	90 	108 	109 
001232 	293 	90 	108 	109 
001233 	293 	90 	108 	109 
001234 	293 	90 	108 	109 
001235 	293 	90 	108 	109 
001236 	293 	78 	108 	109 
001237 	293 	90 	108 	109 
001238 	293 	78 	108 	109 
001239 	293 	78 	108 	109 
001240 	293 	78 	108 	109 
001241 	293 	78 	108 	109 
001242 	293 	78 	108 	109 
001243 	293 	78 	108 	109 
001244 	293 	78 	108 	109 
001245 	293 	78 	108 	109 
001246 	293 	78 	108 	109 
001247 	293 	78 	108 	109 
001248 	293 	78 	108 	109 
001249 	293 	78 	108 	109 
001250 	293 	78 	108 	109 
001251 	293 	78 	108 	109 
001252 	293 	78 	108 	109 
001253 	293 	78 	108 	109 
001254 	293 	78 	108 	109 
001255 	293 	78 	108 	109 
001256 	293 	78 	108 	109 
001257 	293 	78 	108 	109 
001258 	293 	78 	108 	109 
001259 	293 	78 	108 	109 
001260 	293 	78 	108 	109 
001261 	293 	78 	108 	109 
001262 	293 	78 	108 	109 
001263 	294 	85 	90 	91 
001264 	294 	85 	90 	91 
001265 	281 	78 	108 	109 
001266 	281 	78 	108 	109 
001267 	281 	78 	108 	109 
001268 	284 	85 	90 	91 
001269 	284 	85 	90 	91 
001270 	284 	85 	90 	91 
001271 	284 	85 	90 	91 
001272 	284 	85 	90 	91 
001273 	284 	85 	90 	91 
001274 	284 	85 	90 	91 
001275 	284 	85 	90 	91 
001276 	284 	85 	90 	91 
001277 	284 	85 	90 	91 
001278 	284 	85 	90 	91 
001279 	269 	78 	108 	109 
001280 	269 	78 	108 	109 
001281 	274 	85 	90 	91 
001282 	274 	85 	90 	91 
001283 	274 	85 	90 	91 
001284 	274 	85 	90 	91 
001285 	264 	85 	90 	91 
001286 	264 	85 	90 	91 
001287 	264 	85 	90 	91 
001288 	264 	85 	90 	91 
001289 	254 	85 	90 	91 
001290 	245 	66 	109 	109 
001291 	254 	85 	90 	91 
001292 	254 	85 	90 	91 
001293 	254 	85 	90 	91 
001294 	254 	85 	90 	91 
001295 	254 	85 	90 	91 
001296 	254 	85 	90 	91 
001297 	254 	85 	90 	91 
001298 	254 	85 	90 	91 
001299 	254 	85 	90 	91 
001300 	254 	85 	90 	91 
001301 	254 	85 	90 	91 
001302 	254 	85 	90 	91 
001303 	254 	85 	90 	91 
001304 	254 	85 	90 	91 
001305 	245 	66 	109 	109 
001306 	264 	85 	90 	91 
001307 	264 	75 	90 	91 
001308 	264 	75 	90 	91 
001309 	257 	66 	109 	109 
001310 	257 	66 	109 	109 
001311 	274 	75 	90 	91 
001312 	274 	75 	90 	91 
001313 	269 	78 	108 	109 
001314 	269 	78 	108 	109 
001315 	269 	78 	108 	109 
001316 	284 	85 	90 	91 
001317 	284 	85 	90 	91 
001318 	284 	85 	90 	91 
001319 	281 	78 	108 	109 
001320 	284 	85 	90 	91 
001321 	281 	78 	108 	109 
001322 	284 	85 	90 	91 
001323 	281 	78 	108 	109 
001324 	281 	78 	108 	109 
001325 	281 	78 	108 	109 
001326 	284 	85 	90 	91 
001327 	284 	85 	90 	91 
001328 	284 	85 	90 	91 
001329 	284 	85 	90 	91 
001330 	284 	85 	90 	91 
001331 	284 	85 	90 	91 
001332 	284 	85 	90 	91 
001333 	284 	75 	90 	91 
001334 	269 	78 	108 	109 
001335 	269 	78 	108 	109 
001336 	269 	78 	108 	109 
001337 	269 	78 	108 	109 
001338 	274 	85 	90 	91 
001339 	274 	85 	90 	91 
001340 	274 	85 	90 	91 
001341 	274 	85 	90 	91 
001342 	274 	85 	90 	91 
001343 	274 	85 	90 	91 
001344 	257 	78 	109 	109 
001345 	274 	85 	90 	91 
001346 	257 	78 	109 	109 
001347 	257 	78 	109 	109 
001348 	257 	78 	109 	109 
001349 	257 	78 	109 	109 
001350 	257 	78 	109 	109 
001351 	257 	78 	109 	109 
001352 	257 	78 	109 	109 
001353 	257 	78 	109 	109 
001354 	257 	78 	109 	109 
001355 	257 	78 	109 	109 
001356 	257 	78 	109 	109 
001357 	257 	78 	109 	109 
001358 	264 	85 	90 	91 
001359 	264 	85 	90 	91 
001360 	264 	85 	90 	91 
001361 	264 	85 	90 	91 
001362 	264 	85 	90 	91 
001363 	264 	85 	90 	91 
001364 	264 	85 	90 	91 
001365 	257 	66 	109 	109 
001366 	257 	66 	109 	109 
001367 	264 	85 	90 	91 
001368 	264 	85 	90 	91 
001369 	264 	85 	90 	91 
001370 	257 	66 	109 	109 
001371 	257 	66 	109 	109 
001372 	264 	85 	90 	91 
001373 	264 	85 	90 	91 
001374 	274 	85 	90 	91 
001375 	274 	85 	90 	91 
001376 	274 	85 	90 	91 
001377 	274 	85 	90 	91 
001378 	274 	85 	90 	91 
001379 	274 	85 	90 	91 
001380 	269 	78 	108 	109 
001381 	269 	78 	108 	109 
001382 	284 	85 	90 	91 
001383 	284 	85 	90 	91 
001384 	284 	85 	90 	91 
001385 	284 	85 	90 	91 
001386 	284 	85 	90 	91 
001387 	284 	85 	90 	91 
001388 	284 	85 	90 	91 
001389 	269 	78 	108 	109 
001390 	274 	85 	90 	91 
001391 	274 	85 	90 	91 
001392 	274 	85 	90 	91 
001393 	274 	85 	90 	91 
001394 	274 	85 	90 	91 
001395 	257 	78 	109 	109 
001396 	257 	78 	109 	109 
001397 	257 	78 	109 	109 
001398 	264 	85 	90 	91 
001399 	264 	85 	90 	91 
001400 	264 	85 	90 	91 
001401 	245 	78 	109 	109 
001402 	245 	78 	109 	109 
001403 	264 	85 	90 	91 
001404 	264 	85 	90 	91 
001405 	264 	85 	90 	91 
001406 	264 	85 	90 	91 
001407 	264 	85 	90 	91 
001408 	264 	85 	90 	91 
001409 	257 	78 	109 	109 
001410 	257 	78 	109 	109 
001411 	257 	78 	109 	109 
001412 	257 	78 	109 	109 
001413 	274 	85 	90 	91 
001414 	274 	85 	90 	91 
001415 	274 	85 	90 	91 
001416 	274 	85 	90 	91 
001417 	274 	85 	90 	91 
001418 	274 	85 	90 	91 
001419 	274 	85 	90 	91 
001420 	269 	78 	108 	109 
001421 	269 	78 	108 	109 
