Identity  : 	id10300
Reference : 	8Sz2-IYJ2GA
Offset    : 	-2
FV Conf   : 	14.989
ASD Conf  : 	7.554

FRAME 	X 	Y 	W 	H 
006563 	294 	85 	90 	91 
006564 	281 	78 	108 	109 
006565 	281 	78 	108 	109 
006566 	281 	78 	108 	109 
006567 	281 	78 	108 	109 
006568 	281 	78 	108 	109 
006569 	281 	78 	108 	109 
006570 	281 	78 	108 	109 
006571 	281 	78 	108 	109 
006572 	281 	78 	108 	109 
006573 	281 	78 	108 	109 
006574 	281 	78 	108 	109 
006575 	281 	78 	108 	109 
006576 	281 	78 	108 	109 
006577 	281 	78 	108 	109 
006578 	281 	78 	108 	109 
006579 	281 	78 	108 	109 
006580 	281 	78 	108 	109 
006581 	281 	78 	108 	109 
006582 	281 	78 	108 	109 
006583 	281 	78 	108 	109 
006584 	281 	78 	108 	109 
006585 	269 	78 	108 	109 
006586 	274 	85 	90 	91 
006587 	274 	95 	90 	91 
006588 	274 	85 	90 	91 
006589 	274 	85 	90 	91 
006590 	274 	85 	90 	91 
006591 	257 	78 	109 	109 
006592 	257 	78 	109 	109 
006593 	257 	78 	109 	109 
006594 	264 	85 	90 	91 
006595 	264 	85 	90 	91 
006596 	264 	85 	90 	91 
006597 	264 	85 	90 	91 
006598 	264 	85 	90 	91 
006599 	264 	85 	90 	91 
006600 	264 	85 	90 	91 
006601 	264 	85 	90 	91 
006602 	264 	85 	90 	91 
006603 	264 	85 	90 	91 
006604 	264 	85 	90 	91 
006605 	264 	85 	90 	91 
006606 	264 	85 	90 	91 
006607 	264 	85 	90 	91 
006608 	264 	85 	90 	91 
006609 	264 	85 	90 	91 
006610 	264 	85 	90 	91 
006611 	264 	85 	90 	91 
006612 	264 	85 	90 	91 
006613 	264 	85 	90 	91 
006614 	264 	85 	90 	91 
006615 	264 	85 	90 	91 
006616 	264 	85 	90 	91 
006617 	264 	85 	90 	91 
006618 	264 	85 	90 	91 
006619 	264 	85 	90 	91 
006620 	264 	85 	90 	91 
006621 	264 	85 	90 	91 
006622 	264 	85 	90 	91 
006623 	264 	85 	90 	91 
006624 	264 	85 	90 	91 
006625 	264 	85 	90 	91 
006626 	264 	85 	90 	91 
006627 	264 	85 	90 	91 
006628 	264 	85 	90 	91 
006629 	264 	85 	90 	91 
006630 	264 	85 	90 	91 
006631 	264 	85 	90 	91 
006632 	274 	85 	90 	91 
006633 	274 	85 	90 	91 
006634 	274 	85 	90 	91 
006635 	274 	85 	90 	91 
006636 	274 	85 	90 	91 
006637 	274 	85 	90 	91 
006638 	274 	85 	90 	91 
006639 	274 	85 	90 	91 
006640 	274 	85 	90 	91 
006641 	274 	85 	90 	91 
006642 	274 	85 	90 	91 
006643 	274 	85 	90 	91 
006644 	274 	85 	90 	91 
006645 	274 	85 	90 	91 
006646 	274 	85 	90 	91 
006647 	274 	85 	90 	91 
006648 	274 	85 	90 	91 
006649 	274 	85 	90 	91 
006650 	274 	85 	90 	91 
006651 	274 	85 	90 	91 
006652 	274 	85 	90 	91 
006653 	274 	85 	90 	91 
006654 	257 	78 	109 	109 
006655 	257 	78 	109 	109 
006656 	257 	78 	109 	109 
006657 	257 	78 	109 	109 
006658 	257 	78 	109 	109 
006659 	257 	78 	109 	109 
006660 	257 	78 	109 	109 
006661 	257 	78 	109 	109 
006662 	257 	78 	109 	109 
006663 	257 	78 	109 	109 
006664 	257 	78 	109 	109 
006665 	257 	78 	109 	109 
006666 	257 	78 	109 	109 
006667 	257 	78 	109 	109 
006668 	257 	78 	109 	109 
006669 	264 	85 	90 	91 
006670 	264 	85 	90 	91 
006671 	264 	85 	90 	91 
006672 	245 	78 	109 	109 
006673 	264 	85 	90 	91 
006674 	245 	78 	109 	109 
006675 	245 	78 	109 	109 
006676 	245 	78 	109 	109 
006677 	245 	78 	109 	109 
006678 	264 	85 	90 	91 
006679 	245 	78 	109 	109 
006680 	264 	85 	90 	91 
006681 	264 	85 	90 	91 
006682 	264 	85 	90 	91 
006683 	264 	85 	90 	91 
006684 	264 	85 	90 	91 
006685 	264 	85 	90 	91 
006686 	264 	85 	90 	91 
006687 	264 	85 	90 	91 
006688 	264 	85 	90 	91 
006689 	264 	85 	90 	91 
006690 	264 	85 	90 	91 
006691 	264 	85 	90 	91 
006692 	264 	85 	90 	91 
006693 	264 	85 	90 	91 
006694 	245 	78 	109 	109 
006695 	254 	85 	90 	91 
006696 	254 	85 	90 	91 
006697 	254 	85 	90 	91 
006698 	254 	85 	90 	91 
006699 	254 	85 	90 	91 
006700 	254 	75 	90 	91 
006701 	254 	75 	90 	91 
006702 	254 	85 	90 	91 
006703 	254 	75 	90 	91 
006704 	254 	75 	90 	91 
006705 	254 	75 	90 	91 
006706 	254 	75 	90 	91 
006707 	254 	75 	90 	91 
006708 	254 	85 	90 	91 
006709 	254 	85 	90 	91 
006710 	254 	85 	90 	91 
006711 	254 	85 	90 	91 
006712 	254 	85 	90 	91 
006713 	254 	85 	90 	91 
006714 	254 	85 	90 	91 
006715 	254 	85 	90 	91 
006716 	254 	85 	90 	91 
006717 	254 	85 	90 	91 
006718 	254 	85 	90 	91 
006719 	254 	85 	90 	91 
006720 	264 	85 	90 	91 
006721 	264 	85 	90 	91 
006722 	264 	85 	90 	91 
006723 	257 	78 	109 	109 
006724 	274 	85 	90 	91 
006725 	274 	75 	90 	91 
006726 	274 	75 	90 	91 
006727 	274 	75 	90 	91 
006728 	274 	75 	90 	91 
006729 	274 	75 	90 	91 
006730 	274 	75 	90 	91 
006731 	264 	75 	90 	91 
006732 	264 	75 	90 	91 
006733 	264 	75 	90 	91 
006734 	264 	75 	90 	91 
006735 	264 	75 	90 	91 
006736 	264 	75 	90 	91 
006737 	257 	78 	109 	109 
006738 	257 	78 	109 	109 
006739 	257 	78 	109 	109 
006740 	274 	85 	90 	91 
006741 	274 	85 	90 	91 
006742 	274 	85 	90 	91 
006743 	269 	78 	108 	109 
006744 	269 	78 	108 	109 
006745 	284 	85 	90 	91 
006746 	269 	78 	108 	109 
006747 	269 	78 	108 	109 
006748 	269 	78 	108 	109 
006749 	269 	78 	108 	109 
006750 	274 	85 	90 	91 
006751 	274 	85 	90 	91 
006752 	257 	78 	109 	109 
006753 	274 	85 	90 	91 
006754 	274 	85 	90 	91 
006755 	274 	85 	90 	91 
006756 	274 	85 	90 	91 
006757 	274 	85 	90 	91 
006758 	274 	85 	90 	91 
006759 	257 	78 	109 	109 
006760 	274 	85 	90 	91 
006761 	274 	85 	90 	91 
006762 	274 	85 	90 	91 
006763 	257 	78 	109 	109 
006764 	257 	78 	109 	109 
