Identity  : 	id10309
Reference : 	_z_BR0ERa9g
Offset    : 	-2
FV Conf   : 	14.286
ASD Conf  : 	7.607

FRAME 	X 	Y 	W 	H 
003044 	124 	65 	91 	91 
003045 	124 	65 	91 	91 
003046 	124 	65 	91 	91 
003047 	124 	65 	91 	91 
003048 	124 	65 	91 	91 
003049 	124 	65 	91 	91 
003050 	124 	65 	91 	91 
003051 	124 	65 	91 	91 
003052 	124 	65 	91 	91 
003053 	124 	65 	91 	91 
003054 	124 	65 	91 	91 
003055 	124 	65 	91 	91 
003056 	124 	65 	91 	91 
003057 	124 	65 	91 	91 
003058 	124 	65 	91 	91 
003059 	124 	65 	91 	91 
003060 	124 	65 	91 	91 
003061 	124 	65 	91 	91 
003062 	124 	55 	91 	91 
003063 	124 	55 	91 	91 
003064 	114 	55 	91 	91 
003065 	114 	55 	91 	91 
003066 	114 	55 	91 	91 
003067 	114 	55 	91 	91 
003068 	114 	55 	91 	91 
003069 	114 	55 	91 	91 
003070 	114 	55 	91 	91 
003071 	114 	55 	91 	91 
003072 	114 	45 	91 	91 
003073 	114 	45 	91 	91 
003074 	114 	45 	91 	91 
003075 	114 	45 	91 	91 
003076 	114 	45 	91 	91 
003077 	114 	45 	91 	91 
003078 	114 	45 	91 	91 
003079 	114 	45 	91 	91 
003080 	114 	45 	91 	91 
003081 	124 	45 	91 	91 
003082 	124 	45 	91 	91 
003083 	124 	45 	91 	91 
003084 	124 	45 	91 	91 
003085 	124 	45 	91 	91 
003086 	124 	45 	91 	91 
003087 	124 	45 	91 	91 
003088 	124 	45 	91 	91 
003089 	134 	45 	91 	91 
003090 	134 	45 	91 	91 
003091 	134 	45 	91 	91 
003092 	134 	35 	91 	91 
003093 	145 	46 	76 	76 
003094 	144 	35 	91 	91 
003095 	144 	35 	91 	91 
003096 	144 	35 	91 	91 
003097 	144 	35 	91 	91 
003098 	154 	35 	91 	91 
003099 	154 	35 	91 	91 
003100 	154 	35 	91 	91 
003101 	154 	35 	91 	91 
003102 	154 	35 	91 	91 
003103 	164 	35 	91 	91 
003104 	164 	35 	91 	91 
003105 	164 	35 	91 	91 
003106 	169 	35 	91 	91 
003107 	174 	35 	91 	91 
003108 	177 	38 	91 	91 
003109 	181 	42 	91 	91 
003110 	184 	45 	91 	91 
003111 	186 	48 	91 	91 
003112 	189 	50 	91 	91 
003113 	192 	52 	91 	91 
003114 	194 	55 	91 	91 
003115 	194 	55 	91 	91 
003116 	204 	55 	91 	91 
003117 	204 	55 	91 	91 
003118 	204 	65 	91 	91 
003119 	194 	75 	91 	91 
003120 	194 	75 	91 	91 
003121 	194 	85 	91 	91 
003122 	184 	85 	91 	91 
003123 	184 	85 	91 	91 
003124 	174 	85 	91 	91 
003125 	164 	85 	91 	91 
003126 	164 	85 	91 	91 
003127 	154 	95 	91 	91 
003128 	144 	95 	91 	91 
003129 	134 	95 	91 	91 
003130 	134 	95 	91 	91 
003131 	134 	95 	91 	91 
003132 	134 	85 	91 	91 
003133 	134 	95 	91 	91 
003134 	134 	95 	91 	91 
003135 	144 	85 	91 	91 
003136 	144 	85 	91 	91 
003137 	138 	78 	108 	109 
003138 	154 	85 	91 	91 
003139 	150 	66 	108 	109 
003140 	164 	75 	91 	91 
003141 	161 	66 	109 	109 
003142 	174 	75 	91 	91 
003143 	174 	75 	91 	91 
003144 	174 	65 	91 	91 
003145 	174 	65 	91 	91 
003146 	174 	65 	91 	91 
003147 	174 	65 	91 	91 
003148 	174 	65 	91 	91 
003149 	174 	55 	91 	91 
003150 	174 	55 	91 	91 
003151 	164 	55 	91 	91 
003152 	164 	55 	91 	91 
003153 	150 	43 	108 	108 
003154 	154 	55 	91 	91 
003155 	144 	55 	91 	91 
003156 	144 	55 	91 	91 
003157 	144 	55 	91 	91 
003158 	144 	55 	91 	91 
003159 	144 	55 	91 	91 
003160 	145 	62 	76 	76 
003161 	134 	55 	91 	91 
003162 	134 	55 	91 	91 
003163 	134 	55 	91 	91 
003164 	134 	55 	91 	91 
003165 	134 	55 	91 	91 
003166 	134 	55 	91 	91 
003167 	144 	55 	91 	91 
003168 	144 	55 	91 	91 
003169 	144 	65 	91 	91 
003170 	154 	65 	91 	91 
003171 	154 	65 	91 	91 
003172 	150 	54 	108 	109 
003173 	150 	54 	108 	109 
003174 	164 	65 	91 	91 
003175 	161 	54 	109 	109 
003176 	174 	75 	91 	91 
003177 	174 	75 	91 	91 
003178 	174 	75 	91 	91 
003179 	161 	66 	109 	109 
003180 	164 	75 	91 	91 
003181 	164 	75 	91 	91 
003182 	154 	75 	91 	91 
003183 	154 	75 	91 	91 
003184 	144 	85 	91 	91 
003185 	144 	85 	91 	91 
003186 	144 	85 	91 	91 
003187 	144 	85 	91 	91 
003188 	144 	85 	91 	91 
003189 	144 	85 	91 	91 
003190 	154 	85 	91 	91 
003191 	154 	85 	91 	91 
003192 	154 	85 	91 	91 
003193 	150 	78 	108 	109 
003194 	150 	78 	108 	109 
003195 	150 	90 	108 	109 
003196 	150 	90 	108 	109 
003197 	150 	90 	108 	109 
003198 	150 	90 	108 	109 
003199 	161 	90 	109 	109 
003200 	161 	90 	109 	109 
003201 	161 	90 	109 	109 
003202 	161 	90 	109 	109 
003203 	161 	90 	109 	109 
003204 	174 	95 	91 	91 
003205 	174 	95 	91 	91 
003206 	174 	95 	91 	91 
003207 	173 	78 	109 	109 
003208 	173 	78 	109 	109 
003209 	173 	78 	109 	109 
003210 	185 	78 	109 	109 
003211 	185 	78 	109 	109 
003212 	194 	85 	91 	91 
003213 	185 	78 	109 	109 
003214 	194 	85 	91 	91 
003215 	185 	66 	109 	109 
003216 	185 	66 	109 	109 
003217 	185 	66 	109 	109 
003218 	185 	66 	109 	109 
003219 	184 	65 	91 	91 
