Identity  : 	id10309
Reference : 	_z_BR0ERa9g
Offset    : 	-2
FV Conf   : 	20.840
ASD Conf  : 	6.387

FRAME 	X 	Y 	W 	H 
005491 	185 	66 	109 	109 
005492 	185 	66 	109 	109 
005493 	185 	66 	109 	109 
005494 	185 	66 	109 	109 
005495 	185 	66 	109 	109 
005496 	185 	66 	109 	109 
005497 	185 	66 	109 	109 
005498 	185 	66 	109 	109 
005499 	185 	66 	109 	109 
005500 	185 	66 	109 	109 
005501 	194 	75 	91 	91 
005502 	185 	66 	109 	109 
005503 	194 	75 	91 	91 
005504 	194 	75 	91 	91 
005505 	194 	75 	91 	91 
005506 	194 	75 	91 	91 
005507 	197 	66 	109 	109 
005508 	204 	75 	91 	91 
005509 	197 	66 	109 	109 
005510 	204 	75 	91 	91 
005511 	197 	66 	109 	109 
005512 	197 	66 	109 	109 
005513 	197 	66 	109 	109 
005514 	197 	66 	109 	109 
005515 	197 	66 	109 	109 
005516 	197 	66 	109 	109 
005517 	197 	66 	109 	109 
005518 	197 	66 	109 	109 
005519 	204 	85 	91 	91 
005520 	197 	66 	109 	109 
005521 	197 	66 	109 	109 
005522 	197 	66 	109 	109 
005523 	197 	66 	109 	109 
005524 	197 	66 	109 	109 
005525 	197 	66 	109 	109 
005526 	197 	66 	109 	109 
005527 	197 	66 	109 	109 
005528 	197 	66 	109 	109 
005529 	197 	66 	109 	109 
005530 	197 	66 	109 	109 
005531 	204 	85 	91 	91 
005532 	204 	85 	91 	91 
005533 	204 	85 	91 	91 
005534 	204 	85 	91 	91 
005535 	204 	85 	91 	91 
005536 	204 	85 	91 	91 
005537 	214 	85 	91 	91 
005538 	214 	85 	91 	91 
005539 	214 	85 	91 	91 
005540 	214 	85 	91 	91 
005541 	214 	85 	91 	91 
005542 	204 	85 	91 	91 
005543 	214 	85 	91 	91 
005544 	204 	85 	91 	91 
005545 	204 	85 	91 	91 
005546 	204 	85 	91 	91 
005547 	204 	85 	91 	91 
005548 	204 	85 	91 	91 
005549 	204 	85 	91 	91 
005550 	204 	85 	91 	91 
005551 	204 	85 	91 	91 
005552 	194 	85 	91 	91 
005553 	194 	85 	91 	91 
005554 	194 	95 	91 	91 
005555 	184 	95 	91 	91 
005556 	184 	95 	91 	91 
005557 	194 	95 	91 	91 
005558 	194 	95 	91 	91 
005559 	194 	95 	91 	91 
005560 	194 	95 	91 	91 
005561 	194 	95 	91 	91 
005562 	194 	95 	91 	91 
005563 	194 	95 	91 	91 
005564 	194 	95 	91 	91 
005565 	194 	95 	91 	91 
005566 	194 	95 	91 	91 
005567 	194 	95 	91 	91 
005568 	194 	95 	91 	91 
005569 	194 	95 	91 	91 
005570 	194 	95 	91 	91 
005571 	194 	95 	91 	91 
005572 	194 	95 	91 	91 
005573 	194 	95 	91 	91 
005574 	194 	95 	91 	91 
005575 	194 	95 	91 	91 
005576 	194 	95 	91 	91 
005577 	204 	95 	91 	91 
005578 	204 	85 	91 	91 
005579 	204 	85 	91 	91 
005580 	204 	85 	91 	91 
005581 	204 	75 	91 	91 
005582 	204 	75 	91 	91 
005583 	204 	75 	91 	91 
005584 	204 	65 	91 	91 
005585 	204 	65 	91 	91 
005586 	204 	65 	91 	91 
005587 	204 	65 	91 	91 
005588 	204 	65 	91 	91 
005589 	194 	65 	91 	91 
005590 	194 	75 	91 	91 
005591 	194 	75 	91 	91 
005592 	194 	75 	91 	91 
005593 	194 	75 	91 	91 
005594 	185 	66 	109 	109 
005595 	185 	66 	109 	109 
005596 	185 	66 	109 	109 
005597 	185 	66 	109 	109 
005598 	184 	85 	91 	91 
005599 	194 	85 	91 	91 
