Identity  : 	id10286
Reference : 	L2jRsPDZGgw
Offset    : 	-2
FV Conf   : 	15.474
ASD Conf  : 	8.800

FRAME 	X 	Y 	W 	H 
004145 	162 	54 	75 	76 
004146 	162 	54 	75 	76 
004147 	162 	54 	75 	76 
004148 	162 	54 	75 	76 
004149 	162 	54 	75 	76 
004150 	162 	54 	75 	76 
004151 	170 	54 	75 	76 
004152 	170 	54 	75 	76 
004153 	170 	54 	75 	76 
004154 	170 	54 	75 	76 
004155 	170 	62 	75 	76 
004156 	170 	62 	75 	76 
004157 	170 	62 	75 	76 
004158 	170 	62 	75 	76 
004159 	170 	62 	75 	76 
004160 	170 	62 	75 	76 
004161 	170 	62 	75 	76 
004162 	170 	62 	75 	76 
004163 	170 	62 	75 	76 
004164 	170 	62 	75 	76 
004165 	170 	62 	75 	76 
004166 	170 	62 	75 	76 
004167 	170 	62 	75 	76 
004168 	170 	62 	75 	76 
004169 	170 	62 	75 	76 
004170 	170 	62 	75 	76 
004171 	170 	62 	75 	76 
004172 	170 	62 	75 	76 
004173 	170 	62 	75 	76 
004174 	170 	62 	75 	76 
004175 	170 	62 	75 	76 
004176 	170 	62 	75 	76 
004177 	170 	62 	75 	76 
004178 	170 	62 	75 	76 
004179 	170 	62 	75 	76 
004180 	170 	62 	75 	76 
004181 	170 	62 	75 	76 
004182 	170 	62 	75 	76 
004183 	170 	62 	75 	76 
004184 	170 	62 	75 	76 
004185 	162 	62 	75 	76 
004186 	162 	62 	75 	76 
004187 	162 	62 	75 	76 
004188 	162 	62 	75 	76 
004189 	162 	62 	75 	76 
004190 	162 	62 	75 	76 
004191 	162 	62 	75 	76 
004192 	162 	62 	75 	76 
004193 	162 	71 	75 	75 
004194 	162 	62 	75 	76 
004195 	162 	62 	75 	76 
004196 	162 	62 	75 	76 
004197 	162 	62 	75 	76 
004198 	162 	62 	75 	76 
004199 	162 	62 	75 	76 
004200 	153 	71 	76 	75 
004201 	153 	71 	76 	75 
004202 	153 	71 	76 	75 
004203 	153 	71 	76 	75 
004204 	153 	71 	76 	75 
004205 	153 	71 	76 	75 
004206 	153 	71 	76 	75 
004207 	144 	65 	91 	91 
004208 	153 	62 	76 	76 
004209 	153 	62 	76 	76 
004210 	144 	55 	91 	91 
004211 	144 	55 	91 	91 
004212 	144 	55 	91 	91 
004213 	144 	55 	91 	91 
004214 	144 	55 	91 	91 
004215 	144 	55 	91 	91 
004216 	144 	55 	91 	91 
004217 	144 	55 	91 	91 
004218 	144 	45 	91 	91 
004219 	144 	45 	91 	91 
004220 	162 	54 	75 	76 
004221 	154 	45 	91 	91 
004222 	154 	45 	91 	91 
004223 	154 	45 	91 	91 
004224 	154 	45 	91 	91 
004225 	154 	45 	91 	91 
004226 	154 	45 	91 	91 
004227 	154 	45 	91 	91 
004228 	154 	45 	91 	91 
004229 	154 	45 	91 	91 
004230 	164 	45 	91 	91 
004231 	164 	45 	91 	91 
004232 	178 	54 	76 	76 
004233 	178 	54 	76 	76 
004234 	174 	45 	91 	91 
004235 	186 	54 	76 	76 
004236 	186 	54 	76 	76 
004237 	186 	54 	76 	76 
004238 	186 	54 	76 	76 
004239 	186 	54 	76 	76 
004240 	186 	54 	76 	76 
004241 	186 	54 	76 	76 
004242 	186 	54 	76 	76 
004243 	186 	54 	76 	76 
004244 	186 	54 	76 	76 
004245 	186 	54 	76 	76 
004246 	186 	54 	76 	76 
004247 	186 	54 	76 	76 
004248 	174 	45 	91 	91 
004249 	174 	45 	91 	91 
004250 	174 	45 	91 	91 
004251 	178 	54 	76 	76 
004252 	178 	54 	76 	76 
004253 	178 	54 	76 	76 
004254 	178 	54 	76 	76 
004255 	178 	54 	76 	76 
004256 	178 	54 	76 	76 
004257 	178 	54 	76 	76 
004258 	178 	54 	76 	76 
004259 	178 	54 	76 	76 
004260 	178 	54 	76 	76 
004261 	178 	54 	76 	76 
004262 	178 	54 	76 	76 
004263 	178 	54 	76 	76 
004264 	178 	54 	76 	76 
004265 	178 	54 	76 	76 
004266 	178 	54 	76 	76 
004267 	178 	54 	76 	76 
004268 	178 	54 	76 	76 
004269 	190 	59 	63 	63 
004270 	186 	54 	76 	76 
004271 	186 	54 	76 	76 
004272 	186 	54 	76 	76 
004273 	186 	54 	76 	76 
004274 	186 	54 	76 	76 
004275 	186 	54 	76 	76 
004276 	186 	54 	76 	76 
004277 	186 	54 	76 	76 
004278 	186 	54 	76 	76 
004279 	174 	45 	91 	91 
004280 	186 	54 	76 	76 
004281 	186 	62 	76 	76 
004282 	186 	54 	76 	76 
004283 	186 	54 	76 	76 
004284 	186 	54 	76 	76 
004285 	186 	62 	76 	76 
004286 	186 	62 	76 	76 
004287 	186 	62 	76 	76 
004288 	186 	62 	76 	76 
004289 	186 	62 	76 	76 
004290 	186 	62 	76 	76 
004291 	186 	62 	76 	76 
004292 	186 	62 	76 	76 
004293 	186 	62 	76 	76 
004294 	186 	62 	76 	76 
004295 	186 	62 	76 	76 
004296 	186 	62 	76 	76 
004297 	186 	62 	76 	76 
004298 	186 	62 	76 	76 
004299 	186 	62 	76 	76 
004300 	186 	62 	76 	76 
004301 	186 	62 	76 	76 
004302 	186 	62 	76 	76 
004303 	186 	62 	76 	76 
004304 	186 	62 	76 	76 
004305 	186 	62 	76 	76 
004306 	186 	62 	76 	76 
004307 	186 	62 	76 	76 
004308 	186 	62 	76 	76 
004309 	186 	62 	76 	76 
004310 	186 	62 	76 	76 
004311 	186 	62 	76 	76 
004312 	174 	55 	91 	91 
004313 	178 	71 	76 	75 
004314 	178 	71 	76 	75 
004315 	178 	71 	76 	75 
004316 	178 	71 	76 	75 
004317 	178 	71 	76 	75 
004318 	178 	71 	76 	75 
004319 	170 	71 	75 	75 
004320 	170 	71 	75 	75 
004321 	170 	71 	75 	75 
004322 	170 	71 	75 	75 
004323 	170 	71 	75 	75 
004324 	170 	71 	75 	75 
004325 	170 	71 	75 	75 
004326 	170 	71 	75 	75 
004327 	170 	71 	75 	75 
004328 	170 	71 	75 	75 
004329 	170 	71 	75 	75 
004330 	170 	71 	75 	75 
004331 	170 	71 	75 	75 
004332 	170 	71 	75 	75 
004333 	170 	71 	75 	75 
004334 	170 	71 	75 	75 
004335 	170 	71 	75 	75 
004336 	170 	71 	75 	75 
004337 	170 	71 	75 	75 
004338 	170 	71 	75 	75 
004339 	170 	71 	75 	75 
004340 	170 	71 	75 	75 
004341 	170 	71 	75 	75 
004342 	170 	71 	75 	75 
004343 	170 	71 	75 	75 
004344 	170 	71 	75 	75 
004345 	170 	71 	75 	75 
004346 	170 	71 	75 	75 
004347 	170 	71 	75 	75 
004348 	170 	71 	75 	75 
004349 	162 	71 	75 	75 
004350 	162 	62 	75 	76 
004351 	162 	62 	75 	76 
004352 	162 	62 	75 	76 
004353 	162 	54 	75 	76 
004354 	162 	54 	75 	76 
004355 	154 	45 	91 	91 
004356 	162 	54 	75 	76 
004357 	154 	45 	91 	91 
004358 	162 	54 	75 	76 
004359 	154 	45 	91 	91 
004360 	162 	54 	75 	76 
004361 	162 	54 	75 	76 
004362 	162 	54 	75 	76 
004363 	162 	54 	75 	76 
004364 	162 	54 	75 	76 
004365 	162 	54 	75 	76 
004366 	162 	54 	75 	76 
004367 	170 	54 	75 	76 
004368 	170 	54 	75 	76 
004369 	170 	54 	75 	76 
004370 	178 	54 	76 	76 
004371 	178 	54 	76 	76 
004372 	174 	35 	91 	91 
004373 	186 	46 	76 	76 
004374 	186 	46 	76 	76 
004375 	184 	45 	91 	91 
004376 	186 	46 	76 	76 
004377 	186 	46 	76 	76 
004378 	186 	54 	76 	76 
004379 	186 	54 	76 	76 
004380 	186 	54 	76 	76 
004381 	186 	54 	76 	76 
004382 	186 	54 	76 	76 
004383 	186 	54 	76 	76 
004384 	186 	54 	76 	76 
004385 	186 	54 	76 	76 
004386 	186 	54 	76 	76 
004387 	178 	54 	76 	76 
004388 	178 	54 	76 	76 
004389 	178 	54 	76 	76 
004390 	164 	55 	91 	91 
004391 	164 	45 	91 	91 
004392 	154 	45 	91 	91 
004393 	153 	54 	76 	76 
004394 	144 	45 	91 	91 
004395 	145 	54 	76 	76 
004396 	145 	62 	76 	76 
004397 	134 	55 	91 	91 
004398 	134 	55 	91 	91 
004399 	134 	55 	91 	91 
004400 	137 	62 	75 	76 
004401 	137 	62 	75 	76 
004402 	124 	55 	91 	91 
004403 	124 	55 	91 	91 
004404 	124 	55 	91 	91 
004405 	124 	55 	91 	91 
004406 	124 	55 	91 	91 
004407 	124 	55 	91 	91 
004408 	124 	55 	91 	91 
004409 	137 	62 	75 	76 
004410 	137 	62 	75 	76 
004411 	134 	55 	91 	91 
004412 	134 	55 	91 	91 
004413 	134 	55 	91 	91 
004414 	134 	55 	91 	91 
004415 	145 	62 	76 	76 
004416 	144 	55 	91 	91 
004417 	144 	55 	91 	91 
004418 	144 	55 	91 	91 
004419 	144 	55 	91 	91 
004420 	144 	55 	91 	91 
004421 	144 	45 	91 	91 
004422 	154 	55 	91 	91 
004423 	154 	45 	91 	91 
004424 	162 	54 	75 	76 
004425 	162 	54 	75 	76 
004426 	170 	54 	75 	76 
004427 	164 	45 	91 	91 
004428 	170 	54 	75 	76 
004429 	170 	54 	75 	76 
004430 	178 	54 	76 	76 
004431 	178 	54 	76 	76 
004432 	178 	54 	76 	76 
004433 	174 	45 	91 	91 
004434 	174 	45 	91 	91 
004435 	174 	45 	91 	91 
004436 	174 	45 	91 	91 
004437 	174 	45 	91 	91 
004438 	186 	62 	76 	76 
004439 	186 	62 	76 	76 
004440 	186 	62 	76 	76 
004441 	186 	62 	76 	76 
004442 	186 	62 	76 	76 
004443 	186 	62 	76 	76 
004444 	186 	62 	76 	76 
004445 	186 	62 	76 	76 
004446 	186 	62 	76 	76 
004447 	186 	62 	76 	76 
004448 	186 	62 	76 	76 
004449 	186 	62 	76 	76 
004450 	186 	62 	76 	76 
004451 	186 	62 	76 	76 
004452 	186 	62 	76 	76 
004453 	186 	62 	76 	76 
004454 	186 	62 	76 	76 
004455 	186 	62 	76 	76 
004456 	186 	62 	76 	76 
004457 	186 	62 	76 	76 
004458 	186 	62 	76 	76 
004459 	186 	62 	76 	76 
004460 	186 	62 	76 	76 
004461 	178 	62 	76 	76 
004462 	178 	62 	76 	76 
004463 	178 	62 	76 	76 
004464 	178 	62 	76 	76 
004465 	178 	62 	76 	76 
004466 	178 	62 	76 	76 
004467 	178 	62 	76 	76 
004468 	178 	62 	76 	76 
004469 	178 	62 	76 	76 
004470 	178 	62 	76 	76 
004471 	178 	62 	76 	76 
004472 	178 	62 	76 	76 
004473 	178 	62 	76 	76 
004474 	178 	62 	76 	76 
004475 	178 	62 	76 	76 
004476 	178 	62 	76 	76 
004477 	178 	62 	76 	76 
004478 	178 	62 	76 	76 
004479 	178 	62 	76 	76 
004480 	178 	62 	76 	76 
004481 	178 	62 	76 	76 
004482 	178 	62 	76 	76 
004483 	178 	62 	76 	76 
004484 	178 	62 	76 	76 
004485 	178 	62 	76 	76 
004486 	178 	62 	76 	76 
004487 	178 	62 	76 	76 
004488 	178 	62 	76 	76 
004489 	178 	62 	76 	76 
004490 	178 	62 	76 	76 
004491 	178 	62 	76 	76 
004492 	178 	62 	76 	76 
004493 	178 	62 	76 	76 
004494 	178 	62 	76 	76 
004495 	178 	62 	76 	76 
004496 	178 	62 	76 	76 
004497 	178 	62 	76 	76 
004498 	178 	62 	76 	76 
004499 	178 	62 	76 	76 
004500 	178 	62 	76 	76 
004501 	178 	62 	76 	76 
004502 	178 	62 	76 	76 
004503 	178 	62 	76 	76 
004504 	178 	62 	76 	76 
004505 	178 	62 	76 	76 
004506 	178 	62 	76 	76 
004507 	178 	62 	76 	76 
004508 	178 	62 	76 	76 
004509 	178 	62 	76 	76 
004510 	178 	62 	76 	76 
004511 	178 	62 	76 	76 
004512 	178 	62 	76 	76 
004513 	178 	62 	76 	76 
004514 	178 	62 	76 	76 
004515 	178 	62 	76 	76 
004516 	178 	62 	76 	76 
004517 	178 	62 	76 	76 
004518 	178 	62 	76 	76 
004519 	178 	62 	76 	76 
004520 	178 	62 	76 	76 
004521 	178 	62 	76 	76 
004522 	178 	62 	76 	76 
004523 	178 	62 	76 	76 
004524 	178 	62 	76 	76 
004525 	178 	62 	76 	76 
004526 	178 	62 	76 	76 
004527 	178 	62 	76 	76 
004528 	178 	62 	76 	76 
004529 	178 	62 	76 	76 
004530 	178 	62 	76 	76 
004531 	178 	62 	76 	76 
004532 	178 	62 	76 	76 
004533 	178 	62 	76 	76 
004534 	178 	62 	76 	76 
004535 	178 	62 	76 	76 
004536 	178 	62 	76 	76 
004537 	178 	62 	76 	76 
004538 	178 	62 	76 	76 
004539 	178 	62 	76 	76 
004540 	178 	62 	76 	76 
004541 	178 	62 	76 	76 
004542 	178 	62 	76 	76 
004543 	178 	62 	76 	76 
004544 	178 	62 	76 	76 
004545 	178 	62 	76 	76 
004546 	178 	62 	76 	76 
004547 	178 	62 	76 	76 
004548 	178 	62 	76 	76 
004549 	178 	62 	76 	76 
004550 	178 	62 	76 	76 
004551 	178 	62 	76 	76 
004552 	178 	62 	76 	76 
004553 	178 	62 	76 	76 
004554 	178 	62 	76 	76 
004555 	178 	62 	76 	76 
004556 	178 	62 	76 	76 
004557 	178 	62 	76 	76 
004558 	178 	62 	76 	76 
004559 	178 	62 	76 	76 
004560 	178 	62 	76 	76 
004561 	178 	62 	76 	76 
004562 	178 	62 	76 	76 
004563 	178 	62 	76 	76 
004564 	178 	62 	76 	76 
004565 	178 	62 	76 	76 
004566 	178 	62 	76 	76 
004567 	178 	62 	76 	76 
004568 	178 	62 	76 	76 
004569 	178 	62 	76 	76 
004570 	178 	62 	76 	76 
004571 	170 	62 	75 	76 
004572 	170 	54 	75 	76 
004573 	170 	54 	75 	76 
004574 	170 	54 	75 	76 
004575 	170 	54 	75 	76 
004576 	170 	54 	75 	76 
004577 	170 	54 	75 	76 
004578 	164 	45 	91 	91 
004579 	164 	45 	91 	91 
004580 	164 	45 	91 	91 
004581 	164 	45 	91 	91 
004582 	164 	45 	91 	91 
004583 	164 	45 	91 	91 
004584 	164 	45 	91 	91 
004585 	164 	45 	91 	91 
004586 	164 	45 	91 	91 
004587 	164 	45 	91 	91 
004588 	164 	45 	91 	91 
004589 	164 	45 	91 	91 
004590 	164 	45 	91 	91 
004591 	164 	45 	91 	91 
004592 	170 	46 	75 	76 
004593 	170 	46 	75 	76 
004594 	164 	45 	91 	91 
004595 	164 	45 	91 	91 
004596 	164 	45 	91 	91 
004597 	154 	45 	91 	91 
004598 	154 	45 	91 	91 
004599 	154 	45 	91 	91 
004600 	164 	45 	91 	91 
004601 	164 	45 	91 	91 
004602 	164 	45 	91 	91 
004603 	164 	45 	91 	91 
004604 	178 	54 	76 	76 
004605 	178 	54 	76 	76 
004606 	178 	54 	76 	76 
004607 	178 	54 	76 	76 
004608 	174 	55 	91 	91 
004609 	178 	62 	76 	76 
004610 	178 	62 	76 	76 
004611 	178 	62 	76 	76 
004612 	186 	62 	76 	76 
004613 	184 	55 	91 	91 
004614 	195 	62 	75 	76 
004615 	203 	62 	76 	76 
004616 	203 	62 	76 	76 
004617 	203 	71 	76 	75 
004618 	211 	71 	76 	75 
004619 	211 	71 	76 	75 
004620 	211 	71 	76 	75 
004621 	211 	71 	76 	75 
004622 	211 	71 	76 	75 
004623 	211 	71 	76 	75 
004624 	211 	71 	76 	75 
004625 	211 	71 	76 	75 
004626 	211 	71 	76 	75 
004627 	211 	71 	76 	75 
004628 	203 	71 	76 	75 
004629 	203 	71 	76 	75 
004630 	203 	62 	76 	76 
004631 	194 	55 	91 	91 
004632 	204 	55 	91 	91 
004633 	211 	62 	76 	76 
004634 	211 	62 	76 	76 
004635 	211 	62 	76 	76 
004636 	211 	62 	76 	76 
004637 	211 	62 	76 	76 
004638 	211 	62 	76 	76 
004639 	211 	62 	76 	76 
004640 	211 	71 	76 	75 
004641 	211 	71 	76 	75 
004642 	211 	71 	76 	75 
004643 	211 	71 	76 	75 
004644 	211 	71 	76 	75 
004645 	211 	71 	76 	75 
004646 	211 	71 	76 	75 
004647 	211 	71 	76 	75 
004648 	211 	71 	76 	75 
004649 	211 	62 	76 	76 
004650 	203 	62 	76 	76 
004651 	203 	62 	76 	76 
004652 	195 	62 	75 	76 
004653 	195 	62 	75 	76 
004654 	195 	62 	75 	76 
004655 	195 	62 	75 	76 
004656 	195 	54 	75 	76 
004657 	203 	54 	76 	76 
004658 	203 	54 	76 	76 
004659 	203 	62 	76 	76 
004660 	194 	55 	91 	91 
004661 	194 	55 	91 	91 
004662 	203 	62 	76 	76 
004663 	211 	62 	76 	76 
004664 	211 	62 	76 	76 
004665 	211 	62 	76 	76 
004666 	203 	71 	76 	75 
004667 	203 	71 	76 	75 
004668 	203 	71 	76 	75 
004669 	195 	71 	75 	75 
004670 	195 	71 	75 	75 
004671 	195 	71 	75 	75 
004672 	186 	71 	76 	75 
004673 	186 	71 	76 	75 
004674 	178 	71 	76 	75 
004675 	178 	71 	76 	75 
004676 	178 	71 	76 	75 
004677 	178 	71 	76 	75 
004678 	174 	65 	91 	91 
004679 	174 	65 	91 	91 
004680 	174 	65 	91 	91 
004681 	186 	71 	76 	75 
004682 	174 	65 	91 	91 
004683 	174 	55 	91 	91 
004684 	186 	62 	76 	76 
004685 	186 	62 	76 	76 
004686 	186 	71 	76 	75 
004687 	186 	71 	76 	75 
004688 	186 	71 	76 	75 
004689 	186 	71 	76 	75 
004690 	195 	71 	75 	75 
004691 	195 	71 	75 	75 
004692 	195 	62 	75 	76 
004693 	195 	62 	75 	76 
004694 	195 	62 	75 	76 
004695 	195 	62 	75 	76 
004696 	184 	55 	91 	91 
004697 	195 	54 	75 	76 
004698 	195 	54 	75 	76 
004699 	195 	54 	75 	76 
004700 	195 	54 	75 	76 
004701 	195 	54 	75 	76 
