Identity  : 	id10280
Reference : 	d7S0qeo6EP0
Offset    : 	-2
FV Conf   : 	17.700
ASD Conf  : 	7.559

FRAME 	X 	Y 	W 	H 
005213 	197 	78 	109 	109 
005214 	204 	95 	91 	91 
005215 	204 	95 	91 	91 
005216 	204 	95 	91 	91 
005217 	204 	95 	91 	91 
005218 	204 	95 	91 	91 
005219 	204 	95 	91 	91 
005220 	204 	95 	91 	91 
005221 	204 	95 	91 	91 
005222 	204 	95 	91 	91 
005223 	204 	95 	91 	91 
005224 	204 	95 	91 	91 
005225 	204 	95 	91 	91 
005226 	204 	95 	91 	91 
005227 	204 	95 	91 	91 
005228 	204 	95 	91 	91 
005229 	204 	95 	91 	91 
005230 	204 	95 	91 	91 
005231 	204 	95 	91 	91 
005232 	204 	95 	91 	91 
005233 	204 	95 	91 	91 
005234 	204 	95 	91 	91 
005235 	204 	95 	91 	91 
005236 	204 	95 	91 	91 
005237 	204 	95 	91 	91 
005238 	204 	95 	91 	91 
005239 	204 	95 	91 	91 
005240 	204 	95 	91 	91 
005241 	204 	95 	91 	91 
005242 	204 	95 	91 	91 
005243 	204 	95 	91 	91 
005244 	204 	95 	91 	91 
005245 	204 	95 	91 	91 
005246 	204 	95 	91 	91 
005247 	204 	95 	91 	91 
005248 	204 	95 	91 	91 
005249 	204 	95 	91 	91 
005250 	204 	95 	91 	91 
005251 	185 	90 	109 	109 
005252 	185 	90 	109 	109 
005253 	204 	95 	91 	91 
005254 	204 	95 	91 	91 
005255 	204 	95 	91 	91 
005256 	204 	95 	91 	91 
005257 	204 	95 	91 	91 
005258 	204 	95 	91 	91 
005259 	204 	95 	91 	91 
005260 	185 	90 	109 	109 
005261 	185 	90 	109 	109 
005262 	185 	90 	109 	109 
005263 	194 	95 	91 	91 
005264 	194 	95 	91 	91 
005265 	194 	95 	91 	91 
005266 	194 	95 	91 	91 
005267 	194 	95 	91 	91 
005268 	194 	95 	91 	91 
005269 	185 	78 	109 	109 
005270 	185 	78 	109 	109 
005271 	185 	78 	109 	109 
005272 	185 	78 	109 	109 
005273 	204 	85 	91 	91 
005274 	204 	85 	91 	91 
005275 	204 	85 	91 	91 
005276 	204 	85 	91 	91 
005277 	197 	78 	109 	109 
005278 	197 	78 	109 	109 
005279 	197 	78 	109 	109 
005280 	204 	85 	91 	91 
005281 	204 	85 	91 	91 
005282 	204 	95 	91 	91 
005283 	204 	95 	91 	91 
005284 	204 	95 	91 	91 
005285 	204 	95 	91 	91 
005286 	204 	95 	91 	91 
005287 	204 	95 	91 	91 
005288 	204 	95 	91 	91 
005289 	204 	95 	91 	91 
005290 	204 	85 	91 	91 
005291 	204 	85 	91 	91 
005292 	204 	85 	91 	91 
005293 	204 	85 	91 	91 
005294 	204 	95 	91 	91 
005295 	204 	95 	91 	91 
005296 	204 	95 	91 	91 
005297 	204 	95 	91 	91 
005298 	204 	95 	91 	91 
005299 	204 	95 	91 	91 
005300 	204 	95 	91 	91 
005301 	204 	95 	91 	91 
005302 	204 	95 	91 	91 
005303 	204 	95 	91 	91 
005304 	204 	95 	91 	91 
005305 	204 	95 	91 	91 
005306 	204 	95 	91 	91 
005307 	204 	95 	91 	91 
005308 	204 	95 	91 	91 
005309 	204 	85 	91 	91 
005310 	204 	95 	91 	91 
005311 	204 	95 	91 	91 
005312 	204 	95 	91 	91 
005313 	204 	95 	91 	91 
005314 	204 	95 	91 	91 
005315 	204 	95 	91 	91 
005316 	204 	95 	91 	91 
005317 	204 	95 	91 	91 
005318 	204 	95 	91 	91 
005319 	204 	95 	91 	91 
005320 	185 	90 	109 	109 
005321 	185 	90 	109 	109 
005322 	185 	90 	109 	109 
005323 	185 	90 	109 	109 
005324 	185 	90 	109 	109 
005325 	194 	105 	91 	91 
005326 	194 	105 	91 	91 
005327 	194 	105 	91 	91 
005328 	194 	105 	91 	91 
005329 	194 	105 	91 	91 
005330 	173 	90 	109 	109 
005331 	173 	90 	109 	109 
005332 	173 	90 	109 	109 
005333 	184 	105 	91 	91 
005334 	184 	105 	91 	91 
005335 	184 	105 	91 	91 
005336 	184 	105 	91 	91 
005337 	184 	105 	91 	91 
005338 	184 	105 	91 	91 
005339 	184 	105 	91 	91 
005340 	184 	105 	91 	91 
005341 	184 	105 	91 	91 
005342 	184 	105 	91 	91 
005343 	184 	105 	91 	91 
005344 	184 	105 	91 	91 
005345 	184 	105 	91 	91 
005346 	184 	105 	91 	91 
005347 	184 	105 	91 	91 
005348 	184 	105 	91 	91 
005349 	184 	105 	91 	91 
005350 	184 	105 	91 	91 
005351 	184 	105 	91 	91 
005352 	184 	105 	91 	91 
005353 	184 	105 	91 	91 
005354 	184 	105 	91 	91 
005355 	184 	105 	91 	91 
005356 	184 	105 	91 	91 
005357 	184 	105 	91 	91 
005358 	184 	105 	91 	91 
005359 	184 	105 	91 	91 
005360 	184 	105 	91 	91 
005361 	184 	105 	91 	91 
005362 	184 	105 	91 	91 
005363 	184 	105 	91 	91 
005364 	184 	95 	91 	91 
005365 	184 	95 	91 	91 
005366 	184 	95 	91 	91 
005367 	173 	90 	109 	109 
005368 	173 	90 	109 	109 
005369 	184 	95 	91 	91 
005370 	173 	90 	109 	109 
005371 	173 	90 	109 	109 
005372 	173 	90 	109 	109 
005373 	173 	90 	109 	109 
005374 	173 	90 	109 	109 
005375 	185 	90 	109 	109 
005376 	185 	90 	109 	109 
005377 	185 	90 	109 	109 
005378 	185 	90 	109 	109 
005379 	185 	90 	109 	109 
005380 	185 	90 	109 	109 
005381 	185 	90 	109 	109 
005382 	185 	90 	109 	109 
005383 	185 	90 	109 	109 
005384 	185 	90 	109 	109 
005385 	185 	90 	109 	109 
005386 	185 	90 	109 	109 
005387 	185 	90 	109 	109 
005388 	185 	90 	109 	109 
005389 	185 	90 	109 	109 
005390 	185 	90 	109 	109 
005391 	185 	90 	109 	109 
005392 	185 	90 	109 	109 
005393 	185 	90 	109 	109 
005394 	185 	90 	109 	109 
005395 	185 	90 	109 	109 
005396 	185 	90 	109 	109 
005397 	185 	90 	109 	109 
005398 	185 	90 	109 	109 
005399 	185 	90 	109 	109 
005400 	185 	90 	109 	109 
005401 	185 	90 	109 	109 
005402 	185 	90 	109 	109 
005403 	185 	90 	109 	109 
005404 	185 	90 	109 	109 
005405 	185 	90 	109 	109 
005406 	185 	90 	109 	109 
005407 	185 	90 	109 	109 
005408 	204 	95 	91 	91 
005409 	204 	95 	91 	91 
005410 	204 	95 	91 	91 
005411 	204 	95 	91 	91 
005412 	204 	95 	91 	91 
005413 	204 	95 	91 	91 
005414 	204 	95 	91 	91 
005415 	204 	95 	91 	91 
005416 	204 	95 	91 	91 
005417 	204 	95 	91 	91 
005418 	204 	95 	91 	91 
005419 	204 	95 	91 	91 
005420 	204 	95 	91 	91 
005421 	204 	95 	91 	91 
005422 	204 	95 	91 	91 
005423 	204 	95 	91 	91 
005424 	204 	95 	91 	91 
005425 	204 	95 	91 	91 
005426 	204 	95 	91 	91 
005427 	197 	78 	109 	109 
005428 	197 	78 	109 	109 
005429 	214 	85 	91 	91 
005430 	214 	85 	91 	91 
005431 	214 	85 	91 	91 
005432 	214 	85 	91 	91 
005433 	214 	85 	91 	91 
005434 	214 	95 	91 	91 
005435 	214 	95 	91 	91 
005436 	214 	95 	91 	91 
005437 	214 	95 	91 	91 
005438 	214 	95 	91 	91 
005439 	214 	95 	91 	91 
005440 	214 	95 	91 	91 
005441 	214 	95 	91 	91 
005442 	214 	95 	91 	91 
005443 	214 	95 	91 	91 
005444 	214 	95 	91 	91 
005445 	214 	95 	91 	91 
005446 	197 	90 	109 	109 
005447 	197 	90 	109 	109 
005448 	197 	90 	109 	109 
005449 	197 	90 	109 	109 
005450 	197 	90 	109 	109 
005451 	197 	90 	109 	109 
005452 	197 	90 	109 	109 
005453 	197 	90 	109 	109 
005454 	197 	90 	109 	109 
005455 	197 	90 	109 	109 
005456 	197 	90 	109 	109 
005457 	197 	90 	109 	109 
005458 	197 	90 	109 	109 
005459 	197 	90 	109 	109 
005460 	197 	90 	109 	109 
005461 	197 	90 	109 	109 
005462 	204 	95 	91 	91 
005463 	204 	95 	91 	91 
005464 	204 	95 	91 	91 
005465 	204 	85 	91 	91 
005466 	204 	85 	91 	91 
005467 	204 	85 	91 	91 
005468 	204 	85 	91 	91 
005469 	204 	85 	91 	91 
005470 	204 	85 	91 	91 
005471 	204 	85 	91 	91 
005472 	204 	85 	91 	91 
005473 	204 	85 	91 	91 
005474 	204 	85 	91 	91 
005475 	204 	85 	91 	91 
005476 	204 	85 	91 	91 
005477 	204 	85 	91 	91 
005478 	204 	85 	91 	91 
005479 	204 	85 	91 	91 
005480 	204 	85 	91 	91 
