Identity  : 	id10280
Reference : 	d7S0qeo6EP0
Offset    : 	-2
FV Conf   : 	13.892
ASD Conf  : 	7.594

FRAME 	X 	Y 	W 	H 
005765 	194 	75 	91 	91 
005766 	194 	75 	91 	91 
005767 	194 	75 	91 	91 
005768 	185 	66 	109 	109 
005769 	185 	66 	109 	109 
005770 	185 	66 	109 	109 
005771 	204 	75 	91 	91 
005772 	204 	75 	91 	91 
005773 	204 	75 	91 	91 
005774 	204 	75 	91 	91 
005775 	197 	66 	109 	109 
005776 	197 	66 	109 	109 
005777 	197 	66 	109 	109 
005778 	214 	75 	91 	91 
005779 	197 	66 	109 	109 
005780 	214 	65 	91 	91 
005781 	214 	75 	91 	91 
005782 	214 	75 	91 	91 
005783 	214 	75 	91 	91 
005784 	197 	66 	109 	109 
005785 	197 	66 	109 	109 
005786 	197 	66 	109 	109 
005787 	204 	65 	91 	91 
005788 	204 	65 	91 	91 
005789 	204 	65 	91 	91 
005790 	204 	65 	91 	91 
005791 	197 	54 	109 	109 
005792 	204 	65 	91 	91 
005793 	204 	65 	91 	91 
005794 	204 	65 	91 	91 
005795 	204 	65 	91 	91 
005796 	204 	75 	91 	91 
005797 	204 	75 	91 	91 
005798 	204 	65 	91 	91 
005799 	204 	75 	91 	91 
005800 	204 	75 	91 	91 
005801 	204 	75 	91 	91 
005802 	185 	66 	109 	109 
005803 	194 	75 	91 	91 
005804 	185 	66 	109 	109 
005805 	194 	75 	91 	91 
005806 	194 	75 	91 	91 
005807 	194 	75 	91 	91 
005808 	194 	75 	91 	91 
005809 	194 	75 	91 	91 
005810 	194 	75 	91 	91 
005811 	194 	75 	91 	91 
005812 	194 	75 	91 	91 
005813 	194 	75 	91 	91 
005814 	194 	75 	91 	91 
005815 	185 	66 	109 	109 
005816 	185 	54 	109 	109 
005817 	185 	54 	109 	109 
005818 	204 	75 	91 	91 
005819 	204 	65 	91 	91 
005820 	204 	65 	91 	91 
005821 	204 	65 	91 	91 
005822 	204 	65 	91 	91 
005823 	197 	54 	109 	109 
005824 	197 	54 	109 	109 
005825 	214 	55 	91 	91 
005826 	214 	55 	91 	91 
005827 	209 	43 	109 	108 
005828 	209 	43 	109 	108 
005829 	224 	55 	91 	91 
005830 	224 	55 	91 	91 
005831 	224 	55 	91 	91 
005832 	224 	55 	91 	91 
005833 	224 	55 	91 	91 
005834 	221 	54 	109 	109 
005835 	221 	54 	109 	109 
005836 	221 	54 	109 	109 
005837 	221 	54 	109 	109 
005838 	221 	54 	109 	109 
005839 	221 	54 	109 	109 
005840 	234 	65 	90 	91 
005841 	234 	65 	90 	91 
005842 	234 	65 	90 	91 
005843 	234 	65 	90 	91 
005844 	234 	65 	90 	91 
005845 	234 	55 	90 	91 
005846 	234 	55 	90 	91 
005847 	234 	55 	90 	91 
005848 	234 	55 	90 	91 
005849 	234 	60 	90 	91 
005850 	234 	65 	90 	91 
005851 	234 	65 	90 	91 
005852 	234 	65 	90 	91 
005853 	234 	65 	90 	91 
005854 	234 	65 	90 	91 
005855 	234 	65 	90 	91 
005856 	234 	65 	90 	91 
005857 	234 	65 	90 	91 
005858 	234 	65 	90 	91 
005859 	234 	65 	90 	91 
005860 	234 	65 	90 	91 
005861 	224 	65 	91 	91 
005862 	224 	65 	91 	91 
005863 	224 	65 	91 	91 
005864 	224 	65 	91 	91 
005865 	209 	54 	109 	109 
005866 	209 	54 	109 	109 
005867 	214 	65 	91 	91 
005868 	214 	65 	91 	91 
005869 	214 	75 	91 	91 
005870 	209 	66 	109 	109 
005871 	209 	66 	109 	109 
005872 	209 	66 	109 	109 
005873 	209 	66 	109 	109 
005874 	209 	66 	109 	109 
005875 	209 	66 	109 	109 
005876 	209 	66 	109 	109 
005877 	209 	66 	109 	109 
005878 	209 	66 	109 	109 
005879 	224 	75 	91 	91 
005880 	224 	75 	91 	91 
005881 	224 	75 	91 	91 
005882 	224 	75 	91 	91 
005883 	224 	75 	91 	91 
005884 	224 	75 	91 	91 
005885 	224 	75 	91 	91 
005886 	224 	75 	91 	91 
005887 	224 	75 	91 	91 
005888 	224 	75 	91 	91 
005889 	224 	75 	91 	91 
005890 	224 	75 	91 	91 
005891 	224 	75 	91 	91 
005892 	221 	66 	109 	109 
005893 	221 	66 	109 	109 
005894 	221 	66 	109 	109 
005895 	221 	66 	109 	109 
005896 	221 	66 	109 	109 
005897 	221 	66 	109 	109 
005898 	221 	66 	109 	109 
005899 	221 	66 	109 	109 
005900 	221 	66 	109 	109 
005901 	221 	66 	109 	109 
005902 	221 	66 	109 	109 
005903 	224 	75 	91 	91 
005904 	224 	75 	91 	91 
005905 	224 	75 	91 	91 
005906 	224 	75 	91 	91 
005907 	224 	75 	91 	91 
005908 	224 	75 	91 	91 
005909 	224 	75 	91 	91 
005910 	209 	66 	109 	109 
005911 	209 	66 	109 	109 
005912 	209 	66 	109 	109 
005913 	209 	66 	109 	109 
005914 	209 	66 	109 	109 
005915 	209 	66 	109 	109 
005916 	209 	66 	109 	109 
005917 	214 	85 	91 	91 
005918 	214 	85 	91 	91 
005919 	214 	85 	91 	91 
005920 	214 	85 	91 	91 
005921 	214 	85 	91 	91 
005922 	214 	85 	91 	91 
005923 	214 	85 	91 	91 
005924 	214 	85 	91 	91 
005925 	214 	85 	91 	91 
005926 	214 	85 	91 	91 
005927 	214 	85 	91 	91 
005928 	214 	85 	91 	91 
005929 	214 	85 	91 	91 
005930 	197 	66 	109 	109 
005931 	204 	85 	91 	91 
005932 	204 	85 	91 	91 
005933 	204 	85 	91 	91 
005934 	204 	85 	91 	91 
005935 	204 	85 	91 	91 
005936 	204 	85 	91 	91 
005937 	204 	85 	91 	91 
005938 	204 	85 	91 	91 
005939 	185 	78 	109 	109 
005940 	185 	78 	109 	109 
005941 	185 	78 	109 	109 
005942 	185 	78 	109 	109 
005943 	185 	78 	109 	109 
005944 	185 	78 	109 	109 
005945 	204 	85 	91 	91 
005946 	204 	85 	91 	91 
005947 	204 	85 	91 	91 
005948 	204 	85 	91 	91 
005949 	204 	85 	91 	91 
005950 	204 	85 	91 	91 
005951 	204 	85 	91 	91 
005952 	204 	85 	91 	91 
005953 	204 	85 	91 	91 
005954 	204 	85 	91 	91 
005955 	204 	85 	91 	91 
005956 	204 	85 	91 	91 
005957 	204 	85 	91 	91 
005958 	204 	85 	91 	91 
005959 	204 	85 	91 	91 
005960 	204 	85 	91 	91 
005961 	204 	85 	91 	91 
005962 	204 	85 	91 	91 
005963 	204 	85 	91 	91 
005964 	204 	85 	91 	91 
005965 	204 	85 	91 	91 
005966 	204 	85 	91 	91 
005967 	204 	85 	91 	91 
005968 	204 	85 	91 	91 
005969 	204 	85 	91 	91 
005970 	204 	85 	91 	91 
005971 	204 	85 	91 	91 
005972 	204 	85 	91 	91 
005973 	204 	85 	91 	91 
005974 	204 	85 	91 	91 
005975 	204 	85 	91 	91 
005976 	204 	85 	91 	91 
005977 	204 	85 	91 	91 
005978 	204 	85 	91 	91 
005979 	204 	85 	91 	91 
005980 	204 	85 	91 	91 
005981 	204 	85 	91 	91 
005982 	204 	85 	91 	91 
005983 	204 	85 	91 	91 
005984 	204 	85 	91 	91 
005985 	204 	85 	91 	91 
005986 	204 	85 	91 	91 
005987 	204 	85 	91 	91 
005988 	204 	85 	91 	91 
005989 	204 	85 	91 	91 
005990 	204 	85 	91 	91 
005991 	204 	85 	91 	91 
005992 	204 	85 	91 	91 
005993 	204 	85 	91 	91 
005994 	204 	85 	91 	91 
005995 	204 	85 	91 	91 
005996 	204 	85 	91 	91 
005997 	204 	85 	91 	91 
005998 	204 	85 	91 	91 
005999 	204 	95 	91 	91 
006000 	204 	95 	91 	91 
006001 	204 	95 	91 	91 
006002 	204 	95 	91 	91 
006003 	204 	95 	91 	91 
006004 	204 	95 	91 	91 
006005 	204 	95 	91 	91 
006006 	204 	95 	91 	91 
006007 	204 	95 	91 	91 
006008 	204 	95 	91 	91 
006009 	204 	95 	91 	91 
006010 	197 	78 	109 	109 
006011 	204 	85 	91 	91 
006012 	204 	85 	91 	91 
006013 	204 	85 	91 	91 
006014 	204 	85 	91 	91 
006015 	204 	85 	91 	91 
006016 	185 	78 	109 	109 
006017 	194 	95 	91 	91 
006018 	194 	95 	91 	91 
006019 	194 	95 	91 	91 
006020 	185 	78 	109 	109 
006021 	204 	95 	91 	91 
006022 	204 	95 	91 	91 
006023 	204 	95 	91 	91 
006024 	197 	78 	109 	109 
006025 	197 	78 	109 	109 
006026 	197 	78 	109 	109 
006027 	197 	78 	109 	109 
006028 	197 	78 	109 	109 
006029 	214 	85 	91 	91 
006030 	214 	85 	91 	91 
006031 	214 	85 	91 	91 
