Identity  : 	id10290
Reference : 	gTbcgoYXWdU
Offset    : 	0
FV Conf   : 	16.092
ASD Conf  : 	6.807

FRAME 	X 	Y 	W 	H 
001173 	400 	102 	109 	109 
001174 	400 	102 	109 	109 
001175 	400 	102 	109 	109 
001176 	400 	102 	109 	109 
001177 	413 	105 	91 	91 
001178 	413 	105 	91 	91 
001179 	413 	105 	91 	91 
001180 	400 	102 	109 	109 
001181 	400 	102 	109 	109 
001182 	400 	102 	109 	109 
001183 	400 	102 	109 	109 
001184 	400 	102 	109 	109 
001185 	400 	102 	109 	109 
001186 	400 	102 	109 	109 
001187 	403 	105 	91 	91 
001188 	403 	105 	91 	91 
001189 	403 	105 	91 	91 
001190 	403 	105 	91 	91 
001191 	403 	105 	91 	91 
001192 	388 	90 	109 	109 
001193 	388 	90 	109 	109 
001194 	388 	90 	109 	109 
001195 	388 	90 	109 	109 
001196 	388 	90 	109 	109 
001197 	388 	90 	109 	109 
001198 	388 	90 	109 	109 
001199 	388 	90 	109 	109 
001200 	388 	90 	109 	109 
001201 	388 	90 	109 	109 
001202 	388 	90 	109 	109 
001203 	388 	90 	109 	109 
001204 	388 	90 	109 	109 
001205 	388 	90 	109 	109 
001206 	388 	90 	109 	109 
001207 	388 	90 	109 	109 
001208 	388 	90 	109 	109 
001209 	388 	90 	109 	109 
001210 	388 	90 	109 	109 
001211 	388 	90 	109 	109 
001212 	403 	105 	91 	91 
001213 	403 	105 	91 	91 
001214 	403 	105 	91 	91 
001215 	400 	90 	109 	109 
001216 	400 	90 	109 	109 
001217 	403 	105 	91 	91 
001218 	403 	105 	91 	91 
001219 	388 	90 	109 	109 
001220 	388 	90 	109 	109 
001221 	388 	90 	109 	109 
001222 	388 	90 	109 	109 
001223 	388 	90 	109 	109 
001224 	388 	90 	109 	109 
001225 	388 	90 	109 	109 
001226 	388 	90 	109 	109 
001227 	388 	90 	109 	109 
001228 	388 	90 	109 	109 
001229 	388 	90 	109 	109 
001230 	388 	90 	109 	109 
001231 	388 	90 	109 	109 
001232 	388 	90 	109 	109 
001233 	388 	90 	109 	109 
001234 	388 	90 	109 	109 
001235 	388 	90 	109 	109 
001236 	388 	90 	109 	109 
001237 	388 	90 	109 	109 
001238 	388 	90 	109 	109 
001239 	388 	90 	109 	109 
001240 	388 	90 	109 	109 
001241 	388 	90 	109 	109 
001242 	388 	90 	109 	109 
001243 	376 	90 	109 	109 
001244 	376 	90 	109 	109 
001245 	376 	90 	109 	109 
001246 	376 	90 	109 	109 
001247 	376 	90 	109 	109 
001248 	376 	90 	109 	109 
001249 	376 	78 	109 	109 
001250 	376 	78 	109 	109 
001251 	376 	78 	109 	109 
001252 	376 	78 	109 	109 
001253 	365 	78 	108 	109 
001254 	365 	78 	108 	109 
001255 	365 	78 	108 	109 
001256 	365 	78 	108 	109 
001257 	365 	78 	108 	109 
001258 	365 	78 	108 	109 
001259 	365 	78 	108 	109 
001260 	365 	78 	108 	109 
001261 	365 	78 	108 	109 
001262 	365 	78 	108 	109 
001263 	365 	78 	108 	109 
001264 	365 	78 	108 	109 
001265 	365 	78 	108 	109 
001266 	365 	78 	108 	109 
001267 	365 	78 	108 	109 
001268 	365 	78 	108 	109 
001269 	365 	78 	108 	109 
001270 	365 	78 	108 	109 
001271 	365 	78 	108 	109 
001272 	365 	78 	108 	109 
001273 	365 	78 	108 	109 
001274 	365 	78 	108 	109 
001275 	365 	78 	108 	109 
001276 	365 	78 	108 	109 
001277 	365 	78 	108 	109 
001278 	365 	78 	108 	109 
001279 	365 	78 	108 	109 
001280 	365 	78 	108 	109 
001281 	365 	78 	108 	109 
001282 	365 	78 	108 	109 
001283 	365 	78 	108 	109 
001284 	365 	78 	108 	109 
001285 	365 	78 	108 	109 
001286 	365 	78 	108 	109 
001287 	365 	78 	108 	109 
001288 	365 	78 	108 	109 
001289 	365 	78 	108 	109 
001290 	365 	78 	108 	109 
001291 	365 	78 	108 	109 
001292 	365 	78 	108 	109 
001293 	365 	78 	108 	109 
001294 	365 	78 	108 	109 
001295 	365 	78 	108 	109 
001296 	365 	78 	108 	109 
001297 	365 	78 	108 	109 
001298 	365 	78 	108 	109 
001299 	365 	78 	108 	109 
001300 	365 	78 	108 	109 
001301 	365 	78 	108 	109 
001302 	365 	78 	108 	109 
001303 	365 	78 	108 	109 
001304 	365 	78 	108 	109 
001305 	365 	78 	108 	109 
001306 	365 	78 	108 	109 
001307 	365 	78 	108 	109 
001308 	365 	78 	108 	109 
001309 	365 	78 	108 	109 
001310 	365 	78 	108 	109 
001311 	365 	78 	108 	109 
001312 	365 	78 	108 	109 
001313 	365 	78 	108 	109 
001314 	365 	78 	108 	109 
001315 	365 	78 	108 	109 
001316 	365 	78 	108 	109 
001317 	365 	78 	108 	109 
001318 	365 	78 	108 	109 
001319 	365 	78 	108 	109 
001320 	365 	78 	108 	109 
001321 	365 	78 	108 	109 
001322 	365 	78 	108 	109 
001323 	365 	78 	108 	109 
001324 	365 	78 	108 	109 
001325 	365 	78 	108 	109 
001326 	365 	78 	108 	109 
001327 	365 	78 	108 	109 
001328 	365 	78 	108 	109 
001329 	365 	78 	108 	109 
001330 	365 	78 	108 	109 
