Identity  : 	id10290
Reference : 	HYiqXC0B3iY
Offset    : 	-1
FV Conf   : 	15.556
ASD Conf  : 	5.595

FRAME 	X 	Y 	W 	H 
003345 	294 	137 	130 	130 
003346 	294 	137 	130 	130 
003347 	294 	137 	130 	130 
003348 	294 	137 	130 	130 
003349 	294 	137 	130 	130 
003350 	294 	137 	130 	130 
003351 	294 	137 	130 	130 
003352 	294 	137 	130 	130 
003353 	294 	137 	130 	130 
003354 	294 	137 	130 	130 
003355 	294 	137 	130 	130 
003356 	294 	137 	130 	130 
003357 	294 	137 	130 	130 
003358 	294 	137 	130 	130 
003359 	294 	137 	130 	130 
003360 	294 	137 	130 	130 
003361 	294 	137 	130 	130 
003362 	294 	137 	130 	130 
003363 	294 	137 	130 	130 
003364 	294 	137 	130 	130 
003365 	294 	137 	130 	130 
003366 	294 	137 	130 	130 
003367 	294 	137 	130 	130 
003368 	294 	137 	130 	130 
003369 	294 	137 	130 	130 
003370 	294 	137 	130 	130 
003371 	294 	137 	130 	130 
003372 	294 	137 	130 	130 
003373 	294 	137 	130 	130 
003374 	294 	137 	130 	130 
003375 	294 	137 	130 	130 
003376 	294 	137 	130 	130 
003377 	294 	137 	130 	130 
003378 	294 	137 	130 	130 
003379 	294 	137 	130 	130 
003380 	294 	137 	130 	130 
003381 	294 	137 	130 	130 
003382 	294 	137 	130 	130 
003383 	294 	137 	130 	130 
003384 	294 	137 	130 	130 
003385 	294 	137 	130 	130 
003386 	294 	137 	130 	130 
003387 	267 	113 	156 	156 
003388 	280 	123 	130 	130 
003389 	280 	123 	130 	130 
003390 	280 	123 	130 	130 
003391 	280 	109 	130 	130 
003392 	280 	109 	130 	130 
003393 	280 	109 	130 	130 
003394 	280 	109 	130 	130 
003395 	280 	109 	130 	130 
003396 	267 	96 	156 	156 
003397 	267 	96 	156 	156 
003398 	267 	96 	156 	156 
003399 	267 	96 	156 	156 
003400 	267 	96 	156 	156 
003401 	267 	96 	156 	156 
003402 	267 	96 	156 	156 
003403 	280 	109 	130 	130 
003404 	267 	96 	156 	156 
003405 	267 	96 	156 	156 
003406 	280 	123 	130 	130 
003407 	267 	96 	156 	156 
003408 	267 	96 	156 	156 
003409 	280 	109 	130 	130 
003410 	280 	109 	130 	130 
003411 	280 	109 	130 	130 
003412 	280 	109 	130 	130 
003413 	280 	109 	130 	130 
003414 	280 	109 	130 	130 
003415 	280 	109 	130 	130 
003416 	280 	109 	130 	130 
003417 	280 	109 	130 	130 
003418 	280 	109 	130 	130 
003419 	280 	109 	130 	130 
003420 	280 	109 	130 	130 
003421 	280 	109 	130 	130 
003422 	280 	109 	130 	130 
003423 	280 	109 	130 	130 
003424 	280 	109 	130 	130 
003425 	280 	109 	130 	130 
003426 	280 	123 	130 	130 
003427 	280 	109 	130 	130 
003428 	280 	123 	130 	130 
003429 	280 	123 	130 	130 
003430 	280 	123 	130 	130 
003431 	280 	123 	130 	130 
003432 	280 	123 	130 	130 
003433 	280 	123 	130 	130 
003434 	280 	123 	130 	130 
003435 	280 	123 	130 	130 
003436 	280 	123 	130 	130 
003437 	280 	123 	130 	130 
003438 	280 	123 	130 	130 
003439 	280 	123 	130 	130 
003440 	280 	123 	130 	130 
003441 	280 	123 	130 	130 
003442 	280 	123 	130 	130 
003443 	280 	123 	130 	130 
003444 	280 	123 	130 	130 
003445 	280 	123 	130 	130 
003446 	280 	123 	130 	130 
003447 	280 	123 	130 	130 
003448 	280 	123 	130 	130 
003449 	280 	123 	130 	130 
003450 	280 	123 	130 	130 
003451 	294 	123 	130 	130 
003452 	267 	96 	156 	156 
003453 	280 	123 	130 	130 
003454 	280 	123 	130 	130 
003455 	280 	123 	130 	130 
003456 	280 	123 	130 	130 
003457 	280 	123 	130 	130 
003458 	294 	123 	130 	130 
003459 	294 	123 	130 	130 
003460 	294 	123 	130 	130 
003461 	280 	123 	130 	130 
003462 	280 	109 	130 	130 
003463 	280 	109 	130 	130 
003464 	280 	109 	130 	130 
003465 	280 	109 	130 	130 
003466 	280 	123 	130 	130 
003467 	280 	123 	130 	130 
003468 	280 	123 	130 	130 
003469 	280 	123 	130 	130 
003470 	280 	123 	130 	130 
003471 	280 	109 	130 	130 
003472 	280 	109 	130 	130 
003473 	280 	109 	130 	130 
003474 	280 	109 	130 	130 
003475 	280 	109 	130 	130 
003476 	280 	109 	130 	130 
003477 	280 	109 	130 	130 
003478 	280 	109 	130 	130 
003479 	280 	109 	130 	130 
003480 	280 	109 	130 	130 
003481 	280 	109 	130 	130 
003482 	266 	109 	130 	130 
003483 	250 	96 	156 	156 
003484 	250 	96 	156 	156 
003485 	250 	96 	156 	156 
003486 	280 	109 	130 	130 
003487 	280 	109 	130 	130 
003488 	280 	109 	130 	130 
003489 	250 	96 	156 	156 
003490 	250 	96 	156 	156 
003491 	250 	96 	156 	156 
003492 	250 	96 	156 	156 
003493 	280 	123 	130 	130 
003494 	280 	123 	130 	130 
003495 	280 	109 	130 	130 
003496 	266 	109 	130 	130 
003497 	266 	109 	130 	130 
003498 	250 	96 	156 	156 
003499 	250 	96 	156 	156 
003500 	250 	96 	156 	156 
003501 	266 	109 	130 	130 
003502 	266 	109 	130 	130 
003503 	266 	109 	130 	130 
003504 	280 	109 	130 	130 
003505 	280 	109 	130 	130 
003506 	280 	109 	130 	130 
003507 	280 	109 	130 	130 
003508 	266 	109 	130 	130 
003509 	266 	109 	130 	130 
003510 	266 	109 	130 	130 
