Identity  : 	id10290
Reference : 	HYiqXC0B3iY
Offset    : 	-1
FV Conf   : 	21.316
ASD Conf  : 	7.375

FRAME 	X 	Y 	W 	H 
004751 	319 	96 	156 	156 
004752 	319 	96 	156 	156 
004753 	323 	109 	130 	130 
004754 	323 	109 	130 	130 
004755 	323 	109 	130 	130 
004756 	323 	109 	130 	130 
004757 	323 	109 	130 	130 
004758 	323 	109 	130 	130 
004759 	323 	109 	130 	130 
004760 	323 	109 	130 	130 
004761 	323 	109 	130 	130 
004762 	323 	109 	130 	130 
004763 	323 	109 	130 	130 
004764 	323 	109 	130 	130 
004765 	323 	109 	130 	130 
004766 	323 	109 	130 	130 
004767 	323 	109 	130 	130 
004768 	323 	109 	130 	130 
004769 	323 	109 	130 	130 
004770 	323 	109 	130 	130 
004771 	323 	109 	130 	130 
004772 	323 	109 	130 	130 
004773 	323 	109 	130 	130 
004774 	319 	96 	156 	156 
004775 	319 	96 	156 	156 
004776 	319 	96 	156 	156 
004777 	319 	96 	156 	156 
004778 	319 	96 	156 	156 
004779 	319 	96 	156 	156 
004780 	319 	96 	156 	156 
004781 	319 	96 	156 	156 
004782 	319 	96 	156 	156 
004783 	319 	96 	156 	156 
004784 	319 	96 	156 	156 
004785 	337 	109 	130 	130 
004786 	337 	109 	130 	130 
004787 	337 	109 	130 	130 
004788 	337 	109 	130 	130 
004789 	336 	96 	156 	156 
004790 	352 	109 	130 	130 
004791 	352 	109 	130 	130 
004792 	353 	96 	156 	156 
004793 	366 	109 	130 	130 
004794 	366 	109 	130 	130 
004795 	366 	109 	130 	130 
004796 	380 	94 	130 	130 
004797 	380 	94 	130 	130 
004798 	380 	94 	130 	130 
004799 	366 	94 	130 	130 
004800 	366 	94 	130 	130 
004801 	366 	94 	130 	130 
004802 	352 	94 	130 	130 
004803 	352 	94 	130 	130 
004804 	319 	79 	156 	156 
004805 	319 	79 	156 	156 
004806 	319 	79 	156 	156 
004807 	319 	79 	156 	156 
004808 	323 	94 	130 	130 
004809 	323 	94 	130 	130 
004810 	323 	94 	130 	130 
004811 	323 	94 	130 	130 
004812 	302 	79 	156 	156 
004813 	302 	79 	156 	156 
004814 	309 	94 	130 	130 
004815 	285 	79 	155 	156 
004816 	285 	96 	155 	156 
004817 	267 	96 	156 	156 
004818 	267 	96 	156 	156 
004819 	250 	96 	156 	156 
004820 	250 	113 	156 	156 
004821 	250 	113 	156 	156 
004822 	251 	123 	130 	130 
004823 	233 	113 	156 	156 
004824 	233 	113 	156 	156 
004825 	233 	113 	156 	156 
004826 	233 	113 	156 	156 
004827 	233 	113 	156 	156 
004828 	233 	113 	156 	156 
004829 	233 	113 	156 	156 
004830 	233 	113 	156 	156 
004831 	233 	113 	156 	156 
004832 	233 	113 	156 	156 
004833 	233 	113 	156 	156 
004834 	237 	123 	130 	130 
004835 	237 	123 	130 	130 
004836 	216 	113 	156 	156 
004837 	237 	123 	130 	130 
004838 	216 	113 	156 	156 
004839 	216 	96 	156 	156 
004840 	216 	96 	156 	156 
004841 	216 	96 	156 	156 
004842 	216 	96 	156 	156 
004843 	216 	96 	156 	156 
004844 	223 	123 	130 	130 
004845 	223 	123 	130 	130 
004846 	199 	96 	155 	156 
004847 	223 	109 	130 	130 
004848 	199 	96 	155 	156 
004849 	216 	96 	156 	156 
004850 	216 	96 	156 	156 
004851 	216 	96 	156 	156 
004852 	216 	96 	156 	156 
004853 	216 	96 	156 	156 
004854 	216 	96 	156 	156 
004855 	216 	96 	156 	156 
004856 	216 	96 	156 	156 
004857 	216 	96 	156 	156 
004858 	216 	96 	156 	156 
004859 	237 	109 	130 	130 
004860 	233 	96 	156 	156 
004861 	233 	96 	156 	156 
004862 	251 	123 	130 	130 
004863 	251 	123 	130 	130 
004864 	266 	123 	130 	130 
004865 	266 	123 	130 	130 
004866 	266 	123 	130 	130 
004867 	266 	123 	130 	130 
004868 	280 	123 	130 	130 
004869 	280 	123 	130 	130 
004870 	280 	123 	130 	130 
004871 	280 	123 	130 	130 
004872 	280 	123 	130 	130 
004873 	280 	123 	130 	130 
004874 	280 	123 	130 	130 
004875 	280 	123 	130 	130 
004876 	280 	123 	130 	130 
004877 	280 	123 	130 	130 
004878 	280 	123 	130 	130 
004879 	280 	123 	130 	130 
004880 	280 	123 	130 	130 
004881 	280 	123 	130 	130 
004882 	280 	123 	130 	130 
004883 	280 	123 	130 	130 
004884 	280 	123 	130 	130 
004885 	280 	123 	130 	130 
004886 	266 	123 	130 	130 
004887 	280 	123 	130 	130 
004888 	266 	123 	130 	130 
004889 	266 	123 	130 	130 
004890 	266 	123 	130 	130 
004891 	266 	123 	130 	130 
004892 	266 	123 	130 	130 
004893 	266 	123 	130 	130 
004894 	250 	96 	156 	156 
004895 	250 	96 	156 	156 
004896 	250 	96 	156 	156 
004897 	250 	96 	156 	156 
004898 	250 	96 	156 	156 
004899 	250 	96 	156 	156 
004900 	250 	96 	156 	156 
004901 	250 	96 	156 	156 
004902 	250 	96 	156 	156 
004903 	250 	96 	156 	156 
004904 	250 	96 	156 	156 
004905 	250 	96 	156 	156 
004906 	250 	96 	156 	156 
004907 	250 	96 	156 	156 
004908 	250 	96 	156 	156 
004909 	250 	96 	156 	156 
004910 	250 	96 	156 	156 
004911 	250 	96 	156 	156 
004912 	250 	96 	156 	156 
004913 	250 	96 	156 	156 
004914 	250 	96 	156 	156 
004915 	280 	123 	130 	130 
004916 	280 	123 	130 	130 
004917 	280 	123 	130 	130 
004918 	280 	123 	130 	130 
004919 	294 	123 	130 	130 
004920 	294 	123 	130 	130 
004921 	309 	123 	130 	130 
004922 	309 	123 	130 	130 
004923 	309 	123 	130 	130 
004924 	309 	123 	130 	130 
004925 	309 	123 	130 	130 
004926 	309 	123 	130 	130 
004927 	309 	123 	130 	130 
004928 	309 	123 	130 	130 
004929 	309 	123 	130 	130 
004930 	302 	113 	156 	156 
004931 	302 	113 	156 	156 
004932 	302 	113 	156 	156 
004933 	302 	113 	156 	156 
004934 	302 	113 	156 	156 
004935 	323 	123 	130 	130 
004936 	323 	123 	130 	130 
004937 	323 	123 	130 	130 
004938 	323 	123 	130 	130 
004939 	337 	123 	130 	130 
004940 	337 	123 	130 	130 
004941 	337 	123 	130 	130 
004942 	337 	123 	130 	130 
004943 	336 	113 	156 	156 
004944 	352 	123 	130 	130 
004945 	337 	123 	130 	130 
004946 	337 	123 	130 	130 
004947 	337 	123 	130 	130 
004948 	337 	123 	130 	130 
004949 	323 	123 	130 	130 
004950 	323 	123 	130 	130 
004951 	323 	123 	130 	130 
004952 	323 	123 	130 	130 
004953 	302 	96 	156 	156 
004954 	302 	96 	156 	156 
004955 	302 	96 	156 	156 
004956 	302 	96 	156 	156 
004957 	302 	96 	156 	156 
004958 	302 	96 	156 	156 
004959 	302 	96 	156 	156 
004960 	309 	109 	130 	130 
004961 	285 	79 	155 	156 
004962 	285 	79 	155 	156 
004963 	285 	79 	155 	156 
004964 	294 	94 	130 	130 
004965 	267 	79 	156 	156 
