Identity  : 	id10290
Reference : 	HYiqXC0B3iY
Offset    : 	-1
FV Conf   : 	20.402
ASD Conf  : 	6.239

FRAME 	X 	Y 	W 	H 
006633 	233 	96 	156 	156 
006634 	251 	109 	130 	130 
006635 	280 	123 	130 	130 
006636 	280 	123 	130 	130 
006637 	294 	123 	130 	130 
006638 	309 	123 	130 	130 
006639 	309 	123 	130 	130 
006640 	323 	109 	130 	130 
006641 	319 	96 	156 	156 
006642 	337 	109 	130 	130 
006643 	337 	109 	130 	130 
006644 	337 	109 	130 	130 
006645 	336 	96 	156 	156 
006646 	352 	109 	130 	130 
006647 	352 	109 	130 	130 
006648 	336 	96 	156 	156 
006649 	336 	96 	156 	156 
006650 	352 	123 	130 	130 
006651 	352 	123 	130 	130 
006652 	352 	123 	130 	130 
006653 	352 	123 	130 	130 
006654 	352 	123 	130 	130 
006655 	352 	123 	130 	130 
006656 	352 	123 	130 	130 
006657 	336 	113 	156 	156 
006658 	352 	123 	130 	130 
006659 	336 	113 	156 	156 
006660 	352 	123 	130 	130 
006661 	352 	123 	130 	130 
006662 	352 	123 	130 	130 
006663 	352 	123 	130 	130 
006664 	352 	123 	130 	130 
006665 	352 	123 	130 	130 
006666 	366 	123 	130 	130 
006667 	366 	123 	130 	130 
006668 	366 	123 	130 	130 
006669 	352 	123 	130 	130 
006670 	352 	123 	130 	130 
006671 	336 	113 	156 	156 
006672 	337 	123 	130 	130 
006673 	337 	123 	130 	130 
006674 	319 	113 	156 	156 
006675 	323 	123 	130 	130 
006676 	323 	123 	130 	130 
006677 	302 	113 	156 	156 
006678 	302 	113 	156 	156 
006679 	302 	113 	156 	156 
006680 	309 	123 	130 	130 
006681 	309 	123 	130 	130 
006682 	309 	123 	130 	130 
006683 	309 	123 	130 	130 
006684 	309 	123 	130 	130 
006685 	309 	123 	130 	130 
006686 	309 	123 	130 	130 
006687 	294 	123 	130 	130 
006688 	294 	123 	130 	130 
006689 	294 	123 	130 	130 
006690 	294 	123 	130 	130 
006691 	294 	123 	130 	130 
006692 	294 	137 	130 	130 
006693 	280 	137 	130 	130 
006694 	280 	137 	130 	130 
006695 	266 	123 	130 	130 
006696 	266 	123 	130 	130 
006697 	266 	123 	130 	130 
006698 	280 	123 	130 	130 
006699 	280 	123 	130 	130 
006700 	266 	123 	130 	130 
006701 	266 	123 	130 	130 
006702 	266 	123 	130 	130 
006703 	266 	123 	130 	130 
006704 	266 	123 	130 	130 
006705 	251 	123 	130 	130 
006706 	251 	123 	130 	130 
006707 	251 	123 	130 	130 
006708 	251 	123 	130 	130 
006709 	266 	123 	130 	130 
006710 	266 	123 	130 	130 
006711 	251 	123 	130 	130 
006712 	251 	123 	130 	130 
006713 	251 	123 	130 	130 
006714 	251 	123 	130 	130 
006715 	251 	123 	130 	130 
006716 	251 	123 	130 	130 
006717 	251 	123 	130 	130 
006718 	251 	123 	130 	130 
006719 	251 	123 	130 	130 
006720 	251 	123 	130 	130 
006721 	266 	123 	130 	130 
006722 	266 	123 	130 	130 
006723 	266 	123 	130 	130 
006724 	280 	123 	130 	130 
006725 	294 	123 	130 	130 
006726 	294 	123 	130 	130 
006727 	294 	123 	130 	130 
006728 	294 	123 	130 	130 
006729 	294 	123 	130 	130 
006730 	294 	123 	130 	130 
006731 	294 	123 	130 	130 
006732 	294 	123 	130 	130 
006733 	294 	123 	130 	130 
006734 	294 	109 	130 	130 
006735 	294 	109 	130 	130 
006736 	294 	109 	130 	130 
006737 	294 	109 	130 	130 
006738 	294 	109 	130 	130 
006739 	294 	109 	130 	130 
006740 	294 	109 	130 	130 
006741 	294 	109 	130 	130 
006742 	309 	109 	130 	130 
006743 	309 	109 	130 	130 
006744 	309 	109 	130 	130 
006745 	323 	109 	130 	130 
006746 	323 	109 	130 	130 
006747 	323 	109 	130 	130 
006748 	323 	109 	130 	130 
006749 	323 	109 	130 	130 
006750 	323 	109 	130 	130 
006751 	309 	109 	130 	130 
006752 	309 	109 	130 	130 
006753 	309 	109 	130 	130 
006754 	309 	94 	130 	130 
006755 	309 	94 	130 	130 
006756 	323 	94 	130 	130 
006757 	323 	94 	130 	130 
006758 	323 	94 	130 	130 
006759 	323 	94 	130 	130 
006760 	323 	94 	130 	130 
006761 	309 	94 	130 	130 
006762 	309 	80 	130 	130 
006763 	309 	80 	130 	130 
006764 	309 	80 	130 	130 
006765 	285 	62 	155 	155 
006766 	294 	80 	130 	130 
006767 	294 	80 	130 	130 
006768 	280 	80 	130 	130 
006769 	280 	80 	130 	130 
006770 	280 	80 	130 	130 
006771 	280 	94 	130 	130 
006772 	280 	94 	130 	130 
006773 	280 	94 	130 	130 
006774 	280 	94 	130 	130 
006775 	280 	94 	130 	130 
006776 	280 	94 	130 	130 
