Identity  : 	id10291
Reference : 	d2Lasybvo7s
Offset    : 	-3
FV Conf   : 	15.119
ASD Conf  : 	8.830

FRAME 	X 	Y 	W 	H 
005026 	218 	74 	187 	187 
005027 	218 	74 	187 	187 
005028 	218 	74 	187 	187 
005029 	218 	74 	187 	187 
005030 	188 	64 	224 	224 
005031 	188 	64 	224 	224 
005032 	218 	95 	187 	186 
005033 	218 	95 	187 	186 
005034 	218 	95 	187 	186 
005035 	218 	95 	187 	186 
005036 	218 	95 	187 	186 
005037 	212 	64 	224 	224 
005038 	212 	64 	224 	224 
005039 	212 	64 	224 	224 
005040 	218 	95 	187 	186 
005041 	218 	95 	187 	186 
005042 	218 	95 	187 	186 
005043 	218 	95 	187 	186 
005044 	218 	95 	187 	186 
005045 	218 	95 	187 	186 
005046 	212 	89 	224 	224 
005047 	212 	89 	224 	224 
005048 	212 	89 	224 	224 
005049 	212 	89 	224 	224 
005050 	218 	95 	187 	186 
005051 	212 	89 	224 	224 
005052 	212 	89 	224 	224 
005053 	212 	89 	224 	224 
005054 	212 	89 	224 	224 
005055 	212 	89 	224 	224 
005056 	212 	89 	224 	224 
005057 	212 	89 	224 	224 
005058 	212 	89 	224 	224 
005059 	212 	89 	224 	224 
005060 	212 	89 	224 	224 
005061 	212 	89 	224 	224 
005062 	212 	89 	224 	224 
005063 	212 	89 	224 	224 
005064 	212 	89 	224 	224 
005065 	212 	89 	224 	224 
005066 	212 	89 	224 	224 
005067 	212 	89 	224 	224 
005068 	218 	115 	187 	187 
005069 	188 	114 	224 	224 
005070 	188 	114 	224 	224 
005071 	188 	114 	224 	224 
005072 	188 	114 	224 	224 
005073 	188 	114 	224 	224 
005074 	188 	114 	224 	224 
005075 	188 	114 	224 	224 
005076 	188 	114 	224 	224 
005077 	188 	114 	224 	224 
005078 	188 	89 	224 	224 
005079 	188 	89 	224 	224 
005080 	188 	89 	224 	224 
005081 	188 	89 	224 	224 
005082 	188 	89 	224 	224 
005083 	188 	89 	224 	224 
005084 	218 	115 	187 	187 
005085 	188 	114 	224 	224 
005086 	188 	114 	224 	224 
005087 	218 	115 	187 	187 
005088 	188 	89 	224 	224 
005089 	188 	89 	224 	224 
005090 	197 	115 	187 	187 
005091 	197 	115 	187 	187 
005092 	197 	115 	187 	187 
005093 	197 	115 	187 	187 
005094 	197 	136 	187 	187 
005095 	197 	136 	187 	187 
005096 	197 	115 	187 	187 
005097 	197 	115 	187 	187 
005098 	197 	115 	187 	187 
005099 	197 	115 	187 	187 
005100 	197 	115 	187 	187 
005101 	197 	115 	187 	187 
005102 	197 	115 	187 	187 
005103 	218 	115 	187 	187 
005104 	218 	115 	187 	187 
005105 	218 	115 	187 	187 
005106 	218 	115 	187 	187 
005107 	218 	115 	187 	187 
005108 	218 	115 	187 	187 
005109 	212 	89 	224 	224 
005110 	212 	89 	224 	224 
005111 	212 	89 	224 	224 
005112 	212 	89 	224 	224 
005113 	212 	89 	224 	224 
005114 	212 	89 	224 	224 
005115 	212 	89 	224 	224 
005116 	212 	89 	224 	224 
005117 	212 	89 	224 	224 
005118 	212 	89 	224 	224 
005119 	212 	89 	224 	224 
005120 	212 	89 	224 	224 
005121 	212 	89 	224 	224 
005122 	212 	89 	224 	224 
005123 	212 	89 	224 	224 
005124 	218 	95 	187 	186 
005125 	212 	89 	224 	224 
005126 	212 	89 	224 	224 
005127 	212 	89 	224 	224 
005128 	212 	89 	224 	224 
005129 	212 	89 	224 	224 
005130 	218 	95 	187 	186 
005131 	218 	95 	187 	186 
005132 	218 	95 	187 	186 
005133 	218 	95 	187 	186 
005134 	212 	89 	224 	224 
005135 	212 	89 	224 	224 
005136 	212 	89 	224 	224 
005137 	239 	95 	186 	186 
005138 	239 	95 	186 	186 
005139 	239 	95 	186 	186 
005140 	239 	95 	186 	186 
005141 	239 	95 	186 	186 
005142 	212 	89 	224 	224 
005143 	212 	89 	224 	224 
005144 	212 	89 	224 	224 
005145 	212 	89 	224 	224 
005146 	212 	89 	224 	224 
005147 	212 	89 	224 	224 
005148 	218 	95 	187 	186 
005149 	218 	95 	187 	186 
005150 	218 	95 	187 	186 
005151 	218 	95 	187 	186 
005152 	218 	95 	187 	186 
005153 	218 	95 	187 	186 
005154 	218 	95 	187 	186 
005155 	218 	95 	187 	186 
005156 	218 	95 	187 	186 
005157 	218 	95 	187 	186 
005158 	218 	95 	187 	186 
005159 	218 	95 	187 	186 
005160 	218 	95 	187 	186 
005161 	188 	89 	224 	224 
005162 	188 	89 	224 	224 
005163 	188 	89 	224 	224 
005164 	188 	89 	224 	224 
005165 	218 	95 	187 	186 
005166 	218 	95 	187 	186 
005167 	218 	95 	187 	186 
005168 	218 	95 	187 	186 
005169 	188 	89 	224 	224 
005170 	218 	95 	187 	186 
005171 	218 	95 	187 	186 
005172 	188 	89 	224 	224 
005173 	218 	95 	187 	186 
005174 	218 	95 	187 	186 
005175 	218 	95 	187 	186 
005176 	218 	95 	187 	186 
005177 	188 	89 	224 	224 
005178 	188 	89 	224 	224 
005179 	188 	89 	224 	224 
005180 	188 	89 	224 	224 
005181 	188 	89 	224 	224 
005182 	188 	89 	224 	224 
005183 	188 	89 	224 	224 
005184 	188 	89 	224 	224 
005185 	188 	89 	224 	224 
005186 	188 	89 	224 	224 
005187 	188 	89 	224 	224 
005188 	188 	89 	224 	224 
005189 	188 	89 	224 	224 
005190 	188 	89 	224 	224 
005191 	188 	89 	224 	224 
005192 	197 	115 	187 	187 
005193 	197 	115 	187 	187 
005194 	197 	115 	187 	187 
005195 	197 	115 	187 	187 
005196 	197 	115 	187 	187 
005197 	197 	115 	187 	187 
005198 	197 	115 	187 	187 
005199 	197 	115 	187 	187 
005200 	197 	115 	187 	187 
005201 	188 	89 	224 	224 
005202 	188 	89 	224 	224 
005203 	188 	89 	224 	224 
005204 	188 	89 	224 	224 
005205 	218 	95 	187 	186 
005206 	188 	64 	224 	224 
005207 	218 	74 	187 	187 
005208 	218 	74 	187 	187 
005209 	218 	74 	187 	187 
005210 	218 	74 	187 	187 
005211 	188 	64 	224 	224 
005212 	188 	64 	224 	224 
005213 	188 	64 	224 	224 
005214 	197 	95 	187 	186 
005215 	197 	95 	187 	186 
005216 	197 	95 	187 	186 
005217 	197 	95 	187 	186 
005218 	197 	95 	187 	186 
005219 	188 	89 	224 	224 
005220 	197 	95 	187 	186 
005221 	197 	95 	187 	186 
005222 	197 	95 	187 	186 
005223 	197 	95 	187 	186 
005224 	197 	95 	187 	186 
005225 	197 	95 	187 	186 
005226 	197 	95 	187 	186 
005227 	197 	95 	187 	186 
005228 	197 	95 	187 	186 
005229 	188 	89 	224 	224 
005230 	188 	89 	224 	224 
005231 	188 	89 	224 	224 
005232 	188 	89 	224 	224 
005233 	188 	89 	224 	224 
005234 	188 	89 	224 	224 
005235 	188 	89 	224 	224 
005236 	188 	89 	224 	224 
005237 	188 	89 	224 	224 
005238 	188 	89 	224 	224 
005239 	188 	89 	224 	224 
005240 	188 	89 	224 	224 
005241 	188 	89 	224 	224 
005242 	188 	89 	224 	224 
005243 	188 	89 	224 	224 
005244 	188 	89 	224 	224 
005245 	188 	89 	224 	224 
005246 	188 	89 	224 	224 
005247 	188 	89 	224 	224 
005248 	188 	89 	224 	224 
005249 	197 	115 	187 	187 
005250 	197 	115 	187 	187 
005251 	177 	115 	187 	187 
005252 	177 	115 	187 	187 
005253 	177 	115 	187 	187 
005254 	177 	115 	187 	187 
005255 	177 	115 	187 	187 
005256 	177 	115 	187 	187 
005257 	177 	115 	187 	187 
005258 	177 	115 	187 	187 
005259 	156 	115 	187 	187 
005260 	156 	115 	187 	187 
005261 	177 	136 	187 	187 
005262 	177 	136 	187 	187 
005263 	177 	115 	187 	187 
005264 	177 	115 	187 	187 
005265 	177 	115 	187 	187 
005266 	177 	115 	187 	187 
005267 	177 	115 	187 	187 
005268 	177 	115 	187 	187 
005269 	177 	115 	187 	187 
005270 	177 	115 	187 	187 
005271 	177 	115 	187 	187 
005272 	177 	115 	187 	187 
005273 	177 	136 	187 	187 
005274 	177 	136 	187 	187 
005275 	156 	136 	187 	187 
005276 	156 	136 	187 	187 
005277 	156 	136 	187 	187 
005278 	156 	136 	187 	187 
005279 	177 	136 	187 	187 
005280 	177 	136 	187 	187 
005281 	177 	136 	187 	187 
005282 	177 	136 	187 	187 
005283 	177 	136 	187 	187 
005284 	177 	136 	187 	187 
005285 	177 	136 	187 	187 
005286 	177 	136 	187 	187 
005287 	177 	115 	187 	187 
005288 	177 	115 	187 	187 
005289 	177 	95 	187 	186 
005290 	177 	95 	187 	186 
005291 	177 	95 	187 	186 
005292 	177 	95 	187 	186 
005293 	177 	115 	187 	187 
005294 	177 	115 	187 	187 
005295 	177 	115 	187 	187 
005296 	177 	115 	187 	187 
005297 	163 	114 	224 	224 
005298 	177 	136 	187 	187 
005299 	177 	136 	187 	187 
005300 	177 	136 	187 	187 
005301 	177 	136 	187 	187 
005302 	177 	136 	187 	187 
005303 	177 	136 	187 	187 
005304 	163 	114 	224 	224 
005305 	197 	115 	187 	187 
005306 	197 	115 	187 	187 
005307 	188 	89 	224 	224 
005308 	188 	89 	224 	224 
005309 	188 	89 	224 	224 
005310 	188 	89 	224 	224 
005311 	197 	115 	187 	187 
005312 	197 	115 	187 	187 
005313 	188 	89 	224 	224 
005314 	188 	89 	224 	224 
005315 	188 	89 	224 	224 
005316 	188 	89 	224 	224 
005317 	218 	95 	187 	186 
005318 	188 	64 	224 	224 
005319 	218 	95 	187 	186 
005320 	218 	95 	187 	186 
005321 	218 	95 	187 	186 
005322 	218 	95 	187 	186 
005323 	218 	95 	187 	186 
005324 	218 	95 	187 	186 
005325 	218 	95 	187 	186 
005326 	218 	95 	187 	186 
005327 	218 	95 	187 	186 
005328 	218 	95 	187 	186 
005329 	218 	95 	187 	186 
005330 	218 	95 	187 	186 
005331 	218 	95 	187 	186 
005332 	218 	95 	187 	186 
005333 	188 	89 	224 	224 
005334 	188 	89 	224 	224 
005335 	188 	89 	224 	224 
005336 	188 	89 	224 	224 
005337 	188 	89 	224 	224 
005338 	188 	89 	224 	224 
005339 	197 	95 	187 	186 
005340 	188 	89 	224 	224 
005341 	188 	89 	224 	224 
005342 	188 	89 	224 	224 
005343 	188 	89 	224 	224 
005344 	188 	89 	224 	224 
005345 	197 	95 	187 	186 
005346 	197 	95 	187 	186 
005347 	218 	95 	187 	186 
005348 	218 	95 	187 	186 
005349 	218 	95 	187 	186 
005350 	218 	95 	187 	186 
005351 	218 	115 	187 	187 
005352 	218 	115 	187 	187 
005353 	218 	115 	187 	187 
005354 	218 	115 	187 	187 
005355 	218 	115 	187 	187 
005356 	218 	115 	187 	187 
005357 	218 	115 	187 	187 
005358 	218 	115 	187 	187 
005359 	218 	115 	187 	187 
005360 	218 	115 	187 	187 
005361 	218 	115 	187 	187 
005362 	218 	115 	187 	187 
005363 	218 	115 	187 	187 
005364 	218 	115 	187 	187 
005365 	218 	115 	187 	187 
005366 	218 	115 	187 	187 
005367 	218 	115 	187 	187 
005368 	218 	115 	187 	187 
005369 	218 	115 	187 	187 
005370 	218 	115 	187 	187 
005371 	218 	115 	187 	187 
005372 	188 	89 	224 	224 
005373 	218 	115 	187 	187 
005374 	218 	115 	187 	187 
005375 	218 	115 	187 	187 
005376 	218 	115 	187 	187 
005377 	218 	115 	187 	187 
005378 	218 	115 	187 	187 
005379 	218 	115 	187 	187 
005380 	218 	115 	187 	187 
005381 	218 	115 	187 	187 
005382 	218 	115 	187 	187 
005383 	218 	115 	187 	187 
005384 	218 	115 	187 	187 
005385 	188 	89 	224 	224 
005386 	188 	89 	224 	224 
005387 	218 	115 	187 	187 
005388 	218 	115 	187 	187 
005389 	218 	115 	187 	187 
005390 	218 	115 	187 	187 
005391 	218 	115 	187 	187 
005392 	218 	115 	187 	187 
005393 	218 	115 	187 	187 
005394 	218 	115 	187 	187 
005395 	218 	115 	187 	187 
005396 	188 	114 	224 	224 
005397 	188 	114 	224 	224 
005398 	188 	114 	224 	224 
005399 	188 	114 	224 	224 
005400 	188 	114 	224 	224 
005401 	218 	136 	187 	187 
005402 	218 	136 	187 	187 
005403 	197 	136 	187 	187 
005404 	197 	136 	187 	187 
005405 	197 	136 	187 	187 
005406 	197 	136 	187 	187 
005407 	197 	136 	187 	187 
005408 	197 	136 	187 	187 
005409 	197 	136 	187 	187 
005410 	188 	114 	224 	224 
005411 	188 	114 	224 	224 
005412 	188 	114 	224 	224 
005413 	188 	114 	224 	224 
005414 	188 	114 	224 	224 
005415 	188 	114 	224 	224 
005416 	188 	114 	224 	224 
005417 	197 	115 	187 	187 
005418 	188 	89 	224 	224 
005419 	188 	89 	224 	224 
005420 	188 	89 	224 	224 
005421 	188 	89 	224 	224 
005422 	197 	95 	187 	186 
005423 	197 	95 	187 	186 
005424 	197 	95 	187 	186 
005425 	197 	95 	187 	186 
005426 	197 	95 	187 	186 
005427 	197 	95 	187 	186 
005428 	197 	95 	187 	186 
005429 	197 	95 	187 	186 
005430 	197 	95 	187 	186 
005431 	197 	95 	187 	186 
005432 	197 	95 	187 	186 
005433 	197 	95 	187 	186 
005434 	197 	95 	187 	186 
005435 	197 	95 	187 	186 
005436 	197 	95 	187 	186 
005437 	197 	95 	187 	186 
005438 	197 	95 	187 	186 
005439 	197 	95 	187 	186 
005440 	197 	95 	187 	186 
005441 	197 	95 	187 	186 
005442 	197 	95 	187 	186 
005443 	197 	95 	187 	186 
005444 	197 	95 	187 	186 
005445 	197 	95 	187 	186 
005446 	188 	89 	224 	224 
005447 	188 	89 	224 	224 
005448 	188 	89 	224 	224 
005449 	188 	89 	224 	224 
005450 	188 	89 	224 	224 
005451 	197 	95 	187 	186 
005452 	188 	64 	224 	224 
005453 	188 	64 	224 	224 
005454 	218 	74 	187 	187 
005455 	218 	74 	187 	187 
005456 	218 	74 	187 	187 
005457 	218 	74 	187 	187 
005458 	218 	74 	187 	187 
005459 	218 	74 	187 	187 
005460 	218 	74 	187 	187 
005461 	218 	95 	187 	186 
005462 	218 	95 	187 	186 
005463 	188 	64 	224 	224 
005464 	188 	64 	224 	224 
005465 	188 	64 	224 	224 
005466 	188 	64 	224 	224 
005467 	218 	74 	187 	187 
005468 	218 	95 	187 	186 
005469 	218 	95 	187 	186 
005470 	188 	89 	224 	224 
005471 	188 	89 	224 	224 
005472 	218 	95 	187 	186 
005473 	188 	89 	224 	224 
005474 	188 	89 	224 	224 
005475 	188 	89 	224 	224 
005476 	188 	89 	224 	224 
005477 	188 	89 	224 	224 
005478 	197 	95 	187 	186 
005479 	197 	95 	187 	186 
005480 	188 	89 	224 	224 
005481 	188 	89 	224 	224 
005482 	188 	89 	224 	224 
005483 	188 	89 	224 	224 
005484 	188 	89 	224 	224 
005485 	188 	89 	224 	224 
005486 	188 	89 	224 	224 
005487 	188 	89 	224 	224 
005488 	188 	89 	224 	224 
005489 	188 	89 	224 	224 
005490 	188 	89 	224 	224 
005491 	212 	89 	224 	224 
005492 	212 	89 	224 	224 
005493 	212 	89 	224 	224 
005494 	239 	115 	186 	187 
005495 	239 	115 	186 	187 
005496 	239 	115 	186 	187 
005497 	239 	115 	186 	187 
005498 	239 	115 	186 	187 
005499 	239 	115 	186 	187 
005500 	239 	115 	186 	187 
005501 	239 	115 	186 	187 
005502 	218 	115 	187 	187 
