Identity  : 	id10291
Reference : 	d2Lasybvo7s
Offset    : 	-3
FV Conf   : 	15.032
ASD Conf  : 	9.725

FRAME 	X 	Y 	W 	H 
000793 	197 	74 	187 	187 
000794 	197 	74 	187 	187 
000795 	197 	74 	187 	187 
000796 	177 	74 	187 	187 
000797 	197 	74 	187 	187 
000798 	197 	74 	187 	187 
000799 	197 	74 	187 	187 
000800 	197 	74 	187 	187 
000801 	197 	74 	187 	187 
000802 	197 	74 	187 	187 
000803 	197 	74 	187 	187 
000804 	197 	74 	187 	187 
000805 	197 	74 	187 	187 
000806 	197 	74 	187 	187 
000807 	197 	74 	187 	187 
000808 	197 	74 	187 	187 
000809 	197 	74 	187 	187 
000810 	197 	74 	187 	187 
000811 	197 	74 	187 	187 
000812 	197 	74 	187 	187 
000813 	197 	95 	187 	186 
000814 	197 	95 	187 	186 
000815 	197 	95 	187 	186 
000816 	197 	95 	187 	186 
000817 	197 	95 	187 	186 
000818 	197 	95 	187 	186 
000819 	197 	95 	187 	186 
000820 	197 	115 	187 	187 
000821 	197 	115 	187 	187 
000822 	197 	115 	187 	187 
000823 	197 	115 	187 	187 
000824 	197 	115 	187 	187 
000825 	197 	115 	187 	187 
000826 	197 	115 	187 	187 
000827 	197 	136 	187 	187 
000828 	197 	136 	187 	187 
000829 	197 	115 	187 	187 
000830 	197 	115 	187 	187 
000831 	197 	115 	187 	187 
000832 	197 	115 	187 	187 
000833 	197 	115 	187 	187 
000834 	218 	115 	187 	187 
000835 	218 	115 	187 	187 
000836 	218 	115 	187 	187 
000837 	218 	115 	187 	187 
000838 	218 	95 	187 	186 
000839 	218 	95 	187 	186 
000840 	218 	95 	187 	186 
000841 	218 	95 	187 	186 
000842 	218 	74 	187 	187 
000843 	218 	74 	187 	187 
000844 	239 	74 	186 	187 
000845 	239 	74 	186 	187 
000846 	239 	74 	186 	187 
000847 	239 	53 	186 	187 
000848 	239 	53 	186 	187 
000849 	239 	53 	186 	187 
000850 	239 	74 	186 	187 
000851 	239 	74 	186 	187 
000852 	239 	74 	186 	187 
000853 	239 	74 	186 	187 
000854 	212 	64 	224 	224 
000855 	212 	64 	224 	224 
000856 	212 	64 	224 	224 
000857 	212 	64 	224 	224 
000858 	239 	74 	186 	187 
000859 	239 	74 	186 	187 
000860 	239 	74 	186 	187 
000861 	239 	74 	186 	187 
000862 	239 	74 	186 	187 
000863 	239 	74 	186 	187 
000864 	239 	74 	186 	187 
000865 	239 	74 	186 	187 
000866 	239 	74 	186 	187 
000867 	239 	74 	186 	187 
000868 	239 	74 	186 	187 
000869 	239 	74 	186 	187 
000870 	239 	74 	186 	187 
000871 	239 	74 	186 	187 
000872 	239 	74 	186 	187 
000873 	239 	74 	186 	187 
000874 	239 	95 	186 	186 
000875 	239 	95 	186 	186 
000876 	239 	95 	186 	186 
000877 	239 	95 	186 	186 
000878 	239 	95 	186 	186 
000879 	239 	95 	186 	186 
000880 	239 	95 	186 	186 
000881 	239 	95 	186 	186 
000882 	239 	95 	186 	186 
000883 	239 	95 	186 	186 
000884 	239 	95 	186 	186 
000885 	239 	95 	186 	186 
000886 	239 	95 	186 	186 
000887 	239 	95 	186 	186 
000888 	239 	95 	186 	186 
000889 	239 	95 	186 	186 
000890 	239 	95 	186 	186 
000891 	239 	95 	186 	186 
000892 	218 	95 	187 	186 
000893 	218 	95 	187 	186 
000894 	218 	95 	187 	186 
000895 	218 	95 	187 	186 
000896 	218 	95 	187 	186 
000897 	218 	95 	187 	186 
000898 	218 	95 	187 	186 
000899 	218 	95 	187 	186 
000900 	218 	95 	187 	186 
000901 	218 	95 	187 	186 
000902 	218 	95 	187 	186 
000903 	188 	89 	224 	224 
000904 	188 	89 	224 	224 
000905 	218 	115 	187 	187 
000906 	218 	115 	187 	187 
000907 	218 	115 	187 	187 
000908 	218 	115 	187 	187 
000909 	218 	115 	187 	187 
000910 	218 	115 	187 	187 
000911 	218 	115 	187 	187 
000912 	218 	115 	187 	187 
000913 	218 	115 	187 	187 
000914 	218 	115 	187 	187 
000915 	218 	115 	187 	187 
000916 	218 	115 	187 	187 
000917 	218 	115 	187 	187 
000918 	218 	115 	187 	187 
000919 	218 	115 	187 	187 
000920 	218 	115 	187 	187 
000921 	218 	115 	187 	187 
000922 	218 	115 	187 	187 
000923 	218 	115 	187 	187 
000924 	197 	115 	187 	187 
000925 	197 	115 	187 	187 
000926 	188 	89 	224 	224 
000927 	197 	95 	187 	186 
000928 	197 	95 	187 	186 
000929 	197 	95 	187 	186 
000930 	197 	95 	187 	186 
000931 	197 	95 	187 	186 
000932 	218 	74 	187 	187 
000933 	218 	74 	187 	187 
000934 	218 	74 	187 	187 
000935 	218 	74 	187 	187 
000936 	218 	74 	187 	187 
000937 	218 	74 	187 	187 
000938 	218 	95 	187 	186 
000939 	218 	95 	187 	186 
000940 	218 	95 	187 	186 
000941 	218 	95 	187 	186 
000942 	218 	95 	187 	186 
000943 	218 	95 	187 	186 
000944 	218 	95 	187 	186 
000945 	218 	95 	187 	186 
000946 	218 	95 	187 	186 
000947 	218 	95 	187 	186 
000948 	218 	95 	187 	186 
000949 	218 	95 	187 	186 
000950 	218 	95 	187 	186 
000951 	218 	95 	187 	186 
000952 	218 	95 	187 	186 
000953 	218 	95 	187 	186 
000954 	218 	95 	187 	186 
000955 	218 	95 	187 	186 
000956 	218 	95 	187 	186 
000957 	218 	95 	187 	186 
000958 	218 	95 	187 	186 
000959 	218 	95 	187 	186 
000960 	218 	95 	187 	186 
000961 	218 	95 	187 	186 
000962 	218 	95 	187 	186 
000963 	218 	95 	187 	186 
000964 	218 	95 	187 	186 
000965 	239 	95 	186 	186 
000966 	218 	95 	187 	186 
000967 	218 	95 	187 	186 
000968 	218 	95 	187 	186 
000969 	218 	95 	187 	186 
000970 	218 	95 	187 	186 
000971 	218 	95 	187 	186 
000972 	218 	95 	187 	186 
000973 	218 	95 	187 	186 
000974 	218 	95 	187 	186 
000975 	218 	95 	187 	186 
000976 	218 	95 	187 	186 
000977 	218 	95 	187 	186 
000978 	218 	95 	187 	186 
000979 	218 	95 	187 	186 
000980 	218 	95 	187 	186 
000981 	218 	95 	187 	186 
000982 	218 	95 	187 	186 
000983 	218 	95 	187 	186 
000984 	218 	95 	187 	186 
000985 	218 	95 	187 	186 
000986 	218 	95 	187 	186 
000987 	218 	95 	187 	186 
000988 	218 	95 	187 	186 
000989 	218 	95 	187 	186 
000990 	212 	89 	224 	224 
000991 	239 	95 	186 	186 
000992 	239 	95 	186 	186 
000993 	239 	95 	186 	186 
000994 	239 	95 	186 	186 
000995 	239 	95 	186 	186 
000996 	239 	95 	186 	186 
000997 	239 	115 	186 	187 
000998 	239 	115 	186 	187 
000999 	239 	115 	186 	187 
001000 	239 	115 	186 	187 
001001 	239 	115 	186 	187 
001002 	218 	115 	187 	187 
001003 	218 	115 	187 	187 
001004 	218 	115 	187 	187 
001005 	218 	115 	187 	187 
001006 	218 	115 	187 	187 
001007 	218 	115 	187 	187 
001008 	218 	115 	187 	187 
001009 	218 	115 	187 	187 
001010 	218 	95 	187 	186 
001011 	218 	95 	187 	186 
001012 	218 	95 	187 	186 
001013 	218 	95 	187 	186 
001014 	218 	95 	187 	186 
001015 	218 	95 	187 	186 
001016 	218 	95 	187 	186 
001017 	218 	95 	187 	186 
001018 	218 	95 	187 	186 
001019 	218 	95 	187 	186 
001020 	218 	74 	187 	187 
001021 	218 	74 	187 	187 
001022 	218 	74 	187 	187 
001023 	218 	74 	187 	187 
001024 	218 	74 	187 	187 
001025 	218 	74 	187 	187 
001026 	218 	74 	187 	187 
001027 	218 	74 	187 	187 
001028 	218 	74 	187 	187 
001029 	218 	74 	187 	187 
001030 	218 	95 	187 	186 
001031 	218 	95 	187 	186 
001032 	218 	95 	187 	186 
001033 	218 	95 	187 	186 
001034 	218 	95 	187 	186 
001035 	218 	95 	187 	186 
001036 	218 	95 	187 	186 
001037 	218 	95 	187 	186 
001038 	218 	95 	187 	186 
001039 	188 	89 	224 	224 
001040 	188 	89 	224 	224 
001041 	188 	89 	224 	224 
001042 	188 	89 	224 	224 
001043 	188 	89 	224 	224 
001044 	188 	89 	224 	224 
001045 	188 	89 	224 	224 
001046 	188 	89 	224 	224 
001047 	188 	89 	224 	224 
001048 	188 	89 	224 	224 
001049 	188 	89 	224 	224 
001050 	188 	89 	224 	224 
001051 	197 	115 	187 	187 
001052 	197 	115 	187 	187 
001053 	197 	115 	187 	187 
001054 	197 	115 	187 	187 
001055 	197 	115 	187 	187 
001056 	197 	115 	187 	187 
001057 	188 	89 	224 	224 
001058 	188 	89 	224 	224 
001059 	188 	89 	224 	224 
001060 	188 	89 	224 	224 
001061 	218 	115 	187 	187 
001062 	218 	115 	187 	187 
001063 	218 	115 	187 	187 
001064 	218 	115 	187 	187 
001065 	218 	115 	187 	187 
001066 	188 	89 	224 	224 
001067 	188 	89 	224 	224 
001068 	188 	89 	224 	224 
001069 	188 	89 	224 	224 
001070 	218 	115 	187 	187 
001071 	197 	115 	187 	187 
001072 	197 	115 	187 	187 
001073 	197 	115 	187 	187 
001074 	197 	115 	187 	187 
001075 	197 	115 	187 	187 
001076 	197 	115 	187 	187 
001077 	197 	115 	187 	187 
001078 	197 	115 	187 	187 
001079 	218 	115 	187 	187 
001080 	218 	115 	187 	187 
001081 	218 	115 	187 	187 
001082 	188 	89 	224 	224 
001083 	188 	89 	224 	224 
001084 	188 	89 	224 	224 
001085 	218 	95 	187 	186 
001086 	218 	95 	187 	186 
001087 	218 	95 	187 	186 
001088 	218 	95 	187 	186 
001089 	197 	95 	187 	186 
001090 	197 	95 	187 	186 
001091 	197 	95 	187 	186 
001092 	197 	95 	187 	186 
001093 	197 	95 	187 	186 
001094 	197 	95 	187 	186 
001095 	197 	115 	187 	187 
001096 	197 	115 	187 	187 
001097 	197 	115 	187 	187 
001098 	197 	115 	187 	187 
001099 	197 	95 	187 	186 
001100 	197 	95 	187 	186 
001101 	197 	95 	187 	186 
001102 	197 	95 	187 	186 
001103 	197 	95 	187 	186 
001104 	197 	95 	187 	186 
001105 	197 	95 	187 	186 
001106 	197 	95 	187 	186 
001107 	197 	95 	187 	186 
001108 	197 	95 	187 	186 
001109 	197 	95 	187 	186 
001110 	197 	95 	187 	186 
001111 	197 	95 	187 	186 
001112 	197 	95 	187 	186 
001113 	218 	95 	187 	186 
001114 	218 	95 	187 	186 
001115 	218 	95 	187 	186 
001116 	239 	95 	186 	186 
001117 	239 	95 	186 	186 
001118 	239 	95 	186 	186 
001119 	239 	95 	186 	186 
001120 	239 	95 	186 	186 
001121 	239 	95 	186 	186 
001122 	239 	95 	186 	186 
001123 	239 	95 	186 	186 
001124 	239 	95 	186 	186 
001125 	218 	95 	187 	186 
001126 	239 	95 	186 	186 
001127 	239 	95 	186 	186 
001128 	239 	95 	186 	186 
001129 	239 	95 	186 	186 
001130 	239 	95 	186 	186 
001131 	239 	95 	186 	186 
001132 	239 	95 	186 	186 
001133 	239 	95 	186 	186 
001134 	239 	95 	186 	186 
001135 	239 	95 	186 	186 
001136 	239 	95 	186 	186 
001137 	239 	95 	186 	186 
001138 	239 	95 	186 	186 
001139 	239 	95 	186 	186 
001140 	239 	95 	186 	186 
001141 	239 	95 	186 	186 
001142 	239 	95 	186 	186 
001143 	239 	95 	186 	186 
001144 	212 	89 	224 	224 
001145 	239 	95 	186 	186 
001146 	218 	95 	187 	186 
001147 	218 	95 	187 	186 
001148 	218 	95 	187 	186 
001149 	218 	95 	187 	186 
001150 	218 	95 	187 	186 
001151 	218 	95 	187 	186 
001152 	218 	95 	187 	186 
001153 	218 	95 	187 	186 
001154 	218 	95 	187 	186 
001155 	218 	95 	187 	186 
001156 	218 	95 	187 	186 
001157 	218 	95 	187 	186 
001158 	218 	95 	187 	186 
001159 	218 	95 	187 	186 
001160 	218 	95 	187 	186 
001161 	218 	95 	187 	186 
001162 	218 	95 	187 	186 
001163 	218 	95 	187 	186 
001164 	218 	95 	187 	186 
001165 	218 	95 	187 	186 
001166 	218 	95 	187 	186 
001167 	218 	95 	187 	186 
001168 	218 	95 	187 	186 
001169 	218 	95 	187 	186 
001170 	197 	95 	187 	186 
001171 	197 	95 	187 	186 
001172 	197 	95 	187 	186 
001173 	197 	95 	187 	186 
001174 	197 	95 	187 	186 
001175 	197 	95 	187 	186 
001176 	197 	95 	187 	186 
001177 	197 	95 	187 	186 
001178 	197 	95 	187 	186 
