Identity  : 	id10291
Reference : 	d2Lasybvo7s
Offset    : 	-3
FV Conf   : 	15.119
ASD Conf  : 	7.824

FRAME 	X 	Y 	W 	H 
005575 	218 	95 	187 	186 
005576 	218 	95 	187 	186 
005577 	218 	95 	187 	186 
005578 	218 	95 	187 	186 
005579 	197 	95 	187 	186 
005580 	197 	95 	187 	186 
005581 	197 	95 	187 	186 
005582 	197 	95 	187 	186 
005583 	197 	95 	187 	186 
005584 	218 	95 	187 	186 
005585 	218 	95 	187 	186 
005586 	218 	95 	187 	186 
005587 	218 	95 	187 	186 
005588 	218 	95 	187 	186 
005589 	218 	95 	187 	186 
005590 	218 	95 	187 	186 
005591 	218 	95 	187 	186 
005592 	218 	95 	187 	186 
005593 	218 	95 	187 	186 
005594 	218 	95 	187 	186 
005595 	218 	95 	187 	186 
005596 	218 	95 	187 	186 
005597 	218 	95 	187 	186 
005598 	218 	95 	187 	186 
005599 	218 	95 	187 	186 
005600 	218 	95 	187 	186 
005601 	218 	95 	187 	186 
005602 	218 	95 	187 	186 
005603 	218 	95 	187 	186 
005604 	218 	95 	187 	186 
005605 	218 	95 	187 	186 
005606 	218 	95 	187 	186 
005607 	218 	95 	187 	186 
005608 	188 	89 	224 	224 
005609 	188 	89 	224 	224 
005610 	188 	89 	224 	224 
005611 	188 	89 	224 	224 
005612 	188 	89 	224 	224 
005613 	188 	89 	224 	224 
005614 	188 	89 	224 	224 
005615 	188 	89 	224 	224 
005616 	197 	95 	187 	186 
005617 	197 	95 	187 	186 
005618 	188 	89 	224 	224 
005619 	188 	89 	224 	224 
005620 	188 	89 	224 	224 
005621 	188 	89 	224 	224 
005622 	197 	95 	187 	186 
005623 	197 	95 	187 	186 
005624 	197 	95 	187 	186 
005625 	197 	95 	187 	186 
005626 	197 	95 	187 	186 
005627 	197 	95 	187 	186 
005628 	197 	95 	187 	186 
005629 	188 	89 	224 	224 
005630 	188 	89 	224 	224 
005631 	188 	89 	224 	224 
005632 	188 	89 	224 	224 
005633 	188 	89 	224 	224 
005634 	188 	89 	224 	224 
005635 	188 	89 	224 	224 
005636 	197 	95 	187 	186 
005637 	197 	95 	187 	186 
005638 	197 	95 	187 	186 
005639 	197 	95 	187 	186 
005640 	197 	95 	187 	186 
005641 	197 	95 	187 	186 
005642 	197 	95 	187 	186 
005643 	197 	95 	187 	186 
005644 	197 	95 	187 	186 
005645 	197 	95 	187 	186 
005646 	197 	95 	187 	186 
005647 	197 	95 	187 	186 
005648 	188 	89 	224 	224 
005649 	188 	89 	224 	224 
005650 	197 	95 	187 	186 
005651 	188 	89 	224 	224 
005652 	188 	89 	224 	224 
005653 	188 	89 	224 	224 
005654 	188 	89 	224 	224 
005655 	188 	89 	224 	224 
005656 	188 	89 	224 	224 
005657 	188 	89 	224 	224 
005658 	188 	89 	224 	224 
005659 	188 	89 	224 	224 
005660 	188 	89 	224 	224 
005661 	188 	89 	224 	224 
005662 	188 	89 	224 	224 
005663 	188 	89 	224 	224 
005664 	188 	89 	224 	224 
005665 	188 	89 	224 	224 
005666 	188 	89 	224 	224 
005667 	188 	89 	224 	224 
005668 	188 	89 	224 	224 
005669 	188 	89 	224 	224 
005670 	188 	89 	224 	224 
005671 	188 	89 	224 	224 
005672 	188 	89 	224 	224 
005673 	188 	89 	224 	224 
005674 	188 	89 	224 	224 
005675 	188 	89 	224 	224 
005676 	188 	89 	224 	224 
005677 	188 	89 	224 	224 
005678 	188 	89 	224 	224 
005679 	188 	89 	224 	224 
005680 	188 	89 	224 	224 
005681 	188 	89 	224 	224 
005682 	188 	89 	224 	224 
005683 	188 	89 	224 	224 
005684 	188 	89 	224 	224 
005685 	188 	89 	224 	224 
005686 	188 	89 	224 	224 
005687 	188 	89 	224 	224 
005688 	188 	89 	224 	224 
005689 	188 	89 	224 	224 
005690 	188 	89 	224 	224 
005691 	188 	89 	224 	224 
005692 	188 	89 	224 	224 
005693 	188 	89 	224 	224 
005694 	188 	89 	224 	224 
005695 	188 	89 	224 	224 
005696 	197 	95 	187 	186 
005697 	197 	95 	187 	186 
005698 	197 	95 	187 	186 
005699 	197 	95 	187 	186 
005700 	197 	95 	187 	186 
005701 	197 	95 	187 	186 
005702 	197 	95 	187 	186 
005703 	197 	95 	187 	186 
005704 	197 	95 	187 	186 
005705 	177 	95 	187 	186 
005706 	177 	95 	187 	186 
005707 	177 	95 	187 	186 
005708 	177 	95 	187 	186 
005709 	177 	95 	187 	186 
005710 	177 	95 	187 	186 
005711 	177 	95 	187 	186 
005712 	177 	95 	187 	186 
005713 	177 	95 	187 	186 
005714 	177 	95 	187 	186 
005715 	177 	95 	187 	186 
005716 	177 	95 	187 	186 
005717 	177 	95 	187 	186 
005718 	163 	89 	224 	224 
005719 	197 	95 	187 	186 
005720 	197 	95 	187 	186 
005721 	197 	95 	187 	186 
005722 	188 	89 	224 	224 
005723 	197 	95 	187 	186 
005724 	188 	89 	224 	224 
005725 	188 	89 	224 	224 
005726 	188 	89 	224 	224 
005727 	218 	95 	187 	186 
005728 	212 	89 	224 	224 
005729 	212 	89 	224 	224 
005730 	212 	89 	224 	224 
005731 	218 	95 	187 	186 
005732 	218 	95 	187 	186 
005733 	218 	95 	187 	186 
005734 	218 	95 	187 	186 
005735 	218 	95 	187 	186 
005736 	218 	95 	187 	186 
005737 	218 	115 	187 	187 
005738 	218 	115 	187 	187 
005739 	218 	115 	187 	187 
005740 	218 	115 	187 	187 
005741 	218 	115 	187 	187 
005742 	218 	115 	187 	187 
005743 	218 	115 	187 	187 
005744 	188 	89 	224 	224 
005745 	218 	115 	187 	187 
005746 	218 	115 	187 	187 
005747 	218 	115 	187 	187 
005748 	218 	115 	187 	187 
005749 	218 	115 	187 	187 
005750 	218 	115 	187 	187 
005751 	188 	89 	224 	224 
005752 	218 	115 	187 	187 
005753 	188 	89 	224 	224 
005754 	188 	89 	224 	224 
