Identity  : 	id10294
Reference : 	WJPpL58RruA
Offset    : 	-1
FV Conf   : 	15.348
ASD Conf  : 	5.012

FRAME 	X 	Y 	W 	H 
003076 	208 	123 	130 	130 
003077 	208 	123 	130 	130 
003078 	208 	123 	130 	130 
003079 	208 	123 	130 	130 
003080 	208 	123 	130 	130 
003081 	208 	123 	130 	130 
003082 	208 	123 	130 	130 
003083 	208 	123 	130 	130 
003084 	208 	123 	130 	130 
003085 	208 	123 	130 	130 
003086 	208 	109 	130 	130 
003087 	208 	109 	130 	130 
003088 	208 	109 	130 	130 
003089 	208 	109 	130 	130 
003090 	208 	109 	130 	130 
003091 	208 	109 	130 	130 
003092 	208 	109 	130 	130 
003093 	199 	96 	155 	156 
003094 	199 	96 	155 	156 
003095 	208 	123 	130 	130 
003096 	199 	96 	155 	156 
003097 	208 	123 	130 	130 
003098 	199 	96 	155 	156 
003099 	208 	123 	130 	130 
003100 	208 	123 	130 	130 
003101 	208 	123 	130 	130 
003102 	208 	123 	130 	130 
003103 	208 	123 	130 	130 
003104 	208 	123 	130 	130 
003105 	208 	123 	130 	130 
003106 	208 	123 	130 	130 
003107 	208 	123 	130 	130 
003108 	208 	123 	130 	130 
003109 	208 	123 	130 	130 
003110 	208 	123 	130 	130 
003111 	208 	123 	130 	130 
003112 	208 	123 	130 	130 
003113 	208 	123 	130 	130 
003114 	208 	123 	130 	130 
003115 	208 	123 	130 	130 
003116 	208 	123 	130 	130 
003117 	208 	123 	130 	130 
003118 	208 	123 	130 	130 
003119 	208 	123 	130 	130 
003120 	208 	123 	130 	130 
003121 	208 	123 	130 	130 
003122 	208 	123 	130 	130 
003123 	208 	123 	130 	130 
003124 	208 	123 	130 	130 
003125 	208 	123 	130 	130 
003126 	208 	123 	130 	130 
003127 	208 	123 	130 	130 
003128 	208 	123 	130 	130 
003129 	208 	123 	130 	130 
003130 	208 	123 	130 	130 
003131 	208 	123 	130 	130 
003132 	208 	123 	130 	130 
003133 	208 	123 	130 	130 
003134 	208 	123 	130 	130 
003135 	208 	123 	130 	130 
003136 	208 	123 	130 	130 
003137 	208 	123 	130 	130 
003138 	208 	123 	130 	130 
003139 	208 	123 	130 	130 
003140 	208 	123 	130 	130 
003141 	208 	123 	130 	130 
003142 	208 	123 	130 	130 
003143 	208 	123 	130 	130 
003144 	208 	123 	130 	130 
003145 	208 	123 	130 	130 
003146 	208 	123 	130 	130 
003147 	208 	123 	130 	130 
003148 	208 	123 	130 	130 
003149 	208 	123 	130 	130 
003150 	208 	123 	130 	130 
003151 	208 	123 	130 	130 
003152 	208 	123 	130 	130 
003153 	208 	123 	130 	130 
003154 	208 	123 	130 	130 
003155 	208 	123 	130 	130 
003156 	208 	123 	130 	130 
003157 	208 	123 	130 	130 
003158 	208 	123 	130 	130 
003159 	208 	123 	130 	130 
003160 	208 	123 	130 	130 
003161 	208 	123 	130 	130 
003162 	208 	123 	130 	130 
003163 	208 	123 	130 	130 
003164 	208 	123 	130 	130 
003165 	208 	123 	130 	130 
003166 	208 	123 	130 	130 
003167 	208 	123 	130 	130 
003168 	208 	123 	130 	130 
003169 	208 	123 	130 	130 
003170 	208 	123 	130 	130 
003171 	208 	123 	130 	130 
003172 	208 	123 	130 	130 
003173 	208 	123 	130 	130 
003174 	208 	123 	130 	130 
003175 	199 	113 	155 	156 
003176 	208 	123 	130 	130 
003177 	208 	123 	130 	130 
