Identity  : 	id10294
Reference : 	WJPpL58RruA
Offset    : 	-2
FV Conf   : 	11.842
ASD Conf  : 	7.033

FRAME 	X 	Y 	W 	H 
003290 	208 	80 	130 	130 
003291 	208 	80 	130 	130 
003292 	208 	80 	130 	130 
003293 	208 	80 	130 	130 
003294 	208 	80 	130 	130 
003295 	208 	80 	130 	130 
003296 	208 	80 	130 	130 
003297 	208 	80 	130 	130 
003298 	208 	80 	130 	130 
003299 	208 	80 	130 	130 
003300 	208 	80 	130 	130 
003301 	208 	80 	130 	130 
003302 	208 	80 	130 	130 
003303 	208 	80 	130 	130 
003304 	208 	80 	130 	130 
003305 	208 	80 	130 	130 
003306 	208 	80 	130 	130 
003307 	208 	80 	130 	130 
003308 	208 	80 	130 	130 
003309 	208 	80 	130 	130 
003310 	208 	80 	130 	130 
003311 	208 	80 	130 	130 
003312 	208 	80 	130 	130 
003313 	208 	80 	130 	130 
003314 	208 	80 	130 	130 
003315 	208 	80 	130 	130 
003316 	208 	80 	130 	130 
003317 	208 	80 	130 	130 
003318 	208 	80 	130 	130 
003319 	208 	80 	130 	130 
003320 	208 	80 	130 	130 
003321 	208 	80 	130 	130 
003322 	208 	80 	130 	130 
003323 	208 	80 	130 	130 
003324 	208 	80 	130 	130 
003325 	208 	80 	130 	130 
003326 	208 	80 	130 	130 
003327 	208 	80 	130 	130 
003328 	208 	80 	130 	130 
003329 	208 	80 	130 	130 
003330 	208 	80 	130 	130 
003331 	208 	80 	130 	130 
003332 	208 	80 	130 	130 
003333 	208 	80 	130 	130 
003334 	208 	80 	130 	130 
003335 	208 	80 	130 	130 
003336 	208 	80 	130 	130 
003337 	208 	80 	130 	130 
003338 	208 	80 	130 	130 
003339 	208 	80 	130 	130 
003340 	208 	80 	130 	130 
003341 	208 	80 	130 	130 
003342 	208 	80 	130 	130 
003343 	208 	80 	130 	130 
003344 	208 	80 	130 	130 
003345 	208 	80 	130 	130 
003346 	208 	80 	130 	130 
003347 	208 	80 	130 	130 
003348 	208 	80 	130 	130 
003349 	208 	80 	130 	130 
003350 	208 	80 	130 	130 
003351 	208 	80 	130 	130 
003352 	208 	80 	130 	130 
003353 	208 	80 	130 	130 
003354 	208 	80 	130 	130 
003355 	208 	80 	130 	130 
003356 	208 	80 	130 	130 
003357 	208 	80 	130 	130 
003358 	208 	80 	130 	130 
003359 	208 	80 	130 	130 
003360 	208 	80 	130 	130 
003361 	208 	80 	130 	130 
003362 	208 	80 	130 	130 
003363 	208 	80 	130 	130 
003364 	208 	80 	130 	130 
003365 	208 	80 	130 	130 
003366 	208 	80 	130 	130 
003367 	208 	80 	130 	130 
003368 	208 	80 	130 	130 
003369 	208 	80 	130 	130 
003370 	208 	80 	130 	130 
003371 	208 	80 	130 	130 
003372 	208 	80 	130 	130 
003373 	208 	80 	130 	130 
003374 	208 	80 	130 	130 
003375 	208 	80 	130 	130 
003376 	208 	80 	130 	130 
003377 	208 	80 	130 	130 
003378 	208 	80 	130 	130 
003379 	208 	80 	130 	130 
003380 	208 	80 	130 	130 
003381 	208 	80 	130 	130 
003382 	208 	80 	130 	130 
003383 	208 	80 	130 	130 
003384 	208 	80 	130 	130 
003385 	208 	80 	130 	130 
003386 	208 	80 	130 	130 
003387 	208 	80 	130 	130 
003388 	208 	80 	130 	130 
003389 	208 	80 	130 	130 
