Identity  : 	id10300
Reference : 	7byARrJfhlI
Offset    : 	0
FV Conf   : 	15.019
ASD Conf  : 	7.517

FRAME 	X 	Y 	W 	H 
001316 	164 	125 	91 	90 
001317 	164 	125 	91 	90 
001318 	164 	125 	91 	90 
001319 	164 	125 	91 	90 
001320 	164 	125 	91 	90 
001321 	164 	125 	91 	90 
001322 	150 	114 	108 	109 
001323 	150 	114 	108 	109 
001324 	150 	114 	108 	109 
001325 	150 	114 	108 	109 
001326 	150 	114 	108 	109 
001327 	150 	114 	108 	109 
001328 	150 	114 	108 	109 
001329 	150 	114 	108 	109 
001330 	150 	114 	108 	109 
001331 	150 	114 	108 	109 
001332 	150 	114 	108 	109 
001333 	150 	102 	108 	109 
001334 	150 	102 	108 	109 
001335 	150 	102 	108 	109 
001336 	150 	102 	108 	109 
001337 	150 	102 	108 	109 
001338 	150 	102 	108 	109 
001339 	150 	102 	108 	109 
001340 	150 	102 	108 	109 
001341 	150 	102 	108 	109 
001342 	150 	102 	108 	109 
001343 	150 	102 	108 	109 
001344 	154 	115 	91 	91 
001345 	154 	115 	91 	91 
001346 	154 	115 	91 	91 
001347 	150 	102 	108 	109 
001348 	150 	102 	108 	109 
001349 	150 	102 	108 	109 
001350 	150 	102 	108 	109 
001351 	150 	102 	108 	109 
001352 	150 	102 	108 	109 
001353 	150 	102 	108 	109 
001354 	150 	102 	108 	109 
001355 	150 	102 	108 	109 
001356 	150 	102 	108 	109 
001357 	150 	102 	108 	109 
001358 	150 	102 	108 	109 
001359 	150 	102 	108 	109 
001360 	150 	102 	108 	109 
001361 	150 	102 	108 	109 
001362 	150 	102 	108 	109 
001363 	150 	102 	108 	109 
001364 	150 	102 	108 	109 
001365 	154 	115 	91 	91 
001366 	154 	115 	91 	91 
001367 	138 	102 	108 	109 
001368 	138 	102 	108 	109 
001369 	138 	102 	108 	109 
001370 	138 	114 	108 	109 
001371 	138 	114 	108 	109 
001372 	138 	114 	108 	109 
001373 	138 	114 	108 	109 
001374 	138 	114 	108 	109 
001375 	138 	114 	108 	109 
001376 	138 	114 	108 	109 
001377 	138 	114 	108 	109 
001378 	138 	114 	108 	109 
001379 	138 	114 	108 	109 
001380 	138 	114 	108 	109 
001381 	138 	114 	108 	109 
001382 	138 	114 	108 	109 
001383 	138 	114 	108 	109 
001384 	154 	115 	91 	91 
001385 	150 	114 	108 	109 
001386 	150 	114 	108 	109 
001387 	150 	114 	108 	109 
001388 	150 	114 	108 	109 
001389 	150 	114 	108 	109 
001390 	150 	114 	108 	109 
001391 	150 	114 	108 	109 
001392 	150 	114 	108 	109 
001393 	150 	114 	108 	109 
001394 	150 	114 	108 	109 
001395 	150 	114 	108 	109 
001396 	150 	114 	108 	109 
001397 	138 	114 	108 	109 
001398 	150 	114 	108 	109 
001399 	150 	114 	108 	109 
001400 	150 	114 	108 	109 
001401 	154 	115 	91 	91 
001402 	154 	115 	91 	91 
001403 	150 	102 	108 	109 
001404 	150 	102 	108 	109 
001405 	150 	102 	108 	109 
001406 	150 	114 	108 	109 
001407 	150 	114 	108 	109 
001408 	150 	102 	108 	109 
001409 	150 	102 	108 	109 
001410 	150 	102 	108 	109 
001411 	150 	102 	108 	109 
001412 	150 	102 	108 	109 
001413 	150 	102 	108 	109 
001414 	150 	102 	108 	109 
001415 	150 	102 	108 	109 
001416 	150 	102 	108 	109 
001417 	150 	102 	108 	109 
001418 	150 	102 	108 	109 
001419 	150 	102 	108 	109 
001420 	150 	102 	108 	109 
001421 	150 	102 	108 	109 
001422 	150 	102 	108 	109 
001423 	150 	102 	108 	109 
001424 	150 	102 	108 	109 
001425 	150 	102 	108 	109 
001426 	150 	102 	108 	109 
001427 	150 	102 	108 	109 
001428 	150 	102 	108 	109 
001429 	150 	102 	108 	109 
001430 	150 	102 	108 	109 
001431 	150 	102 	108 	109 
001432 	150 	102 	108 	109 
001433 	150 	102 	108 	109 
001434 	150 	102 	108 	109 
001435 	150 	102 	108 	109 
001436 	150 	102 	108 	109 
001437 	150 	102 	108 	109 
001438 	150 	102 	108 	109 
001439 	164 	115 	91 	91 
001440 	164 	115 	91 	91 
001441 	164 	115 	91 	91 
001442 	164 	115 	91 	91 
001443 	150 	102 	108 	109 
001444 	150 	102 	108 	109 
001445 	150 	102 	108 	109 
001446 	150 	102 	108 	109 
001447 	150 	102 	108 	109 
001448 	150 	102 	108 	109 
001449 	150 	102 	108 	109 
001450 	150 	102 	108 	109 
001451 	150 	102 	108 	109 
001452 	150 	102 	108 	109 
001453 	150 	102 	108 	109 
001454 	138 	102 	108 	109 
001455 	138 	102 	108 	109 
001456 	138 	102 	108 	109 
001457 	138 	102 	108 	109 
001458 	150 	102 	108 	109 
001459 	138 	102 	108 	109 
001460 	138 	102 	108 	109 
001461 	138 	102 	108 	109 
001462 	138 	102 	108 	109 
001463 	138 	102 	108 	109 
001464 	138 	102 	108 	109 
001465 	138 	102 	108 	109 
001466 	138 	102 	108 	109 
001467 	154 	115 	91 	91 
001468 	154 	115 	91 	91 
001469 	154 	115 	91 	91 
001470 	154 	115 	91 	91 
001471 	150 	102 	108 	109 
001472 	150 	102 	108 	109 
001473 	150 	102 	108 	109 
001474 	150 	102 	108 	109 
001475 	150 	102 	108 	109 
001476 	150 	102 	108 	109 
001477 	150 	102 	108 	109 
001478 	150 	102 	108 	109 
001479 	150 	102 	108 	109 
001480 	150 	102 	108 	109 
001481 	150 	102 	108 	109 
001482 	150 	102 	108 	109 
001483 	150 	102 	108 	109 
001484 	138 	102 	108 	109 
001485 	138 	102 	108 	109 
001486 	138 	102 	108 	109 
001487 	138 	102 	108 	109 
001488 	138 	102 	108 	109 
001489 	138 	102 	108 	109 
001490 	138 	102 	108 	109 
001491 	138 	102 	108 	109 
001492 	138 	102 	108 	109 
001493 	150 	102 	108 	109 
001494 	138 	102 	108 	109 
001495 	138 	102 	108 	109 
001496 	150 	102 	108 	109 
001497 	150 	102 	108 	109 
001498 	150 	102 	108 	109 
001499 	150 	102 	108 	109 
001500 	150 	102 	108 	109 
001501 	150 	102 	108 	109 
001502 	150 	102 	108 	109 
001503 	150 	102 	108 	109 
001504 	150 	102 	108 	109 
001505 	150 	102 	108 	109 
001506 	150 	102 	108 	109 
001507 	150 	102 	108 	109 
001508 	150 	102 	108 	109 
001509 	150 	102 	108 	109 
001510 	150 	102 	108 	109 
001511 	150 	102 	108 	109 
001512 	150 	102 	108 	109 
001513 	138 	102 	108 	109 
001514 	138 	102 	108 	109 
001515 	138 	102 	108 	109 
001516 	138 	102 	108 	109 
001517 	150 	102 	108 	109 
001518 	150 	102 	108 	109 
001519 	150 	102 	108 	109 
001520 	150 	102 	108 	109 
001521 	150 	102 	108 	109 
001522 	150 	102 	108 	109 
001523 	150 	102 	108 	109 
001524 	150 	102 	108 	109 
001525 	150 	102 	108 	109 
001526 	150 	102 	108 	109 
001527 	150 	102 	108 	109 
001528 	150 	102 	108 	109 
001529 	150 	102 	108 	109 
001530 	150 	102 	108 	109 
001531 	150 	102 	108 	109 
001532 	164 	105 	91 	91 
001533 	150 	102 	108 	109 
001534 	150 	102 	108 	109 
001535 	150 	102 	108 	109 
001536 	150 	102 	108 	109 
001537 	150 	102 	108 	109 
001538 	150 	102 	108 	109 
001539 	150 	102 	108 	109 
001540 	150 	102 	108 	109 
001541 	150 	102 	108 	109 
001542 	150 	102 	108 	109 
001543 	150 	102 	108 	109 
001544 	150 	102 	108 	109 
001545 	150 	102 	108 	109 
001546 	150 	102 	108 	109 
001547 	150 	102 	108 	109 
001548 	150 	102 	108 	109 
001549 	150 	102 	108 	109 
