Identity  : 	id10300
Reference : 	7byARrJfhlI
Offset    : 	0
FV Conf   : 	14.972
ASD Conf  : 	5.992

FRAME 	X 	Y 	W 	H 
004540 	138 	102 	108 	109 
004541 	138 	102 	108 	109 
004542 	126 	102 	108 	109 
004543 	126 	102 	108 	109 
004544 	126 	102 	108 	109 
004545 	138 	102 	108 	109 
004546 	126 	102 	108 	109 
004547 	126 	102 	108 	109 
004548 	138 	102 	108 	109 
004549 	126 	102 	108 	109 
004550 	126 	102 	108 	109 
004551 	126 	102 	108 	109 
004552 	126 	102 	108 	109 
004553 	126 	102 	108 	109 
004554 	126 	102 	108 	109 
004555 	126 	102 	108 	109 
004556 	126 	102 	108 	109 
004557 	126 	102 	108 	109 
004558 	126 	102 	108 	109 
004559 	126 	102 	108 	109 
004560 	126 	102 	108 	109 
004561 	126 	102 	108 	109 
004562 	138 	102 	108 	109 
004563 	138 	102 	108 	109 
004564 	138 	102 	108 	109 
004565 	138 	102 	108 	109 
004566 	138 	102 	108 	109 
004567 	138 	102 	108 	109 
004568 	138 	102 	108 	109 
004569 	138 	102 	108 	109 
004570 	138 	102 	108 	109 
004571 	138 	102 	108 	109 
004572 	138 	102 	108 	109 
004573 	138 	102 	108 	109 
004574 	138 	102 	108 	109 
004575 	138 	102 	108 	109 
004576 	138 	102 	108 	109 
004577 	138 	102 	108 	109 
004578 	138 	102 	108 	109 
004579 	138 	102 	108 	109 
004580 	138 	102 	108 	109 
004581 	138 	102 	108 	109 
004582 	138 	102 	108 	109 
004583 	138 	102 	108 	109 
004584 	138 	102 	108 	109 
004585 	138 	102 	108 	109 
004586 	138 	102 	108 	109 
004587 	138 	102 	108 	109 
004588 	138 	102 	108 	109 
004589 	138 	102 	108 	109 
004590 	138 	102 	108 	109 
004591 	138 	102 	108 	109 
004592 	138 	102 	108 	109 
004593 	138 	102 	108 	109 
004594 	138 	102 	108 	109 
004595 	138 	102 	108 	109 
004596 	138 	102 	108 	109 
004597 	138 	102 	108 	109 
004598 	138 	102 	108 	109 
004599 	138 	102 	108 	109 
004600 	138 	102 	108 	109 
004601 	138 	102 	108 	109 
004602 	138 	102 	108 	109 
004603 	138 	102 	108 	109 
004604 	138 	102 	108 	109 
004605 	138 	102 	108 	109 
004606 	138 	102 	108 	109 
004607 	138 	102 	108 	109 
004608 	138 	102 	108 	109 
004609 	138 	102 	108 	109 
004610 	138 	102 	108 	109 
004611 	138 	102 	108 	109 
004612 	138 	102 	108 	109 
004613 	138 	102 	108 	109 
004614 	138 	102 	108 	109 
004615 	138 	102 	108 	109 
004616 	138 	102 	108 	109 
004617 	138 	102 	108 	109 
004618 	138 	102 	108 	109 
004619 	138 	102 	108 	109 
004620 	138 	102 	108 	109 
004621 	138 	102 	108 	109 
004622 	138 	102 	108 	109 
004623 	138 	102 	108 	109 
004624 	138 	102 	108 	109 
004625 	138 	102 	108 	109 
004626 	138 	102 	108 	109 
004627 	138 	102 	108 	109 
004628 	138 	102 	108 	109 
004629 	138 	102 	108 	109 
004630 	138 	102 	108 	109 
004631 	138 	102 	108 	109 
004632 	144 	115 	91 	91 
004633 	138 	102 	108 	109 
004634 	138 	102 	108 	109 
004635 	138 	102 	108 	109 
004636 	138 	102 	108 	109 
004637 	138 	114 	108 	109 
004638 	138 	102 	108 	109 
004639 	138 	102 	108 	109 
004640 	138 	102 	108 	109 
004641 	138 	102 	108 	109 
004642 	138 	102 	108 	109 
004643 	138 	102 	108 	109 
004644 	138 	102 	108 	109 
004645 	138 	102 	108 	109 
004646 	138 	102 	108 	109 
004647 	138 	102 	108 	109 
004648 	138 	102 	108 	109 
004649 	126 	102 	108 	109 
004650 	126 	102 	108 	109 
004651 	126 	102 	108 	109 
004652 	126 	102 	108 	109 
004653 	126 	102 	108 	109 
004654 	126 	114 	108 	109 
004655 	126 	114 	108 	109 
004656 	138 	114 	108 	109 
004657 	138 	114 	108 	109 
004658 	126 	102 	108 	109 
004659 	126 	102 	108 	109 
004660 	138 	102 	108 	109 
004661 	138 	102 	108 	109 
004662 	138 	102 	108 	109 
004663 	138 	102 	108 	109 
004664 	138 	102 	108 	109 
004665 	138 	102 	108 	109 
004666 	138 	102 	108 	109 
004667 	138 	102 	108 	109 
004668 	138 	102 	108 	109 
004669 	138 	102 	108 	109 
004670 	138 	102 	108 	109 
004671 	126 	102 	108 	109 
004672 	126 	102 	108 	109 
004673 	126 	102 	108 	109 
004674 	126 	102 	108 	109 
004675 	126 	102 	108 	109 
004676 	126 	102 	108 	109 
004677 	126 	102 	108 	109 
004678 	126 	102 	108 	109 
004679 	126 	102 	108 	109 
004680 	126 	102 	108 	109 
004681 	126 	102 	108 	109 
004682 	126 	102 	108 	109 
004683 	126 	102 	108 	109 
004684 	126 	102 	108 	109 
004685 	126 	102 	108 	109 
004686 	126 	114 	108 	109 
004687 	126 	114 	108 	109 
004688 	138 	126 	108 	109 
004689 	144 	145 	91 	90 
004690 	138 	138 	108 	109 
004691 	138 	138 	108 	109 
004692 	138 	138 	108 	109 
004693 	138 	126 	108 	109 
004694 	138 	126 	108 	109 
004695 	150 	114 	108 	109 
004696 	150 	114 	108 	109 
004697 	150 	114 	108 	109 
004698 	150 	102 	108 	109 
004699 	150 	102 	108 	109 
004700 	161 	102 	109 	109 
004701 	161 	102 	109 	109 
004702 	161 	102 	109 	109 
004703 	161 	102 	109 	109 
004704 	161 	102 	109 	109 
004705 	161 	102 	109 	109 
004706 	161 	102 	109 	109 
004707 	161 	102 	109 	109 
004708 	161 	102 	109 	109 
004709 	161 	102 	109 	109 
004710 	161 	102 	109 	109 
004711 	161 	102 	109 	109 
004712 	161 	102 	109 	109 
004713 	150 	102 	108 	109 
004714 	150 	102 	108 	109 
004715 	150 	102 	108 	109 
004716 	150 	102 	108 	109 
004717 	150 	102 	108 	109 
004718 	150 	102 	108 	109 
004719 	150 	102 	108 	109 
004720 	150 	102 	108 	109 
004721 	150 	102 	108 	109 
004722 	150 	102 	108 	109 
004723 	138 	102 	108 	109 
004724 	154 	105 	91 	91 
004725 	154 	105 	91 	91 
004726 	150 	102 	108 	109 
