Identity  : 	id10300
Reference : 	7byARrJfhlI
Offset    : 	0
FV Conf   : 	15.323
ASD Conf  : 	7.624

FRAME 	X 	Y 	W 	H 
008057 	161 	102 	109 	109 
008058 	161 	102 	109 	109 
008059 	161 	102 	109 	109 
008060 	161 	102 	109 	109 
008061 	161 	102 	109 	109 
008062 	161 	102 	109 	109 
008063 	161 	102 	109 	109 
008064 	173 	102 	109 	109 
008065 	173 	90 	109 	109 
008066 	173 	90 	109 	109 
008067 	173 	90 	109 	109 
008068 	184 	105 	91 	91 
008069 	173 	102 	109 	109 
008070 	173 	102 	109 	109 
008071 	173 	102 	109 	109 
008072 	173 	102 	109 	109 
008073 	173 	102 	109 	109 
008074 	173 	102 	109 	109 
008075 	173 	102 	109 	109 
008076 	173 	102 	109 	109 
008077 	173 	102 	109 	109 
008078 	173 	102 	109 	109 
008079 	173 	102 	109 	109 
008080 	173 	102 	109 	109 
008081 	173 	102 	109 	109 
008082 	173 	102 	109 	109 
008083 	161 	102 	109 	109 
008084 	161 	102 	109 	109 
008085 	174 	115 	91 	91 
008086 	161 	102 	109 	109 
008087 	161 	102 	109 	109 
008088 	161 	102 	109 	109 
008089 	161 	102 	109 	109 
008090 	161 	102 	109 	109 
008091 	161 	102 	109 	109 
008092 	161 	102 	109 	109 
008093 	161 	102 	109 	109 
008094 	161 	102 	109 	109 
008095 	161 	102 	109 	109 
008096 	161 	102 	109 	109 
008097 	161 	102 	109 	109 
008098 	161 	102 	109 	109 
008099 	161 	102 	109 	109 
008100 	161 	102 	109 	109 
008101 	161 	102 	109 	109 
008102 	174 	115 	91 	91 
008103 	174 	115 	91 	91 
008104 	161 	102 	109 	109 
008105 	161 	102 	109 	109 
008106 	174 	105 	91 	91 
008107 	174 	105 	91 	91 
008108 	174 	105 	91 	91 
008109 	161 	102 	109 	109 
008110 	161 	102 	109 	109 
008111 	164 	105 	91 	91 
008112 	150 	102 	108 	109 
008113 	164 	105 	91 	91 
008114 	150 	102 	108 	109 
008115 	150 	102 	108 	109 
008116 	150 	102 	108 	109 
008117 	150 	102 	108 	109 
008118 	150 	102 	108 	109 
008119 	150 	102 	108 	109 
008120 	150 	102 	108 	109 
008121 	150 	102 	108 	109 
008122 	150 	102 	108 	109 
008123 	150 	102 	108 	109 
008124 	150 	102 	108 	109 
008125 	150 	102 	108 	109 
008126 	164 	115 	91 	91 
008127 	164 	115 	91 	91 
008128 	164 	115 	91 	91 
008129 	164 	115 	91 	91 
008130 	164 	115 	91 	91 
008131 	164 	115 	91 	91 
008132 	164 	115 	91 	91 
008133 	164 	115 	91 	91 
008134 	164 	115 	91 	91 
008135 	164 	115 	91 	91 
008136 	164 	115 	91 	91 
008137 	164 	115 	91 	91 
008138 	164 	115 	91 	91 
008139 	164 	115 	91 	91 
008140 	164 	115 	91 	91 
008141 	164 	115 	91 	91 
008142 	164 	115 	91 	91 
008143 	164 	115 	91 	91 
008144 	164 	115 	91 	91 
008145 	164 	115 	91 	91 
008146 	164 	115 	91 	91 
008147 	164 	115 	91 	91 
008148 	164 	115 	91 	91 
008149 	164 	115 	91 	91 
008150 	164 	115 	91 	91 
008151 	164 	115 	91 	91 
008152 	164 	115 	91 	91 
008153 	150 	114 	108 	109 
008154 	150 	114 	108 	109 
008155 	150 	114 	108 	109 
008156 	150 	114 	108 	109 
008157 	164 	115 	91 	91 
008158 	164 	115 	91 	91 
008159 	164 	115 	91 	91 
008160 	164 	115 	91 	91 
008161 	164 	115 	91 	91 
008162 	164 	115 	91 	91 
008163 	164 	115 	91 	91 
008164 	164 	115 	91 	91 
008165 	150 	102 	108 	109 
008166 	164 	115 	91 	91 
008167 	164 	115 	91 	91 
008168 	164 	115 	91 	91 
008169 	164 	115 	91 	91 
008170 	164 	115 	91 	91 
008171 	164 	115 	91 	91 
008172 	164 	115 	91 	91 
008173 	150 	114 	108 	109 
008174 	164 	115 	91 	91 
008175 	164 	115 	91 	91 
008176 	164 	115 	91 	91 
008177 	164 	115 	91 	91 
008178 	164 	115 	91 	91 
008179 	164 	115 	91 	91 
008180 	164 	115 	91 	91 
008181 	164 	115 	91 	91 
008182 	164 	115 	91 	91 
008183 	164 	115 	91 	91 
008184 	164 	115 	91 	91 
008185 	164 	115 	91 	91 
008186 	164 	115 	91 	91 
008187 	164 	115 	91 	91 
008188 	164 	115 	91 	91 
008189 	164 	115 	91 	91 
008190 	150 	102 	108 	109 
008191 	150 	102 	108 	109 
008192 	150 	102 	108 	109 
008193 	150 	102 	108 	109 
008194 	150 	102 	108 	109 
008195 	150 	102 	108 	109 
008196 	164 	105 	91 	91 
008197 	164 	105 	91 	91 
008198 	164 	105 	91 	91 
008199 	164 	105 	91 	91 
008200 	164 	105 	91 	91 
008201 	164 	105 	91 	91 
008202 	164 	105 	91 	91 
008203 	161 	102 	109 	109 
008204 	161 	102 	109 	109 
008205 	161 	102 	109 	109 
008206 	174 	105 	91 	91 
008207 	174 	105 	91 	91 
008208 	174 	105 	91 	91 
008209 	184 	105 	91 	91 
008210 	184 	105 	91 	91 
008211 	184 	105 	91 	91 
008212 	184 	105 	91 	91 
008213 	184 	105 	91 	91 
008214 	184 	105 	91 	91 
008215 	184 	105 	91 	91 
008216 	184 	105 	91 	91 
008217 	184 	105 	91 	91 
008218 	184 	105 	91 	91 
008219 	184 	105 	91 	91 
008220 	184 	105 	91 	91 
008221 	184 	105 	91 	91 
008222 	184 	105 	91 	91 
008223 	184 	105 	91 	91 
008224 	184 	105 	91 	91 
008225 	184 	105 	91 	91 
008226 	184 	105 	91 	91 
008227 	184 	105 	91 	91 
008228 	184 	105 	91 	91 
008229 	184 	105 	91 	91 
008230 	184 	105 	91 	91 
008231 	184 	105 	91 	91 
008232 	184 	105 	91 	91 
008233 	184 	105 	91 	91 
008234 	184 	105 	91 	91 
008235 	184 	105 	91 	91 
008236 	184 	105 	91 	91 
008237 	184 	105 	91 	91 
008238 	184 	105 	91 	91 
