Identity  : 	id10302
Reference : 	_wzYMUt91gc
Offset    : 	0
FV Conf   : 	16.031
ASD Conf  : 	5.482

FRAME 	X 	Y 	W 	H 
000019 	204 	66 	63 	63 
000020 	204 	66 	63 	63 
000021 	197 	66 	63 	63 
000022 	197 	66 	63 	63 
000023 	197 	66 	63 	63 
000024 	197 	66 	63 	63 
000025 	197 	66 	63 	63 
000026 	190 	66 	63 	63 
000027 	198 	72 	53 	53 
000028 	197 	73 	63 	63 
000029 	197 	73 	63 	63 
000030 	197 	73 	63 	63 
000031 	197 	73 	63 	63 
000032 	190 	73 	63 	63 
000033 	190 	73 	63 	63 
000034 	190 	73 	63 	63 
000035 	190 	73 	63 	63 
000036 	190 	73 	63 	63 
000037 	190 	73 	63 	63 
000038 	190 	73 	63 	63 
000039 	190 	73 	63 	63 
000040 	197 	73 	63 	63 
000041 	190 	73 	63 	63 
000042 	190 	73 	63 	63 
000043 	190 	73 	63 	63 
000044 	197 	73 	63 	63 
000045 	197 	73 	63 	63 
000046 	197 	73 	63 	63 
000047 	197 	73 	63 	63 
000048 	197 	73 	63 	63 
000049 	197 	73 	63 	63 
000050 	197 	73 	63 	63 
000051 	197 	73 	63 	63 
000052 	197 	73 	63 	63 
000053 	197 	73 	63 	63 
000054 	197 	73 	63 	63 
000055 	197 	73 	63 	63 
000056 	197 	73 	63 	63 
000057 	197 	73 	63 	63 
000058 	197 	73 	63 	63 
000059 	197 	73 	63 	63 
000060 	197 	73 	63 	63 
000061 	197 	73 	63 	63 
000062 	197 	73 	63 	63 
000063 	197 	73 	63 	63 
000064 	197 	73 	63 	63 
000065 	197 	73 	63 	63 
000066 	197 	73 	63 	63 
000067 	197 	73 	63 	63 
000068 	197 	73 	63 	63 
000069 	197 	73 	63 	63 
000070 	197 	73 	63 	63 
000071 	197 	73 	63 	63 
000072 	197 	73 	63 	63 
000073 	197 	73 	63 	63 
000074 	197 	73 	63 	63 
000075 	197 	73 	63 	63 
000076 	197 	73 	63 	63 
000077 	197 	73 	63 	63 
000078 	231 	73 	63 	63 
000079 	231 	73 	63 	63 
000080 	231 	73 	63 	63 
000081 	231 	73 	63 	63 
000082 	231 	73 	63 	63 
000083 	231 	73 	63 	63 
000084 	231 	73 	63 	63 
000085 	231 	73 	63 	63 
000086 	224 	73 	63 	63 
000087 	231 	73 	63 	63 
000088 	224 	73 	63 	63 
000089 	217 	73 	64 	63 
000090 	210 	73 	64 	63 
000091 	210 	66 	64 	63 
000092 	204 	66 	63 	63 
000093 	204 	66 	63 	63 
000094 	197 	66 	63 	63 
000095 	197 	66 	63 	63 
000096 	197 	66 	63 	63 
000097 	197 	66 	63 	63 
000098 	197 	66 	63 	63 
000099 	197 	66 	63 	63 
000100 	197 	66 	63 	63 
000101 	197 	66 	63 	63 
000102 	197 	66 	63 	63 
000103 	197 	66 	63 	63 
000104 	197 	66 	63 	63 
000105 	197 	66 	63 	63 
000106 	197 	66 	63 	63 
000107 	197 	66 	63 	63 
000108 	197 	66 	63 	63 
000109 	197 	66 	63 	63 
000110 	197 	66 	63 	63 
000111 	197 	66 	63 	63 
000112 	204 	66 	63 	63 
000113 	204 	66 	63 	63 
000114 	204 	66 	63 	63 
000115 	204 	66 	63 	63 
000116 	204 	66 	63 	63 
000117 	204 	66 	63 	63 
000118 	204 	66 	63 	63 
000119 	204 	66 	63 	63 
000120 	204 	66 	63 	63 
000121 	204 	66 	63 	63 
000122 	204 	73 	63 	63 
000123 	204 	73 	63 	63 
000124 	204 	73 	63 	63 
000125 	204 	73 	63 	63 
000126 	204 	73 	63 	63 
000127 	204 	80 	63 	63 
000128 	204 	80 	63 	63 
000129 	204 	80 	63 	63 
000130 	204 	80 	63 	63 
000131 	210 	80 	64 	63 
000132 	210 	87 	64 	63 
000133 	210 	87 	64 	63 
000134 	210 	87 	64 	63 
000135 	210 	87 	64 	63 
000136 	210 	87 	64 	63 
000137 	210 	87 	64 	63 
000138 	210 	87 	64 	63 
000139 	210 	87 	64 	63 
000140 	210 	87 	64 	63 
000141 	210 	87 	64 	63 
000142 	210 	93 	64 	64 
000143 	210 	93 	64 	64 
000144 	210 	93 	64 	64 
000145 	210 	93 	64 	64 
000146 	221 	95 	53 	53 
000147 	221 	95 	53 	53 
000148 	217 	93 	64 	64 
000149 	217 	93 	64 	64 
000150 	217 	93 	64 	64 
000151 	217 	87 	64 	63 
000152 	217 	87 	64 	63 
000153 	217 	87 	64 	63 
000154 	217 	87 	64 	63 
000155 	217 	87 	64 	63 
000156 	217 	80 	64 	63 
000157 	210 	80 	64 	63 
000158 	210 	80 	64 	63 
000159 	210 	80 	64 	63 
000160 	210 	80 	64 	63 
000161 	210 	73 	64 	63 
000162 	210 	73 	64 	63 
000163 	210 	73 	64 	63 
000164 	210 	73 	64 	63 
000165 	210 	73 	64 	63 
000166 	210 	73 	64 	63 
000167 	210 	73 	64 	63 
000168 	210 	73 	64 	63 
000169 	210 	73 	64 	63 
000170 	210 	73 	64 	63 
000171 	210 	73 	64 	63 
000172 	210 	73 	64 	63 
000173 	210 	73 	64 	63 
000174 	210 	73 	64 	63 
000175 	210 	73 	64 	63 
000176 	210 	73 	64 	63 
000177 	204 	73 	63 	63 
000178 	204 	73 	63 	63 
000179 	204 	73 	63 	63 
000180 	204 	73 	63 	63 
000181 	204 	73 	63 	63 
000182 	204 	73 	63 	63 
000183 	204 	73 	63 	63 
000184 	204 	73 	63 	63 
000185 	204 	73 	63 	63 
000186 	204 	73 	63 	63 
000187 	204 	73 	63 	63 
000188 	204 	73 	63 	63 
000189 	204 	73 	63 	63 
000190 	204 	73 	63 	63 
000191 	204 	73 	63 	63 
000192 	204 	73 	63 	63 
000193 	204 	73 	63 	63 
000194 	204 	73 	63 	63 
000195 	204 	73 	63 	63 
000196 	204 	73 	63 	63 
000197 	204 	73 	63 	63 
000198 	204 	73 	63 	63 
000199 	204 	73 	63 	63 
000200 	204 	73 	63 	63 
000201 	204 	73 	63 	63 
000202 	204 	73 	63 	63 
000203 	204 	73 	63 	63 
000204 	204 	73 	63 	63 
000205 	210 	73 	64 	63 
000206 	210 	80 	64 	63 
000207 	210 	80 	64 	63 
000208 	210 	80 	64 	63 
000209 	210 	80 	64 	63 
000210 	210 	80 	64 	63 
000211 	210 	80 	64 	63 
000212 	210 	80 	64 	63 
000213 	210 	80 	64 	63 
000214 	210 	80 	64 	63 
000215 	210 	80 	64 	63 
000216 	210 	80 	64 	63 
000217 	210 	80 	64 	63 
000218 	210 	80 	64 	63 
000219 	210 	80 	64 	63 
000220 	210 	80 	64 	63 
000221 	210 	80 	64 	63 
