Identity  : 	id10293
Reference : 	k1jiAINXHRI
Offset    : 	-1
FV Conf   : 	19.173
ASD Conf  : 	6.248

FRAME 	X 	Y 	W 	H 
008284 	209 	54 	109 	109 
008285 	209 	54 	109 	109 
008286 	209 	43 	109 	108 
008287 	197 	54 	109 	109 
008288 	197 	54 	109 	109 
008289 	197 	54 	109 	109 
008290 	204 	55 	91 	91 
008291 	197 	54 	109 	109 
008292 	204 	65 	91 	91 
008293 	204 	65 	91 	91 
008294 	204 	65 	91 	91 
008295 	204 	65 	91 	91 
008296 	197 	66 	109 	109 
008297 	197 	66 	109 	109 
008298 	197 	66 	109 	109 
008299 	197 	66 	109 	109 
008300 	197 	66 	109 	109 
008301 	197 	66 	109 	109 
008302 	197 	66 	109 	109 
008303 	197 	66 	109 	109 
008304 	197 	66 	109 	109 
008305 	214 	75 	91 	91 
008306 	214 	75 	91 	91 
008307 	214 	75 	91 	91 
008308 	214 	75 	91 	91 
008309 	214 	75 	91 	91 
008310 	214 	75 	91 	91 
008311 	214 	75 	91 	91 
008312 	214 	75 	91 	91 
008313 	214 	75 	91 	91 
008314 	214 	75 	91 	91 
008315 	214 	75 	91 	91 
008316 	214 	75 	91 	91 
008317 	214 	75 	91 	91 
008318 	214 	75 	91 	91 
008319 	214 	75 	91 	91 
008320 	209 	66 	109 	109 
008321 	209 	66 	109 	109 
008322 	209 	66 	109 	109 
008323 	209 	66 	109 	109 
008324 	209 	66 	109 	109 
008325 	209 	78 	109 	109 
008326 	209 	78 	109 	109 
008327 	209 	78 	109 	109 
008328 	209 	78 	109 	109 
008329 	209 	78 	109 	109 
008330 	224 	85 	91 	91 
008331 	224 	85 	91 	91 
008332 	224 	85 	91 	91 
008333 	224 	85 	91 	91 
008334 	224 	75 	91 	91 
008335 	224 	75 	91 	91 
008336 	224 	75 	91 	91 
008337 	221 	66 	109 	109 
008338 	221 	66 	109 	109 
008339 	221 	66 	109 	109 
008340 	234 	75 	90 	91 
008341 	234 	75 	90 	91 
008342 	234 	75 	90 	91 
008343 	234 	75 	90 	91 
008344 	234 	75 	90 	91 
008345 	234 	75 	90 	91 
008346 	234 	75 	90 	91 
008347 	234 	75 	90 	91 
008348 	234 	75 	90 	91 
008349 	234 	75 	90 	91 
008350 	221 	66 	109 	109 
008351 	221 	66 	109 	109 
008352 	221 	66 	109 	109 
008353 	224 	75 	91 	91 
008354 	224 	75 	91 	91 
008355 	224 	75 	91 	91 
008356 	224 	75 	91 	91 
008357 	224 	75 	91 	91 
008358 	224 	75 	91 	91 
008359 	224 	65 	91 	91 
008360 	224 	65 	91 	91 
008361 	209 	54 	109 	109 
008362 	209 	54 	109 	109 
008363 	209 	54 	109 	109 
008364 	209 	54 	109 	109 
008365 	209 	54 	109 	109 
008366 	214 	75 	91 	91 
008367 	214 	65 	91 	91 
008368 	214 	75 	91 	91 
008369 	197 	54 	109 	109 
008370 	197 	54 	109 	109 
008371 	197 	54 	109 	109 
008372 	197 	54 	109 	109 
008373 	197 	54 	109 	109 
008374 	197 	54 	109 	109 
008375 	197 	54 	109 	109 
008376 	197 	54 	109 	109 
008377 	197 	54 	109 	109 
008378 	197 	54 	109 	109 
008379 	197 	54 	109 	109 
008380 	204 	75 	91 	91 
008381 	204 	75 	91 	91 
008382 	197 	54 	109 	109 
008383 	204 	75 	91 	91 
008384 	204 	75 	91 	91 
008385 	204 	75 	91 	91 
008386 	204 	75 	91 	91 
008387 	197 	66 	109 	109 
008388 	197 	66 	109 	109 
008389 	197 	66 	109 	109 
008390 	197 	66 	109 	109 
008391 	197 	66 	109 	109 
008392 	197 	66 	109 	109 
008393 	197 	66 	109 	109 
008394 	197 	66 	109 	109 
008395 	204 	75 	91 	91 
008396 	197 	66 	109 	109 
008397 	197 	66 	109 	109 
008398 	197 	66 	109 	109 
008399 	197 	66 	109 	109 
008400 	197 	66 	109 	109 
008401 	197 	66 	109 	109 
008402 	197 	66 	109 	109 
008403 	197 	66 	109 	109 
008404 	197 	66 	109 	109 
008405 	197 	66 	109 	109 
008406 	197 	66 	109 	109 
008407 	197 	66 	109 	109 
008408 	197 	66 	109 	109 
008409 	197 	78 	109 	109 
008410 	197 	78 	109 	109 
008411 	214 	85 	91 	91 
008412 	214 	85 	91 	91 
008413 	209 	78 	109 	109 
008414 	209 	78 	109 	109 
008415 	209 	78 	109 	109 
008416 	209 	78 	109 	109 
008417 	224 	85 	91 	91 
008418 	224 	85 	91 	91 
008419 	224 	85 	91 	91 
008420 	224 	85 	91 	91 
008421 	224 	85 	91 	91 
008422 	224 	85 	91 	91 
008423 	224 	85 	91 	91 
008424 	224 	85 	91 	91 
008425 	209 	66 	109 	109 
008426 	209 	66 	109 	109 
008427 	209 	66 	109 	109 
008428 	209 	66 	109 	109 
008429 	209 	66 	109 	109 
008430 	209 	54 	109 	109 
008431 	209 	54 	109 	109 
008432 	209 	54 	109 	109 
008433 	209 	54 	109 	109 
008434 	209 	54 	109 	109 
008435 	209 	54 	109 	109 
008436 	209 	54 	109 	109 
008437 	209 	54 	109 	109 
008438 	209 	54 	109 	109 
008439 	209 	54 	109 	109 
008440 	214 	65 	91 	91 
008441 	214 	65 	91 	91 
008442 	214 	65 	91 	91 
008443 	197 	54 	109 	109 
008444 	197 	54 	109 	109 
008445 	204 	65 	91 	91 
008446 	197 	54 	109 	109 
008447 	197 	54 	109 	109 
008448 	197 	43 	109 	108 
008449 	197 	43 	109 	108 
008450 	197 	43 	109 	108 
008451 	204 	55 	91 	91 
008452 	204 	55 	91 	91 
008453 	204 	55 	91 	91 
008454 	204 	55 	91 	91 
008455 	185 	54 	109 	109 
008456 	185 	54 	109 	109 
008457 	185 	54 	109 	109 
008458 	185 	54 	109 	109 
008459 	185 	54 	109 	109 
008460 	185 	54 	109 	109 
008461 	194 	65 	91 	91 
008462 	194 	65 	91 	91 
008463 	194 	65 	91 	91 
008464 	194 	65 	91 	91 
008465 	185 	66 	109 	109 
008466 	185 	66 	109 	109 
008467 	194 	65 	91 	91 
008468 	194 	65 	91 	91 
008469 	194 	65 	91 	91 
008470 	194 	65 	91 	91 
008471 	185 	66 	109 	109 
008472 	194 	65 	91 	91 
008473 	185 	66 	109 	109 
008474 	185 	66 	109 	109 
008475 	185 	66 	109 	109 
008476 	185 	66 	109 	109 
008477 	185 	66 	109 	109 
008478 	185 	66 	109 	109 
008479 	185 	66 	109 	109 
008480 	185 	66 	109 	109 
008481 	185 	66 	109 	109 
008482 	185 	66 	109 	109 
008483 	185 	66 	109 	109 
008484 	185 	66 	109 	109 
008485 	185 	66 	109 	109 
008486 	185 	66 	109 	109 
008487 	185 	66 	109 	109 
008488 	185 	66 	109 	109 
008489 	185 	66 	109 	109 
008490 	185 	66 	109 	109 
008491 	185 	66 	109 	109 
008492 	185 	66 	109 	109 
008493 	185 	66 	109 	109 
008494 	185 	66 	109 	109 
008495 	185 	66 	109 	109 
008496 	185 	66 	109 	109 
008497 	185 	66 	109 	109 
008498 	204 	65 	91 	91 
008499 	204 	65 	91 	91 
008500 	204 	65 	91 	91 
008501 	204 	65 	91 	91 
008502 	204 	65 	91 	91 
008503 	185 	54 	109 	109 
008504 	185 	54 	109 	109 
008505 	185 	54 	109 	109 
008506 	185 	54 	109 	109 
008507 	185 	54 	109 	109 
008508 	185 	54 	109 	109 
008509 	185 	54 	109 	109 
