Identity  : 	id10289
Reference : 	sf4uMnkYFG8
Offset    : 	-2
FV Conf   : 	25.046
ASD Conf  : 	8.457

FRAME 	X 	Y 	W 	H 
004895 	435 	79 	76 	76 
004896 	435 	79 	76 	76 
004897 	435 	79 	76 	76 
004898 	435 	79 	76 	76 
004899 	435 	79 	76 	76 
004900 	435 	79 	76 	76 
004901 	435 	79 	76 	76 
004902 	435 	79 	76 	76 
004903 	435 	79 	76 	76 
004904 	435 	79 	76 	76 
004905 	435 	79 	76 	76 
004906 	435 	79 	76 	76 
004907 	435 	79 	76 	76 
004908 	435 	79 	76 	76 
004909 	433 	75 	91 	91 
004910 	433 	75 	91 	91 
004911 	433 	75 	91 	91 
004912 	433 	75 	91 	91 
004913 	433 	75 	91 	91 
004914 	433 	75 	91 	91 
004915 	433 	75 	91 	91 
004916 	444 	79 	75 	76 
004917 	444 	79 	75 	76 
004918 	444 	79 	75 	76 
004919 	433 	75 	91 	91 
004920 	444 	87 	75 	76 
004921 	444 	87 	75 	76 
004922 	444 	87 	75 	76 
004923 	444 	87 	75 	76 
004924 	444 	87 	75 	76 
004925 	435 	87 	76 	76 
004926 	435 	87 	76 	76 
004927 	433 	75 	91 	91 
004928 	433 	75 	91 	91 
004929 	433 	75 	91 	91 
004930 	433 	75 	91 	91 
004931 	433 	75 	91 	91 
004932 	433 	75 	91 	91 
004933 	433 	75 	91 	91 
004934 	433 	75 	91 	91 
004935 	433 	75 	91 	91 
004936 	444 	79 	75 	76 
004937 	443 	75 	90 	91 
004938 	443 	75 	90 	91 
004939 	443 	75 	90 	91 
004940 	443 	75 	90 	91 
004941 	453 	75 	90 	91 
004942 	453 	75 	90 	91 
004943 	453 	75 	90 	91 
004944 	460 	87 	76 	76 
004945 	463 	75 	90 	91 
004946 	468 	79 	76 	76 
004947 	463 	75 	90 	91 
004948 	463 	75 	90 	91 
004949 	463 	75 	90 	91 
004950 	453 	85 	90 	91 
004951 	453 	85 	90 	91 
004952 	453 	85 	90 	91 
004953 	453 	85 	90 	91 
004954 	453 	85 	90 	91 
004955 	453 	85 	90 	91 
004956 	453 	85 	90 	91 
004957 	460 	87 	76 	76 
004958 	453 	75 	90 	91 
004959 	460 	87 	76 	76 
004960 	453 	75 	90 	91 
004961 	453 	75 	90 	91 
004962 	453 	75 	90 	91 
004963 	453 	75 	90 	91 
004964 	453 	75 	90 	91 
004965 	453 	75 	90 	91 
004966 	452 	79 	75 	76 
004967 	452 	79 	75 	76 
004968 	443 	75 	90 	91 
004969 	443 	75 	90 	91 
004970 	444 	71 	75 	75 
004971 	444 	71 	75 	75 
004972 	444 	71 	75 	75 
004973 	444 	71 	75 	75 
004974 	444 	71 	75 	75 
004975 	433 	65 	91 	91 
004976 	433 	65 	91 	91 
004977 	433 	65 	91 	91 
004978 	433 	65 	91 	91 
004979 	433 	65 	91 	91 
004980 	433 	65 	91 	91 
004981 	433 	65 	91 	91 
004982 	433 	65 	91 	91 
004983 	433 	65 	91 	91 
004984 	435 	71 	76 	75 
004985 	435 	71 	76 	75 
004986 	435 	71 	76 	75 
004987 	435 	71 	76 	75 
004988 	435 	71 	76 	75 
004989 	435 	71 	76 	75 
004990 	435 	71 	76 	75 
004991 	435 	71 	76 	75 
004992 	433 	65 	91 	91 
004993 	433 	65 	91 	91 
004994 	444 	71 	75 	75 
004995 	433 	65 	91 	91 
004996 	433 	65 	91 	91 
004997 	433 	65 	91 	91 
004998 	433 	65 	91 	91 
004999 	433 	65 	91 	91 
005000 	435 	71 	76 	75 
005001 	423 	65 	91 	91 
005002 	427 	71 	76 	75 
005003 	413 	65 	91 	91 
005004 	413 	65 	91 	91 
005005 	419 	79 	75 	76 
005006 	419 	79 	75 	76 
005007 	419 	79 	75 	76 
005008 	419 	79 	75 	76 
005009 	419 	79 	75 	76 
005010 	419 	79 	75 	76 
005011 	419 	79 	75 	76 
005012 	419 	79 	75 	76 
005013 	419 	79 	75 	76 
005014 	419 	79 	75 	76 
005015 	419 	79 	75 	76 
005016 	419 	79 	75 	76 
005017 	419 	79 	75 	76 
005018 	413 	65 	91 	91 
005019 	413 	65 	91 	91 
005020 	413 	65 	91 	91 
005021 	413 	65 	91 	91 
005022 	413 	65 	91 	91 
005023 	413 	65 	91 	91 
005024 	413 	65 	91 	91 
005025 	413 	65 	91 	91 
005026 	413 	65 	91 	91 
005027 	413 	65 	91 	91 
005028 	413 	65 	91 	91 
005029 	413 	65 	91 	91 
005030 	413 	65 	91 	91 
005031 	427 	79 	76 	76 
005032 	427 	79 	76 	76 
005033 	427 	79 	76 	76 
005034 	427 	79 	76 	76 
005035 	423 	75 	91 	91 
005036 	435 	79 	76 	76 
005037 	435 	79 	76 	76 
005038 	435 	71 	76 	75 
005039 	435 	71 	76 	75 
005040 	435 	79 	76 	76 
005041 	435 	79 	76 	76 
005042 	435 	79 	76 	76 
005043 	435 	79 	76 	76 
005044 	435 	79 	76 	76 
005045 	423 	75 	91 	91 
005046 	423 	75 	91 	91 
005047 	423 	75 	91 	91 
005048 	423 	75 	91 	91 
005049 	423 	75 	91 	91 
005050 	423 	75 	91 	91 
005051 	423 	75 	91 	91 
005052 	423 	75 	91 	91 
005053 	435 	79 	76 	76 
005054 	435 	79 	76 	76 
005055 	435 	79 	76 	76 
005056 	435 	79 	76 	76 
005057 	423 	65 	91 	91 
005058 	423 	65 	91 	91 
005059 	435 	79 	76 	76 
005060 	435 	79 	76 	76 
005061 	435 	79 	76 	76 
005062 	423 	65 	91 	91 
005063 	435 	79 	76 	76 
005064 	435 	79 	76 	76 
005065 	435 	79 	76 	76 
005066 	435 	79 	76 	76 
005067 	435 	79 	76 	76 
005068 	435 	79 	76 	76 
005069 	435 	79 	76 	76 
005070 	435 	79 	76 	76 
005071 	435 	79 	76 	76 
005072 	435 	79 	76 	76 
005073 	435 	79 	76 	76 
005074 	435 	79 	76 	76 
005075 	435 	79 	76 	76 
005076 	435 	79 	76 	76 
005077 	435 	79 	76 	76 
005078 	435 	79 	76 	76 
005079 	435 	79 	76 	76 
005080 	435 	79 	76 	76 
005081 	435 	79 	76 	76 
005082 	435 	79 	76 	76 
005083 	435 	79 	76 	76 
005084 	435 	79 	76 	76 
005085 	435 	79 	76 	76 
005086 	435 	79 	76 	76 
005087 	435 	79 	76 	76 
005088 	435 	79 	76 	76 
005089 	435 	79 	76 	76 
005090 	435 	79 	76 	76 
005091 	435 	79 	76 	76 
005092 	435 	79 	76 	76 
005093 	435 	79 	76 	76 
005094 	435 	79 	76 	76 
005095 	433 	75 	91 	91 
005096 	433 	75 	91 	91 
005097 	444 	79 	75 	76 
005098 	444 	79 	75 	76 
005099 	443 	75 	90 	91 
005100 	443 	75 	90 	91 
005101 	443 	75 	90 	91 
005102 	443 	75 	90 	91 
005103 	443 	75 	90 	91 
005104 	443 	75 	90 	91 
005105 	444 	79 	75 	76 
005106 	444 	79 	75 	76 
005107 	444 	79 	75 	76 
005108 	444 	79 	75 	76 
005109 	444 	79 	75 	76 
005110 	444 	79 	75 	76 
005111 	444 	79 	75 	76 
005112 	433 	75 	91 	91 
005113 	433 	75 	91 	91 
005114 	433 	75 	91 	91 
005115 	433 	75 	91 	91 
005116 	433 	75 	91 	91 
005117 	433 	75 	91 	91 
005118 	433 	75 	91 	91 
005119 	444 	79 	75 	76 
005120 	444 	79 	75 	76 
005121 	433 	75 	91 	91 
005122 	433 	75 	91 	91 
005123 	435 	79 	76 	76 
005124 	423 	65 	91 	91 
005125 	423 	65 	91 	91 
005126 	423 	65 	91 	91 
005127 	435 	71 	76 	75 
005128 	435 	71 	76 	75 
005129 	433 	65 	91 	91 
005130 	444 	71 	75 	75 
005131 	433 	65 	91 	91 
005132 	435 	62 	76 	76 
005133 	435 	62 	76 	76 
005134 	435 	62 	76 	76 
005135 	435 	62 	76 	76 
005136 	435 	62 	76 	76 
005137 	423 	55 	91 	91 
005138 	423 	55 	91 	91 
005139 	413 	55 	91 	91 
005140 	413 	55 	91 	91 
005141 	419 	71 	75 	75 
005142 	419 	71 	75 	75 
005143 	413 	65 	91 	91 
005144 	413 	65 	91 	91 
005145 	413 	65 	91 	91 
005146 	413 	65 	91 	91 
005147 	427 	79 	76 	76 
005148 	427 	79 	76 	76 
005149 	413 	65 	91 	91 
005150 	413 	65 	91 	91 
005151 	413 	65 	91 	91 
005152 	413 	65 	91 	91 
005153 	413 	65 	91 	91 
005154 	427 	71 	76 	75 
005155 	427 	71 	76 	75 
005156 	427 	71 	76 	75 
005157 	427 	71 	76 	75 
005158 	419 	71 	75 	75 
005159 	413 	55 	91 	91 
005160 	427 	62 	76 	76 
005161 	435 	62 	76 	76 
005162 	444 	62 	75 	76 
005163 	444 	71 	75 	75 
005164 	433 	65 	91 	91 
005165 	423 	55 	91 	91 
005166 	427 	62 	76 	76 
005167 	413 	55 	91 	91 
005168 	413 	55 	91 	91 
005169 	413 	55 	91 	91 
005170 	413 	55 	91 	91 
005171 	413 	55 	91 	91 
005172 	413 	55 	91 	91 
005173 	427 	71 	76 	75 
005174 	427 	71 	76 	75 
005175 	427 	71 	76 	75 
005176 	413 	65 	91 	91 
005177 	413 	65 	91 	91 
005178 	419 	79 	75 	76 
005179 	413 	75 	91 	91 
005180 	419 	79 	75 	76 
005181 	419 	79 	75 	76 
005182 	403 	65 	91 	91 
005183 	403 	65 	91 	91 
005184 	403 	65 	91 	91 
005185 	419 	71 	75 	75 
005186 	413 	65 	91 	91 
005187 	427 	71 	76 	75 
005188 	435 	71 	76 	75 
005189 	433 	65 	91 	91 
005190 	443 	65 	90 	91 
005191 	443 	65 	90 	91 
005192 	444 	62 	75 	76 
005193 	435 	62 	76 	76 
005194 	423 	55 	91 	91 
005195 	423 	55 	91 	91 
005196 	435 	62 	76 	76 
005197 	433 	55 	91 	91 
005198 	433 	55 	91 	91 
005199 	435 	62 	76 	76 
005200 	435 	62 	76 	76 
005201 	423 	55 	91 	91 
005202 	423 	55 	91 	91 
005203 	423 	55 	91 	91 
005204 	423 	65 	91 	91 
005205 	423 	65 	91 	91 
005206 	423 	65 	91 	91 
005207 	423 	65 	91 	91 
005208 	423 	65 	91 	91 
005209 	423 	65 	91 	91 
005210 	423 	65 	91 	91 
005211 	423 	65 	91 	91 
005212 	423 	75 	91 	91 
005213 	423 	75 	91 	91 
005214 	423 	75 	91 	91 
005215 	423 	75 	91 	91 
005216 	423 	75 	91 	91 
005217 	423 	75 	91 	91 
005218 	423 	75 	91 	91 
005219 	423 	75 	91 	91 
005220 	423 	75 	91 	91 
005221 	423 	75 	91 	91 
005222 	423 	75 	91 	91 
005223 	423 	75 	91 	91 
005224 	423 	75 	91 	91 
005225 	435 	87 	76 	76 
005226 	435 	87 	76 	76 
005227 	433 	85 	91 	91 
005228 	433 	85 	91 	91 
005229 	433 	85 	91 	91 
005230 	433 	75 	91 	91 
005231 	435 	79 	76 	76 
005232 	435 	79 	76 	76 
005233 	423 	75 	91 	91 
005234 	423 	75 	91 	91 
005235 	423 	75 	91 	91 
005236 	423 	75 	91 	91 
005237 	423 	75 	91 	91 
005238 	423 	75 	91 	91 
005239 	423 	65 	91 	91 
005240 	423 	65 	91 	91 
005241 	423 	65 	91 	91 
005242 	423 	65 	91 	91 
005243 	423 	65 	91 	91 
005244 	423 	65 	91 	91 
005245 	423 	65 	91 	91 
005246 	423 	65 	91 	91 
005247 	423 	65 	91 	91 
005248 	423 	65 	91 	91 
005249 	423 	65 	91 	91 
005250 	423 	65 	91 	91 
005251 	423 	65 	91 	91 
005252 	423 	65 	91 	91 
005253 	423 	65 	91 	91 
005254 	423 	65 	91 	91 
005255 	427 	71 	76 	75 
005256 	423 	65 	91 	91 
005257 	423 	65 	91 	91 
005258 	423 	65 	91 	91 
005259 	423 	65 	91 	91 
005260 	423 	65 	91 	91 
005261 	423 	65 	91 	91 
005262 	423 	65 	91 	91 
005263 	427 	71 	76 	75 
005264 	423 	65 	91 	91 
005265 	423 	65 	91 	91 
005266 	423 	55 	91 	91 
005267 	435 	71 	76 	75 
005268 	435 	71 	76 	75 
005269 	435 	71 	76 	75 
005270 	433 	65 	91 	91 
005271 	444 	71 	75 	75 
005272 	444 	71 	75 	75 
005273 	444 	71 	75 	75 
005274 	444 	71 	75 	75 
005275 	444 	71 	75 	75 
005276 	444 	71 	75 	75 
005277 	444 	71 	75 	75 
005278 	444 	71 	75 	75 
005279 	444 	71 	75 	75 
005280 	444 	71 	75 	75 
005281 	444 	71 	75 	75 
005282 	444 	71 	75 	75 
005283 	444 	71 	75 	75 
005284 	444 	71 	75 	75 
005285 	433 	65 	91 	91 
005286 	433 	65 	91 	91 
005287 	433 	65 	91 	91 
005288 	433 	65 	91 	91 
005289 	433 	65 	91 	91 
005290 	435 	71 	76 	75 
005291 	435 	71 	76 	75 
005292 	435 	71 	76 	75 
005293 	435 	71 	76 	75 
005294 	435 	71 	76 	75 
005295 	435 	71 	76 	75 
005296 	435 	71 	76 	75 
005297 	435 	71 	76 	75 
005298 	435 	71 	76 	75 
005299 	435 	71 	76 	75 
005300 	423 	65 	91 	91 
005301 	423 	65 	91 	91 
005302 	423 	65 	91 	91 
005303 	423 	65 	91 	91 
005304 	423 	65 	91 	91 
005305 	423 	65 	91 	91 
005306 	435 	71 	76 	75 
005307 	435 	71 	76 	75 
005308 	423 	65 	91 	91 
005309 	423 	65 	91 	91 
005310 	423 	65 	91 	91 
005311 	423 	65 	91 	91 
005312 	423 	65 	91 	91 
005313 	423 	65 	91 	91 
005314 	423 	65 	91 	91 
005315 	423 	65 	91 	91 
005316 	423 	65 	91 	91 
005317 	423 	65 	91 	91 
005318 	427 	79 	76 	76 
005319 	423 	65 	91 	91 
005320 	423 	65 	91 	91 
005321 	423 	65 	91 	91 
005322 	423 	65 	91 	91 
005323 	423 	65 	91 	91 
005324 	423 	65 	91 	91 
005325 	423 	65 	91 	91 
005326 	427 	79 	76 	76 
005327 	423 	65 	91 	91 
005328 	423 	65 	91 	91 
005329 	427 	79 	76 	76 
005330 	427 	79 	76 	76 
005331 	427 	79 	76 	76 
005332 	427 	79 	76 	76 
005333 	427 	79 	76 	76 
005334 	427 	79 	76 	76 
005335 	427 	79 	76 	76 
005336 	427 	79 	76 	76 
005337 	427 	79 	76 	76 
005338 	427 	79 	76 	76 
005339 	427 	79 	76 	76 
005340 	423 	65 	91 	91 
005341 	423 	65 	91 	91 
005342 	423 	65 	91 	91 
005343 	423 	65 	91 	91 
005344 	423 	65 	91 	91 
005345 	423 	65 	91 	91 
005346 	423 	65 	91 	91 
005347 	423 	65 	91 	91 
005348 	423 	65 	91 	91 
005349 	427 	79 	76 	76 
005350 	427 	79 	76 	76 
005351 	423 	65 	91 	91 
005352 	423 	65 	91 	91 
005353 	423 	65 	91 	91 
005354 	435 	71 	76 	75 
005355 	433 	65 	91 	91 
005356 	433 	65 	91 	91 
005357 	433 	65 	91 	91 
005358 	433 	65 	91 	91 
005359 	435 	71 	76 	75 
005360 	435 	71 	76 	75 
005361 	423 	65 	91 	91 
005362 	423 	65 	91 	91 
005363 	423 	65 	91 	91 
005364 	423 	65 	91 	91 
005365 	423 	65 	91 	91 
005366 	423 	65 	91 	91 
005367 	423 	65 	91 	91 
005368 	423 	65 	91 	91 
005369 	423 	65 	91 	91 
005370 	423 	65 	91 	91 
005371 	423 	65 	91 	91 
005372 	423 	65 	91 	91 
005373 	423 	65 	91 	91 
005374 	423 	65 	91 	91 
005375 	423 	65 	91 	91 
005376 	423 	65 	91 	91 
005377 	423 	65 	91 	91 
005378 	435 	71 	76 	75 
005379 	435 	71 	76 	75 
005380 	435 	71 	76 	75 
005381 	435 	71 	76 	75 
005382 	433 	65 	91 	91 
005383 	433 	65 	91 	91 
005384 	433 	65 	91 	91 
005385 	433 	65 	91 	91 
005386 	444 	71 	75 	75 
005387 	444 	71 	75 	75 
005388 	444 	71 	75 	75 
005389 	444 	71 	75 	75 
005390 	443 	65 	90 	91 
005391 	443 	65 	90 	91 
005392 	443 	65 	90 	91 
005393 	443 	65 	90 	91 
005394 	443 	65 	90 	91 
005395 	444 	71 	75 	75 
005396 	444 	71 	75 	75 
005397 	444 	71 	75 	75 
005398 	444 	71 	75 	75 
005399 	444 	71 	75 	75 
005400 	444 	71 	75 	75 
005401 	444 	71 	75 	75 
005402 	444 	71 	75 	75 
005403 	444 	71 	75 	75 
005404 	444 	71 	75 	75 
005405 	443 	65 	90 	91 
005406 	443 	65 	90 	91 
005407 	443 	65 	90 	91 
005408 	443 	65 	90 	91 
005409 	443 	65 	90 	91 
005410 	443 	65 	90 	91 
005411 	444 	71 	75 	75 
005412 	433 	65 	91 	91 
005413 	433 	65 	91 	91 
005414 	433 	75 	91 	91 
005415 	433 	75 	91 	91 
005416 	433 	75 	91 	91 
005417 	435 	79 	76 	76 
005418 	435 	79 	76 	76 
005419 	435 	79 	76 	76 
005420 	435 	79 	76 	76 
005421 	423 	65 	91 	91 
005422 	423 	65 	91 	91 
005423 	423 	65 	91 	91 
005424 	423 	65 	91 	91 
005425 	423 	65 	91 	91 
005426 	435 	79 	76 	76 
005427 	433 	75 	91 	91 
005428 	433 	75 	91 	91 
005429 	443 	75 	90 	91 
005430 	443 	65 	90 	91 
005431 	443 	75 	90 	91 
005432 	443 	75 	90 	91 
005433 	444 	79 	75 	76 
005434 	433 	75 	91 	91 
005435 	433 	75 	91 	91 
005436 	433 	75 	91 	91 
005437 	433 	75 	91 	91 
005438 	433 	75 	91 	91 
005439 	433 	75 	91 	91 
005440 	433 	75 	91 	91 
005441 	433 	75 	91 	91 
005442 	435 	79 	76 	76 
005443 	423 	65 	91 	91 
005444 	423 	65 	91 	91 
005445 	435 	71 	76 	75 
005446 	435 	71 	76 	75 
005447 	435 	71 	76 	75 
005448 	435 	71 	76 	75 
005449 	435 	71 	76 	75 
005450 	435 	71 	76 	75 
005451 	433 	65 	91 	91 
005452 	433 	65 	91 	91 
005453 	433 	65 	91 	91 
005454 	433 	65 	91 	91 
005455 	433 	65 	91 	91 
005456 	433 	65 	91 	91 
005457 	433 	65 	91 	91 
005458 	433 	65 	91 	91 
005459 	433 	65 	91 	91 
005460 	433 	65 	91 	91 
005461 	433 	65 	91 	91 
005462 	433 	65 	91 	91 
005463 	433 	65 	91 	91 
005464 	433 	65 	91 	91 
005465 	433 	65 	91 	91 
005466 	433 	65 	91 	91 
005467 	444 	71 	75 	75 
005468 	444 	71 	75 	75 
005469 	444 	71 	75 	75 
005470 	444 	71 	75 	75 
005471 	443 	65 	90 	91 
005472 	443 	75 	90 	91 
005473 	443 	75 	90 	91 
005474 	443 	75 	90 	91 
005475 	443 	75 	90 	91 
005476 	443 	75 	90 	91 
005477 	443 	65 	90 	91 
005478 	444 	71 	75 	75 
005479 	433 	65 	91 	91 
005480 	433 	65 	91 	91 
005481 	435 	71 	76 	75 
005482 	423 	55 	91 	91 
005483 	427 	71 	76 	75 
005484 	427 	71 	76 	75 
005485 	413 	65 	91 	91 
005486 	413 	65 	91 	91 
005487 	413 	65 	91 	91 
005488 	419 	71 	75 	75 
005489 	419 	71 	75 	75 
005490 	403 	65 	91 	91 
005491 	403 	65 	91 	91 
005492 	419 	71 	75 	75 
005493 	419 	71 	75 	75 
005494 	413 	65 	91 	91 
005495 	413 	65 	91 	91 
005496 	413 	65 	91 	91 
005497 	413 	65 	91 	91 
005498 	413 	65 	91 	91 
005499 	413 	65 	91 	91 
005500 	413 	65 	91 	91 
005501 	413 	65 	91 	91 
005502 	413 	65 	91 	91 
005503 	419 	71 	75 	75 
005504 	419 	71 	75 	75 
005505 	419 	71 	75 	75 
005506 	419 	71 	75 	75 
005507 	413 	65 	91 	91 
005508 	413 	65 	91 	91 
005509 	413 	65 	91 	91 
005510 	413 	65 	91 	91 
005511 	413 	65 	91 	91 
005512 	413 	65 	91 	91 
005513 	413 	65 	91 	91 
005514 	413 	65 	91 	91 
005515 	427 	71 	76 	75 
005516 	413 	65 	91 	91 
005517 	427 	71 	76 	75 
005518 	427 	71 	76 	75 
005519 	427 	71 	76 	75 
005520 	423 	65 	91 	91 
005521 	423 	65 	91 	91 
005522 	423 	65 	91 	91 
005523 	423 	65 	91 	91 
005524 	423 	65 	91 	91 
005525 	423 	65 	91 	91 
005526 	423 	65 	91 	91 
005527 	423 	65 	91 	91 
005528 	423 	65 	91 	91 
005529 	435 	71 	76 	75 
005530 	435 	71 	76 	75 
005531 	433 	65 	91 	91 
005532 	433 	65 	91 	91 
005533 	433 	65 	91 	91 
005534 	433 	65 	91 	91 
005535 	435 	71 	76 	75 
005536 	423 	65 	91 	91 
005537 	423 	65 	91 	91 
005538 	423 	65 	91 	91 
005539 	435 	71 	76 	75 
005540 	435 	71 	76 	75 
005541 	423 	65 	91 	91 
