Identity  : 	id10282
Reference : 	Tf6tGc30MVM
Offset    : 	-2
FV Conf   : 	20.438
ASD Conf  : 	5.889

FRAME 	X 	Y 	W 	H 
003032 	175 	95 	53 	53 
003033 	169 	95 	53 	53 
003034 	169 	95 	53 	53 
003035 	169 	95 	53 	53 
003036 	169 	95 	53 	53 
003037 	169 	89 	53 	53 
003038 	169 	89 	53 	53 
003039 	169 	89 	53 	53 
003040 	169 	89 	53 	53 
003041 	169 	89 	53 	53 
003042 	169 	89 	53 	53 
003043 	169 	89 	53 	53 
003044 	169 	89 	53 	53 
003045 	175 	95 	53 	53 
003046 	175 	89 	53 	53 
003047 	175 	89 	53 	53 
003048 	175 	89 	53 	53 
003049 	181 	95 	53 	53 
003050 	181 	95 	53 	53 
003051 	181 	95 	53 	53 
003052 	189 	98 	44 	44 
003053 	187 	95 	53 	53 
003054 	187 	95 	53 	53 
003055 	187 	95 	53 	53 
003056 	187 	95 	53 	53 
003057 	194 	103 	44 	44 
003058 	194 	103 	44 	44 
003059 	194 	103 	44 	44 
003060 	194 	103 	44 	44 
003061 	194 	103 	44 	44 
003062 	194 	103 	44 	44 
003063 	192 	95 	53 	53 
003064 	199 	103 	44 	44 
003065 	199 	103 	44 	44 
003066 	199 	103 	44 	44 
003067 	192 	95 	53 	53 
003068 	198 	95 	53 	53 
003069 	198 	95 	53 	53 
003070 	198 	95 	53 	53 
003071 	198 	95 	53 	53 
003072 	198 	95 	53 	53 
003073 	203 	98 	45 	44 
003074 	203 	98 	45 	44 
003075 	203 	98 	45 	44 
003076 	203 	98 	45 	44 
003077 	203 	98 	45 	44 
003078 	198 	95 	53 	53 
003079 	198 	95 	53 	53 
003080 	198 	95 	53 	53 
003081 	198 	95 	53 	53 
003082 	203 	98 	45 	44 
003083 	203 	98 	45 	44 
003084 	204 	95 	53 	53 
003085 	204 	95 	53 	53 
003086 	204 	95 	53 	53 
003087 	204 	95 	53 	53 
003088 	204 	95 	53 	53 
003089 	208 	103 	44 	44 
003090 	208 	103 	44 	44 
003091 	208 	103 	44 	44 
003092 	208 	103 	44 	44 
003093 	208 	103 	44 	44 
003094 	208 	103 	44 	44 
003095 	208 	103 	44 	44 
003096 	208 	103 	44 	44 
003097 	204 	101 	53 	53 
003098 	204 	101 	53 	53 
003099 	203 	103 	45 	44 
003100 	203 	103 	45 	44 
003101 	203 	103 	45 	44 
003102 	203 	103 	45 	44 
003103 	203 	103 	45 	44 
003104 	203 	103 	45 	44 
003105 	203 	103 	45 	44 
003106 	203 	103 	45 	44 
003107 	203 	103 	45 	44 
003108 	203 	103 	45 	44 
003109 	203 	103 	45 	44 
003110 	203 	103 	45 	44 
003111 	203 	103 	45 	44 
003112 	203 	103 	45 	44 
003113 	203 	103 	45 	44 
003114 	203 	103 	45 	44 
003115 	198 	95 	53 	53 
003116 	198 	101 	53 	53 
003117 	198 	101 	53 	53 
003118 	198 	101 	53 	53 
003119 	199 	98 	44 	44 
003120 	199 	98 	44 	44 
003121 	192 	95 	53 	53 
003122 	192 	95 	53 	53 
003123 	192 	95 	53 	53 
003124 	192 	95 	53 	53 
003125 	192 	95 	53 	53 
003126 	192 	95 	53 	53 
003127 	192 	95 	53 	53 
003128 	192 	95 	53 	53 
003129 	192 	95 	53 	53 
003130 	192 	95 	53 	53 
003131 	192 	95 	53 	53 
