Identity  : 	id10308
Reference : 	ygGJs_Rh7ds
Offset    : 	-2
FV Conf   : 	13.889
ASD Conf  : 	5.490

FRAME 	X 	Y 	W 	H 
028292 	443 	135 	90 	90 
028293 	443 	135 	90 	90 
028294 	443 	135 	90 	90 
028295 	443 	135 	90 	90 
028296 	443 	135 	90 	90 
028297 	443 	135 	90 	90 
028298 	443 	125 	90 	90 
028299 	443 	125 	90 	90 
028300 	443 	125 	90 	90 
028301 	443 	125 	90 	90 
028302 	452 	129 	75 	75 
028303 	443 	115 	90 	91 
028304 	444 	129 	75 	75 
028305 	433 	115 	91 	91 
028306 	444 	129 	75 	75 
028307 	433 	125 	91 	90 
028308 	433 	125 	91 	90 
028309 	444 	129 	75 	75 
028310 	444 	129 	75 	75 
028311 	444 	129 	75 	75 
028312 	444 	137 	75 	76 
028313 	443 	125 	90 	90 
028314 	443 	125 	90 	90 
028315 	452 	137 	75 	76 
028316 	460 	137 	76 	76 
028317 	460 	137 	76 	76 
028318 	460 	137 	76 	76 
028319 	460 	137 	76 	76 
028320 	453 	135 	90 	90 
028321 	453 	135 	90 	90 
028322 	453 	135 	90 	90 
028323 	453 	135 	90 	90 
028324 	453 	135 	90 	90 
028325 	453 	135 	90 	90 
028326 	453 	135 	90 	90 
028327 	453 	135 	90 	90 
028328 	453 	135 	90 	90 
028329 	453 	135 	90 	90 
028330 	453 	135 	90 	90 
028331 	453 	135 	90 	90 
028332 	453 	135 	90 	90 
028333 	453 	135 	90 	90 
028334 	453 	135 	90 	90 
028335 	453 	135 	90 	90 
028336 	453 	135 	90 	90 
028337 	453 	135 	90 	90 
028338 	453 	135 	90 	90 
028339 	453 	135 	90 	90 
028340 	453 	135 	90 	90 
028341 	453 	135 	90 	90 
028342 	460 	137 	76 	76 
028343 	460 	137 	76 	76 
028344 	460 	137 	76 	76 
028345 	460 	137 	76 	76 
028346 	460 	137 	76 	76 
028347 	460 	137 	76 	76 
028348 	460 	137 	76 	76 
028349 	460 	137 	76 	76 
028350 	460 	137 	76 	76 
028351 	453 	135 	90 	90 
028352 	460 	137 	76 	76 
028353 	453 	135 	90 	90 
028354 	460 	137 	76 	76 
028355 	460 	137 	76 	76 
028356 	460 	137 	76 	76 
028357 	453 	135 	90 	90 
028358 	453 	135 	90 	90 
028359 	453 	135 	90 	90 
028360 	453 	135 	90 	90 
028361 	453 	135 	90 	90 
028362 	453 	135 	90 	90 
028363 	453 	135 	90 	90 
028364 	460 	137 	76 	76 
028365 	460 	137 	76 	76 
028366 	460 	137 	76 	76 
028367 	460 	137 	76 	76 
028368 	460 	137 	76 	76 
028369 	460 	137 	76 	76 
028370 	460 	137 	76 	76 
028371 	460 	137 	76 	76 
028372 	460 	137 	76 	76 
028373 	460 	137 	76 	76 
028374 	460 	137 	76 	76 
028375 	460 	137 	76 	76 
028376 	460 	137 	76 	76 
028377 	460 	137 	76 	76 
028378 	460 	137 	76 	76 
028379 	460 	137 	76 	76 
028380 	460 	137 	76 	76 
028381 	460 	137 	76 	76 
028382 	460 	137 	76 	76 
028383 	460 	137 	76 	76 
028384 	460 	137 	76 	76 
028385 	460 	137 	76 	76 
028386 	460 	137 	76 	76 
028387 	460 	137 	76 	76 
028388 	460 	137 	76 	76 
028389 	460 	137 	76 	76 
028390 	460 	137 	76 	76 
028391 	460 	137 	76 	76 
028392 	460 	137 	76 	76 
028393 	460 	137 	76 	76 
028394 	453 	125 	90 	90 
028395 	453 	125 	90 	90 
028396 	453 	125 	90 	90 
028397 	460 	137 	76 	76 
028398 	453 	125 	90 	90 
028399 	453 	125 	90 	90 
028400 	453 	125 	90 	90 
028401 	453 	125 	90 	90 
028402 	453 	125 	90 	90 
028403 	453 	125 	90 	90 
028404 	453 	125 	90 	90 
028405 	453 	125 	90 	90 
028406 	460 	137 	76 	76 
028407 	460 	137 	76 	76 
028408 	453 	135 	90 	90 
