Identity  : 	id10308
Reference : 	ygGJs_Rh7ds
Offset    : 	-2
FV Conf   : 	13.889
ASD Conf  : 	5.831

FRAME 	X 	Y 	W 	H 
028007 	460 	137 	76 	76 
028008 	460 	137 	76 	76 
028009 	460 	137 	76 	76 
028010 	460 	137 	76 	76 
028011 	460 	137 	76 	76 
028012 	460 	137 	76 	76 
028013 	460 	137 	76 	76 
028014 	460 	137 	76 	76 
028015 	460 	137 	76 	76 
028016 	453 	125 	90 	90 
028017 	460 	137 	76 	76 
028018 	453 	125 	90 	90 
028019 	453 	125 	90 	90 
028020 	452 	137 	75 	76 
028021 	452 	137 	75 	76 
028022 	443 	125 	90 	90 
028023 	443 	125 	90 	90 
028024 	443 	125 	90 	90 
028025 	443 	125 	90 	90 
028026 	443 	125 	90 	90 
028027 	443 	125 	90 	90 
028028 	443 	125 	90 	90 
028029 	443 	125 	90 	90 
028030 	443 	125 	90 	90 
028031 	443 	125 	90 	90 
028032 	443 	125 	90 	90 
028033 	443 	125 	90 	90 
028034 	443 	125 	90 	90 
028035 	443 	125 	90 	90 
028036 	443 	125 	90 	90 
028037 	443 	125 	90 	90 
028038 	443 	125 	90 	90 
028039 	443 	125 	90 	90 
028040 	452 	129 	75 	75 
028041 	452 	129 	75 	75 
028042 	452 	129 	75 	75 
028043 	452 	129 	75 	75 
028044 	452 	129 	75 	75 
028045 	443 	125 	90 	90 
028046 	443 	125 	90 	90 
028047 	443 	125 	90 	90 
028048 	452 	137 	75 	76 
028049 	452 	137 	75 	76 
028050 	452 	137 	75 	76 
028051 	452 	137 	75 	76 
028052 	452 	137 	75 	76 
028053 	452 	137 	75 	76 
028054 	452 	137 	75 	76 
028055 	452 	137 	75 	76 
028056 	452 	137 	75 	76 
028057 	452 	137 	75 	76 
028058 	460 	137 	76 	76 
028059 	460 	137 	76 	76 
028060 	460 	137 	76 	76 
028061 	460 	137 	76 	76 
028062 	453 	135 	90 	90 
028063 	453 	135 	90 	90 
028064 	453 	135 	90 	90 
028065 	453 	135 	90 	90 
028066 	453 	135 	90 	90 
028067 	453 	135 	90 	90 
028068 	453 	135 	90 	90 
028069 	453 	135 	90 	90 
028070 	453 	135 	90 	90 
028071 	453 	135 	90 	90 
028072 	453 	135 	90 	90 
028073 	453 	135 	90 	90 
028074 	453 	135 	90 	90 
028075 	453 	135 	90 	90 
028076 	453 	135 	90 	90 
028077 	468 	137 	76 	76 
028078 	453 	135 	90 	90 
028079 	453 	135 	90 	90 
028080 	453 	135 	90 	90 
028081 	453 	135 	90 	90 
028082 	453 	135 	90 	90 
028083 	453 	135 	90 	90 
028084 	453 	135 	90 	90 
028085 	453 	135 	90 	90 
028086 	453 	135 	90 	90 
028087 	453 	135 	90 	90 
028088 	468 	137 	76 	76 
028089 	468 	137 	76 	76 
028090 	468 	137 	76 	76 
028091 	468 	137 	76 	76 
028092 	468 	137 	76 	76 
028093 	468 	137 	76 	76 
028094 	468 	137 	76 	76 
028095 	468 	137 	76 	76 
028096 	468 	137 	76 	76 
028097 	468 	137 	76 	76 
028098 	460 	137 	76 	76 
028099 	460 	137 	76 	76 
028100 	468 	137 	76 	76 
028101 	468 	137 	76 	76 
028102 	468 	137 	76 	76 
028103 	468 	137 	76 	76 
028104 	468 	137 	76 	76 
028105 	468 	137 	76 	76 
028106 	468 	137 	76 	76 
028107 	468 	137 	76 	76 
028108 	468 	137 	76 	76 
028109 	468 	137 	76 	76 
028110 	468 	137 	76 	76 
028111 	468 	137 	76 	76 
028112 	468 	137 	76 	76 
028113 	468 	137 	76 	76 
028114 	468 	137 	76 	76 
028115 	468 	137 	76 	76 
028116 	468 	137 	76 	76 
028117 	468 	137 	76 	76 
028118 	468 	137 	76 	76 
028119 	468 	137 	76 	76 
028120 	468 	137 	76 	76 
028121 	468 	137 	76 	76 
028122 	468 	137 	76 	76 
028123 	468 	137 	76 	76 
028124 	468 	137 	76 	76 
028125 	468 	137 	76 	76 
028126 	468 	137 	76 	76 
028127 	468 	137 	76 	76 
028128 	468 	137 	76 	76 
028129 	468 	137 	76 	76 
028130 	468 	137 	76 	76 
028131 	468 	137 	76 	76 
028132 	460 	137 	76 	76 
028133 	453 	125 	90 	90 
028134 	460 	129 	76 	75 
028135 	460 	129 	76 	75 
028136 	460 	129 	76 	75 
028137 	460 	129 	76 	75 
028138 	460 	129 	76 	75 
028139 	460 	129 	76 	75 
028140 	460 	129 	76 	75 
028141 	460 	129 	76 	75 
028142 	460 	129 	76 	75 
028143 	460 	129 	76 	75 
028144 	460 	129 	76 	75 
028145 	460 	129 	76 	75 
028146 	460 	129 	76 	75 
028147 	460 	129 	76 	75 
