Identity  : 	id10287
Reference : 	I99R40TUF1s
Offset    : 	-1
FV Conf   : 	20.648
ASD Conf  : 	4.591

FRAME 	X 	Y 	W 	H 
001107 	280 	94 	130 	130 
001108 	267 	79 	156 	156 
001109 	267 	79 	156 	156 
001110 	267 	79 	156 	156 
001111 	267 	79 	156 	156 
001112 	267 	79 	156 	156 
001113 	267 	79 	156 	156 
001114 	267 	79 	156 	156 
001115 	267 	79 	156 	156 
001116 	267 	79 	156 	156 
001117 	267 	79 	156 	156 
001118 	267 	79 	156 	156 
001119 	280 	94 	130 	130 
001120 	280 	94 	130 	130 
001121 	280 	94 	130 	130 
001122 	280 	94 	130 	130 
001123 	280 	94 	130 	130 
001124 	280 	94 	130 	130 
001125 	280 	94 	130 	130 
001126 	280 	94 	130 	130 
001127 	280 	94 	130 	130 
001128 	280 	94 	130 	130 
001129 	280 	94 	130 	130 
001130 	280 	94 	130 	130 
001131 	267 	79 	156 	156 
001132 	280 	94 	130 	130 
001133 	267 	79 	156 	156 
001134 	280 	94 	130 	130 
001135 	267 	79 	156 	156 
001136 	267 	79 	156 	156 
001137 	280 	94 	130 	130 
001138 	280 	94 	130 	130 
001139 	280 	94 	130 	130 
001140 	280 	94 	130 	130 
001141 	280 	94 	130 	130 
001142 	280 	94 	130 	130 
001143 	280 	94 	130 	130 
001144 	280 	94 	130 	130 
001145 	280 	94 	130 	130 
001146 	280 	94 	130 	130 
001147 	280 	94 	130 	130 
001148 	280 	94 	130 	130 
001149 	280 	94 	130 	130 
001150 	280 	94 	130 	130 
001151 	280 	94 	130 	130 
001152 	280 	94 	130 	130 
001153 	280 	94 	130 	130 
001154 	280 	94 	130 	130 
001155 	280 	94 	130 	130 
001156 	280 	94 	130 	130 
001157 	280 	94 	130 	130 
001158 	280 	94 	130 	130 
001159 	280 	94 	130 	130 
001160 	280 	94 	130 	130 
001161 	280 	94 	130 	130 
001162 	280 	94 	130 	130 
001163 	280 	94 	130 	130 
001164 	280 	94 	130 	130 
001165 	267 	79 	156 	156 
001166 	267 	79 	156 	156 
001167 	280 	94 	130 	130 
001168 	280 	94 	130 	130 
001169 	267 	79 	156 	156 
001170 	267 	79 	156 	156 
001171 	280 	94 	130 	130 
001172 	280 	94 	130 	130 
001173 	280 	94 	130 	130 
001174 	280 	94 	130 	130 
001175 	280 	94 	130 	130 
001176 	280 	94 	130 	130 
001177 	294 	94 	130 	130 
001178 	294 	94 	130 	130 
001179 	294 	94 	130 	130 
001180 	294 	94 	130 	130 
001181 	294 	94 	130 	130 
001182 	294 	94 	130 	130 
001183 	294 	94 	130 	130 
001184 	294 	94 	130 	130 
001185 	294 	94 	130 	130 
001186 	294 	94 	130 	130 
001187 	294 	94 	130 	130 
001188 	294 	94 	130 	130 
001189 	294 	94 	130 	130 
001190 	294 	94 	130 	130 
001191 	294 	94 	130 	130 
001192 	294 	94 	130 	130 
001193 	294 	94 	130 	130 
001194 	294 	94 	130 	130 
001195 	294 	94 	130 	130 
001196 	294 	94 	130 	130 
001197 	285 	79 	155 	156 
001198 	285 	79 	155 	156 
001199 	285 	62 	155 	155 
001200 	285 	62 	155 	155 
001201 	302 	62 	156 	155 
001202 	302 	62 	156 	155 
001203 	302 	62 	156 	155 
001204 	302 	62 	156 	155 
001205 	302 	62 	156 	155 
001206 	302 	79 	156 	156 
001207 	302 	79 	156 	156 
001208 	302 	62 	156 	155 
001209 	302 	62 	156 	155 
001210 	302 	62 	156 	155 
001211 	302 	62 	156 	155 
001212 	302 	79 	156 	156 
001213 	302 	79 	156 	156 
001214 	302 	79 	156 	156 
001215 	302 	79 	156 	156 
001216 	285 	79 	155 	156 
001217 	285 	79 	155 	156 
001218 	309 	94 	130 	130 
001219 	309 	94 	130 	130 
001220 	285 	96 	155 	156 
001221 	285 	96 	155 	156 
001222 	302 	96 	156 	156 
