Identity  : 	id10299
Reference : 	SX-117N_MoI
Offset    : 	0
FV Conf   : 	16.524
ASD Conf  : 	8.615

FRAME 	X 	Y 	W 	H 
003077 	178 	71 	76 	75 
003078 	178 	71 	76 	75 
003079 	183 	80 	63 	63 
003080 	183 	80 	63 	63 
003081 	183 	80 	63 	63 
003082 	183 	80 	63 	63 
003083 	178 	79 	76 	76 
003084 	183 	80 	63 	63 
003085 	178 	79 	76 	76 
003086 	183 	80 	63 	63 
003087 	183 	80 	63 	63 
003088 	183 	80 	63 	63 
003089 	183 	80 	63 	63 
003090 	183 	80 	63 	63 
003091 	183 	80 	63 	63 
003092 	183 	80 	63 	63 
003093 	183 	80 	63 	63 
003094 	183 	80 	63 	63 
003095 	183 	80 	63 	63 
003096 	183 	80 	63 	63 
003097 	183 	80 	63 	63 
003098 	178 	71 	76 	75 
003099 	178 	71 	76 	75 
003100 	178 	71 	76 	75 
003101 	178 	71 	76 	75 
003102 	178 	71 	76 	75 
003103 	170 	71 	75 	75 
003104 	170 	71 	75 	75 
003105 	170 	71 	75 	75 
003106 	170 	71 	75 	75 
003107 	170 	71 	75 	75 
003108 	170 	71 	75 	75 
003109 	178 	71 	76 	75 
003110 	178 	71 	76 	75 
003111 	178 	71 	76 	75 
003112 	178 	71 	76 	75 
003113 	170 	71 	75 	75 
003114 	170 	71 	75 	75 
003115 	170 	71 	75 	75 
003116 	170 	71 	75 	75 
003117 	170 	71 	75 	75 
003118 	170 	79 	75 	76 
003119 	170 	79 	75 	76 
003120 	170 	79 	75 	76 
003121 	170 	71 	75 	75 
003122 	176 	80 	63 	63 
003123 	170 	71 	75 	75 
003124 	170 	71 	75 	75 
003125 	170 	71 	75 	75 
003126 	170 	71 	75 	75 
003127 	170 	71 	75 	75 
003128 	170 	71 	75 	75 
003129 	170 	71 	75 	75 
003130 	170 	71 	75 	75 
003131 	170 	71 	75 	75 
003132 	170 	71 	75 	75 
003133 	170 	71 	75 	75 
003134 	170 	71 	75 	75 
003135 	170 	71 	75 	75 
003136 	170 	71 	75 	75 
003137 	162 	71 	75 	75 
003138 	162 	71 	75 	75 
003139 	162 	71 	75 	75 
003140 	162 	71 	75 	75 
003141 	162 	71 	75 	75 
003142 	162 	71 	75 	75 
003143 	162 	71 	75 	75 
003144 	162 	71 	75 	75 
003145 	162 	71 	75 	75 
003146 	162 	71 	75 	75 
003147 	162 	71 	75 	75 
003148 	162 	71 	75 	75 
003149 	162 	71 	75 	75 
003150 	162 	79 	75 	76 
003151 	162 	79 	75 	76 
003152 	162 	79 	75 	76 
003153 	162 	79 	75 	76 
003154 	162 	79 	75 	76 
003155 	162 	80 	63 	63 
003156 	162 	79 	75 	76 
003157 	162 	79 	75 	76 
003158 	162 	79 	75 	76 
003159 	162 	79 	75 	76 
003160 	162 	79 	75 	76 
003161 	162 	80 	63 	63 
003162 	162 	79 	75 	76 
003163 	162 	79 	75 	76 
003164 	162 	71 	75 	75 
003165 	162 	71 	75 	75 
003166 	162 	71 	75 	75 
003167 	162 	71 	75 	75 
003168 	162 	71 	75 	75 
003169 	162 	71 	75 	75 
003170 	162 	71 	75 	75 
003171 	162 	71 	75 	75 
003172 	162 	71 	75 	75 
003173 	162 	71 	75 	75 
003174 	162 	71 	75 	75 
003175 	162 	71 	75 	75 
003176 	162 	71 	75 	75 
003177 	162 	71 	75 	75 
003178 	162 	71 	75 	75 
003179 	162 	71 	75 	75 
003180 	162 	71 	75 	75 
003181 	162 	71 	75 	75 
003182 	162 	71 	75 	75 
003183 	162 	71 	75 	75 
003184 	162 	71 	75 	75 
003185 	162 	71 	75 	75 
003186 	162 	71 	75 	75 
003187 	162 	71 	75 	75 
003188 	162 	71 	75 	75 
003189 	162 	71 	75 	75 
003190 	162 	71 	75 	75 
003191 	162 	71 	75 	75 
003192 	162 	71 	75 	75 
003193 	162 	71 	75 	75 
003194 	153 	62 	76 	76 
003195 	153 	62 	76 	76 
003196 	153 	71 	76 	75 
003197 	153 	71 	76 	75 
003198 	153 	71 	76 	75 
003199 	162 	71 	75 	75 
003200 	162 	71 	75 	75 
003201 	162 	71 	75 	75 
003202 	162 	71 	75 	75 
003203 	162 	71 	75 	75 
003204 	162 	71 	75 	75 
003205 	162 	71 	75 	75 
003206 	162 	71 	75 	75 
003207 	162 	71 	75 	75 
003208 	162 	80 	63 	63 
003209 	162 	80 	63 	63 
003210 	162 	80 	63 	63 
003211 	153 	71 	76 	75 
003212 	153 	71 	76 	75 
003213 	153 	71 	76 	75 
003214 	153 	71 	76 	75 
003215 	153 	71 	76 	75 
003216 	153 	71 	76 	75 
003217 	153 	71 	76 	75 
003218 	153 	71 	76 	75 
003219 	153 	71 	76 	75 
003220 	153 	71 	76 	75 
003221 	153 	71 	76 	75 
003222 	153 	71 	76 	75 
003223 	153 	71 	76 	75 
003224 	153 	71 	76 	75 
003225 	153 	71 	76 	75 
003226 	153 	71 	76 	75 
003227 	153 	71 	76 	75 
003228 	162 	71 	75 	75 
003229 	162 	71 	75 	75 
003230 	162 	71 	75 	75 
003231 	162 	71 	75 	75 
003232 	162 	71 	75 	75 
003233 	162 	71 	75 	75 
003234 	162 	71 	75 	75 
003235 	162 	71 	75 	75 
003236 	162 	71 	75 	75 
003237 	162 	71 	75 	75 
003238 	162 	71 	75 	75 
003239 	170 	71 	75 	75 
003240 	170 	71 	75 	75 
003241 	170 	71 	75 	75 
003242 	170 	79 	75 	76 
003243 	170 	79 	75 	76 
003244 	170 	79 	75 	76 
003245 	170 	79 	75 	76 
003246 	170 	79 	75 	76 
003247 	170 	79 	75 	76 
003248 	170 	79 	75 	76 
003249 	170 	79 	75 	76 
003250 	170 	79 	75 	76 
003251 	170 	79 	75 	76 
003252 	170 	79 	75 	76 
003253 	170 	79 	75 	76 
003254 	170 	79 	75 	76 
003255 	170 	79 	75 	76 
003256 	170 	79 	75 	76 
003257 	170 	79 	75 	76 
003258 	170 	79 	75 	76 
003259 	170 	79 	75 	76 
003260 	170 	79 	75 	76 
003261 	170 	79 	75 	76 
003262 	176 	80 	63 	63 
003263 	169 	80 	63 	63 
003264 	169 	80 	63 	63 
003265 	169 	80 	63 	63 
003266 	162 	71 	75 	75 
003267 	162 	71 	75 	75 
003268 	162 	71 	75 	75 
003269 	162 	71 	75 	75 
003270 	162 	71 	75 	75 
003271 	162 	71 	75 	75 
003272 	162 	71 	75 	75 
003273 	162 	71 	75 	75 
003274 	162 	71 	75 	75 
003275 	162 	71 	75 	75 
003276 	162 	71 	75 	75 
003277 	162 	71 	75 	75 
003278 	162 	79 	75 	76 
003279 	162 	79 	75 	76 
003280 	162 	79 	75 	76 
003281 	162 	79 	75 	76 
003282 	162 	79 	75 	76 
003283 	162 	79 	75 	76 
003284 	162 	79 	75 	76 
003285 	162 	79 	75 	76 
003286 	162 	79 	75 	76 
003287 	162 	79 	75 	76 
003288 	162 	79 	75 	76 
003289 	162 	79 	75 	76 
003290 	162 	79 	75 	76 
003291 	162 	79 	75 	76 
003292 	162 	79 	75 	76 
003293 	162 	80 	63 	63 
003294 	162 	80 	63 	63 
003295 	162 	80 	63 	63 
003296 	162 	80 	63 	63 
003297 	162 	80 	63 	63 
003298 	153 	71 	76 	75 
003299 	153 	71 	76 	75 
003300 	153 	71 	76 	75 
003301 	153 	71 	76 	75 
003302 	153 	71 	76 	75 
003303 	162 	80 	63 	63 
003304 	162 	80 	63 	63 
003305 	162 	80 	63 	63 
003306 	162 	80 	63 	63 
003307 	162 	80 	63 	63 
003308 	162 	80 	63 	63 
003309 	162 	80 	63 	63 
003310 	162 	80 	63 	63 
003311 	162 	80 	63 	63 
003312 	162 	80 	63 	63 
003313 	162 	80 	63 	63 
003314 	162 	80 	63 	63 
003315 	162 	80 	63 	63 
003316 	162 	80 	63 	63 
003317 	162 	80 	63 	63 
003318 	162 	80 	63 	63 
003319 	162 	80 	63 	63 
003320 	153 	71 	76 	75 
003321 	153 	71 	76 	75 
003322 	162 	71 	75 	75 
003323 	162 	71 	75 	75 
003324 	162 	71 	75 	75 
003325 	162 	71 	75 	75 
003326 	162 	71 	75 	75 
003327 	162 	71 	75 	75 
003328 	162 	71 	75 	75 
003329 	162 	71 	75 	75 
003330 	162 	71 	75 	75 
003331 	162 	71 	75 	75 
003332 	162 	71 	75 	75 
003333 	162 	71 	75 	75 
003334 	162 	71 	75 	75 
003335 	162 	73 	63 	63 
003336 	162 	73 	63 	63 
003337 	162 	73 	63 	63 
003338 	162 	73 	63 	63 
003339 	153 	71 	76 	75 
003340 	153 	71 	76 	75 
003341 	153 	71 	76 	75 
003342 	153 	71 	76 	75 
003343 	153 	71 	76 	75 
003344 	153 	71 	76 	75 
003345 	153 	71 	76 	75 
003346 	153 	71 	76 	75 
003347 	153 	71 	76 	75 
003348 	155 	80 	63 	63 
003349 	153 	71 	76 	75 
003350 	155 	80 	63 	63 
003351 	155 	80 	63 	63 
003352 	155 	80 	63 	63 
003353 	145 	71 	76 	75 
003354 	155 	80 	63 	63 
003355 	153 	71 	76 	75 
003356 	153 	71 	76 	75 
003357 	153 	71 	76 	75 
003358 	153 	71 	76 	75 
003359 	153 	71 	76 	75 
003360 	153 	71 	76 	75 
003361 	153 	71 	76 	75 
003362 	153 	71 	76 	75 
003363 	153 	71 	76 	75 
003364 	153 	71 	76 	75 
003365 	162 	71 	75 	75 
003366 	162 	71 	75 	75 
003367 	153 	62 	76 	76 
003368 	153 	71 	76 	75 
003369 	153 	71 	76 	75 
003370 	153 	71 	76 	75 
003371 	153 	71 	76 	75 
003372 	153 	71 	76 	75 
003373 	153 	71 	76 	75 
003374 	153 	71 	76 	75 
003375 	153 	71 	76 	75 
003376 	153 	71 	76 	75 
003377 	153 	71 	76 	75 
003378 	153 	71 	76 	75 
003379 	153 	71 	76 	75 
003380 	153 	71 	76 	75 
003381 	153 	71 	76 	75 
003382 	153 	71 	76 	75 
003383 	153 	71 	76 	75 
003384 	153 	71 	76 	75 
003385 	153 	71 	76 	75 
003386 	153 	71 	76 	75 
003387 	162 	71 	75 	75 
003388 	162 	71 	75 	75 
003389 	162 	71 	75 	75 
003390 	170 	71 	75 	75 
003391 	170 	71 	75 	75 
003392 	176 	80 	63 	63 
003393 	176 	80 	63 	63 
003394 	170 	79 	75 	76 
003395 	183 	80 	63 	63 
003396 	178 	79 	76 	76 
003397 	183 	80 	63 	63 
003398 	183 	80 	63 	63 
003399 	183 	80 	63 	63 
003400 	170 	79 	75 	76 
003401 	176 	80 	63 	63 
003402 	176 	80 	63 	63 
003403 	176 	80 	63 	63 
003404 	170 	79 	75 	76 
003405 	170 	79 	75 	76 
003406 	170 	79 	75 	76 
003407 	170 	79 	75 	76 
003408 	170 	79 	75 	76 
003409 	170 	79 	75 	76 
003410 	170 	79 	75 	76 
003411 	170 	71 	75 	75 
003412 	170 	71 	75 	75 
003413 	170 	71 	75 	75 
003414 	170 	71 	75 	75 
003415 	170 	71 	75 	75 
003416 	170 	71 	75 	75 
003417 	170 	71 	75 	75 
003418 	170 	71 	75 	75 
003419 	170 	71 	75 	75 
003420 	170 	71 	75 	75 
003421 	162 	71 	75 	75 
003422 	162 	71 	75 	75 
003423 	162 	71 	75 	75 
003424 	162 	71 	75 	75 
003425 	162 	71 	75 	75 
003426 	162 	71 	75 	75 
003427 	162 	71 	75 	75 
003428 	169 	80 	63 	63 
003429 	162 	71 	75 	75 
003430 	162 	71 	75 	75 
003431 	162 	71 	75 	75 
003432 	162 	71 	75 	75 
003433 	162 	71 	75 	75 
003434 	162 	71 	75 	75 
003435 	162 	71 	75 	75 
003436 	162 	71 	75 	75 
003437 	162 	71 	75 	75 
003438 	162 	71 	75 	75 
003439 	162 	71 	75 	75 
003440 	162 	71 	75 	75 
003441 	162 	71 	75 	75 
003442 	162 	71 	75 	75 
003443 	162 	71 	75 	75 
003444 	162 	71 	75 	75 
003445 	162 	71 	75 	75 
003446 	162 	71 	75 	75 
003447 	162 	71 	75 	75 
003448 	162 	71 	75 	75 
003449 	162 	71 	75 	75 
003450 	162 	71 	75 	75 
003451 	162 	71 	75 	75 
003452 	162 	71 	75 	75 
003453 	162 	71 	75 	75 
003454 	162 	71 	75 	75 
003455 	169 	80 	63 	63 
003456 	169 	80 	63 	63 
003457 	169 	80 	63 	63 
003458 	169 	80 	63 	63 
003459 	169 	80 	63 	63 
003460 	169 	80 	63 	63 
003461 	169 	80 	63 	63 
003462 	169 	80 	63 	63 
003463 	169 	80 	63 	63 
003464 	169 	80 	63 	63 
003465 	169 	80 	63 	63 
003466 	162 	71 	75 	75 
003467 	169 	80 	63 	63 
003468 	162 	71 	75 	75 
003469 	162 	71 	75 	75 
003470 	170 	71 	75 	75 
003471 	169 	80 	63 	63 
003472 	169 	80 	63 	63 
003473 	169 	80 	63 	63 
003474 	169 	80 	63 	63 
003475 	169 	80 	63 	63 
003476 	169 	80 	63 	63 
003477 	170 	71 	75 	75 
003478 	170 	71 	75 	75 
003479 	170 	71 	75 	75 
003480 	170 	71 	75 	75 
003481 	170 	71 	75 	75 
003482 	170 	71 	75 	75 
003483 	170 	71 	75 	75 
003484 	170 	71 	75 	75 
003485 	170 	71 	75 	75 
003486 	170 	71 	75 	75 
003487 	170 	71 	75 	75 
003488 	170 	71 	75 	75 
003489 	170 	71 	75 	75 
003490 	170 	71 	75 	75 
003491 	170 	71 	75 	75 
003492 	170 	71 	75 	75 
003493 	170 	71 	75 	75 
003494 	170 	71 	75 	75 
003495 	170 	71 	75 	75 
003496 	170 	71 	75 	75 
003497 	170 	71 	75 	75 
003498 	170 	71 	75 	75 
003499 	170 	71 	75 	75 
003500 	170 	71 	75 	75 
003501 	170 	71 	75 	75 
003502 	170 	71 	75 	75 
