Identity  : 	id10278
Reference : 	d3By4475krs
Offset    : 	1
FV Conf   : 	15.756
ASD Conf  : 	7.465

FRAME 	X 	Y 	W 	H 
002203 	221 	54 	109 	109 
002204 	221 	54 	109 	109 
002205 	221 	54 	109 	109 
002206 	221 	54 	109 	109 
002207 	221 	54 	109 	109 
002208 	208 	51 	130 	130 
002209 	221 	66 	109 	109 
002210 	221 	54 	109 	109 
002211 	221 	54 	109 	109 
002212 	221 	54 	109 	109 
002213 	221 	66 	109 	109 
002214 	221 	66 	109 	109 
002215 	208 	51 	130 	130 
002216 	208 	51 	130 	130 
002217 	209 	66 	109 	109 
002218 	209 	66 	109 	109 
002219 	194 	51 	130 	130 
002220 	194 	51 	130 	130 
002221 	197 	66 	109 	109 
002222 	197 	66 	109 	109 
002223 	197 	66 	109 	109 
002224 	197 	66 	109 	109 
002225 	180 	51 	130 	130 
002226 	197 	66 	109 	109 
002227 	180 	51 	130 	130 
002228 	197 	66 	109 	109 
002229 	197 	66 	109 	109 
002230 	194 	51 	130 	130 
002231 	194 	51 	130 	130 
002232 	194 	51 	130 	130 
002233 	194 	51 	130 	130 
002234 	194 	51 	130 	130 
002235 	194 	51 	130 	130 
002236 	194 	51 	130 	130 
002237 	194 	51 	130 	130 
002238 	194 	51 	130 	130 
002239 	194 	51 	130 	130 
002240 	194 	51 	130 	130 
002241 	194 	51 	130 	130 
002242 	194 	51 	130 	130 
002243 	194 	51 	130 	130 
002244 	194 	51 	130 	130 
002245 	209 	66 	109 	109 
002246 	194 	51 	130 	130 
002247 	194 	51 	130 	130 
002248 	194 	51 	130 	130 
002249 	209 	66 	109 	109 
002250 	209 	66 	109 	109 
002251 	209 	66 	109 	109 
002252 	209 	66 	109 	109 
002253 	209 	66 	109 	109 
002254 	208 	51 	130 	130 
002255 	208 	51 	130 	130 
002256 	208 	51 	130 	130 
002257 	208 	51 	130 	130 
002258 	208 	37 	130 	130 
002259 	208 	37 	130 	130 
002260 	208 	51 	130 	130 
002261 	208 	51 	130 	130 
002262 	208 	51 	130 	130 
002263 	221 	66 	109 	109 
002264 	208 	51 	130 	130 
002265 	221 	66 	109 	109 
002266 	221 	66 	109 	109 
002267 	221 	66 	109 	109 
002268 	208 	51 	130 	130 
002269 	208 	51 	130 	130 
002270 	208 	51 	130 	130 
002271 	221 	78 	109 	109 
002272 	221 	78 	109 	109 
002273 	223 	66 	130 	130 
002274 	223 	66 	130 	130 
002275 	233 	78 	109 	109 
002276 	233 	78 	109 	109 
002277 	223 	66 	130 	130 
002278 	223 	66 	130 	130 
002279 	223 	66 	130 	130 
002280 	223 	66 	130 	130 
002281 	223 	66 	130 	130 
002282 	223 	66 	130 	130 
002283 	223 	66 	130 	130 
002284 	223 	66 	130 	130 
002285 	223 	66 	130 	130 
002286 	223 	66 	130 	130 
002287 	221 	66 	109 	109 
002288 	221 	66 	109 	109 
002289 	221 	66 	109 	109 
002290 	221 	66 	109 	109 
002291 	221 	66 	109 	109 
002292 	221 	66 	109 	109 
002293 	221 	66 	109 	109 
002294 	208 	37 	130 	130 
002295 	208 	37 	130 	130 
002296 	208 	37 	130 	130 
002297 	208 	37 	130 	130 
002298 	208 	37 	130 	130 
002299 	208 	37 	130 	130 
002300 	208 	37 	130 	130 
002301 	208 	37 	130 	130 
002302 	208 	37 	130 	130 
002303 	208 	37 	130 	130 
002304 	208 	37 	130 	130 
002305 	208 	37 	130 	130 
002306 	208 	37 	130 	130 
002307 	208 	37 	130 	130 
002308 	208 	37 	130 	130 
002309 	221 	66 	109 	109 
002310 	221 	66 	109 	109 
002311 	208 	37 	130 	130 
002312 	208 	37 	130 	130 
002313 	208 	37 	130 	130 
002314 	224 	65 	91 	91 
002315 	208 	37 	130 	130 
002316 	224 	65 	91 	91 
002317 	224 	65 	91 	91 
002318 	209 	66 	109 	109 
002319 	209 	66 	109 	109 
002320 	209 	66 	109 	109 
002321 	209 	66 	109 	109 
002322 	209 	66 	109 	109 
002323 	208 	37 	130 	130 
002324 	208 	37 	130 	130 
002325 	208 	37 	130 	130 
002326 	208 	37 	130 	130 
002327 	208 	37 	130 	130 
002328 	209 	66 	109 	109 
002329 	209 	66 	109 	109 
002330 	194 	51 	130 	130 
002331 	209 	78 	109 	109 
002332 	209 	78 	109 	109 
002333 	194 	66 	130 	130 
002334 	194 	66 	130 	130 
002335 	194 	66 	130 	130 
002336 	194 	66 	130 	130 
002337 	194 	66 	130 	130 
002338 	194 	66 	130 	130 
002339 	194 	66 	130 	130 
002340 	194 	66 	130 	130 
002341 	194 	51 	130 	130 
002342 	194 	51 	130 	130 
002343 	194 	51 	130 	130 
002344 	208 	51 	130 	130 
002345 	208 	51 	130 	130 
002346 	208 	51 	130 	130 
002347 	208 	51 	130 	130 
002348 	208 	51 	130 	130 
002349 	208 	51 	130 	130 
002350 	208 	51 	130 	130 
002351 	208 	51 	130 	130 
002352 	208 	51 	130 	130 
002353 	208 	51 	130 	130 
002354 	194 	37 	130 	130 
002355 	194 	37 	130 	130 
002356 	194 	37 	130 	130 
002357 	194 	37 	130 	130 
002358 	194 	37 	130 	130 
002359 	194 	37 	130 	130 
002360 	194 	37 	130 	130 
002361 	194 	37 	130 	130 
002362 	194 	37 	130 	130 
002363 	194 	37 	130 	130 
002364 	194 	37 	130 	130 
002365 	194 	37 	130 	130 
002366 	194 	37 	130 	130 
002367 	194 	37 	130 	130 
002368 	194 	37 	130 	130 
002369 	194 	37 	130 	130 
002370 	194 	37 	130 	130 
002371 	194 	37 	130 	130 
002372 	194 	37 	130 	130 
002373 	194 	37 	130 	130 
002374 	194 	37 	130 	130 
002375 	194 	37 	130 	130 
002376 	194 	37 	130 	130 
002377 	194 	37 	130 	130 
002378 	208 	51 	130 	130 
002379 	208 	66 	130 	130 
002380 	208 	66 	130 	130 
002381 	181 	44 	156 	156 
002382 	181 	44 	156 	156 
002383 	181 	44 	156 	156 
002384 	181 	44 	156 	156 
002385 	209 	78 	109 	109 
002386 	209 	78 	109 	109 
002387 	194 	51 	130 	130 
002388 	194 	51 	130 	130 
002389 	194 	51 	130 	130 
002390 	194 	51 	130 	130 
002391 	194 	51 	130 	130 
002392 	194 	51 	130 	130 
002393 	194 	51 	130 	130 
002394 	194 	51 	130 	130 
002395 	194 	51 	130 	130 
002396 	194 	37 	130 	130 
002397 	194 	37 	130 	130 
002398 	194 	37 	130 	130 
002399 	194 	37 	130 	130 
002400 	194 	51 	130 	130 
002401 	209 	66 	109 	109 
002402 	194 	51 	130 	130 
002403 	194 	51 	130 	130 
002404 	194 	51 	130 	130 
002405 	194 	51 	130 	130 
002406 	194 	51 	130 	130 
002407 	194 	51 	130 	130 
002408 	194 	51 	130 	130 
002409 	194 	51 	130 	130 
002410 	194 	51 	130 	130 
002411 	194 	51 	130 	130 
002412 	194 	51 	130 	130 
002413 	194 	51 	130 	130 
002414 	194 	51 	130 	130 
002415 	194 	51 	130 	130 
002416 	194 	51 	130 	130 
002417 	194 	51 	130 	130 
002418 	194 	51 	130 	130 
002419 	194 	51 	130 	130 
002420 	194 	51 	130 	130 
002421 	194 	51 	130 	130 
002422 	194 	51 	130 	130 
002423 	194 	51 	130 	130 
002424 	194 	51 	130 	130 
002425 	194 	51 	130 	130 
002426 	194 	51 	130 	130 
002427 	194 	51 	130 	130 
002428 	194 	51 	130 	130 
002429 	194 	51 	130 	130 
002430 	194 	51 	130 	130 
002431 	194 	51 	130 	130 
002432 	194 	51 	130 	130 
002433 	194 	51 	130 	130 
002434 	194 	51 	130 	130 
