Identity  : 	id10278
Reference : 	d3By4475krs
Offset    : 	1
FV Conf   : 	16.079
ASD Conf  : 	6.185

FRAME 	X 	Y 	W 	H 
001018 	223 	80 	130 	130 
001019 	208 	80 	130 	130 
001020 	208 	80 	130 	130 
001021 	221 	78 	109 	109 
001022 	221 	78 	109 	109 
001023 	221 	78 	109 	109 
001024 	208 	80 	130 	130 
001025 	208 	80 	130 	130 
001026 	208 	80 	130 	130 
001027 	208 	80 	130 	130 
001028 	208 	80 	130 	130 
001029 	208 	80 	130 	130 
001030 	208 	80 	130 	130 
001031 	208 	80 	130 	130 
001032 	221 	90 	109 	109 
001033 	221 	90 	109 	109 
001034 	221 	90 	109 	109 
001035 	221 	90 	109 	109 
001036 	233 	90 	109 	109 
001037 	233 	90 	109 	109 
001038 	223 	80 	130 	130 
001039 	223 	80 	130 	130 
001040 	223 	80 	130 	130 
001041 	223 	80 	130 	130 
001042 	223 	80 	130 	130 
001043 	223 	80 	130 	130 
001044 	233 	78 	109 	109 
001045 	233 	78 	109 	109 
001046 	233 	78 	109 	109 
001047 	221 	78 	109 	109 
001048 	221 	78 	109 	109 
001049 	208 	66 	130 	130 
001050 	208 	66 	130 	130 
001051 	208 	66 	130 	130 
001052 	208 	66 	130 	130 
001053 	208 	66 	130 	130 
001054 	208 	66 	130 	130 
001055 	208 	66 	130 	130 
001056 	221 	66 	109 	109 
001057 	221 	66 	109 	109 
001058 	221 	66 	109 	109 
001059 	208 	51 	130 	130 
001060 	208 	51 	130 	130 
001061 	208 	51 	130 	130 
001062 	208 	51 	130 	130 
001063 	208 	51 	130 	130 
001064 	208 	51 	130 	130 
001065 	208 	51 	130 	130 
001066 	208 	51 	130 	130 
001067 	208 	51 	130 	130 
001068 	208 	51 	130 	130 
001069 	208 	51 	130 	130 
001070 	208 	51 	130 	130 
001071 	208 	51 	130 	130 
001072 	209 	54 	109 	109 
001073 	208 	51 	130 	130 
001074 	209 	54 	109 	109 
001075 	209 	54 	109 	109 
001076 	208 	51 	130 	130 
001077 	209 	54 	109 	109 
001078 	209 	54 	109 	109 
001079 	209 	54 	109 	109 
001080 	209 	54 	109 	109 
001081 	209 	54 	109 	109 
001082 	209 	54 	109 	109 
001083 	209 	54 	109 	109 
001084 	194 	37 	130 	130 
001085 	194 	37 	130 	130 
001086 	209 	54 	109 	109 
001087 	209 	54 	109 	109 
001088 	194 	37 	130 	130 
001089 	194 	37 	130 	130 
001090 	209 	54 	109 	109 
001091 	209 	54 	109 	109 
001092 	209 	54 	109 	109 
001093 	209 	54 	109 	109 
001094 	194 	37 	130 	130 
001095 	194 	37 	130 	130 
001096 	209 	54 	109 	109 
001097 	209 	66 	109 	109 
001098 	209 	66 	109 	109 
001099 	209 	66 	109 	109 
001100 	209 	66 	109 	109 
001101 	209 	66 	109 	109 
001102 	209 	66 	109 	109 
001103 	209 	66 	109 	109 
001104 	209 	66 	109 	109 
001105 	209 	66 	109 	109 
001106 	209 	66 	109 	109 
001107 	209 	66 	109 	109 
001108 	209 	66 	109 	109 
001109 	194 	51 	130 	130 
001110 	209 	66 	109 	109 
001111 	209 	66 	109 	109 
001112 	209 	66 	109 	109 
001113 	209 	66 	109 	109 
001114 	194 	51 	130 	130 
001115 	209 	66 	109 	109 
001116 	209 	66 	109 	109 
001117 	194 	51 	130 	130 
001118 	194 	51 	130 	130 
001119 	194 	51 	130 	130 
001120 	194 	51 	130 	130 
001121 	194 	51 	130 	130 
001122 	194 	51 	130 	130 
001123 	194 	51 	130 	130 
001124 	197 	66 	109 	109 
001125 	197 	66 	109 	109 
001126 	197 	66 	109 	109 
001127 	197 	66 	109 	109 
001128 	197 	66 	109 	109 
001129 	197 	66 	109 	109 
001130 	197 	66 	109 	109 
001131 	194 	51 	130 	130 
001132 	194 	51 	130 	130 
001133 	194 	51 	130 	130 
001134 	194 	51 	130 	130 
001135 	194 	51 	130 	130 
001136 	194 	51 	130 	130 
001137 	209 	54 	109 	109 
001138 	194 	37 	130 	130 
001139 	209 	54 	109 	109 
001140 	209 	54 	109 	109 
001141 	194 	37 	130 	130 
001142 	208 	37 	130 	130 
001143 	194 	37 	130 	130 
001144 	208 	51 	130 	130 
001145 	209 	54 	109 	109 
001146 	209 	54 	109 	109 
001147 	194 	51 	130 	130 
001148 	194 	51 	130 	130 
001149 	194 	51 	130 	130 
001150 	194 	51 	130 	130 
001151 	209 	66 	109 	109 
001152 	209 	66 	109 	109 
001153 	208 	37 	130 	130 
001154 	208 	37 	130 	130 
001155 	208 	37 	130 	130 
001156 	208 	37 	130 	130 
001157 	208 	37 	130 	130 
001158 	208 	37 	130 	130 
001159 	209 	66 	109 	109 
001160 	209 	66 	109 	109 
001161 	209 	66 	109 	109 
001162 	194 	37 	130 	130 
001163 	194 	37 	130 	130 
001164 	194 	51 	130 	130 
001165 	194 	51 	130 	130 
001166 	194 	51 	130 	130 
001167 	194 	51 	130 	130 
001168 	209 	66 	109 	109 
001169 	209 	66 	109 	109 
001170 	209 	66 	109 	109 
001171 	209 	66 	109 	109 
001172 	208 	37 	130 	130 
001173 	208 	37 	130 	130 
001174 	208 	37 	130 	130 
001175 	208 	37 	130 	130 
001176 	208 	51 	130 	130 
001177 	209 	66 	109 	109 
001178 	209 	66 	109 	109 
001179 	209 	66 	109 	109 
001180 	209 	66 	109 	109 
001181 	209 	66 	109 	109 
001182 	194 	37 	130 	130 
001183 	194 	37 	130 	130 
001184 	194 	37 	130 	130 
001185 	194 	37 	130 	130 
001186 	194 	37 	130 	130 
001187 	197 	54 	109 	109 
