Identity  : 	id10309
Reference : 	e-IdJ8a4gy4
Offset    : 	-2
FV Conf   : 	17.639
ASD Conf  : 	6.175

FRAME 	X 	Y 	W 	H 
006421 	365 	78 	108 	109 
006422 	365 	78 	108 	109 
006423 	365 	78 	108 	109 
006424 	365 	78 	108 	109 
006425 	365 	78 	108 	109 
006426 	373 	95 	91 	91 
006427 	373 	95 	91 	91 
006428 	373 	95 	91 	91 
006429 	373 	95 	91 	91 
006430 	373 	95 	91 	91 
006431 	373 	95 	91 	91 
006432 	373 	95 	91 	91 
006433 	373 	95 	91 	91 
006434 	373 	95 	91 	91 
006435 	373 	95 	91 	91 
006436 	383 	95 	91 	91 
006437 	365 	90 	108 	109 
006438 	365 	90 	108 	109 
006439 	365 	90 	108 	109 
006440 	365 	90 	108 	109 
006441 	365 	90 	108 	109 
006442 	365 	90 	108 	109 
006443 	365 	90 	108 	109 
006444 	365 	90 	108 	109 
006445 	365 	90 	108 	109 
006446 	365 	90 	108 	109 
006447 	365 	90 	108 	109 
006448 	365 	90 	108 	109 
006449 	365 	90 	108 	109 
006450 	373 	95 	91 	91 
006451 	353 	90 	108 	109 
006452 	353 	90 	108 	109 
006453 	353 	90 	108 	109 
006454 	353 	90 	108 	109 
006455 	353 	90 	108 	109 
006456 	353 	90 	108 	109 
006457 	353 	90 	108 	109 
006458 	353 	90 	108 	109 
006459 	353 	90 	108 	109 
006460 	363 	105 	91 	91 
006461 	363 	105 	91 	91 
006462 	353 	102 	108 	109 
006463 	363 	115 	91 	91 
006464 	353 	114 	108 	109 
006465 	363 	125 	91 	90 
006466 	363 	115 	91 	91 
006467 	353 	102 	108 	109 
006468 	363 	105 	91 	91 
006469 	353 	90 	108 	109 
006470 	353 	90 	108 	109 
006471 	353 	78 	108 	109 
006472 	353 	78 	108 	109 
006473 	353 	78 	108 	109 
006474 	353 	66 	108 	109 
006475 	353 	78 	108 	109 
006476 	353 	78 	108 	109 
006477 	341 	78 	108 	109 
006478 	341 	90 	108 	109 
006479 	341 	102 	108 	109 
006480 	341 	102 	108 	109 
006481 	341 	102 	108 	109 
006482 	341 	102 	108 	109 
006483 	341 	102 	108 	109 
006484 	341 	102 	108 	109 
006485 	341 	102 	108 	109 
006486 	341 	102 	108 	109 
006487 	341 	102 	108 	109 
006488 	341 	102 	108 	109 
006489 	341 	102 	108 	109 
006490 	341 	102 	108 	109 
006491 	341 	102 	108 	109 
006492 	341 	102 	108 	109 
006493 	341 	102 	108 	109 
006494 	341 	102 	108 	109 
006495 	341 	102 	108 	109 
006496 	341 	102 	108 	109 
006497 	341 	102 	108 	109 
006498 	341 	102 	108 	109 
006499 	341 	102 	108 	109 
006500 	341 	102 	108 	109 
006501 	341 	102 	108 	109 
006502 	341 	90 	108 	109 
006503 	341 	90 	108 	109 
006504 	341 	90 	108 	109 
006505 	353 	90 	108 	109 
006506 	353 	90 	108 	109 
006507 	341 	90 	108 	109 
006508 	341 	90 	108 	109 
006509 	341 	90 	108 	109 
006510 	341 	90 	108 	109 
006511 	341 	90 	108 	109 
006512 	341 	90 	108 	109 
006513 	341 	90 	108 	109 
006514 	341 	90 	108 	109 
006515 	341 	90 	108 	109 
006516 	341 	90 	108 	109 
006517 	329 	90 	108 	109 
006518 	329 	90 	108 	109 
006519 	329 	90 	108 	109 
006520 	329 	90 	108 	109 
006521 	329 	90 	108 	109 
006522 	329 	90 	108 	109 
006523 	329 	90 	108 	109 
006524 	329 	90 	108 	109 
006525 	329 	90 	108 	109 
006526 	329 	90 	108 	109 
006527 	329 	90 	108 	109 
006528 	341 	90 	108 	109 
006529 	341 	90 	108 	109 
006530 	341 	90 	108 	109 
006531 	341 	90 	108 	109 
006532 	341 	90 	108 	109 
006533 	341 	90 	108 	109 
006534 	341 	90 	108 	109 
006535 	341 	90 	108 	109 
006536 	329 	90 	108 	109 
006537 	329 	90 	108 	109 
006538 	329 	90 	108 	109 
006539 	329 	90 	108 	109 
006540 	329 	90 	108 	109 
006541 	329 	90 	108 	109 
006542 	329 	90 	108 	109 
006543 	341 	90 	108 	109 
006544 	341 	90 	108 	109 
006545 	341 	90 	108 	109 
006546 	341 	90 	108 	109 
006547 	341 	90 	108 	109 
006548 	341 	90 	108 	109 
006549 	341 	90 	108 	109 
006550 	341 	90 	108 	109 
006551 	341 	90 	108 	109 
006552 	341 	90 	108 	109 
006553 	341 	90 	108 	109 
006554 	341 	90 	108 	109 
006555 	341 	90 	108 	109 
006556 	341 	90 	108 	109 
006557 	341 	90 	108 	109 
006558 	341 	90 	108 	109 
006559 	341 	90 	108 	109 
006560 	341 	90 	108 	109 
006561 	341 	90 	108 	109 
006562 	341 	90 	108 	109 
006563 	341 	90 	108 	109 
006564 	341 	90 	108 	109 
006565 	341 	90 	108 	109 
006566 	341 	90 	108 	109 
006567 	341 	90 	108 	109 
006568 	341 	90 	108 	109 
006569 	341 	90 	108 	109 
006570 	341 	90 	108 	109 
006571 	341 	90 	108 	109 
006572 	341 	90 	108 	109 
006573 	341 	90 	108 	109 
006574 	341 	90 	108 	109 
006575 	343 	95 	91 	91 
006576 	343 	95 	91 	91 
006577 	343 	95 	91 	91 
006578 	343 	95 	91 	91 
006579 	341 	90 	108 	109 
006580 	341 	90 	108 	109 
006581 	341 	90 	108 	109 
006582 	341 	90 	108 	109 
006583 	341 	90 	108 	109 
006584 	341 	90 	108 	109 
006585 	341 	90 	108 	109 
006586 	341 	90 	108 	109 
006587 	341 	90 	108 	109 
006588 	341 	90 	108 	109 
006589 	341 	90 	108 	109 
006590 	341 	90 	108 	109 
006591 	341 	90 	108 	109 
006592 	341 	90 	108 	109 
006593 	341 	90 	108 	109 
006594 	341 	90 	108 	109 
006595 	341 	90 	108 	109 
006596 	341 	90 	108 	109 
006597 	341 	90 	108 	109 
006598 	353 	90 	108 	109 
006599 	353 	90 	108 	109 
006600 	353 	90 	108 	109 
006601 	363 	105 	91 	91 
006602 	363 	105 	91 	91 
006603 	363 	105 	91 	91 
006604 	363 	105 	91 	91 
006605 	363 	105 	91 	91 
006606 	363 	105 	91 	91 
006607 	363 	105 	91 	91 
006608 	341 	102 	108 	109 
006609 	341 	102 	108 	109 
006610 	341 	102 	108 	109 
006611 	343 	105 	91 	91 
006612 	329 	102 	108 	109 
006613 	329 	102 	108 	109 
006614 	329 	102 	108 	109 
006615 	329 	102 	108 	109 
006616 	329 	102 	108 	109 
006617 	329 	102 	108 	109 
006618 	329 	102 	108 	109 
006619 	341 	102 	108 	109 
006620 	341 	102 	108 	109 
006621 	341 	102 	108 	109 
006622 	341 	102 	108 	109 
006623 	341 	102 	108 	109 
006624 	341 	114 	108 	109 
006625 	341 	114 	108 	109 
006626 	341 	114 	108 	109 
006627 	341 	114 	108 	109 
006628 	341 	126 	108 	109 
006629 	353 	135 	91 	90 
006630 	341 	126 	108 	109 
006631 	341 	126 	108 	109 
006632 	341 	126 	108 	109 
006633 	341 	126 	108 	109 
006634 	341 	126 	108 	109 
006635 	341 	114 	108 	109 
006636 	341 	114 	108 	109 
006637 	341 	114 	108 	109 
006638 	341 	114 	108 	109 
006639 	341 	114 	108 	109 
006640 	341 	114 	108 	109 
006641 	341 	114 	108 	109 
006642 	341 	114 	108 	109 
006643 	341 	114 	108 	109 
006644 	341 	114 	108 	109 
006645 	341 	114 	108 	109 
006646 	341 	114 	108 	109 
006647 	341 	114 	108 	109 
006648 	341 	114 	108 	109 
006649 	341 	114 	108 	109 
006650 	343 	115 	91 	91 
006651 	343 	115 	91 	91 
006652 	343 	105 	91 	91 
006653 	329 	90 	108 	109 
006654 	329 	90 	108 	109 
006655 	329 	90 	108 	109 
006656 	329 	90 	108 	109 
006657 	341 	90 	108 	109 
006658 	341 	90 	108 	109 
006659 	341 	102 	108 	109 
006660 	341 	102 	108 	109 
006661 	341 	102 	108 	109 
006662 	353 	115 	91 	91 
006663 	353 	102 	108 	109 
006664 	363 	115 	91 	91 
