Identity  : 	id10286
Reference : 	ZAK9gLYNqPs
Offset    : 	-2
FV Conf   : 	15.460
ASD Conf  : 	7.072

FRAME 	X 	Y 	W 	H 
004482 	163 	89 	224 	224 
004483 	163 	89 	224 	224 
004484 	163 	89 	224 	224 
004485 	163 	64 	224 	224 
004486 	163 	64 	224 	224 
004487 	163 	64 	224 	224 
004488 	163 	64 	224 	224 
004489 	163 	64 	224 	224 
004490 	163 	64 	224 	224 
004491 	197 	95 	187 	186 
004492 	197 	95 	187 	186 
004493 	197 	95 	187 	186 
004494 	188 	89 	224 	224 
004495 	188 	89 	224 	224 
004496 	188 	89 	224 	224 
004497 	218 	95 	187 	186 
004498 	218 	95 	187 	186 
004499 	218 	95 	187 	186 
004500 	218 	95 	187 	186 
004501 	218 	95 	187 	186 
004502 	218 	95 	187 	186 
004503 	218 	95 	187 	186 
004504 	218 	95 	187 	186 
004505 	218 	95 	187 	186 
004506 	218 	95 	187 	186 
004507 	218 	95 	187 	186 
004508 	212 	89 	224 	224 
004509 	212 	89 	224 	224 
004510 	212 	89 	224 	224 
004511 	239 	95 	186 	186 
004512 	239 	95 	186 	186 
004513 	239 	95 	186 	186 
004514 	239 	95 	186 	186 
004515 	239 	95 	186 	186 
004516 	237 	89 	224 	224 
004517 	237 	89 	224 	224 
004518 	237 	89 	224 	224 
004519 	237 	89 	224 	224 
004520 	237 	64 	224 	224 
004521 	237 	64 	224 	224 
004522 	237 	64 	224 	224 
004523 	237 	64 	224 	224 
004524 	259 	95 	187 	186 
004525 	237 	89 	224 	224 
004526 	237 	64 	224 	224 
004527 	237 	64 	224 	224 
004528 	237 	64 	224 	224 
004529 	237 	64 	224 	224 
004530 	237 	64 	224 	224 
004531 	267 	113 	156 	156 
004532 	267 	113 	156 	156 
004533 	239 	115 	186 	187 
004534 	239 	115 	186 	187 
004535 	239 	115 	186 	187 
004536 	239 	115 	186 	187 
004537 	239 	115 	186 	187 
004538 	239 	115 	186 	187 
004539 	239 	115 	186 	187 
004540 	239 	115 	186 	187 
004541 	239 	115 	186 	187 
004542 	239 	115 	186 	187 
004543 	239 	115 	186 	187 
004544 	239 	115 	186 	187 
004545 	218 	115 	187 	187 
004546 	218 	115 	187 	187 
004547 	218 	115 	187 	187 
004548 	188 	89 	224 	224 
004549 	197 	115 	187 	187 
004550 	163 	89 	224 	224 
004551 	163 	89 	224 	224 
004552 	163 	89 	224 	224 
004553 	163 	89 	224 	224 
004554 	138 	89 	224 	224 
004555 	138 	89 	224 	224 
004556 	138 	89 	224 	224 
004557 	138 	89 	224 	224 
004558 	138 	89 	224 	224 
004559 	138 	89 	224 	224 
004560 	138 	89 	224 	224 
004561 	138 	89 	224 	224 
004562 	138 	89 	224 	224 
004563 	138 	89 	224 	224 
004564 	138 	89 	224 	224 
004565 	138 	89 	224 	224 
004566 	138 	89 	224 	224 
004567 	138 	89 	224 	224 
004568 	138 	89 	224 	224 
004569 	163 	89 	224 	224 
004570 	163 	89 	224 	224 
004571 	163 	89 	224 	224 
004572 	163 	89 	224 	224 
004573 	163 	89 	224 	224 
004574 	163 	89 	224 	224 
004575 	163 	89 	224 	224 
004576 	163 	89 	224 	224 
004577 	163 	89 	224 	224 
004578 	163 	89 	224 	224 
004579 	163 	89 	224 	224 
004580 	197 	115 	187 	187 
004581 	197 	115 	187 	187 
004582 	197 	115 	187 	187 
004583 	197 	115 	187 	187 
004584 	197 	115 	187 	187 
004585 	197 	115 	187 	187 
004586 	197 	115 	187 	187 
004587 	197 	115 	187 	187 
004588 	197 	115 	187 	187 
004589 	163 	89 	224 	224 
004590 	163 	89 	224 	224 
004591 	163 	89 	224 	224 
004592 	163 	89 	224 	224 
004593 	163 	89 	224 	224 
004594 	177 	95 	187 	186 
004595 	177 	95 	187 	186 
004596 	177 	95 	187 	186 
004597 	163 	64 	224 	224 
004598 	163 	64 	224 	224 
004599 	163 	64 	224 	224 
004600 	188 	64 	224 	224 
004601 	188 	64 	224 	224 
004602 	188 	64 	224 	224 
004603 	188 	64 	224 	224 
004604 	188 	64 	224 	224 
004605 	188 	64 	224 	224 
004606 	188 	64 	224 	224 
004607 	188 	64 	224 	224 
004608 	188 	64 	224 	224 
004609 	188 	64 	224 	224 
004610 	188 	64 	224 	224 
004611 	188 	64 	224 	224 
004612 	188 	64 	224 	224 
004613 	188 	64 	224 	224 
004614 	188 	64 	224 	224 
004615 	188 	64 	224 	224 
004616 	188 	64 	224 	224 
004617 	197 	95 	187 	186 
004618 	197 	95 	187 	186 
004619 	188 	89 	224 	224 
004620 	188 	89 	224 	224 
004621 	188 	89 	224 	224 
004622 	197 	95 	187 	186 
004623 	197 	95 	187 	186 
004624 	197 	95 	187 	186 
004625 	197 	95 	187 	186 
004626 	188 	64 	224 	224 
004627 	188 	64 	224 	224 
004628 	188 	64 	224 	224 
004629 	188 	64 	224 	224 
004630 	188 	64 	224 	224 
004631 	188 	64 	224 	224 
004632 	188 	64 	224 	224 
004633 	197 	95 	187 	186 
004634 	197 	95 	187 	186 
004635 	197 	95 	187 	186 
004636 	197 	95 	187 	186 
004637 	197 	95 	187 	186 
004638 	197 	95 	187 	186 
004639 	197 	95 	187 	186 
004640 	188 	89 	224 	224 
004641 	188 	89 	224 	224 
004642 	188 	89 	224 	224 
004643 	188 	89 	224 	224 
004644 	188 	89 	224 	224 
004645 	188 	89 	224 	224 
004646 	188 	89 	224 	224 
004647 	188 	89 	224 	224 
004648 	188 	89 	224 	224 
004649 	188 	89 	224 	224 
004650 	197 	115 	187 	187 
004651 	197 	115 	187 	187 
004652 	197 	115 	187 	187 
004653 	197 	115 	187 	187 
004654 	197 	115 	187 	187 
004655 	197 	115 	187 	187 
004656 	197 	95 	187 	186 
004657 	188 	89 	224 	224 
004658 	188 	89 	224 	224 
004659 	188 	89 	224 	224 
004660 	188 	89 	224 	224 
004661 	188 	89 	224 	224 
004662 	188 	89 	224 	224 
004663 	188 	89 	224 	224 
004664 	188 	89 	224 	224 
004665 	188 	89 	224 	224 
004666 	188 	89 	224 	224 
004667 	188 	89 	224 	224 
004668 	188 	89 	224 	224 
004669 	188 	89 	224 	224 
004670 	188 	89 	224 	224 
004671 	188 	64 	224 	224 
004672 	188 	64 	224 	224 
004673 	218 	95 	187 	186 
004674 	218 	95 	187 	186 
004675 	218 	95 	187 	186 
004676 	218 	95 	187 	186 
004677 	218 	95 	187 	186 
004678 	212 	89 	224 	224 
004679 	212 	89 	224 	224 
004680 	212 	89 	224 	224 
004681 	212 	64 	224 	224 
004682 	212 	64 	224 	224 
004683 	212 	64 	224 	224 
004684 	218 	95 	187 	186 
004685 	218 	95 	187 	186 
004686 	218 	95 	187 	186 
004687 	212 	89 	224 	224 
004688 	212 	89 	224 	224 
004689 	212 	64 	224 	224 
004690 	212 	64 	224 	224 
004691 	212 	64 	224 	224 
004692 	239 	74 	186 	187 
004693 	237 	64 	224 	224 
004694 	237 	64 	224 	224 
004695 	237 	64 	224 	224 
004696 	237 	64 	224 	224 
004697 	259 	95 	187 	186 
004698 	259 	95 	187 	186 
004699 	237 	89 	224 	224 
004700 	237 	89 	224 	224 
004701 	237 	89 	224 	224 
004702 	237 	89 	224 	224 
004703 	237 	89 	224 	224 
004704 	196 	48 	268 	268 
004705 	196 	48 	268 	268 
004706 	196 	48 	268 	268 
004707 	212 	89 	224 	224 
004708 	212 	89 	224 	224 
004709 	212 	89 	224 	224 
004710 	212 	89 	224 	224 
004711 	212 	89 	224 	224 
004712 	239 	95 	186 	186 
004713 	239 	95 	186 	186 
004714 	239 	95 	186 	186 
004715 	239 	95 	186 	186 
004716 	239 	95 	186 	186 
004717 	239 	95 	186 	186 
004718 	212 	64 	224 	224 
004719 	212 	64 	224 	224 
004720 	212 	64 	224 	224 
004721 	212 	64 	224 	224 
004722 	212 	64 	224 	224 
004723 	212 	64 	224 	224 
004724 	212 	64 	224 	224 
004725 	212 	64 	224 	224 
004726 	218 	74 	187 	187 
004727 	218 	74 	187 	187 
004728 	218 	95 	187 	186 
004729 	218 	95 	187 	186 
004730 	188 	89 	224 	224 
004731 	188 	89 	224 	224 
004732 	188 	89 	224 	224 
004733 	188 	89 	224 	224 
004734 	197 	115 	187 	187 
004735 	163 	89 	224 	224 
004736 	163 	89 	224 	224 
004737 	163 	89 	224 	224 
004738 	163 	89 	224 	224 
004739 	163 	89 	224 	224 
004740 	163 	89 	224 	224 
004741 	163 	64 	224 	224 
004742 	163 	64 	224 	224 
004743 	163 	64 	224 	224 
004744 	163 	64 	224 	224 
004745 	163 	64 	224 	224 
004746 	163 	64 	224 	224 
004747 	163 	89 	224 	224 
004748 	163 	89 	224 	224 
004749 	197 	115 	187 	187 
004750 	197 	115 	187 	187 
004751 	197 	115 	187 	187 
004752 	188 	89 	224 	224 
004753 	197 	115 	187 	187 
004754 	197 	115 	187 	187 
004755 	197 	136 	187 	187 
004756 	197 	136 	187 	187 
004757 	197 	115 	187 	187 
004758 	197 	115 	187 	187 
004759 	197 	115 	187 	187 
004760 	163 	89 	224 	224 
004761 	163 	89 	224 	224 
004762 	163 	89 	224 	224 
004763 	163 	89 	224 	224 
004764 	163 	89 	224 	224 
004765 	163 	89 	224 	224 
004766 	163 	89 	224 	224 
004767 	163 	89 	224 	224 
004768 	163 	89 	224 	224 
004769 	163 	89 	224 	224 
004770 	163 	89 	224 	224 
004771 	163 	89 	224 	224 
004772 	163 	89 	224 	224 
004773 	163 	89 	224 	224 
004774 	163 	89 	224 	224 
004775 	163 	89 	224 	224 
004776 	163 	89 	224 	224 
004777 	177 	95 	187 	186 
004778 	177 	95 	187 	186 
004779 	177 	95 	187 	186 
004780 	138 	89 	224 	224 
004781 	138 	89 	224 	224 
004782 	138 	89 	224 	224 
004783 	138 	89 	224 	224 
004784 	138 	89 	224 	224 
004785 	138 	89 	224 	224 
004786 	138 	89 	224 	224 
004787 	138 	89 	224 	224 
004788 	177 	95 	187 	186 
004789 	163 	64 	224 	224 
004790 	163 	64 	224 	224 
004791 	163 	64 	224 	224 
004792 	163 	64 	224 	224 
004793 	163 	64 	224 	224 
004794 	163 	64 	224 	224 
004795 	188 	64 	224 	224 
004796 	188 	64 	224 	224 
004797 	188 	64 	224 	224 
004798 	188 	64 	224 	224 
