Identity  : 	id10273
Reference : 	hW0Q6eHqN-U
Offset    : 	-5
FV Conf   : 	12.370
ASD Conf  : 	5.996

FRAME 	X 	Y 	W 	H 
005239 	181 	44 	156 	156 
005240 	181 	44 	156 	156 
005241 	181 	44 	156 	156 
005242 	181 	44 	156 	156 
005243 	181 	44 	156 	156 
005244 	181 	44 	156 	156 
005245 	181 	44 	156 	156 
005246 	181 	44 	156 	156 
005247 	181 	44 	156 	156 
005248 	181 	44 	156 	156 
005249 	164 	44 	156 	156 
005250 	164 	44 	156 	156 
005251 	164 	44 	156 	156 
005252 	164 	44 	156 	156 
005253 	164 	44 	156 	156 
005254 	164 	44 	156 	156 
005255 	164 	44 	156 	156 
005256 	164 	44 	156 	156 
005257 	164 	44 	156 	156 
005258 	164 	44 	156 	156 
005259 	164 	44 	156 	156 
005260 	164 	44 	156 	156 
005261 	164 	44 	156 	156 
005262 	164 	44 	156 	156 
005263 	164 	44 	156 	156 
005264 	164 	44 	156 	156 
005265 	164 	44 	156 	156 
005266 	164 	27 	156 	156 
005267 	164 	27 	156 	156 
005268 	164 	27 	156 	156 
005269 	164 	27 	156 	156 
005270 	164 	27 	156 	156 
005271 	164 	27 	156 	156 
005272 	164 	27 	156 	156 
005273 	164 	27 	156 	156 
005274 	164 	27 	156 	156 
005275 	164 	27 	156 	156 
005276 	147 	27 	156 	156 
005277 	147 	27 	156 	156 
005278 	147 	27 	156 	156 
005279 	147 	27 	156 	156 
005280 	147 	44 	156 	156 
005281 	147 	44 	156 	156 
005282 	147 	44 	156 	156 
005283 	147 	44 	156 	156 
005284 	151 	51 	130 	130 
005285 	151 	51 	130 	130 
005286 	130 	44 	156 	156 
005287 	151 	51 	130 	130 
005288 	151 	51 	130 	130 
005289 	151 	51 	130 	130 
005290 	151 	51 	130 	130 
005291 	151 	51 	130 	130 
005292 	147 	27 	156 	156 
005293 	151 	51 	130 	130 
005294 	147 	27 	156 	156 
005295 	147 	27 	156 	156 
005296 	147 	27 	156 	156 
005297 	147 	27 	156 	156 
005298 	151 	51 	130 	130 
005299 	151 	51 	130 	130 
005300 	147 	27 	156 	156 
005301 	147 	27 	156 	156 
005302 	147 	27 	156 	156 
005303 	147 	27 	156 	156 
005304 	147 	27 	156 	156 
005305 	147 	27 	156 	156 
005306 	147 	27 	156 	156 
005307 	147 	27 	156 	156 
005308 	147 	27 	156 	156 
005309 	147 	27 	156 	156 
005310 	147 	27 	156 	156 
005311 	147 	27 	156 	156 
005312 	147 	27 	156 	156 
005313 	147 	27 	156 	156 
005314 	147 	27 	156 	156 
005315 	164 	27 	156 	156 
005316 	164 	27 	156 	156 
005317 	164 	27 	156 	156 
005318 	164 	27 	156 	156 
005319 	164 	27 	156 	156 
005320 	164 	27 	156 	156 
005321 	164 	27 	156 	156 
005322 	164 	27 	156 	156 
005323 	164 	27 	156 	156 
005324 	164 	27 	156 	156 
005325 	164 	27 	156 	156 
005326 	164 	27 	156 	156 
005327 	181 	27 	156 	156 
005328 	181 	27 	156 	156 
005329 	181 	27 	156 	156 
005330 	181 	27 	156 	156 
005331 	181 	27 	156 	156 
005332 	181 	27 	156 	156 
005333 	181 	27 	156 	156 
005334 	181 	27 	156 	156 
005335 	181 	27 	156 	156 
005336 	181 	27 	156 	156 
005337 	181 	27 	156 	156 
005338 	181 	27 	156 	156 
005339 	181 	27 	156 	156 
005340 	181 	27 	156 	156 
005341 	181 	27 	156 	156 
005342 	181 	27 	156 	156 
005343 	181 	27 	156 	156 
005344 	181 	27 	156 	156 
005345 	181 	27 	156 	156 
005346 	181 	27 	156 	156 
005347 	181 	27 	156 	156 
005348 	181 	27 	156 	156 
005349 	181 	27 	156 	156 
005350 	181 	27 	156 	156 
005351 	181 	27 	156 	156 
005352 	181 	27 	156 	156 
005353 	181 	27 	156 	156 
005354 	181 	44 	156 	156 
005355 	181 	44 	156 	156 
005356 	181 	44 	156 	156 
005357 	181 	44 	156 	156 
005358 	181 	44 	156 	156 
005359 	181 	44 	156 	156 
005360 	181 	44 	156 	156 
005361 	181 	44 	156 	156 
005362 	181 	44 	156 	156 
005363 	181 	44 	156 	156 
005364 	181 	44 	156 	156 
005365 	181 	44 	156 	156 
005366 	181 	44 	156 	156 
005367 	181 	44 	156 	156 
005368 	181 	44 	156 	156 
005369 	181 	44 	156 	156 
005370 	181 	44 	156 	156 
005371 	181 	44 	156 	156 
005372 	181 	44 	156 	156 
005373 	181 	44 	156 	156 
005374 	181 	44 	156 	156 
005375 	181 	44 	156 	156 
005376 	181 	44 	156 	156 
005377 	181 	44 	156 	156 
005378 	181 	44 	156 	156 
005379 	181 	44 	156 	156 
005380 	181 	44 	156 	156 
005381 	181 	44 	156 	156 
005382 	164 	44 	156 	156 
005383 	164 	44 	156 	156 
005384 	164 	44 	156 	156 
005385 	164 	62 	156 	155 
005386 	164 	62 	156 	155 
005387 	164 	62 	156 	155 
005388 	164 	62 	156 	155 
005389 	164 	62 	156 	155 
005390 	164 	62 	156 	155 
005391 	164 	62 	156 	155 
005392 	164 	62 	156 	155 
005393 	164 	62 	156 	155 
005394 	164 	62 	156 	155 
005395 	164 	62 	156 	155 
005396 	164 	62 	156 	155 
005397 	164 	62 	156 	155 
005398 	164 	62 	156 	155 
005399 	164 	62 	156 	155 
005400 	164 	62 	156 	155 
005401 	164 	62 	156 	155 
005402 	164 	62 	156 	155 
005403 	164 	62 	156 	155 
005404 	147 	62 	156 	155 
005405 	147 	62 	156 	155 
005406 	147 	62 	156 	155 
005407 	147 	62 	156 	155 
005408 	147 	62 	156 	155 
005409 	147 	62 	156 	155 
005410 	147 	62 	156 	155 
005411 	147 	62 	156 	155 
005412 	147 	62 	156 	155 
005413 	147 	62 	156 	155 
005414 	147 	62 	156 	155 
005415 	147 	62 	156 	155 
005416 	147 	62 	156 	155 
005417 	147 	62 	156 	155 
005418 	147 	62 	156 	155 
005419 	147 	62 	156 	155 
005420 	147 	62 	156 	155 
005421 	147 	62 	156 	155 
005422 	147 	62 	156 	155 
005423 	147 	62 	156 	155 
005424 	147 	62 	156 	155 
005425 	147 	62 	156 	155 
005426 	147 	62 	156 	155 
005427 	147 	62 	156 	155 
005428 	147 	62 	156 	155 
005429 	147 	62 	156 	155 
005430 	147 	62 	156 	155 
005431 	147 	62 	156 	155 
005432 	147 	62 	156 	155 
005433 	147 	62 	156 	155 
005434 	147 	62 	156 	155 
005435 	147 	62 	156 	155 
005436 	147 	62 	156 	155 
005437 	147 	62 	156 	155 
005438 	147 	62 	156 	155 
005439 	147 	62 	156 	155 
005440 	147 	62 	156 	155 
005441 	147 	62 	156 	155 
005442 	147 	62 	156 	155 
005443 	147 	62 	156 	155 
005444 	147 	62 	156 	155 
005445 	147 	62 	156 	155 
005446 	164 	62 	156 	155 
005447 	164 	44 	156 	156 
005448 	164 	44 	156 	156 
005449 	164 	44 	156 	156 
005450 	164 	44 	156 	156 
005451 	164 	44 	156 	156 
005452 	180 	66 	130 	130 
005453 	180 	66 	130 	130 
005454 	180 	66 	130 	130 
005455 	164 	62 	156 	155 
005456 	164 	62 	156 	155 
005457 	164 	62 	156 	155 
005458 	164 	62 	156 	155 
005459 	164 	62 	156 	155 
005460 	164 	62 	156 	155 
005461 	164 	62 	156 	155 
005462 	164 	62 	156 	155 
005463 	164 	62 	156 	155 
005464 	164 	62 	156 	155 
005465 	164 	62 	156 	155 
005466 	164 	62 	156 	155 
005467 	164 	62 	156 	155 
005468 	164 	62 	156 	155 
005469 	164 	62 	156 	155 
005470 	164 	62 	156 	155 
005471 	164 	62 	156 	155 
005472 	165 	66 	130 	130 
005473 	165 	66 	130 	130 
005474 	164 	62 	156 	155 
005475 	164 	62 	156 	155 
005476 	165 	66 	130 	130 
005477 	165 	66 	130 	130 
005478 	165 	66 	130 	130 
005479 	164 	62 	156 	155 
005480 	164 	62 	156 	155 
005481 	164 	62 	156 	155 
005482 	164 	62 	156 	155 
005483 	164 	62 	156 	155 
005484 	164 	62 	156 	155 
005485 	165 	66 	130 	130 
005486 	165 	66 	130 	130 
005487 	165 	66 	130 	130 
005488 	165 	66 	130 	130 
005489 	165 	66 	130 	130 
005490 	165 	66 	130 	130 
005491 	165 	66 	130 	130 
005492 	165 	66 	130 	130 
005493 	165 	66 	130 	130 
005494 	165 	66 	130 	130 
005495 	164 	62 	156 	155 
005496 	165 	66 	130 	130 
005497 	165 	66 	130 	130 
005498 	165 	66 	130 	130 
005499 	165 	66 	130 	130 
005500 	165 	66 	130 	130 
005501 	165 	66 	130 	130 
005502 	165 	66 	130 	130 
005503 	165 	66 	130 	130 
005504 	165 	66 	130 	130 
005505 	165 	66 	130 	130 
005506 	165 	66 	130 	130 
005507 	165 	66 	130 	130 
005508 	165 	66 	130 	130 
005509 	165 	66 	130 	130 
005510 	165 	66 	130 	130 
005511 	165 	66 	130 	130 
005512 	165 	66 	130 	130 
005513 	165 	66 	130 	130 
005514 	165 	66 	130 	130 
005515 	164 	44 	156 	156 
005516 	164 	44 	156 	156 
005517 	164 	44 	156 	156 
005518 	164 	44 	156 	156 
005519 	164 	44 	156 	156 
005520 	164 	44 	156 	156 
005521 	164 	44 	156 	156 
005522 	164 	44 	156 	156 
005523 	165 	51 	130 	130 
005524 	164 	44 	156 	156 
005525 	164 	44 	156 	156 
