Identity  : 	id10273
Reference : 	hW0Q6eHqN-U
Offset    : 	-5
FV Conf   : 	13.051
ASD Conf  : 	6.618

FRAME 	X 	Y 	W 	H 
002278 	95 	62 	156 	155 
002279 	95 	62 	156 	155 
002280 	95 	44 	156 	156 
002281 	95 	44 	156 	156 
002282 	94 	66 	130 	130 
002283 	94 	51 	130 	130 
002284 	94 	51 	130 	130 
002285 	94 	51 	130 	130 
002286 	79 	51 	130 	130 
002287 	79 	51 	130 	130 
002288 	79 	51 	130 	130 
002289 	79 	51 	130 	130 
002290 	61 	27 	156 	156 
002291 	79 	37 	130 	130 
002292 	79 	37 	130 	130 
002293 	79 	37 	130 	130 
002294 	79 	37 	130 	130 
002295 	65 	37 	130 	130 
002296 	65 	37 	130 	130 
002297 	65 	37 	130 	130 
002298 	65 	37 	130 	130 
002299 	65 	37 	130 	130 
002300 	65 	37 	130 	130 
002301 	61 	27 	156 	156 
002302 	61 	27 	156 	156 
002303 	61 	27 	156 	156 
002304 	61 	27 	156 	156 
002305 	61 	27 	156 	156 
002306 	61 	27 	156 	156 
002307 	61 	27 	156 	156 
002308 	61 	27 	156 	156 
002309 	61 	27 	156 	156 
002310 	61 	27 	156 	156 
002311 	61 	27 	156 	156 
002312 	61 	27 	156 	156 
002313 	61 	27 	156 	156 
002314 	79 	51 	130 	130 
002315 	61 	27 	156 	156 
002316 	61 	44 	156 	156 
002317 	61 	44 	156 	156 
002318 	61 	44 	156 	156 
002319 	79 	51 	130 	130 
002320 	78 	44 	156 	156 
002321 	78 	44 	156 	156 
002322 	78 	44 	156 	156 
002323 	78 	44 	156 	156 
002324 	78 	44 	156 	156 
002325 	78 	44 	156 	156 
002326 	78 	44 	156 	156 
002327 	78 	44 	156 	156 
002328 	78 	44 	156 	156 
002329 	78 	44 	156 	156 
002330 	78 	44 	156 	156 
002331 	78 	44 	156 	156 
002332 	78 	44 	156 	156 
002333 	78 	44 	156 	156 
002334 	78 	44 	156 	156 
002335 	78 	44 	156 	156 
002336 	78 	44 	156 	156 
002337 	78 	44 	156 	156 
002338 	78 	44 	156 	156 
002339 	78 	44 	156 	156 
002340 	78 	44 	156 	156 
002341 	78 	44 	156 	156 
002342 	78 	44 	156 	156 
002343 	78 	44 	156 	156 
002344 	95 	44 	156 	156 
002345 	95 	44 	156 	156 
002346 	95 	44 	156 	156 
002347 	95 	44 	156 	156 
002348 	95 	44 	156 	156 
002349 	95 	44 	156 	156 
002350 	95 	44 	156 	156 
002351 	95 	44 	156 	156 
002352 	95 	44 	156 	156 
002353 	95 	44 	156 	156 
002354 	95 	44 	156 	156 
002355 	113 	44 	155 	156 
002356 	113 	44 	155 	156 
002357 	113 	44 	155 	156 
002358 	113 	44 	155 	156 
002359 	113 	44 	155 	156 
002360 	113 	44 	155 	156 
002361 	113 	44 	155 	156 
002362 	113 	44 	155 	156 
002363 	113 	44 	155 	156 
002364 	137 	66 	130 	130 
002365 	130 	44 	156 	156 
002366 	130 	44 	156 	156 
002367 	130 	44 	156 	156 
002368 	130 	44 	156 	156 
002369 	130 	44 	156 	156 
002370 	130 	44 	156 	156 
002371 	130 	44 	156 	156 
002372 	130 	44 	156 	156 
002373 	130 	44 	156 	156 
002374 	147 	44 	156 	156 
002375 	147 	44 	156 	156 
002376 	147 	44 	156 	156 
002377 	147 	44 	156 	156 
002378 	147 	44 	156 	156 
002379 	147 	44 	156 	156 
002380 	147 	62 	156 	155 
002381 	147 	62 	156 	155 
002382 	147 	62 	156 	155 
002383 	164 	62 	156 	155 
002384 	164 	62 	156 	155 
002385 	164 	62 	156 	155 
002386 	164 	62 	156 	155 
002387 	164 	62 	156 	155 
002388 	164 	62 	156 	155 
002389 	164 	62 	156 	155 
002390 	164 	62 	156 	155 
002391 	164 	62 	156 	155 
002392 	164 	62 	156 	155 
002393 	164 	62 	156 	155 
002394 	181 	62 	156 	155 
002395 	181 	62 	156 	155 
002396 	181 	62 	156 	155 
002397 	181 	62 	156 	155 
002398 	181 	62 	156 	155 
002399 	181 	62 	156 	155 
002400 	181 	62 	156 	155 
002401 	181 	62 	156 	155 
