Identity  : 	id10294
Reference : 	VweNonqOdrE
Offset    : 	-6
FV Conf   : 	14.168
ASD Conf  : 	5.689

FRAME 	X 	Y 	W 	H 
011102 	309 	80 	130 	130 
011103 	309 	80 	130 	130 
011104 	309 	80 	130 	130 
011105 	309 	66 	130 	130 
011106 	309 	66 	130 	130 
011107 	309 	80 	130 	130 
011108 	309 	80 	130 	130 
011109 	309 	80 	130 	130 
011110 	309 	80 	130 	130 
011111 	309 	80 	130 	130 
011112 	309 	80 	130 	130 
011113 	309 	80 	130 	130 
011114 	309 	80 	130 	130 
011115 	309 	80 	130 	130 
011116 	309 	80 	130 	130 
011117 	309 	80 	130 	130 
011118 	309 	80 	130 	130 
011119 	309 	80 	130 	130 
011120 	309 	80 	130 	130 
011121 	309 	80 	130 	130 
011122 	309 	80 	130 	130 
011123 	309 	80 	130 	130 
011124 	309 	80 	130 	130 
011125 	309 	80 	130 	130 
011126 	309 	80 	130 	130 
011127 	309 	80 	130 	130 
011128 	309 	80 	130 	130 
011129 	309 	80 	130 	130 
011130 	317 	78 	108 	109 
011131 	317 	78 	108 	109 
011132 	317 	78 	108 	109 
011133 	317 	78 	108 	109 
011134 	309 	79 	115 	116 
011135 	302 	79 	123 	123 
011136 	294 	80 	130 	130 
011137 	294 	80 	130 	130 
011138 	317 	90 	108 	109 
011139 	317 	90 	108 	109 
011140 	317 	90 	108 	109 
011141 	317 	90 	108 	109 
011142 	317 	90 	108 	109 
011143 	309 	80 	130 	130 
011144 	309 	80 	130 	130 
011145 	309 	80 	130 	130 
011146 	309 	80 	130 	130 
011147 	309 	80 	130 	130 
011148 	309 	80 	130 	130 
011149 	309 	80 	130 	130 
011150 	309 	80 	130 	130 
011151 	309 	80 	130 	130 
011152 	309 	80 	130 	130 
011153 	309 	80 	130 	130 
011154 	309 	80 	130 	130 
011155 	309 	80 	130 	130 
011156 	309 	80 	130 	130 
011157 	309 	80 	130 	130 
011158 	309 	80 	130 	130 
011159 	309 	80 	130 	130 
011160 	309 	80 	130 	130 
011161 	309 	94 	130 	130 
011162 	309 	94 	130 	130 
011163 	309 	94 	130 	130 
011164 	309 	94 	130 	130 
011165 	309 	94 	130 	130 
011166 	309 	94 	130 	130 
011167 	309 	94 	130 	130 
011168 	309 	94 	130 	130 
011169 	309 	94 	130 	130 
011170 	309 	94 	130 	130 
011171 	309 	94 	130 	130 
011172 	309 	94 	130 	130 
011173 	309 	94 	130 	130 
011174 	309 	94 	130 	130 
011175 	309 	94 	130 	130 
011176 	309 	94 	130 	130 
011177 	309 	94 	130 	130 
011178 	309 	94 	130 	130 
011179 	309 	80 	130 	130 
011180 	309 	80 	130 	130 
011181 	309 	80 	130 	130 
011182 	309 	80 	130 	130 
011183 	309 	80 	130 	130 
011184 	309 	80 	130 	130 
011185 	309 	80 	130 	130 
011186 	309 	66 	130 	130 
011187 	309 	66 	130 	130 
011188 	309 	66 	130 	130 
011189 	309 	66 	130 	130 
011190 	309 	66 	130 	130 
011191 	309 	66 	130 	130 
011192 	309 	66 	130 	130 
011193 	309 	66 	130 	130 
011194 	309 	66 	130 	130 
011195 	309 	66 	130 	130 
011196 	309 	66 	130 	130 
011197 	309 	66 	130 	130 
011198 	309 	66 	130 	130 
011199 	309 	66 	130 	130 
011200 	309 	66 	130 	130 
011201 	309 	66 	130 	130 
011202 	309 	66 	130 	130 
011203 	309 	66 	130 	130 
011204 	309 	80 	130 	130 
011205 	309 	80 	130 	130 
011206 	309 	80 	130 	130 
