Identity  : 	id10296
Reference : 	tlP585mCdl0
Offset    : 	-3
FV Conf   : 	15.976
ASD Conf  : 	7.779

FRAME 	X 	Y 	W 	H 
004682 	269 	78 	108 	109 
004683 	269 	78 	108 	109 
004684 	269 	78 	108 	109 
004685 	269 	78 	108 	109 
004686 	269 	78 	108 	109 
004687 	269 	78 	108 	109 
004688 	269 	66 	108 	109 
004689 	269 	66 	108 	109 
004690 	269 	66 	108 	109 
004691 	269 	66 	108 	109 
004692 	269 	66 	108 	109 
004693 	269 	66 	108 	109 
004694 	269 	66 	108 	109 
004695 	269 	78 	108 	109 
004696 	269 	78 	108 	109 
004697 	269 	78 	108 	109 
004698 	269 	78 	108 	109 
004699 	269 	78 	108 	109 
004700 	281 	78 	108 	109 
004701 	281 	78 	108 	109 
004702 	281 	78 	108 	109 
004703 	281 	78 	108 	109 
004704 	281 	78 	108 	109 
004705 	281 	78 	108 	109 
004706 	281 	66 	108 	109 
004707 	281 	66 	108 	109 
004708 	293 	66 	108 	109 
004709 	293 	66 	108 	109 
004710 	293 	66 	108 	109 
004711 	293 	66 	108 	109 
004712 	293 	66 	108 	109 
004713 	281 	78 	108 	109 
004714 	281 	66 	108 	109 
004715 	281 	66 	108 	109 
004716 	281 	66 	108 	109 
004717 	281 	66 	108 	109 
004718 	281 	66 	108 	109 
004719 	281 	66 	108 	109 
004720 	293 	66 	108 	109 
004721 	293 	66 	108 	109 
004722 	293 	66 	108 	109 
004723 	293 	66 	108 	109 
004724 	293 	78 	108 	109 
004725 	293 	78 	108 	109 
004726 	293 	78 	108 	109 
004727 	293 	78 	108 	109 
004728 	293 	78 	108 	109 
004729 	293 	78 	108 	109 
004730 	293 	66 	108 	109 
004731 	293 	78 	108 	109 
004732 	293 	66 	108 	109 
004733 	293 	66 	108 	109 
004734 	293 	78 	108 	109 
004735 	293 	78 	108 	109 
004736 	293 	78 	108 	109 
004737 	305 	78 	108 	109 
004738 	305 	78 	108 	109 
004739 	305 	78 	108 	109 
004740 	305 	66 	108 	109 
004741 	317 	66 	108 	109 
004742 	317 	78 	108 	109 
004743 	317 	78 	108 	109 
004744 	317 	78 	108 	109 
004745 	305 	90 	108 	109 
004746 	305 	90 	108 	109 
004747 	305 	90 	108 	109 
004748 	305 	90 	108 	109 
004749 	305 	102 	108 	109 
004750 	305 	102 	108 	109 
004751 	305 	102 	108 	109 
004752 	305 	102 	108 	109 
004753 	305 	114 	108 	109 
004754 	305 	114 	108 	109 
004755 	305 	114 	108 	109 
004756 	305 	114 	108 	109 
004757 	305 	114 	108 	109 
004758 	305 	114 	108 	109 
004759 	293 	102 	108 	109 
004760 	314 	115 	90 	91 
004761 	305 	102 	108 	109 
004762 	305 	102 	108 	109 
004763 	305 	90 	108 	109 
004764 	305 	90 	108 	109 
004765 	305 	90 	108 	109 
004766 	305 	90 	108 	109 
004767 	305 	90 	108 	109 
004768 	305 	90 	108 	109 
004769 	305 	90 	108 	109 
004770 	305 	90 	108 	109 
004771 	305 	90 	108 	109 
004772 	305 	90 	108 	109 
004773 	305 	90 	108 	109 
004774 	305 	90 	108 	109 
004775 	293 	90 	108 	109 
004776 	293 	90 	108 	109 
004777 	293 	90 	108 	109 
004778 	293 	90 	108 	109 
004779 	293 	102 	108 	109 
004780 	293 	102 	108 	109 
004781 	293 	102 	108 	109 
004782 	293 	102 	108 	109 
004783 	293 	102 	108 	109 
004784 	293 	102 	108 	109 
004785 	293 	102 	108 	109 
004786 	293 	102 	108 	109 
004787 	293 	102 	108 	109 
004788 	293 	90 	108 	109 
004789 	293 	90 	108 	109 
004790 	293 	78 	108 	109 
004791 	293 	78 	108 	109 
004792 	293 	78 	108 	109 
004793 	293 	66 	108 	109 
004794 	293 	66 	108 	109 
004795 	293 	66 	108 	109 
004796 	293 	66 	108 	109 
004797 	293 	66 	108 	109 
004798 	293 	66 	108 	109 
004799 	293 	66 	108 	109 
004800 	305 	66 	108 	109 
004801 	305 	66 	108 	109 
004802 	305 	66 	108 	109 
004803 	305 	66 	108 	109 
004804 	305 	66 	108 	109 
004805 	305 	66 	108 	109 
004806 	305 	66 	108 	109 
004807 	305 	66 	108 	109 
004808 	305 	78 	108 	109 
004809 	317 	78 	108 	109 
004810 	317 	78 	108 	109 
004811 	317 	78 	108 	109 
004812 	317 	90 	108 	109 
004813 	317 	90 	108 	109 
004814 	317 	102 	108 	109 
004815 	317 	102 	108 	109 
004816 	317 	102 	108 	109 
004817 	317 	102 	108 	109 
004818 	317 	102 	108 	109 
004819 	309 	94 	130 	130 
004820 	309 	94 	130 	130 
004821 	317 	90 	108 	109 
004822 	317 	90 	108 	109 
004823 	317 	90 	108 	109 
004824 	317 	90 	108 	109 
004825 	317 	102 	108 	109 
004826 	317 	102 	108 	109 
004827 	317 	102 	108 	109 
004828 	317 	102 	108 	109 
004829 	317 	102 	108 	109 
004830 	317 	102 	108 	109 
004831 	317 	102 	108 	109 
004832 	317 	102 	108 	109 
004833 	317 	102 	108 	109 
004834 	305 	102 	108 	109 
004835 	305 	102 	108 	109 
004836 	305 	102 	108 	109 
004837 	305 	102 	108 	109 
004838 	305 	102 	108 	109 
004839 	305 	102 	108 	109 
004840 	305 	102 	108 	109 
004841 	305 	102 	108 	109 
004842 	305 	102 	108 	109 
004843 	305 	102 	108 	109 
004844 	305 	102 	108 	109 
004845 	305 	102 	108 	109 
004846 	293 	102 	108 	109 
004847 	293 	102 	108 	109 
004848 	293 	102 	108 	109 
004849 	293 	102 	108 	109 
004850 	293 	102 	108 	109 
004851 	293 	114 	108 	109 
004852 	293 	114 	108 	109 
004853 	293 	114 	108 	109 
004854 	293 	114 	108 	109 
004855 	293 	114 	108 	109 
004856 	293 	114 	108 	109 
004857 	293 	114 	108 	109 
004858 	293 	114 	108 	109 
004859 	293 	114 	108 	109 
004860 	293 	114 	108 	109 
004861 	305 	114 	108 	109 
004862 	305 	114 	108 	109 
004863 	305 	102 	108 	109 
004864 	305 	102 	108 	109 
004865 	305 	102 	108 	109 
004866 	305 	102 	108 	109 
004867 	305 	102 	108 	109 
004868 	305 	102 	108 	109 
004869 	305 	102 	108 	109 
004870 	305 	102 	108 	109 
004871 	305 	90 	108 	109 
004872 	305 	90 	108 	109 
004873 	305 	90 	108 	109 
004874 	305 	90 	108 	109 
004875 	293 	90 	108 	109 
004876 	293 	90 	108 	109 
004877 	293 	90 	108 	109 
004878 	293 	90 	108 	109 
004879 	293 	90 	108 	109 
004880 	293 	102 	108 	109 
004881 	293 	102 	108 	109 
004882 	293 	102 	108 	109 
004883 	293 	102 	108 	109 
004884 	293 	114 	108 	109 
004885 	293 	114 	108 	109 
004886 	293 	114 	108 	109 
004887 	293 	114 	108 	109 
004888 	293 	114 	108 	109 
004889 	293 	114 	108 	109 
004890 	293 	114 	108 	109 
004891 	293 	114 	108 	109 
004892 	293 	114 	108 	109 
004893 	293 	114 	108 	109 
004894 	293 	114 	108 	109 
004895 	293 	114 	108 	109 
004896 	293 	114 	108 	109 
004897 	293 	102 	108 	109 
004898 	293 	102 	108 	109 
004899 	293 	102 	108 	109 
004900 	281 	102 	108 	109 
004901 	281 	102 	108 	109 
004902 	281 	102 	108 	109 
004903 	293 	102 	108 	109 
004904 	293 	90 	108 	109 
004905 	293 	90 	108 	109 
004906 	293 	90 	108 	109 
004907 	281 	78 	108 	109 
004908 	281 	78 	108 	109 
004909 	293 	78 	108 	109 
