Identity  : 	id10296
Reference : 	tlP585mCdl0
Offset    : 	-3
FV Conf   : 	15.700
ASD Conf  : 	7.212

FRAME 	X 	Y 	W 	H 
005686 	329 	102 	108 	109 
005687 	329 	102 	108 	109 
005688 	329 	102 	108 	109 
005689 	329 	102 	108 	109 
005690 	329 	102 	108 	109 
005691 	329 	102 	108 	109 
005692 	341 	102 	108 	109 
005693 	323 	94 	130 	130 
005694 	341 	102 	108 	109 
005695 	341 	102 	108 	109 
005696 	341 	102 	108 	109 
005697 	341 	102 	108 	109 
005698 	337 	80 	130 	130 
005699 	353 	90 	108 	109 
005700 	353 	90 	108 	109 
005701 	353 	90 	108 	109 
005702 	352 	80 	130 	130 
005703 	352 	80 	130 	130 
005704 	352 	80 	130 	130 
005705 	352 	80 	130 	130 
005706 	352 	80 	130 	130 
005707 	352 	80 	130 	130 
005708 	352 	80 	130 	130 
005709 	352 	80 	130 	130 
005710 	365 	90 	108 	109 
005711 	365 	90 	108 	109 
005712 	365 	90 	108 	109 
005713 	365 	90 	108 	109 
005714 	365 	90 	108 	109 
005715 	365 	90 	108 	109 
005716 	365 	102 	108 	109 
005717 	365 	90 	108 	109 
005718 	365 	102 	108 	109 
005719 	365 	102 	108 	109 
005720 	365 	102 	108 	109 
005721 	365 	102 	108 	109 
005722 	365 	102 	108 	109 
005723 	365 	102 	108 	109 
005724 	365 	102 	108 	109 
005725 	353 	102 	108 	109 
005726 	353 	102 	108 	109 
005727 	353 	102 	108 	109 
005728 	353 	102 	108 	109 
005729 	353 	102 	108 	109 
005730 	353 	102 	108 	109 
005731 	353 	102 	108 	109 
005732 	353 	102 	108 	109 
005733 	353 	102 	108 	109 
005734 	353 	102 	108 	109 
005735 	353 	102 	108 	109 
005736 	353 	102 	108 	109 
005737 	353 	102 	108 	109 
005738 	353 	102 	108 	109 
005739 	337 	80 	130 	130 
005740 	337 	80 	130 	130 
005741 	337 	80 	130 	130 
005742 	341 	102 	108 	109 
005743 	341 	102 	108 	109 
005744 	341 	90 	108 	109 
005745 	341 	90 	108 	109 
005746 	341 	90 	108 	109 
005747 	341 	90 	108 	109 
005748 	341 	90 	108 	109 
005749 	341 	90 	108 	109 
005750 	341 	90 	108 	109 
005751 	341 	90 	108 	109 
005752 	341 	90 	108 	109 
005753 	341 	90 	108 	109 
005754 	341 	90 	108 	109 
005755 	341 	102 	108 	109 
005756 	341 	90 	108 	109 
005757 	341 	90 	108 	109 
005758 	341 	90 	108 	109 
005759 	341 	90 	108 	109 
005760 	341 	90 	108 	109 
005761 	341 	90 	108 	109 
005762 	341 	90 	108 	109 
005763 	341 	90 	108 	109 
005764 	337 	80 	130 	130 
005765 	337 	80 	130 	130 
005766 	337 	80 	130 	130 
005767 	337 	80 	130 	130 
005768 	353 	90 	108 	109 
005769 	337 	80 	130 	130 
005770 	353 	90 	108 	109 
005771 	353 	90 	108 	109 
005772 	337 	80 	130 	130 
005773 	337 	80 	130 	130 
005774 	337 	80 	130 	130 
005775 	337 	80 	130 	130 
005776 	337 	80 	130 	130 
005777 	337 	80 	130 	130 
005778 	337 	80 	130 	130 
005779 	337 	80 	130 	130 
005780 	341 	90 	108 	109 
005781 	329 	90 	108 	109 
005782 	329 	90 	108 	109 
005783 	329 	90 	108 	109 
005784 	329 	90 	108 	109 
005785 	317 	90 	108 	109 
005786 	317 	90 	108 	109 
005787 	317 	90 	108 	109 
005788 	317 	90 	108 	109 
005789 	317 	90 	108 	109 
005790 	317 	90 	108 	109 
005791 	317 	90 	108 	109 
005792 	317 	90 	108 	109 
005793 	317 	90 	108 	109 
005794 	317 	90 	108 	109 
005795 	317 	90 	108 	109 
005796 	317 	90 	108 	109 
005797 	329 	90 	108 	109 
005798 	329 	102 	108 	109 
005799 	329 	102 	108 	109 
005800 	329 	102 	108 	109 
005801 	329 	102 	108 	109 
005802 	329 	102 	108 	109 
005803 	329 	102 	108 	109 
005804 	329 	102 	108 	109 
005805 	329 	102 	108 	109 
005806 	329 	102 	108 	109 
005807 	329 	102 	108 	109 
005808 	329 	102 	108 	109 
005809 	329 	102 	108 	109 
005810 	329 	102 	108 	109 
005811 	329 	102 	108 	109 
005812 	329 	102 	108 	109 
005813 	329 	102 	108 	109 
005814 	329 	102 	108 	109 
005815 	329 	102 	108 	109 
005816 	329 	102 	108 	109 
005817 	329 	102 	108 	109 
005818 	329 	102 	108 	109 
005819 	329 	102 	108 	109 
005820 	329 	102 	108 	109 
005821 	329 	102 	108 	109 
005822 	329 	102 	108 	109 
005823 	329 	102 	108 	109 
005824 	329 	102 	108 	109 
005825 	329 	114 	108 	109 
005826 	329 	114 	108 	109 
005827 	329 	114 	108 	109 
005828 	329 	114 	108 	109 
005829 	329 	114 	108 	109 
005830 	329 	114 	108 	109 
005831 	329 	114 	108 	109 
005832 	329 	114 	108 	109 
005833 	329 	114 	108 	109 
005834 	329 	114 	108 	109 
005835 	329 	114 	108 	109 
005836 	329 	114 	108 	109 
005837 	329 	114 	108 	109 
005838 	329 	114 	108 	109 
005839 	329 	114 	108 	109 
005840 	329 	114 	108 	109 
005841 	329 	114 	108 	109 
005842 	329 	114 	108 	109 
005843 	329 	114 	108 	109 
005844 	329 	102 	108 	109 
005845 	329 	102 	108 	109 
005846 	329 	102 	108 	109 
005847 	329 	114 	108 	109 
005848 	329 	114 	108 	109 
005849 	329 	114 	108 	109 
005850 	329 	114 	108 	109 
005851 	329 	102 	108 	109 
005852 	329 	102 	108 	109 
005853 	329 	102 	108 	109 
005854 	329 	114 	108 	109 
005855 	329 	114 	108 	109 
005856 	329 	102 	108 	109 
005857 	329 	102 	108 	109 
005858 	329 	102 	108 	109 
005859 	329 	102 	108 	109 
005860 	317 	102 	108 	109 
005861 	317 	102 	108 	109 
005862 	305 	90 	108 	109 
005863 	293 	78 	108 	109 
005864 	293 	78 	108 	109 
005865 	281 	78 	108 	109 
005866 	281 	78 	108 	109 
005867 	281 	78 	108 	109 
005868 	269 	78 	108 	109 
005869 	269 	78 	108 	109 
005870 	269 	78 	108 	109 
005871 	269 	78 	108 	109 
005872 	281 	66 	108 	109 
005873 	281 	66 	108 	109 
005874 	281 	66 	108 	109 
005875 	293 	66 	108 	109 
005876 	293 	66 	108 	109 
005877 	293 	78 	108 	109 
005878 	293 	78 	108 	109 
005879 	293 	78 	108 	109 
005880 	293 	78 	108 	109 
005881 	293 	78 	108 	109 
005882 	293 	78 	108 	109 
005883 	293 	90 	108 	109 
005884 	293 	90 	108 	109 
005885 	305 	90 	108 	109 
005886 	305 	90 	108 	109 
005887 	305 	90 	108 	109 
005888 	305 	90 	108 	109 
005889 	305 	90 	108 	109 
005890 	317 	90 	108 	109 
005891 	317 	90 	108 	109 
005892 	329 	90 	108 	109 
005893 	329 	90 	108 	109 
005894 	329 	90 	108 	109 
005895 	329 	90 	108 	109 
005896 	329 	90 	108 	109 
005897 	329 	102 	108 	109 
005898 	329 	102 	108 	109 
005899 	329 	102 	108 	109 
005900 	329 	102 	108 	109 
005901 	329 	102 	108 	109 
005902 	341 	102 	108 	109 
005903 	341 	102 	108 	109 
005904 	341 	102 	108 	109 
005905 	341 	102 	108 	109 
005906 	341 	102 	108 	109 
005907 	341 	102 	108 	109 
005908 	341 	114 	108 	109 
005909 	341 	114 	108 	109 
005910 	341 	114 	108 	109 
005911 	329 	114 	108 	109 
005912 	329 	114 	108 	109 
005913 	329 	114 	108 	109 
005914 	329 	114 	108 	109 
005915 	329 	114 	108 	109 
005916 	329 	114 	108 	109 
005917 	329 	114 	108 	109 
005918 	329 	114 	108 	109 
005919 	329 	114 	108 	109 
005920 	329 	114 	108 	109 
005921 	329 	114 	108 	109 
005922 	329 	114 	108 	109 
005923 	329 	114 	108 	109 
005924 	329 	114 	108 	109 
005925 	329 	114 	108 	109 
005926 	329 	114 	108 	109 
005927 	329 	114 	108 	109 
005928 	329 	114 	108 	109 
005929 	329 	114 	108 	109 
005930 	329 	114 	108 	109 
005931 	329 	114 	108 	109 
005932 	329 	114 	108 	109 
005933 	329 	114 	108 	109 
005934 	329 	114 	108 	109 
