Identity  : 	id10300
Reference : 	8EDKH42GZ1o
Offset    : 	0
FV Conf   : 	15.722
ASD Conf  : 	6.586

FRAME 	X 	Y 	W 	H 
002531 	126 	114 	108 	109 
002532 	138 	114 	108 	109 
002533 	126 	114 	108 	109 
002534 	138 	114 	108 	109 
002535 	126 	114 	108 	109 
002536 	126 	114 	108 	109 
002537 	126 	114 	108 	109 
002538 	126 	114 	108 	109 
002539 	126 	114 	108 	109 
002540 	126 	114 	108 	109 
002541 	138 	114 	108 	109 
002542 	138 	114 	108 	109 
002543 	138 	114 	108 	109 
002544 	138 	102 	108 	109 
002545 	154 	115 	91 	91 
002546 	154 	115 	91 	91 
002547 	154 	115 	91 	91 
002548 	154 	115 	91 	91 
002549 	154 	115 	91 	91 
002550 	154 	115 	91 	91 
002551 	150 	102 	108 	109 
002552 	150 	102 	108 	109 
002553 	150 	102 	108 	109 
002554 	150 	102 	108 	109 
002555 	150 	102 	108 	109 
002556 	150 	102 	108 	109 
002557 	150 	102 	108 	109 
002558 	150 	102 	108 	109 
002559 	150 	102 	108 	109 
002560 	150 	102 	108 	109 
002561 	150 	102 	108 	109 
002562 	150 	102 	108 	109 
002563 	150 	102 	108 	109 
002564 	150 	102 	108 	109 
002565 	150 	102 	108 	109 
002566 	150 	102 	108 	109 
002567 	150 	102 	108 	109 
002568 	150 	102 	108 	109 
002569 	150 	102 	108 	109 
002570 	154 	115 	91 	91 
002571 	154 	115 	91 	91 
002572 	154 	115 	91 	91 
002573 	154 	115 	91 	91 
002574 	150 	102 	108 	109 
002575 	150 	102 	108 	109 
002576 	154 	115 	91 	91 
002577 	154 	115 	91 	91 
002578 	154 	115 	91 	91 
002579 	154 	115 	91 	91 
002580 	150 	102 	108 	109 
002581 	154 	115 	91 	91 
002582 	150 	102 	108 	109 
002583 	150 	102 	108 	109 
002584 	150 	102 	108 	109 
002585 	150 	102 	108 	109 
002586 	150 	102 	108 	109 
002587 	150 	102 	108 	109 
002588 	150 	102 	108 	109 
002589 	150 	102 	108 	109 
002590 	150 	102 	108 	109 
002591 	150 	102 	108 	109 
002592 	150 	102 	108 	109 
002593 	150 	102 	108 	109 
002594 	154 	115 	91 	91 
002595 	154 	115 	91 	91 
002596 	150 	102 	108 	109 
002597 	150 	102 	108 	109 
002598 	164 	105 	91 	91 
002599 	150 	102 	108 	109 
002600 	164 	115 	91 	91 
002601 	164 	115 	91 	91 
002602 	154 	115 	91 	91 
002603 	164 	105 	91 	91 
002604 	154 	115 	91 	91 
002605 	150 	102 	108 	109 
002606 	150 	102 	108 	109 
002607 	150 	102 	108 	109 
002608 	150 	102 	108 	109 
002609 	150 	102 	108 	109 
002610 	150 	102 	108 	109 
002611 	164 	105 	91 	91 
002612 	164 	105 	91 	91 
002613 	150 	102 	108 	109 
002614 	150 	102 	108 	109 
002615 	150 	114 	108 	109 
002616 	150 	102 	108 	109 
002617 	150 	102 	108 	109 
002618 	150 	102 	108 	109 
002619 	150 	102 	108 	109 
002620 	150 	102 	108 	109 
002621 	150 	102 	108 	109 
002622 	150 	102 	108 	109 
002623 	150 	102 	108 	109 
002624 	150 	102 	108 	109 
002625 	150 	102 	108 	109 
002626 	150 	102 	108 	109 
002627 	150 	102 	108 	109 
002628 	150 	102 	108 	109 
002629 	150 	102 	108 	109 
002630 	150 	102 	108 	109 
002631 	150 	102 	108 	109 
002632 	150 	102 	108 	109 
002633 	150 	102 	108 	109 
002634 	150 	102 	108 	109 
002635 	150 	114 	108 	109 
002636 	150 	114 	108 	109 
002637 	150 	114 	108 	109 
002638 	150 	114 	108 	109 
002639 	150 	102 	108 	109 
002640 	150 	102 	108 	109 
002641 	150 	114 	108 	109 
002642 	154 	115 	91 	91 
002643 	154 	115 	91 	91 
002644 	154 	115 	91 	91 
002645 	154 	115 	91 	91 
002646 	138 	114 	108 	109 
002647 	138 	114 	108 	109 
002648 	138 	114 	108 	109 
002649 	138 	114 	108 	109 
002650 	138 	114 	108 	109 
002651 	138 	114 	108 	109 
002652 	138 	114 	108 	109 
002653 	138 	114 	108 	109 
002654 	138 	114 	108 	109 
002655 	138 	114 	108 	109 
002656 	150 	102 	108 	109 
002657 	150 	102 	108 	109 
002658 	150 	102 	108 	109 
002659 	154 	115 	91 	91 
002660 	150 	114 	108 	109 
002661 	150 	114 	108 	109 
002662 	154 	115 	91 	91 
002663 	150 	102 	108 	109 
002664 	154 	115 	91 	91 
002665 	154 	115 	91 	91 
002666 	154 	115 	91 	91 
002667 	154 	115 	91 	91 
002668 	150 	114 	108 	109 
002669 	150 	114 	108 	109 
002670 	150 	102 	108 	109 
002671 	150 	102 	108 	109 
002672 	164 	105 	91 	91 
002673 	164 	105 	91 	91 
002674 	164 	105 	91 	91 
002675 	164 	105 	91 	91 
002676 	150 	102 	108 	109 
002677 	164 	105 	91 	91 
002678 	150 	102 	108 	109 
002679 	150 	102 	108 	109 
002680 	150 	102 	108 	109 
002681 	150 	102 	108 	109 
002682 	150 	102 	108 	109 
002683 	150 	102 	108 	109 
002684 	150 	102 	108 	109 
002685 	150 	102 	108 	109 
002686 	150 	102 	108 	109 
002687 	150 	102 	108 	109 
002688 	150 	102 	108 	109 
002689 	150 	102 	108 	109 
002690 	150 	102 	108 	109 
002691 	150 	102 	108 	109 
