Identity  : 	id10300
Reference : 	8EDKH42GZ1o
Offset    : 	0
FV Conf   : 	12.300
ASD Conf  : 	6.335

FRAME 	X 	Y 	W 	H 
005563 	138 	126 	108 	109 
005564 	138 	126 	108 	109 
005565 	138 	126 	108 	109 
005566 	138 	126 	108 	109 
005567 	138 	126 	108 	109 
005568 	138 	126 	108 	109 
005569 	138 	126 	108 	109 
005570 	144 	125 	91 	90 
005571 	144 	125 	91 	90 
005572 	144 	125 	91 	90 
005573 	144 	125 	91 	90 
005574 	144 	125 	91 	90 
005575 	144 	125 	91 	90 
005576 	144 	125 	91 	90 
005577 	126 	114 	108 	109 
005578 	144 	125 	91 	90 
005579 	126 	114 	108 	109 
005580 	126 	114 	108 	109 
005581 	126 	114 	108 	109 
005582 	126 	114 	108 	109 
005583 	126 	114 	108 	109 
005584 	144 	125 	91 	90 
005585 	144 	125 	91 	90 
005586 	138 	114 	108 	109 
005587 	138 	114 	108 	109 
005588 	138 	114 	108 	109 
005589 	126 	114 	108 	109 
005590 	126 	114 	108 	109 
005591 	126 	114 	108 	109 
005592 	126 	114 	108 	109 
005593 	126 	114 	108 	109 
005594 	126 	114 	108 	109 
005595 	126 	114 	108 	109 
005596 	126 	114 	108 	109 
005597 	126 	114 	108 	109 
005598 	126 	114 	108 	109 
005599 	126 	114 	108 	109 
005600 	126 	114 	108 	109 
005601 	126 	114 	108 	109 
005602 	126 	114 	108 	109 
005603 	138 	114 	108 	109 
005604 	138 	114 	108 	109 
005605 	138 	114 	108 	109 
005606 	138 	114 	108 	109 
005607 	138 	102 	108 	109 
005608 	138 	102 	108 	109 
005609 	138 	102 	108 	109 
005610 	138 	102 	108 	109 
005611 	138 	102 	108 	109 
005612 	138 	102 	108 	109 
005613 	138 	102 	108 	109 
005614 	138 	102 	108 	109 
005615 	138 	102 	108 	109 
005616 	138 	102 	108 	109 
005617 	138 	102 	108 	109 
005618 	138 	102 	108 	109 
005619 	138 	102 	108 	109 
005620 	154 	105 	91 	91 
005621 	138 	102 	108 	109 
005622 	138 	102 	108 	109 
005623 	138 	102 	108 	109 
005624 	138 	102 	108 	109 
005625 	138 	102 	108 	109 
005626 	138 	102 	108 	109 
005627 	138 	102 	108 	109 
005628 	138 	102 	108 	109 
005629 	138 	102 	108 	109 
005630 	138 	102 	108 	109 
005631 	138 	102 	108 	109 
005632 	138 	102 	108 	109 
005633 	138 	102 	108 	109 
005634 	138 	102 	108 	109 
005635 	138 	102 	108 	109 
005636 	138 	102 	108 	109 
005637 	138 	102 	108 	109 
005638 	138 	90 	108 	109 
005639 	138 	90 	108 	109 
005640 	138 	102 	108 	109 
005641 	138 	102 	108 	109 
005642 	138 	102 	108 	109 
005643 	138 	102 	108 	109 
005644 	138 	102 	108 	109 
005645 	138 	102 	108 	109 
005646 	138 	102 	108 	109 
005647 	138 	102 	108 	109 
005648 	138 	102 	108 	109 
005649 	138 	102 	108 	109 
005650 	138 	102 	108 	109 
005651 	138 	102 	108 	109 
005652 	138 	102 	108 	109 
005653 	138 	102 	108 	109 
005654 	138 	102 	108 	109 
005655 	138 	102 	108 	109 
005656 	138 	102 	108 	109 
005657 	138 	102 	108 	109 
005658 	138 	102 	108 	109 
005659 	138 	102 	108 	109 
005660 	138 	102 	108 	109 
005661 	138 	102 	108 	109 
005662 	138 	102 	108 	109 
005663 	138 	102 	108 	109 
005664 	138 	102 	108 	109 
005665 	138 	102 	108 	109 
005666 	154 	115 	91 	91 
005667 	150 	102 	108 	109 
005668 	150 	102 	108 	109 
005669 	150 	114 	108 	109 
005670 	150 	114 	108 	109 
005671 	150 	114 	108 	109 
005672 	150 	114 	108 	109 
005673 	150 	114 	108 	109 
005674 	150 	114 	108 	109 
005675 	150 	114 	108 	109 
005676 	150 	114 	108 	109 
005677 	150 	114 	108 	109 
005678 	150 	114 	108 	109 
005679 	150 	114 	108 	109 
005680 	150 	114 	108 	109 
005681 	150 	114 	108 	109 
005682 	150 	114 	108 	109 
005683 	154 	125 	91 	90 
005684 	154 	125 	91 	90 
005685 	154 	125 	91 	90 
005686 	150 	114 	108 	109 
005687 	150 	114 	108 	109 
005688 	150 	114 	108 	109 
005689 	150 	114 	108 	109 
005690 	150 	114 	108 	109 
005691 	150 	114 	108 	109 
005692 	150 	114 	108 	109 
005693 	150 	114 	108 	109 
005694 	150 	114 	108 	109 
005695 	150 	114 	108 	109 
005696 	150 	114 	108 	109 
005697 	150 	114 	108 	109 
005698 	150 	114 	108 	109 
005699 	150 	114 	108 	109 
005700 	150 	114 	108 	109 
005701 	150 	114 	108 	109 
005702 	150 	114 	108 	109 
005703 	138 	114 	108 	109 
005704 	138 	102 	108 	109 
005705 	138 	114 	108 	109 
005706 	138 	114 	108 	109 
005707 	138 	114 	108 	109 
005708 	138 	114 	108 	109 
005709 	138 	102 	108 	109 
005710 	138 	102 	108 	109 
005711 	138 	102 	108 	109 
005712 	138 	102 	108 	109 
005713 	138 	102 	108 	109 
005714 	138 	102 	108 	109 
005715 	138 	102 	108 	109 
005716 	138 	102 	108 	109 
005717 	138 	102 	108 	109 
005718 	138 	102 	108 	109 
005719 	138 	102 	108 	109 
005720 	154 	115 	91 	91 
005721 	154 	115 	91 	91 
005722 	154 	115 	91 	91 
005723 	150 	102 	108 	109 
005724 	150 	102 	108 	109 
005725 	150 	102 	108 	109 
005726 	150 	102 	108 	109 
005727 	150 	102 	108 	109 
005728 	150 	102 	108 	109 
005729 	154 	115 	91 	91 
005730 	154 	115 	91 	91 
005731 	154 	115 	91 	91 
005732 	154 	115 	91 	91 
005733 	154 	115 	91 	91 
005734 	154 	115 	91 	91 
005735 	154 	115 	91 	91 
005736 	154 	115 	91 	91 
005737 	154 	115 	91 	91 
005738 	154 	115 	91 	91 
005739 	154 	115 	91 	91 
005740 	154 	115 	91 	91 
005741 	154 	115 	91 	91 
005742 	154 	115 	91 	91 
005743 	154 	115 	91 	91 
005744 	154 	115 	91 	91 
005745 	150 	102 	108 	109 
005746 	150 	102 	108 	109 
005747 	150 	102 	108 	109 
005748 	150 	102 	108 	109 
005749 	150 	102 	108 	109 
005750 	154 	115 	91 	91 
005751 	154 	115 	91 	91 
005752 	164 	115 	91 	91 
005753 	164 	115 	91 	91 
005754 	164 	115 	91 	91 
005755 	164 	115 	91 	91 
005756 	164 	115 	91 	91 
005757 	150 	102 	108 	109 
005758 	150 	102 	108 	109 
005759 	154 	115 	91 	91 
005760 	150 	102 	108 	109 
005761 	154 	115 	91 	91 
005762 	150 	102 	108 	109 
005763 	154 	115 	91 	91 
005764 	154 	115 	91 	91 
005765 	154 	115 	91 	91 
005766 	154 	105 	91 	91 
005767 	154 	105 	91 	91 
005768 	138 	102 	108 	109 
005769 	138 	102 	108 	109 
005770 	150 	102 	108 	109 
005771 	150 	102 	108 	109 
005772 	150 	102 	108 	109 
005773 	150 	102 	108 	109 
005774 	150 	102 	108 	109 
005775 	150 	102 	108 	109 
005776 	150 	102 	108 	109 
005777 	150 	102 	108 	109 
005778 	150 	102 	108 	109 
005779 	150 	102 	108 	109 
005780 	164 	115 	91 	91 
005781 	164 	115 	91 	91 
005782 	174 	115 	91 	91 
005783 	161 	102 	109 	109 
005784 	174 	115 	91 	91 
005785 	161 	102 	109 	109 
005786 	161 	102 	109 	109 
005787 	161 	102 	109 	109 
005788 	161 	102 	109 	109 
005789 	161 	102 	109 	109 
005790 	164 	115 	91 	91 
005791 	164 	115 	91 	91 
005792 	150 	102 	108 	109 
005793 	150 	102 	108 	109 
005794 	150 	102 	108 	109 
005795 	138 	102 	108 	109 
005796 	138 	102 	108 	109 
005797 	138 	102 	108 	109 
005798 	138 	102 	108 	109 
005799 	138 	102 	108 	109 
005800 	126 	90 	108 	109 
005801 	126 	90 	108 	109 
005802 	126 	90 	108 	109 
005803 	126 	90 	108 	109 
005804 	126 	90 	108 	109 
005805 	126 	90 	108 	109 
005806 	126 	90 	108 	109 
005807 	126 	90 	108 	109 
005808 	126 	90 	108 	109 
005809 	126 	90 	108 	109 
005810 	126 	90 	108 	109 
005811 	126 	90 	108 	109 
005812 	126 	90 	108 	109 
005813 	126 	90 	108 	109 
005814 	126 	78 	108 	109 
005815 	126 	78 	108 	109 
005816 	126 	78 	108 	109 
005817 	126 	78 	108 	109 
005818 	126 	78 	108 	109 
005819 	138 	78 	108 	109 
005820 	138 	78 	108 	109 
005821 	138 	78 	108 	109 
005822 	138 	78 	108 	109 
005823 	138 	78 	108 	109 
005824 	138 	78 	108 	109 
005825 	138 	78 	108 	109 
005826 	138 	78 	108 	109 
005827 	138 	78 	108 	109 
005828 	138 	78 	108 	109 
005829 	138 	78 	108 	109 
005830 	138 	78 	108 	109 
005831 	138 	78 	108 	109 
005832 	138 	78 	108 	109 
005833 	138 	78 	108 	109 
005834 	138 	78 	108 	109 
005835 	138 	78 	108 	109 
005836 	138 	78 	108 	109 
005837 	138 	78 	108 	109 
005838 	138 	90 	108 	109 
005839 	138 	90 	108 	109 
005840 	138 	90 	108 	109 
005841 	138 	90 	108 	109 
005842 	138 	90 	108 	109 
005843 	138 	90 	108 	109 
005844 	138 	90 	108 	109 
005845 	138 	90 	108 	109 
005846 	138 	90 	108 	109 
005847 	138 	90 	108 	109 
005848 	138 	90 	108 	109 
005849 	138 	90 	108 	109 
005850 	138 	90 	108 	109 
005851 	138 	90 	108 	109 
005852 	138 	90 	108 	109 
005853 	138 	90 	108 	109 
005854 	138 	90 	108 	109 
005855 	138 	90 	108 	109 
005856 	138 	90 	108 	109 
005857 	138 	90 	108 	109 
005858 	138 	90 	108 	109 
005859 	138 	90 	108 	109 
005860 	138 	90 	108 	109 
005861 	138 	90 	108 	109 
005862 	138 	90 	108 	109 
005863 	138 	90 	108 	109 
005864 	138 	90 	108 	109 
005865 	138 	90 	108 	109 
005866 	138 	90 	108 	109 
005867 	138 	90 	108 	109 
005868 	138 	90 	108 	109 
005869 	138 	90 	108 	109 
005870 	138 	90 	108 	109 
005871 	138 	90 	108 	109 
005872 	138 	90 	108 	109 
005873 	138 	90 	108 	109 
005874 	138 	90 	108 	109 
005875 	138 	102 	108 	109 
005876 	154 	105 	91 	91 
005877 	154 	105 	91 	91 
005878 	154 	105 	91 	91 
005879 	154 	105 	91 	91 
005880 	154 	105 	91 	91 
005881 	154 	105 	91 	91 
005882 	154 	105 	91 	91 
005883 	138 	102 	108 	109 
005884 	138 	102 	108 	109 
005885 	138 	102 	108 	109 
005886 	138 	102 	108 	109 
005887 	138 	102 	108 	109 
005888 	138 	102 	108 	109 
005889 	138 	102 	108 	109 
005890 	138 	102 	108 	109 
005891 	138 	102 	108 	109 
005892 	138 	102 	108 	109 
005893 	138 	102 	108 	109 
005894 	138 	102 	108 	109 
005895 	138 	102 	108 	109 
005896 	138 	102 	108 	109 
005897 	138 	102 	108 	109 
005898 	138 	102 	108 	109 
005899 	138 	102 	108 	109 
005900 	138 	102 	108 	109 
005901 	138 	102 	108 	109 
005902 	138 	102 	108 	109 
005903 	138 	102 	108 	109 
005904 	138 	102 	108 	109 
005905 	138 	102 	108 	109 
005906 	138 	102 	108 	109 
005907 	138 	102 	108 	109 
005908 	138 	102 	108 	109 
005909 	138 	102 	108 	109 
005910 	138 	102 	108 	109 
005911 	138 	102 	108 	109 
005912 	138 	102 	108 	109 
005913 	138 	102 	108 	109 
005914 	138 	102 	108 	109 
005915 	138 	102 	108 	109 
005916 	144 	115 	91 	91 
005917 	144 	115 	91 	91 
005918 	144 	115 	91 	91 
005919 	144 	115 	91 	91 
005920 	126 	102 	108 	109 
005921 	126 	102 	108 	109 
005922 	126 	102 	108 	109 
005923 	126 	102 	108 	109 
005924 	126 	102 	108 	109 
005925 	126 	102 	108 	109 
005926 	126 	102 	108 	109 
005927 	126 	102 	108 	109 
005928 	126 	102 	108 	109 
005929 	144 	115 	91 	91 
005930 	144 	115 	91 	91 
005931 	144 	115 	91 	91 
005932 	144 	115 	91 	91 
005933 	144 	115 	91 	91 
005934 	144 	115 	91 	91 
005935 	144 	115 	91 	91 
005936 	144 	115 	91 	91 
005937 	126 	102 	108 	109 
005938 	126 	102 	108 	109 
005939 	126 	102 	108 	109 
005940 	126 	102 	108 	109 
005941 	126 	102 	108 	109 
005942 	126 	102 	108 	109 
005943 	126 	102 	108 	109 
005944 	126 	102 	108 	109 
005945 	126 	102 	108 	109 
005946 	126 	102 	108 	109 
005947 	126 	102 	108 	109 
005948 	126 	102 	108 	109 
005949 	126 	102 	108 	109 
005950 	126 	114 	108 	109 
005951 	138 	114 	108 	109 
005952 	138 	114 	108 	109 
005953 	138 	114 	108 	109 
005954 	138 	114 	108 	109 
005955 	138 	114 	108 	109 
005956 	138 	114 	108 	109 
005957 	138 	114 	108 	109 
005958 	138 	114 	108 	109 
005959 	138 	114 	108 	109 
005960 	138 	114 	108 	109 
005961 	138 	114 	108 	109 
005962 	138 	114 	108 	109 
005963 	138 	114 	108 	109 
005964 	138 	114 	108 	109 
005965 	138 	114 	108 	109 
005966 	138 	114 	108 	109 
005967 	138 	114 	108 	109 
005968 	126 	114 	108 	109 
005969 	126 	102 	108 	109 
005970 	126 	114 	108 	109 
005971 	144 	115 	91 	91 
005972 	144 	115 	91 	91 
005973 	138 	114 	108 	109 
005974 	138 	102 	108 	109 
005975 	138 	102 	108 	109 
005976 	138 	102 	108 	109 
005977 	138 	102 	108 	109 
005978 	138 	102 	108 	109 
005979 	138 	102 	108 	109 
005980 	138 	102 	108 	109 
005981 	138 	102 	108 	109 
005982 	138 	102 	108 	109 
005983 	154 	105 	91 	91 
005984 	154 	115 	91 	91 
005985 	154 	115 	91 	91 
005986 	154 	115 	91 	91 
005987 	154 	115 	91 	91 
005988 	154 	115 	91 	91 
005989 	154 	115 	91 	91 
005990 	154 	115 	91 	91 
005991 	154 	115 	91 	91 
005992 	154 	115 	91 	91 
005993 	154 	115 	91 	91 
005994 	154 	115 	91 	91 
005995 	154 	115 	91 	91 
005996 	154 	115 	91 	91 
005997 	154 	115 	91 	91 
