Identity  : 	id10300
Reference : 	8EDKH42GZ1o
Offset    : 	0
FV Conf   : 	17.165
ASD Conf  : 	6.970

FRAME 	X 	Y 	W 	H 
010610 	108 	94 	130 	130 
010611 	108 	94 	130 	130 
010612 	108 	94 	130 	130 
010613 	108 	94 	130 	130 
010614 	108 	94 	130 	130 
010615 	108 	94 	130 	130 
010616 	108 	94 	130 	130 
010617 	108 	94 	130 	130 
010618 	108 	94 	130 	130 
010619 	138 	114 	108 	109 
010620 	138 	114 	108 	109 
010621 	150 	114 	108 	109 
010622 	150 	114 	108 	109 
010623 	150 	114 	108 	109 
010624 	150 	114 	108 	109 
010625 	154 	125 	91 	90 
010626 	154 	125 	91 	90 
010627 	150 	126 	108 	109 
010628 	150 	126 	108 	109 
010629 	150 	114 	108 	109 
010630 	150 	114 	108 	109 
010631 	138 	114 	108 	109 
010632 	138 	114 	108 	109 
010633 	138 	114 	108 	109 
010634 	126 	102 	108 	109 
010635 	126 	102 	108 	109 
010636 	126 	102 	108 	109 
010637 	126 	102 	108 	109 
010638 	144 	115 	91 	91 
010639 	138 	114 	108 	109 
010640 	144 	115 	91 	91 
010641 	138 	114 	108 	109 
010642 	138 	114 	108 	109 
010643 	138 	102 	108 	109 
010644 	154 	115 	91 	91 
010645 	154 	115 	91 	91 
010646 	154 	115 	91 	91 
010647 	150 	102 	108 	109 
010648 	150 	102 	108 	109 
010649 	150 	102 	108 	109 
010650 	150 	102 	108 	109 
010651 	150 	102 	108 	109 
010652 	150 	102 	108 	109 
010653 	150 	102 	108 	109 
010654 	150 	102 	108 	109 
010655 	150 	102 	108 	109 
010656 	150 	102 	108 	109 
010657 	150 	102 	108 	109 
010658 	154 	115 	91 	91 
010659 	150 	102 	108 	109 
010660 	150 	102 	108 	109 
010661 	150 	102 	108 	109 
010662 	150 	102 	108 	109 
010663 	150 	102 	108 	109 
010664 	150 	102 	108 	109 
010665 	150 	102 	108 	109 
010666 	154 	115 	91 	91 
010667 	150 	102 	108 	109 
010668 	150 	102 	108 	109 
010669 	154 	105 	91 	91 
010670 	154 	105 	91 	91 
010671 	138 	102 	108 	109 
010672 	138 	102 	108 	109 
010673 	138 	102 	108 	109 
010674 	138 	114 	108 	109 
010675 	138 	114 	108 	109 
010676 	138 	114 	108 	109 
010677 	138 	114 	108 	109 
010678 	138 	114 	108 	109 
010679 	138 	126 	108 	109 
010680 	138 	126 	108 	109 
010681 	138 	126 	108 	109 
010682 	126 	114 	108 	109 
010683 	126 	114 	108 	109 
010684 	126 	114 	108 	109 
010685 	126 	114 	108 	109 
010686 	126 	114 	108 	109 
010687 	126 	102 	108 	109 
010688 	126 	102 	108 	109 
010689 	126 	102 	108 	109 
010690 	126 	102 	108 	109 
010691 	126 	102 	108 	109 
010692 	126 	102 	108 	109 
010693 	126 	102 	108 	109 
010694 	138 	114 	108 	109 
010695 	126 	102 	108 	109 
010696 	126 	102 	108 	109 
010697 	126 	102 	108 	109 
010698 	126 	102 	108 	109 
010699 	126 	102 	108 	109 
010700 	126 	102 	108 	109 
010701 	126 	102 	108 	109 
010702 	138 	102 	108 	109 
010703 	138 	102 	108 	109 
010704 	138 	102 	108 	109 
010705 	138 	102 	108 	109 
010706 	138 	102 	108 	109 
010707 	138 	102 	108 	109 
010708 	138 	102 	108 	109 
010709 	138 	102 	108 	109 
010710 	138 	102 	108 	109 
010711 	138 	102 	108 	109 
010712 	138 	102 	108 	109 
010713 	138 	102 	108 	109 
010714 	138 	102 	108 	109 
010715 	138 	102 	108 	109 
010716 	138 	102 	108 	109 
010717 	138 	102 	108 	109 
010718 	138 	102 	108 	109 
010719 	138 	102 	108 	109 
010720 	138 	102 	108 	109 
010721 	138 	102 	108 	109 
010722 	138 	102 	108 	109 
010723 	138 	102 	108 	109 
010724 	138 	102 	108 	109 
010725 	138 	102 	108 	109 
010726 	138 	102 	108 	109 
