Identity  : 	id10300
Reference : 	8EDKH42GZ1o
Offset    : 	0
FV Conf   : 	17.165
ASD Conf  : 	6.919

FRAME 	X 	Y 	W 	H 
010808 	138 	102 	108 	109 
010809 	138 	102 	108 	109 
010810 	138 	102 	108 	109 
010811 	138 	102 	108 	109 
010812 	138 	102 	108 	109 
010813 	138 	102 	108 	109 
010814 	138 	102 	108 	109 
010815 	138 	102 	108 	109 
010816 	138 	102 	108 	109 
010817 	138 	102 	108 	109 
010818 	138 	102 	108 	109 
010819 	138 	102 	108 	109 
010820 	138 	102 	108 	109 
010821 	138 	102 	108 	109 
010822 	138 	102 	108 	109 
010823 	138 	102 	108 	109 
010824 	138 	102 	108 	109 
010825 	138 	102 	108 	109 
010826 	138 	102 	108 	109 
010827 	138 	102 	108 	109 
010828 	138 	102 	108 	109 
010829 	138 	102 	108 	109 
010830 	138 	102 	108 	109 
010831 	138 	102 	108 	109 
010832 	138 	102 	108 	109 
010833 	138 	102 	108 	109 
010834 	138 	102 	108 	109 
010835 	138 	102 	108 	109 
010836 	138 	102 	108 	109 
010837 	138 	102 	108 	109 
010838 	138 	102 	108 	109 
010839 	138 	102 	108 	109 
010840 	138 	102 	108 	109 
010841 	138 	102 	108 	109 
010842 	138 	102 	108 	109 
010843 	138 	102 	108 	109 
010844 	138 	102 	108 	109 
010845 	138 	102 	108 	109 
010846 	138 	102 	108 	109 
010847 	138 	102 	108 	109 
010848 	138 	102 	108 	109 
010849 	138 	102 	108 	109 
010850 	138 	102 	108 	109 
010851 	138 	102 	108 	109 
010852 	138 	102 	108 	109 
010853 	138 	102 	108 	109 
010854 	138 	102 	108 	109 
010855 	138 	102 	108 	109 
010856 	138 	102 	108 	109 
010857 	138 	102 	108 	109 
010858 	138 	102 	108 	109 
010859 	138 	102 	108 	109 
010860 	138 	102 	108 	109 
010861 	138 	102 	108 	109 
010862 	138 	102 	108 	109 
010863 	138 	102 	108 	109 
010864 	138 	102 	108 	109 
010865 	138 	102 	108 	109 
010866 	138 	102 	108 	109 
010867 	138 	102 	108 	109 
010868 	138 	102 	108 	109 
010869 	138 	102 	108 	109 
010870 	144 	115 	91 	91 
010871 	138 	102 	108 	109 
010872 	138 	102 	108 	109 
010873 	138 	102 	108 	109 
010874 	138 	102 	108 	109 
010875 	138 	102 	108 	109 
010876 	138 	102 	108 	109 
010877 	138 	102 	108 	109 
010878 	138 	102 	108 	109 
010879 	138 	102 	108 	109 
010880 	138 	102 	108 	109 
010881 	138 	102 	108 	109 
010882 	138 	102 	108 	109 
010883 	138 	102 	108 	109 
010884 	126 	90 	108 	109 
010885 	126 	90 	108 	109 
010886 	144 	105 	91 	91 
010887 	126 	90 	108 	109 
010888 	126 	90 	108 	109 
010889 	126 	90 	108 	109 
010890 	138 	90 	108 	109 
010891 	138 	90 	108 	109 
010892 	138 	90 	108 	109 
010893 	138 	90 	108 	109 
010894 	138 	90 	108 	109 
010895 	138 	90 	108 	109 
010896 	138 	90 	108 	109 
010897 	138 	90 	108 	109 
010898 	126 	78 	108 	109 
010899 	126 	78 	108 	109 
010900 	126 	78 	108 	109 
010901 	126 	78 	108 	109 
010902 	126 	78 	108 	109 
010903 	126 	78 	108 	109 
010904 	126 	78 	108 	109 
010905 	126 	78 	108 	109 
010906 	126 	78 	108 	109 
010907 	126 	78 	108 	109 
010908 	126 	78 	108 	109 
010909 	126 	78 	108 	109 
010910 	126 	78 	108 	109 
010911 	126 	78 	108 	109 
010912 	126 	78 	108 	109 
010913 	126 	78 	108 	109 
010914 	126 	78 	108 	109 
010915 	138 	90 	108 	109 
010916 	138 	90 	108 	109 
010917 	138 	90 	108 	109 
010918 	138 	90 	108 	109 
010919 	138 	90 	108 	109 
010920 	138 	90 	108 	109 
010921 	138 	90 	108 	109 
010922 	138 	90 	108 	109 
010923 	138 	90 	108 	109 
010924 	138 	90 	108 	109 
010925 	126 	90 	108 	109 
010926 	126 	90 	108 	109 
010927 	126 	90 	108 	109 
010928 	126 	90 	108 	109 
010929 	126 	102 	108 	109 
