Identity  : 	id10282
Reference : 	neQO6_CUY4w
Offset    : 	-2
FV Conf   : 	16.244
ASD Conf  : 	8.163

FRAME 	X 	Y 	W 	H 
000765 	285 	79 	155 	156 
000766 	285 	79 	155 	156 
000767 	285 	79 	155 	156 
000768 	285 	79 	155 	156 
000769 	285 	79 	155 	156 
000770 	285 	79 	155 	156 
000771 	285 	79 	155 	156 
000772 	294 	80 	130 	130 
000773 	294 	80 	130 	130 
000774 	294 	80 	130 	130 
000775 	294 	80 	130 	130 
000776 	294 	80 	130 	130 
000777 	294 	80 	130 	130 
000778 	294 	80 	130 	130 
000779 	294 	80 	130 	130 
000780 	294 	80 	130 	130 
000781 	294 	80 	130 	130 
000782 	294 	80 	130 	130 
000783 	294 	80 	130 	130 
000784 	294 	80 	130 	130 
000785 	294 	80 	130 	130 
000786 	294 	80 	130 	130 
000787 	294 	80 	130 	130 
000788 	294 	80 	130 	130 
000789 	294 	80 	130 	130 
000790 	294 	80 	130 	130 
000791 	294 	80 	130 	130 
000792 	294 	80 	130 	130 
000793 	294 	80 	130 	130 
000794 	294 	80 	130 	130 
000795 	294 	80 	130 	130 
000796 	294 	80 	130 	130 
000797 	294 	80 	130 	130 
000798 	294 	80 	130 	130 
000799 	294 	80 	130 	130 
000800 	294 	80 	130 	130 
000801 	294 	80 	130 	130 
000802 	294 	80 	130 	130 
000803 	294 	80 	130 	130 
000804 	294 	80 	130 	130 
000805 	294 	80 	130 	130 
000806 	294 	80 	130 	130 
000807 	294 	80 	130 	130 
000808 	294 	80 	130 	130 
000809 	294 	80 	130 	130 
000810 	294 	80 	130 	130 
000811 	294 	80 	130 	130 
000812 	294 	80 	130 	130 
000813 	294 	80 	130 	130 
000814 	294 	80 	130 	130 
000815 	294 	80 	130 	130 
000816 	294 	80 	130 	130 
000817 	294 	80 	130 	130 
000818 	294 	80 	130 	130 
000819 	294 	80 	130 	130 
000820 	294 	80 	130 	130 
000821 	294 	80 	130 	130 
000822 	294 	80 	130 	130 
000823 	294 	80 	130 	130 
000824 	294 	80 	130 	130 
000825 	294 	80 	130 	130 
000826 	294 	80 	130 	130 
000827 	294 	80 	130 	130 
000828 	294 	80 	130 	130 
000829 	294 	80 	130 	130 
000830 	294 	80 	130 	130 
000831 	294 	80 	130 	130 
000832 	294 	80 	130 	130 
000833 	294 	80 	130 	130 
000834 	294 	80 	130 	130 
000835 	294 	80 	130 	130 
000836 	294 	80 	130 	130 
000837 	294 	80 	130 	130 
000838 	294 	80 	130 	130 
000839 	294 	80 	130 	130 
000840 	294 	80 	130 	130 
000841 	294 	80 	130 	130 
000842 	294 	80 	130 	130 
000843 	294 	80 	130 	130 
000844 	294 	80 	130 	130 
000845 	294 	94 	130 	130 
000846 	294 	94 	130 	130 
000847 	294 	94 	130 	130 
000848 	267 	62 	156 	155 
000849 	267 	62 	156 	155 
000850 	267 	62 	156 	155 
000851 	267 	62 	156 	155 
000852 	267 	62 	156 	155 
000853 	294 	80 	130 	130 
000854 	294 	80 	130 	130 
000855 	294 	80 	130 	130 
000856 	294 	80 	130 	130 
000857 	294 	80 	130 	130 
000858 	294 	80 	130 	130 
000859 	294 	80 	130 	130 
000860 	280 	80 	130 	130 
000861 	280 	80 	130 	130 
000862 	280 	80 	130 	130 
000863 	280 	80 	130 	130 
000864 	267 	62 	156 	155 
000865 	280 	80 	130 	130 
000866 	280 	80 	130 	130 
000867 	280 	80 	130 	130 
000868 	280 	80 	130 	130 
000869 	280 	80 	130 	130 
000870 	280 	80 	130 	130 
000871 	267 	62 	156 	155 
000872 	294 	94 	130 	130 
000873 	294 	94 	130 	130 
000874 	294 	94 	130 	130 
000875 	294 	94 	130 	130 
000876 	294 	94 	130 	130 
000877 	294 	94 	130 	130 
000878 	294 	94 	130 	130 
000879 	294 	94 	130 	130 
000880 	294 	94 	130 	130 
000881 	294 	94 	130 	130 
000882 	294 	94 	130 	130 
000883 	294 	94 	130 	130 
000884 	294 	94 	130 	130 
000885 	294 	94 	130 	130 
000886 	294 	94 	130 	130 
000887 	294 	94 	130 	130 
000888 	294 	94 	130 	130 
000889 	294 	94 	130 	130 
000890 	294 	80 	130 	130 
000891 	285 	79 	155 	156 
000892 	294 	80 	130 	130 
000893 	294 	80 	130 	130 
000894 	294 	80 	130 	130 
000895 	294 	80 	130 	130 
000896 	294 	80 	130 	130 
000897 	294 	80 	130 	130 
000898 	294 	80 	130 	130 
000899 	294 	80 	130 	130 
000900 	294 	80 	130 	130 
000901 	294 	80 	130 	130 
000902 	294 	80 	130 	130 
000903 	267 	62 	156 	155 
000904 	267 	62 	156 	155 
000905 	267 	62 	156 	155 
000906 	267 	62 	156 	155 
000907 	267 	62 	156 	155 
000908 	267 	62 	156 	155 
000909 	280 	80 	130 	130 
000910 	280 	80 	130 	130 
000911 	280 	80 	130 	130 
000912 	280 	80 	130 	130 
000913 	280 	80 	130 	130 
000914 	280 	80 	130 	130 
000915 	280 	80 	130 	130 
000916 	280 	80 	130 	130 
000917 	280 	80 	130 	130 
000918 	280 	80 	130 	130 
000919 	280 	80 	130 	130 
000920 	280 	80 	130 	130 
000921 	280 	80 	130 	130 
000922 	280 	80 	130 	130 
000923 	280 	80 	130 	130 
000924 	280 	80 	130 	130 
000925 	280 	80 	130 	130 
000926 	280 	80 	130 	130 
000927 	280 	80 	130 	130 
000928 	280 	80 	130 	130 
000929 	280 	80 	130 	130 
000930 	280 	80 	130 	130 
000931 	280 	80 	130 	130 
000932 	280 	80 	130 	130 
000933 	280 	80 	130 	130 
000934 	280 	80 	130 	130 
000935 	280 	80 	130 	130 
000936 	280 	80 	130 	130 
000937 	280 	80 	130 	130 
000938 	280 	80 	130 	130 
000939 	280 	80 	130 	130 
000940 	280 	80 	130 	130 
000941 	280 	80 	130 	130 
000942 	280 	80 	130 	130 
000943 	280 	80 	130 	130 
000944 	280 	80 	130 	130 
000945 	280 	80 	130 	130 
000946 	267 	62 	156 	155 
000947 	267 	62 	156 	155 
000948 	267 	62 	156 	155 
000949 	267 	62 	156 	155 
000950 	267 	62 	156 	155 
000951 	294 	94 	130 	130 
000952 	294 	94 	130 	130 
000953 	294 	94 	130 	130 
000954 	294 	94 	130 	130 
000955 	294 	94 	130 	130 
000956 	294 	94 	130 	130 
000957 	294 	94 	130 	130 
000958 	294 	94 	130 	130 
000959 	294 	94 	130 	130 
000960 	294 	94 	130 	130 
000961 	294 	94 	130 	130 
000962 	294 	94 	130 	130 
000963 	294 	94 	130 	130 
000964 	294 	94 	130 	130 
000965 	294 	94 	130 	130 
000966 	294 	94 	130 	130 
000967 	294 	94 	130 	130 
000968 	294 	94 	130 	130 
000969 	294 	94 	130 	130 
000970 	294 	94 	130 	130 
000971 	294 	94 	130 	130 
000972 	294 	94 	130 	130 
000973 	294 	94 	130 	130 
000974 	294 	94 	130 	130 
000975 	294 	94 	130 	130 
000976 	294 	94 	130 	130 
000977 	294 	94 	130 	130 
000978 	294 	94 	130 	130 
000979 	294 	94 	130 	130 
000980 	294 	94 	130 	130 
000981 	294 	80 	130 	130 
000982 	294 	80 	130 	130 
000983 	294 	80 	130 	130 
000984 	294 	80 	130 	130 
000985 	285 	79 	155 	156 
000986 	285 	79 	155 	156 
000987 	285 	79 	155 	156 
000988 	285 	79 	155 	156 
000989 	285 	79 	155 	156 
000990 	285 	79 	155 	156 
000991 	294 	80 	130 	130 
000992 	294 	80 	130 	130 
000993 	294 	80 	130 	130 
000994 	294 	80 	130 	130 
000995 	294 	80 	130 	130 
000996 	294 	80 	130 	130 
000997 	294 	80 	130 	130 
000998 	294 	80 	130 	130 
000999 	294 	80 	130 	130 
001000 	294 	80 	130 	130 
001001 	294 	80 	130 	130 
001002 	294 	80 	130 	130 
001003 	294 	80 	130 	130 
001004 	294 	80 	130 	130 
001005 	294 	80 	130 	130 
001006 	294 	80 	130 	130 
001007 	294 	80 	130 	130 
001008 	294 	80 	130 	130 
001009 	294 	80 	130 	130 
001010 	294 	80 	130 	130 
001011 	294 	80 	130 	130 
001012 	294 	80 	130 	130 
001013 	294 	80 	130 	130 
001014 	294 	80 	130 	130 
001015 	294 	80 	130 	130 
001016 	294 	80 	130 	130 
001017 	294 	80 	130 	130 
001018 	294 	80 	130 	130 
001019 	294 	80 	130 	130 
001020 	294 	80 	130 	130 
001021 	294 	80 	130 	130 
001022 	294 	80 	130 	130 
001023 	294 	80 	130 	130 
