Identity  : 	id10282
Reference : 	neQO6_CUY4w
Offset    : 	-2
FV Conf   : 	17.183
ASD Conf  : 	6.066

FRAME 	X 	Y 	W 	H 
003934 	280 	94 	130 	130 
003935 	280 	94 	130 	130 
003936 	280 	94 	130 	130 
003937 	280 	94 	130 	130 
003938 	280 	94 	130 	130 
003939 	280 	80 	130 	130 
003940 	280 	80 	130 	130 
003941 	280 	80 	130 	130 
003942 	280 	94 	130 	130 
003943 	280 	94 	130 	130 
003944 	280 	94 	130 	130 
003945 	280 	80 	130 	130 
003946 	280 	80 	130 	130 
003947 	280 	80 	130 	130 
003948 	280 	80 	130 	130 
003949 	280 	80 	130 	130 
003950 	280 	80 	130 	130 
003951 	280 	80 	130 	130 
003952 	280 	80 	130 	130 
003953 	280 	94 	130 	130 
003954 	280 	80 	130 	130 
003955 	280 	80 	130 	130 
003956 	280 	80 	130 	130 
003957 	280 	80 	130 	130 
003958 	280 	94 	130 	130 
003959 	280 	94 	130 	130 
003960 	280 	94 	130 	130 
003961 	280 	94 	130 	130 
003962 	267 	79 	156 	156 
003963 	280 	94 	130 	130 
003964 	280 	94 	130 	130 
003965 	280 	94 	130 	130 
003966 	280 	94 	130 	130 
003967 	280 	94 	130 	130 
003968 	280 	94 	130 	130 
003969 	280 	80 	130 	130 
003970 	280 	94 	130 	130 
003971 	280 	94 	130 	130 
003972 	280 	94 	130 	130 
003973 	280 	94 	130 	130 
003974 	280 	94 	130 	130 
003975 	280 	94 	130 	130 
003976 	280 	94 	130 	130 
003977 	280 	94 	130 	130 
003978 	280 	94 	130 	130 
003979 	280 	94 	130 	130 
003980 	280 	94 	130 	130 
003981 	280 	94 	130 	130 
003982 	280 	94 	130 	130 
003983 	280 	94 	130 	130 
003984 	280 	94 	130 	130 
003985 	280 	94 	130 	130 
003986 	280 	94 	130 	130 
003987 	280 	94 	130 	130 
003988 	280 	94 	130 	130 
003989 	280 	94 	130 	130 
003990 	280 	94 	130 	130 
003991 	280 	94 	130 	130 
003992 	280 	94 	130 	130 
003993 	280 	94 	130 	130 
003994 	280 	94 	130 	130 
003995 	280 	94 	130 	130 
003996 	267 	79 	156 	156 
003997 	280 	94 	130 	130 
003998 	267 	79 	156 	156 
003999 	267 	79 	156 	156 
004000 	267 	79 	156 	156 
004001 	267 	79 	156 	156 
004002 	280 	94 	130 	130 
004003 	267 	79 	156 	156 
004004 	280 	94 	130 	130 
004005 	267 	79 	156 	156 
004006 	267 	79 	156 	156 
004007 	267 	79 	156 	156 
004008 	267 	79 	156 	156 
004009 	280 	94 	130 	130 
004010 	267 	79 	156 	156 
004011 	280 	94 	130 	130 
004012 	267 	79 	156 	156 
004013 	267 	79 	156 	156 
004014 	267 	79 	156 	156 
004015 	267 	79 	156 	156 
004016 	267 	79 	156 	156 
004017 	267 	79 	156 	156 
004018 	280 	94 	130 	130 
004019 	280 	94 	130 	130 
004020 	267 	79 	156 	156 
004021 	267 	79 	156 	156 
004022 	267 	79 	156 	156 
004023 	267 	79 	156 	156 
004024 	267 	79 	156 	156 
004025 	267 	79 	156 	156 
004026 	267 	79 	156 	156 
004027 	267 	79 	156 	156 
004028 	267 	79 	156 	156 
004029 	267 	79 	156 	156 
004030 	267 	79 	156 	156 
004031 	267 	79 	156 	156 
004032 	267 	79 	156 	156 
004033 	267 	79 	156 	156 
004034 	267 	79 	156 	156 
004035 	280 	94 	130 	130 
004036 	280 	94 	130 	130 
004037 	280 	94 	130 	130 
004038 	280 	94 	130 	130 
004039 	280 	94 	130 	130 
004040 	280 	94 	130 	130 
004041 	280 	94 	130 	130 
004042 	294 	94 	130 	130 
004043 	294 	94 	130 	130 
004044 	294 	94 	130 	130 
004045 	294 	94 	130 	130 
004046 	294 	94 	130 	130 
004047 	294 	94 	130 	130 
004048 	294 	94 	130 	130 
004049 	294 	94 	130 	130 
004050 	294 	94 	130 	130 
004051 	294 	94 	130 	130 
004052 	294 	94 	130 	130 
004053 	294 	94 	130 	130 
004054 	280 	94 	130 	130 
004055 	280 	94 	130 	130 
004056 	280 	94 	130 	130 
004057 	280 	94 	130 	130 
004058 	280 	94 	130 	130 
004059 	280 	94 	130 	130 
004060 	280 	94 	130 	130 
004061 	280 	94 	130 	130 
004062 	280 	94 	130 	130 
004063 	294 	94 	130 	130 
004064 	294 	94 	130 	130 
004065 	294 	94 	130 	130 
004066 	294 	94 	130 	130 
004067 	267 	79 	156 	156 
004068 	280 	94 	130 	130 
004069 	280 	94 	130 	130 
004070 	280 	94 	130 	130 
004071 	280 	94 	130 	130 
004072 	280 	94 	130 	130 
004073 	267 	79 	156 	156 
004074 	267 	79 	156 	156 
004075 	280 	94 	130 	130 
004076 	280 	94 	130 	130 
004077 	280 	94 	130 	130 
004078 	280 	94 	130 	130 
004079 	280 	94 	130 	130 
004080 	280 	94 	130 	130 
004081 	280 	94 	130 	130 
004082 	280 	94 	130 	130 
004083 	280 	94 	130 	130 
004084 	280 	94 	130 	130 
004085 	280 	94 	130 	130 
004086 	280 	94 	130 	130 
004087 	280 	94 	130 	130 
004088 	280 	94 	130 	130 
004089 	280 	94 	130 	130 
