Identity  : 	id10282
Reference : 	neQO6_CUY4w
Offset    : 	-2
FV Conf   : 	17.183
ASD Conf  : 	7.461

FRAME 	X 	Y 	W 	H 
003346 	280 	94 	130 	130 
003347 	280 	94 	130 	130 
003348 	267 	79 	156 	156 
003349 	267 	79 	156 	156 
003350 	267 	79 	156 	156 
003351 	267 	79 	156 	156 
003352 	267 	79 	156 	156 
003353 	267 	79 	156 	156 
003354 	294 	94 	130 	130 
003355 	280 	94 	130 	130 
003356 	280 	94 	130 	130 
003357 	280 	94 	130 	130 
003358 	280 	94 	130 	130 
003359 	280 	94 	130 	130 
003360 	280 	94 	130 	130 
003361 	280 	94 	130 	130 
003362 	280 	80 	130 	130 
003363 	280 	80 	130 	130 
003364 	280 	80 	130 	130 
003365 	280 	80 	130 	130 
003366 	267 	62 	156 	155 
003367 	267 	62 	156 	155 
003368 	280 	80 	130 	130 
003369 	280 	80 	130 	130 
003370 	280 	80 	130 	130 
003371 	267 	62 	156 	155 
003372 	267 	62 	156 	155 
003373 	267 	62 	156 	155 
003374 	280 	80 	130 	130 
003375 	267 	62 	156 	155 
003376 	267 	62 	156 	155 
003377 	267 	62 	156 	155 
003378 	267 	62 	156 	155 
003379 	267 	62 	156 	155 
003380 	267 	62 	156 	155 
003381 	267 	62 	156 	155 
003382 	267 	62 	156 	155 
003383 	267 	62 	156 	155 
003384 	267 	62 	156 	155 
003385 	280 	80 	130 	130 
003386 	280 	80 	130 	130 
003387 	280 	80 	130 	130 
003388 	280 	80 	130 	130 
003389 	280 	80 	130 	130 
003390 	280 	80 	130 	130 
003391 	280 	80 	130 	130 
003392 	280 	80 	130 	130 
003393 	267 	62 	156 	155 
003394 	267 	62 	156 	155 
003395 	280 	80 	130 	130 
003396 	267 	62 	156 	155 
003397 	267 	62 	156 	155 
003398 	267 	62 	156 	155 
003399 	280 	80 	130 	130 
003400 	280 	80 	130 	130 
003401 	267 	62 	156 	155 
003402 	280 	80 	130 	130 
003403 	280 	80 	130 	130 
003404 	280 	80 	130 	130 
003405 	280 	80 	130 	130 
003406 	280 	80 	130 	130 
003407 	280 	80 	130 	130 
003408 	280 	80 	130 	130 
003409 	280 	80 	130 	130 
003410 	280 	80 	130 	130 
003411 	280 	80 	130 	130 
003412 	280 	80 	130 	130 
003413 	280 	80 	130 	130 
003414 	280 	80 	130 	130 
003415 	280 	80 	130 	130 
003416 	280 	80 	130 	130 
003417 	280 	80 	130 	130 
003418 	280 	80 	130 	130 
003419 	280 	80 	130 	130 
003420 	280 	80 	130 	130 
003421 	280 	80 	130 	130 
003422 	280 	80 	130 	130 
003423 	280 	80 	130 	130 
003424 	280 	80 	130 	130 
003425 	280 	80 	130 	130 
003426 	280 	80 	130 	130 
003427 	280 	80 	130 	130 
003428 	280 	80 	130 	130 
003429 	280 	80 	130 	130 
003430 	280 	80 	130 	130 
003431 	280 	80 	130 	130 
003432 	280 	80 	130 	130 
003433 	280 	80 	130 	130 
003434 	280 	80 	130 	130 
003435 	280 	80 	130 	130 
003436 	280 	80 	130 	130 
003437 	280 	80 	130 	130 
003438 	280 	80 	130 	130 
003439 	280 	80 	130 	130 
003440 	280 	80 	130 	130 
003441 	280 	80 	130 	130 
003442 	280 	80 	130 	130 
003443 	280 	80 	130 	130 
003444 	280 	80 	130 	130 
003445 	280 	80 	130 	130 
003446 	280 	80 	130 	130 
003447 	280 	80 	130 	130 
003448 	280 	80 	130 	130 
003449 	280 	80 	130 	130 
003450 	280 	80 	130 	130 
003451 	280 	80 	130 	130 
003452 	280 	80 	130 	130 
003453 	280 	80 	130 	130 
003454 	280 	80 	130 	130 
003455 	280 	80 	130 	130 
003456 	280 	80 	130 	130 
003457 	280 	80 	130 	130 
003458 	280 	80 	130 	130 
003459 	280 	80 	130 	130 
003460 	280 	80 	130 	130 
003461 	280 	80 	130 	130 
003462 	280 	80 	130 	130 
003463 	280 	80 	130 	130 
003464 	280 	80 	130 	130 
003465 	280 	80 	130 	130 
003466 	280 	80 	130 	130 
003467 	280 	80 	130 	130 
003468 	280 	80 	130 	130 
003469 	280 	80 	130 	130 
003470 	280 	80 	130 	130 
003471 	280 	80 	130 	130 
003472 	280 	80 	130 	130 
003473 	280 	80 	130 	130 
003474 	280 	80 	130 	130 
003475 	280 	80 	130 	130 
003476 	280 	80 	130 	130 
003477 	280 	80 	130 	130 
003478 	280 	80 	130 	130 
003479 	280 	80 	130 	130 
003480 	280 	80 	130 	130 
003481 	280 	80 	130 	130 
003482 	280 	80 	130 	130 
003483 	280 	80 	130 	130 
003484 	280 	80 	130 	130 
003485 	280 	80 	130 	130 
003486 	280 	80 	130 	130 
003487 	280 	80 	130 	130 
003488 	267 	62 	156 	155 
003489 	267 	62 	156 	155 
003490 	294 	80 	130 	130 
003491 	294 	80 	130 	130 
003492 	294 	80 	130 	130 
003493 	294 	80 	130 	130 
003494 	294 	80 	130 	130 
003495 	294 	80 	130 	130 
003496 	294 	80 	130 	130 
003497 	294 	80 	130 	130 
003498 	294 	80 	130 	130 
003499 	294 	80 	130 	130 
003500 	294 	80 	130 	130 
003501 	280 	80 	130 	130 
003502 	280 	80 	130 	130 
003503 	280 	80 	130 	130 
003504 	280 	80 	130 	130 
003505 	280 	80 	130 	130 
003506 	280 	80 	130 	130 
003507 	280 	80 	130 	130 
003508 	280 	80 	130 	130 
003509 	280 	80 	130 	130 
003510 	280 	80 	130 	130 
003511 	280 	80 	130 	130 
003512 	280 	80 	130 	130 
003513 	280 	80 	130 	130 
003514 	280 	80 	130 	130 
003515 	280 	80 	130 	130 
003516 	280 	80 	130 	130 
003517 	280 	80 	130 	130 
003518 	280 	80 	130 	130 
003519 	280 	80 	130 	130 
003520 	280 	80 	130 	130 
003521 	280 	80 	130 	130 
003522 	280 	80 	130 	130 
003523 	280 	80 	130 	130 
003524 	280 	80 	130 	130 
003525 	280 	80 	130 	130 
003526 	280 	80 	130 	130 
003527 	280 	80 	130 	130 
003528 	280 	80 	130 	130 
003529 	280 	80 	130 	130 
003530 	280 	80 	130 	130 
003531 	280 	80 	130 	130 
003532 	280 	80 	130 	130 
003533 	280 	80 	130 	130 
003534 	280 	80 	130 	130 
003535 	280 	80 	130 	130 
003536 	280 	80 	130 	130 
003537 	280 	80 	130 	130 
003538 	280 	80 	130 	130 
003539 	280 	80 	130 	130 
003540 	280 	80 	130 	130 
003541 	280 	80 	130 	130 
003542 	280 	80 	130 	130 
003543 	280 	80 	130 	130 
003544 	280 	80 	130 	130 
003545 	280 	80 	130 	130 
003546 	280 	80 	130 	130 
003547 	280 	80 	130 	130 
003548 	280 	80 	130 	130 
003549 	280 	80 	130 	130 
003550 	280 	80 	130 	130 
003551 	280 	80 	130 	130 
003552 	280 	80 	130 	130 
003553 	280 	80 	130 	130 
003554 	280 	80 	130 	130 
003555 	280 	80 	130 	130 
003556 	280 	80 	130 	130 
003557 	280 	80 	130 	130 
003558 	280 	80 	130 	130 
003559 	280 	80 	130 	130 
003560 	280 	80 	130 	130 
003561 	280 	80 	130 	130 
003562 	280 	80 	130 	130 
003563 	280 	80 	130 	130 
003564 	280 	80 	130 	130 
003565 	280 	80 	130 	130 
003566 	280 	80 	130 	130 
003567 	280 	80 	130 	130 
003568 	280 	80 	130 	130 
003569 	280 	80 	130 	130 
003570 	280 	80 	130 	130 
003571 	280 	80 	130 	130 
003572 	280 	80 	130 	130 
003573 	280 	80 	130 	130 
003574 	280 	80 	130 	130 
003575 	280 	80 	130 	130 
003576 	280 	80 	130 	130 
003577 	280 	80 	130 	130 
003578 	280 	80 	130 	130 
003579 	280 	80 	130 	130 
003580 	280 	80 	130 	130 
003581 	280 	94 	130 	130 
003582 	294 	94 	130 	130 
003583 	294 	94 	130 	130 
003584 	294 	94 	130 	130 
003585 	294 	94 	130 	130 
003586 	294 	94 	130 	130 
003587 	294 	94 	130 	130 
003588 	294 	94 	130 	130 
003589 	294 	94 	130 	130 
003590 	294 	94 	130 	130 
003591 	294 	94 	130 	130 
003592 	294 	94 	130 	130 
003593 	294 	94 	130 	130 
003594 	294 	94 	130 	130 
003595 	294 	94 	130 	130 
003596 	294 	94 	130 	130 
003597 	294 	94 	130 	130 
003598 	294 	94 	130 	130 
003599 	294 	94 	130 	130 
003600 	294 	94 	130 	130 
003601 	285 	79 	155 	156 
003602 	285 	79 	155 	156 
003603 	285 	79 	155 	156 
003604 	294 	94 	130 	130 
003605 	294 	94 	130 	130 
003606 	294 	94 	130 	130 
003607 	294 	94 	130 	130 
003608 	294 	94 	130 	130 
003609 	294 	94 	130 	130 
003610 	294 	94 	130 	130 
003611 	294 	94 	130 	130 
003612 	294 	94 	130 	130 
003613 	294 	94 	130 	130 
003614 	294 	94 	130 	130 
003615 	294 	94 	130 	130 
003616 	294 	94 	130 	130 
003617 	285 	79 	155 	156 
003618 	285 	79 	155 	156 
003619 	294 	94 	130 	130 
003620 	294 	94 	130 	130 
003621 	294 	94 	130 	130 
003622 	294 	94 	130 	130 
003623 	294 	94 	130 	130 
003624 	294 	94 	130 	130 
003625 	294 	94 	130 	130 
003626 	285 	79 	155 	156 
003627 	285 	79 	155 	156 
003628 	294 	94 	130 	130 
003629 	294 	94 	130 	130 
003630 	294 	94 	130 	130 
003631 	294 	94 	130 	130 
003632 	294 	94 	130 	130 
003633 	285 	79 	155 	156 
003634 	285 	79 	155 	156 
003635 	285 	79 	155 	156 
003636 	294 	94 	130 	130 
003637 	294 	94 	130 	130 
003638 	294 	94 	130 	130 
003639 	294 	94 	130 	130 
003640 	294 	94 	130 	130 
003641 	285 	79 	155 	156 
003642 	294 	94 	130 	130 
003643 	294 	94 	130 	130 
003644 	294 	94 	130 	130 
003645 	294 	94 	130 	130 
003646 	294 	94 	130 	130 
003647 	285 	79 	155 	156 
003648 	285 	79 	155 	156 
003649 	285 	79 	155 	156 
003650 	285 	79 	155 	156 
003651 	285 	79 	155 	156 
003652 	285 	79 	155 	156 
003653 	285 	79 	155 	156 
003654 	285 	79 	155 	156 
003655 	285 	79 	155 	156 
003656 	294 	94 	130 	130 
003657 	294 	94 	130 	130 
003658 	285 	79 	155 	156 
003659 	294 	94 	130 	130 
003660 	294 	94 	130 	130 
003661 	294 	94 	130 	130 
003662 	294 	94 	130 	130 
003663 	294 	94 	130 	130 
003664 	294 	94 	130 	130 
003665 	294 	94 	130 	130 
003666 	294 	94 	130 	130 
003667 	294 	94 	130 	130 
003668 	294 	94 	130 	130 
003669 	294 	94 	130 	130 
003670 	294 	94 	130 	130 
003671 	294 	94 	130 	130 
003672 	294 	94 	130 	130 
003673 	294 	94 	130 	130 
003674 	294 	94 	130 	130 
003675 	294 	94 	130 	130 
003676 	294 	94 	130 	130 
003677 	294 	94 	130 	130 
003678 	294 	94 	130 	130 
003679 	294 	94 	130 	130 
003680 	294 	94 	130 	130 
003681 	294 	80 	130 	130 
003682 	294 	80 	130 	130 
003683 	294 	80 	130 	130 
003684 	294 	80 	130 	130 
003685 	294 	80 	130 	130 
003686 	294 	80 	130 	130 
003687 	294 	80 	130 	130 
003688 	294 	80 	130 	130 
003689 	294 	94 	130 	130 
003690 	267 	62 	156 	155 
003691 	267 	62 	156 	155 
003692 	294 	94 	130 	130 
003693 	294 	94 	130 	130 
003694 	267 	62 	156 	155 
003695 	267 	62 	156 	155 
003696 	267 	62 	156 	155 
003697 	280 	80 	130 	130 
003698 	294 	94 	130 	130 
003699 	294 	94 	130 	130 
003700 	294 	94 	130 	130 
003701 	294 	94 	130 	130 
003702 	280 	80 	130 	130 
003703 	280 	80 	130 	130 
003704 	280 	80 	130 	130 
003705 	280 	80 	130 	130 
003706 	280 	80 	130 	130 
003707 	280 	80 	130 	130 
003708 	280 	80 	130 	130 
003709 	280 	80 	130 	130 
003710 	280 	80 	130 	130 
003711 	280 	80 	130 	130 
003712 	280 	80 	130 	130 
003713 	280 	80 	130 	130 
003714 	280 	80 	130 	130 
003715 	280 	80 	130 	130 
003716 	280 	80 	130 	130 
003717 	280 	80 	130 	130 
003718 	280 	80 	130 	130 
003719 	280 	80 	130 	130 
003720 	280 	80 	130 	130 
003721 	280 	94 	130 	130 
003722 	280 	80 	130 	130 
003723 	280 	80 	130 	130 
003724 	280 	94 	130 	130 
003725 	280 	94 	130 	130 
003726 	280 	80 	130 	130 
003727 	280 	80 	130 	130 
003728 	280 	80 	130 	130 
003729 	280 	80 	130 	130 
003730 	280 	80 	130 	130 
003731 	280 	80 	130 	130 
003732 	280 	80 	130 	130 
003733 	280 	94 	130 	130 
003734 	280 	80 	130 	130 
003735 	280 	80 	130 	130 
003736 	280 	94 	130 	130 
003737 	280 	80 	130 	130 
003738 	280 	80 	130 	130 
003739 	280 	94 	130 	130 
003740 	280 	94 	130 	130 
003741 	280 	94 	130 	130 
003742 	280 	94 	130 	130 
003743 	280 	94 	130 	130 
003744 	267 	79 	156 	156 
003745 	280 	94 	130 	130 
003746 	280 	94 	130 	130 
003747 	280 	80 	130 	130 
003748 	280 	94 	130 	130 
003749 	280 	94 	130 	130 
003750 	280 	94 	130 	130 
003751 	267 	79 	156 	156 
003752 	267 	79 	156 	156 
003753 	280 	94 	130 	130 
003754 	280 	94 	130 	130 
003755 	280 	94 	130 	130 
003756 	280 	94 	130 	130 
003757 	280 	94 	130 	130 
003758 	280 	94 	130 	130 
003759 	280 	80 	130 	130 
003760 	280 	80 	130 	130 
003761 	280 	94 	130 	130 
003762 	280 	94 	130 	130 
003763 	280 	80 	130 	130 
003764 	280 	80 	130 	130 
003765 	280 	80 	130 	130 
003766 	280 	80 	130 	130 
003767 	280 	80 	130 	130 
003768 	280 	94 	130 	130 
003769 	280 	94 	130 	130 
003770 	280 	94 	130 	130 
003771 	280 	94 	130 	130 
003772 	280 	94 	130 	130 
003773 	280 	94 	130 	130 
003774 	280 	94 	130 	130 
003775 	280 	94 	130 	130 
003776 	267 	79 	156 	156 
003777 	267 	79 	156 	156 
003778 	267 	79 	156 	156 
003779 	280 	94 	130 	130 
003780 	267 	79 	156 	156 
003781 	267 	79 	156 	156 
003782 	267 	79 	156 	156 
003783 	267 	79 	156 	156 
003784 	267 	79 	156 	156 
003785 	267 	79 	156 	156 
003786 	280 	94 	130 	130 
003787 	267 	79 	156 	156 
003788 	280 	94 	130 	130 
003789 	280 	94 	130 	130 
003790 	280 	94 	130 	130 
003791 	294 	94 	130 	130 
003792 	280 	94 	130 	130 
003793 	294 	94 	130 	130 
003794 	294 	94 	130 	130 
003795 	294 	94 	130 	130 
003796 	294 	94 	130 	130 
003797 	294 	94 	130 	130 
003798 	294 	94 	130 	130 
003799 	294 	94 	130 	130 
003800 	294 	94 	130 	130 
003801 	294 	94 	130 	130 
003802 	294 	94 	130 	130 
003803 	294 	94 	130 	130 
003804 	280 	94 	130 	130 
003805 	280 	94 	130 	130 
003806 	294 	94 	130 	130 
003807 	294 	94 	130 	130 
003808 	294 	94 	130 	130 
003809 	294 	94 	130 	130 
003810 	294 	94 	130 	130 
003811 	294 	94 	130 	130 
003812 	294 	94 	130 	130 
003813 	294 	94 	130 	130 
003814 	294 	94 	130 	130 
003815 	294 	94 	130 	130 
003816 	294 	94 	130 	130 
003817 	294 	94 	130 	130 
003818 	294 	94 	130 	130 
003819 	294 	94 	130 	130 
003820 	294 	94 	130 	130 
003821 	294 	94 	130 	130 
003822 	294 	94 	130 	130 
003823 	294 	94 	130 	130 
003824 	294 	94 	130 	130 
003825 	294 	94 	130 	130 
003826 	294 	94 	130 	130 
003827 	294 	94 	130 	130 
003828 	294 	94 	130 	130 
003829 	294 	94 	130 	130 
003830 	294 	94 	130 	130 
003831 	294 	94 	130 	130 
003832 	294 	94 	130 	130 
003833 	294 	94 	130 	130 
003834 	294 	94 	130 	130 
003835 	294 	94 	130 	130 
003836 	294 	94 	130 	130 
003837 	294 	94 	130 	130 
003838 	294 	94 	130 	130 
003839 	280 	80 	130 	130 
003840 	280 	80 	130 	130 
003841 	280 	80 	130 	130 
003842 	280 	80 	130 	130 
003843 	267 	62 	156 	155 
003844 	267 	79 	156 	156 
003845 	280 	94 	130 	130 
003846 	280 	94 	130 	130 
003847 	280 	94 	130 	130 
003848 	267 	79 	156 	156 
003849 	267 	79 	156 	156 
003850 	267 	79 	156 	156 
003851 	267 	79 	156 	156 
003852 	267 	79 	156 	156 
003853 	267 	79 	156 	156 
003854 	267 	79 	156 	156 
003855 	267 	79 	156 	156 
003856 	267 	62 	156 	155 
003857 	267 	79 	156 	156 
003858 	267 	62 	156 	155 
003859 	267 	62 	156 	155 
003860 	267 	62 	156 	155 
003861 	267 	62 	156 	155 
003862 	267 	62 	156 	155 
003863 	267 	62 	156 	155 
003864 	267 	62 	156 	155 
003865 	267 	62 	156 	155 
003866 	267 	62 	156 	155 
003867 	267 	62 	156 	155 
003868 	267 	62 	156 	155 
003869 	267 	62 	156 	155 
003870 	267 	62 	156 	155 
003871 	267 	62 	156 	155 
003872 	267 	62 	156 	155 
003873 	267 	62 	156 	155 
003874 	267 	79 	156 	156 
003875 	267 	79 	156 	156 
003876 	267 	79 	156 	156 
003877 	267 	62 	156 	155 
003878 	267 	62 	156 	155 
003879 	267 	62 	156 	155 
003880 	267 	79 	156 	156 
003881 	267 	79 	156 	156 
003882 	267 	79 	156 	156 
003883 	267 	62 	156 	155 
003884 	267 	79 	156 	156 
003885 	267 	79 	156 	156 
003886 	267 	79 	156 	156 
003887 	267 	79 	156 	156 
003888 	267 	79 	156 	156 
003889 	267 	79 	156 	156 
003890 	280 	80 	130 	130 
