Identity  : 	id10302
Reference : 	dtYK1cUF7mo
Offset    : 	-2
FV Conf   : 	18.405
ASD Conf  : 	6.848

FRAME 	X 	Y 	W 	H 
001362 	223 	80 	130 	130 
001363 	223 	80 	130 	130 
001364 	223 	80 	130 	130 
001365 	223 	80 	130 	130 
001366 	208 	80 	130 	130 
001367 	208 	80 	130 	130 
001368 	208 	80 	130 	130 
001369 	208 	80 	130 	130 
001370 	208 	80 	130 	130 
001371 	208 	80 	130 	130 
001372 	208 	80 	130 	130 
001373 	208 	80 	130 	130 
001374 	208 	80 	130 	130 
001375 	223 	80 	130 	130 
001376 	223 	80 	130 	130 
001377 	223 	80 	130 	130 
001378 	223 	80 	130 	130 
001379 	223 	80 	130 	130 
001380 	223 	80 	130 	130 
001381 	223 	80 	130 	130 
001382 	223 	80 	130 	130 
001383 	223 	80 	130 	130 
001384 	223 	80 	130 	130 
001385 	223 	80 	130 	130 
001386 	223 	80 	130 	130 
001387 	223 	80 	130 	130 
001388 	223 	80 	130 	130 
001389 	223 	80 	130 	130 
001390 	223 	80 	130 	130 
001391 	223 	80 	130 	130 
001392 	223 	80 	130 	130 
001393 	223 	80 	130 	130 
001394 	223 	80 	130 	130 
001395 	223 	80 	130 	130 
001396 	223 	80 	130 	130 
001397 	223 	80 	130 	130 
001398 	223 	80 	130 	130 
001399 	223 	80 	130 	130 
001400 	223 	80 	130 	130 
001401 	223 	80 	130 	130 
001402 	223 	80 	130 	130 
001403 	237 	80 	130 	130 
001404 	237 	80 	130 	130 
001405 	237 	80 	130 	130 
001406 	237 	80 	130 	130 
001407 	237 	80 	130 	130 
001408 	237 	80 	130 	130 
001409 	237 	80 	130 	130 
001410 	237 	80 	130 	130 
001411 	237 	80 	130 	130 
001412 	237 	80 	130 	130 
001413 	237 	80 	130 	130 
001414 	237 	80 	130 	130 
001415 	237 	80 	130 	130 
001416 	237 	80 	130 	130 
001417 	223 	80 	130 	130 
001418 	223 	80 	130 	130 
001419 	223 	80 	130 	130 
001420 	223 	80 	130 	130 
001421 	223 	80 	130 	130 
001422 	223 	80 	130 	130 
001423 	223 	80 	130 	130 
001424 	223 	80 	130 	130 
001425 	223 	80 	130 	130 
001426 	223 	80 	130 	130 
001427 	223 	80 	130 	130 
001428 	223 	80 	130 	130 
001429 	223 	80 	130 	130 
001430 	223 	80 	130 	130 
001431 	223 	80 	130 	130 
001432 	223 	80 	130 	130 
001433 	223 	94 	130 	130 
001434 	223 	94 	130 	130 
001435 	223 	80 	130 	130 
001436 	223 	80 	130 	130 
001437 	223 	80 	130 	130 
001438 	223 	80 	130 	130 
001439 	223 	80 	130 	130 
001440 	223 	80 	130 	130 
001441 	223 	80 	130 	130 
001442 	223 	94 	130 	130 
001443 	223 	80 	130 	130 
001444 	223 	80 	130 	130 
001445 	223 	80 	130 	130 
001446 	223 	80 	130 	130 
001447 	223 	80 	130 	130 
001448 	223 	80 	130 	130 
001449 	223 	80 	130 	130 
001450 	223 	80 	130 	130 
001451 	223 	80 	130 	130 
001452 	208 	80 	130 	130 
001453 	208 	80 	130 	130 
001454 	223 	80 	130 	130 
001455 	223 	80 	130 	130 
001456 	223 	80 	130 	130 
001457 	223 	80 	130 	130 
001458 	223 	80 	130 	130 
001459 	223 	80 	130 	130 
001460 	223 	80 	130 	130 
001461 	223 	80 	130 	130 
001462 	223 	80 	130 	130 
001463 	223 	80 	130 	130 
001464 	223 	80 	130 	130 
001465 	223 	80 	130 	130 
001466 	223 	80 	130 	130 
001467 	223 	80 	130 	130 
001468 	223 	80 	130 	130 
001469 	223 	80 	130 	130 
001470 	223 	80 	130 	130 
001471 	223 	80 	130 	130 
001472 	223 	80 	130 	130 
001473 	223 	80 	130 	130 
001474 	223 	80 	130 	130 
001475 	223 	80 	130 	130 
001476 	223 	80 	130 	130 
001477 	223 	80 	130 	130 
001478 	223 	80 	130 	130 
001479 	223 	80 	130 	130 
001480 	223 	80 	130 	130 
001481 	223 	94 	130 	130 
001482 	223 	94 	130 	130 
001483 	223 	94 	130 	130 
001484 	223 	94 	130 	130 
001485 	223 	94 	130 	130 
001486 	223 	80 	130 	130 
001487 	223 	80 	130 	130 
001488 	223 	80 	130 	130 
001489 	223 	80 	130 	130 
001490 	223 	80 	130 	130 
001491 	223 	80 	130 	130 
001492 	223 	80 	130 	130 
001493 	223 	80 	130 	130 
001494 	223 	80 	130 	130 
001495 	223 	80 	130 	130 
001496 	223 	80 	130 	130 
001497 	223 	80 	130 	130 
001498 	223 	80 	130 	130 
001499 	223 	80 	130 	130 
001500 	223 	80 	130 	130 
001501 	223 	80 	130 	130 
001502 	223 	80 	130 	130 
001503 	223 	80 	130 	130 
001504 	223 	80 	130 	130 
001505 	223 	80 	130 	130 
001506 	223 	80 	130 	130 
001507 	223 	80 	130 	130 
001508 	223 	80 	130 	130 
001509 	223 	80 	130 	130 
001510 	223 	80 	130 	130 
