Identity  : 	id10273
Reference : 	8fKRoUIpAJY
Offset    : 	0
FV Conf   : 	15.752
ASD Conf  : 	9.212

FRAME 	X 	Y 	W 	H 
005587 	209 	43 	109 	108 
005588 	209 	43 	109 	108 
005589 	209 	43 	109 	108 
005590 	209 	43 	109 	108 
005591 	209 	43 	109 	108 
005592 	209 	43 	109 	108 
005593 	209 	43 	109 	108 
005594 	209 	43 	109 	108 
005595 	209 	43 	109 	108 
005596 	209 	43 	109 	108 
005597 	209 	43 	109 	108 
005598 	209 	43 	109 	108 
005599 	209 	43 	109 	108 
005600 	209 	43 	109 	108 
005601 	209 	43 	109 	108 
005602 	209 	43 	109 	108 
005603 	209 	43 	109 	108 
005604 	209 	43 	109 	108 
005605 	209 	43 	109 	108 
005606 	209 	43 	109 	108 
005607 	209 	43 	109 	108 
005608 	214 	45 	91 	91 
005609 	214 	45 	91 	91 
005610 	214 	45 	91 	91 
005611 	214 	45 	91 	91 
005612 	214 	45 	91 	91 
005613 	214 	45 	91 	91 
005614 	214 	45 	91 	91 
005615 	214 	45 	91 	91 
005616 	214 	45 	91 	91 
005617 	214 	45 	91 	91 
005618 	214 	45 	91 	91 
005619 	214 	45 	91 	91 
005620 	214 	45 	91 	91 
005621 	214 	45 	91 	91 
005622 	214 	45 	91 	91 
005623 	214 	45 	91 	91 
005624 	214 	45 	91 	91 
005625 	214 	45 	91 	91 
005626 	214 	45 	91 	91 
005627 	214 	45 	91 	91 
005628 	214 	45 	91 	91 
005629 	214 	45 	91 	91 
005630 	214 	45 	91 	91 
005631 	214 	45 	91 	91 
005632 	214 	45 	91 	91 
005633 	214 	45 	91 	91 
005634 	209 	43 	109 	108 
005635 	209 	43 	109 	108 
005636 	209 	43 	109 	108 
005637 	197 	43 	109 	108 
005638 	197 	43 	109 	108 
005639 	197 	43 	109 	108 
005640 	197 	43 	109 	108 
005641 	197 	43 	109 	108 
005642 	197 	43 	109 	108 
005643 	197 	43 	109 	108 
005644 	197 	43 	109 	108 
005645 	197 	43 	109 	108 
005646 	197 	43 	109 	108 
005647 	197 	43 	109 	108 
005648 	197 	43 	109 	108 
005649 	197 	43 	109 	108 
005650 	197 	43 	109 	108 
005651 	197 	43 	109 	108 
005652 	197 	43 	109 	108 
005653 	197 	43 	109 	108 
005654 	214 	55 	91 	91 
005655 	214 	55 	91 	91 
005656 	197 	54 	109 	109 
005657 	197 	54 	109 	109 
005658 	214 	55 	91 	91 
005659 	214 	55 	91 	91 
005660 	214 	55 	91 	91 
005661 	214 	55 	91 	91 
005662 	214 	55 	91 	91 
005663 	214 	55 	91 	91 
005664 	214 	55 	91 	91 
005665 	214 	55 	91 	91 
005666 	214 	55 	91 	91 
005667 	214 	55 	91 	91 
005668 	214 	55 	91 	91 
005669 	214 	65 	91 	91 
005670 	214 	55 	91 	91 
005671 	214 	65 	91 	91 
005672 	214 	65 	91 	91 
005673 	197 	54 	109 	109 
005674 	197 	54 	109 	109 
005675 	197 	54 	109 	109 
005676 	197 	54 	109 	109 
005677 	197 	54 	109 	109 
005678 	197 	54 	109 	109 
005679 	197 	54 	109 	109 
005680 	197 	43 	109 	108 
005681 	197 	43 	109 	108 
005682 	214 	55 	91 	91 
005683 	214 	55 	91 	91 
005684 	209 	43 	109 	108 
005685 	214 	55 	91 	91 
005686 	209 	43 	109 	108 
005687 	214 	55 	91 	91 
005688 	214 	55 	91 	91 
005689 	209 	43 	109 	108 
005690 	209 	43 	109 	108 
005691 	209 	43 	109 	108 
005692 	209 	43 	109 	108 
005693 	209 	43 	109 	108 
005694 	209 	43 	109 	108 
005695 	209 	43 	109 	108 
005696 	209 	43 	109 	108 
005697 	209 	54 	109 	109 
005698 	209 	54 	109 	109 
005699 	209 	54 	109 	109 
005700 	209 	54 	109 	109 
005701 	209 	54 	109 	109 
005702 	209 	54 	109 	109 
005703 	209 	54 	109 	109 
005704 	209 	54 	109 	109 
005705 	209 	54 	109 	109 
005706 	209 	54 	109 	109 
005707 	209 	54 	109 	109 
005708 	224 	65 	91 	91 
005709 	209 	54 	109 	109 
005710 	209 	54 	109 	109 
005711 	209 	54 	109 	109 
005712 	209 	54 	109 	109 
005713 	209 	54 	109 	109 
005714 	209 	54 	109 	109 
005715 	209 	54 	109 	109 
005716 	209 	54 	109 	109 
005717 	209 	43 	109 	108 
005718 	209 	43 	109 	108 
005719 	209 	43 	109 	108 
005720 	209 	43 	109 	108 
005721 	204 	55 	91 	91 
005722 	197 	54 	109 	109 
005723 	197 	54 	109 	109 
005724 	197 	54 	109 	109 
005725 	197 	54 	109 	109 
005726 	197 	54 	109 	109 
005727 	197 	54 	109 	109 
005728 	197 	54 	109 	109 
005729 	214 	65 	91 	91 
005730 	214 	65 	91 	91 
005731 	209 	54 	109 	109 
005732 	209 	66 	109 	109 
005733 	221 	54 	109 	109 
005734 	221 	54 	109 	109 
005735 	221 	54 	109 	109 
005736 	221 	54 	109 	109 
005737 	221 	54 	109 	109 
005738 	233 	54 	109 	109 
005739 	233 	54 	109 	109 
005740 	233 	54 	109 	109 
005741 	233 	54 	109 	109 
005742 	233 	54 	109 	109 
005743 	233 	54 	109 	109 
005744 	233 	54 	109 	109 
005745 	233 	66 	109 	109 
005746 	233 	66 	109 	109 
005747 	233 	66 	109 	109 
005748 	233 	66 	109 	109 
005749 	233 	66 	109 	109 
005750 	233 	66 	109 	109 
005751 	233 	66 	109 	109 
005752 	233 	66 	109 	109 
005753 	233 	66 	109 	109 
005754 	233 	66 	109 	109 
005755 	233 	66 	109 	109 
005756 	233 	54 	109 	109 
005757 	233 	54 	109 	109 
005758 	233 	66 	109 	109 
005759 	233 	66 	109 	109 
005760 	233 	66 	109 	109 
005761 	233 	66 	109 	109 
005762 	233 	54 	109 	109 
005763 	233 	54 	109 	109 
005764 	233 	54 	109 	109 
005765 	233 	54 	109 	109 
005766 	233 	54 	109 	109 
