Identity  : 	id10273
Reference : 	8fKRoUIpAJY
Offset    : 	0
FV Conf   : 	12.483
ASD Conf  : 	8.712

FRAME 	X 	Y 	W 	H 
009369 	185 	78 	109 	109 
009370 	185 	78 	109 	109 
009371 	185 	78 	109 	109 
009372 	185 	78 	109 	109 
009373 	185 	78 	109 	109 
009374 	185 	78 	109 	109 
009375 	185 	78 	109 	109 
009376 	185 	78 	109 	109 
009377 	185 	78 	109 	109 
009378 	185 	78 	109 	109 
009379 	185 	78 	109 	109 
009380 	185 	78 	109 	109 
009381 	185 	78 	109 	109 
009382 	185 	78 	109 	109 
009383 	185 	78 	109 	109 
009384 	185 	78 	109 	109 
009385 	185 	78 	109 	109 
009386 	185 	78 	109 	109 
009387 	185 	78 	109 	109 
009388 	185 	90 	109 	109 
009389 	184 	95 	91 	91 
009390 	184 	95 	91 	91 
009391 	184 	95 	91 	91 
009392 	184 	95 	91 	91 
009393 	184 	95 	91 	91 
009394 	184 	85 	91 	91 
009395 	184 	85 	91 	91 
009396 	184 	85 	91 	91 
009397 	185 	78 	109 	109 
009398 	185 	78 	109 	109 
009399 	185 	78 	109 	109 
009400 	185 	78 	109 	109 
009401 	185 	78 	109 	109 
009402 	184 	85 	91 	91 
009403 	184 	85 	91 	91 
009404 	185 	78 	109 	109 
009405 	185 	78 	109 	109 
009406 	184 	85 	91 	91 
009407 	184 	85 	91 	91 
009408 	184 	85 	91 	91 
009409 	185 	78 	109 	109 
009410 	185 	78 	109 	109 
009411 	185 	78 	109 	109 
009412 	185 	78 	109 	109 
009413 	185 	78 	109 	109 
009414 	185 	66 	109 	109 
009415 	185 	66 	109 	109 
009416 	185 	66 	109 	109 
009417 	185 	66 	109 	109 
009418 	185 	66 	109 	109 
009419 	185 	66 	109 	109 
009420 	185 	66 	109 	109 
009421 	185 	66 	109 	109 
009422 	185 	66 	109 	109 
009423 	197 	54 	109 	109 
009424 	197 	43 	109 	108 
009425 	197 	43 	109 	108 
009426 	197 	43 	109 	108 
009427 	209 	43 	109 	108 
009428 	214 	45 	91 	91 
009429 	204 	45 	91 	91 
009430 	204 	45 	91 	91 
009431 	204 	45 	91 	91 
009432 	204 	45 	91 	91 
009433 	204 	45 	91 	91 
009434 	204 	45 	91 	91 
009435 	204 	45 	91 	91 
009436 	204 	45 	91 	91 
009437 	204 	45 	91 	91 
009438 	204 	45 	91 	91 
009439 	204 	45 	91 	91 
009440 	204 	45 	91 	91 
009441 	204 	45 	91 	91 
009442 	197 	43 	109 	108 
009443 	204 	45 	91 	91 
009444 	197 	43 	109 	108 
009445 	209 	43 	109 	108 
009446 	209 	43 	109 	108 
009447 	209 	43 	109 	108 
009448 	209 	43 	109 	108 
009449 	209 	43 	109 	108 
009450 	209 	43 	109 	108 
009451 	209 	43 	109 	108 
009452 	214 	45 	91 	91 
009453 	197 	43 	109 	108 
009454 	197 	43 	109 	108 
009455 	197 	43 	109 	108 
009456 	197 	43 	109 	108 
009457 	197 	43 	109 	108 
009458 	209 	43 	109 	108 
009459 	209 	43 	109 	108 
009460 	209 	43 	109 	108 
009461 	214 	55 	91 	91 
009462 	214 	55 	91 	91 
009463 	214 	55 	91 	91 
009464 	209 	43 	109 	108 
009465 	209 	43 	109 	108 
009466 	224 	55 	91 	91 
009467 	224 	55 	91 	91 
009468 	224 	55 	91 	91 
009469 	224 	55 	91 	91 
009470 	224 	55 	91 	91 
009471 	209 	54 	109 	109 
009472 	224 	55 	91 	91 
009473 	209 	43 	109 	108 
009474 	209 	43 	109 	108 
009475 	209 	43 	109 	108 
009476 	209 	43 	109 	108 
009477 	209 	43 	109 	108 
009478 	209 	43 	109 	108 
009479 	209 	43 	109 	108 
009480 	209 	43 	109 	108 
009481 	209 	43 	109 	108 
009482 	209 	43 	109 	108 
009483 	209 	43 	109 	108 
009484 	209 	43 	109 	108 
009485 	209 	43 	109 	108 
009486 	209 	43 	109 	108 
009487 	214 	45 	91 	91 
009488 	214 	45 	91 	91 
009489 	214 	45 	91 	91 
