Identity  : 	id10302
Reference : 	ekqJava7sdE
Offset    : 	-1
FV Conf   : 	20.371
ASD Conf  : 	6.324

FRAME 	X 	Y 	W 	H 
001372 	223 	65 	78 	78 
001373 	223 	66 	78 	78 
001374 	223 	66 	78 	78 
001375 	223 	66 	78 	78 
001376 	223 	66 	78 	78 
001377 	222 	66 	78 	78 
001378 	222 	67 	78 	78 
001379 	222 	67 	77 	78 
001380 	222 	67 	77 	77 
001381 	222 	67 	77 	77 
001382 	222 	68 	77 	77 
001383 	222 	68 	77 	77 
001384 	222 	68 	77 	77 
001385 	222 	68 	77 	77 
001386 	221 	68 	77 	77 
001387 	221 	69 	76 	76 
001388 	221 	69 	76 	76 
001389 	221 	69 	76 	76 
001390 	221 	69 	76 	76 
001391 	221 	69 	76 	76 
001392 	221 	70 	76 	76 
001393 	221 	70 	76 	76 
001394 	220 	70 	76 	76 
001395 	220 	70 	75 	75 
001396 	220 	71 	75 	75 
001397 	220 	71 	75 	75 
001398 	220 	71 	75 	75 
001399 	220 	71 	75 	75 
001400 	220 	71 	75 	75 
001401 	220 	71 	75 	75 
001402 	219 	72 	71 	71 
001403 	218 	72 	68 	67 
001404 	217 	73 	64 	63 
001405 	217 	73 	64 	63 
001406 	217 	73 	64 	63 
001407 	224 	73 	63 	63 
001408 	211 	71 	76 	75 
001409 	220 	71 	75 	75 
001410 	220 	71 	75 	75 
001411 	231 	80 	63 	63 
001412 	231 	80 	63 	63 
001413 	228 	71 	76 	75 
001414 	236 	71 	76 	75 
001415 	236 	71 	76 	75 
001416 	236 	71 	76 	75 
001417 	244 	71 	76 	75 
001418 	244 	71 	76 	75 
001419 	252 	73 	63 	63 
001420 	252 	73 	63 	63 
001421 	252 	73 	63 	63 
001422 	252 	73 	63 	63 
001423 	252 	73 	63 	63 
001424 	252 	73 	63 	63 
001425 	252 	73 	63 	63 
001426 	252 	73 	63 	63 
001427 	252 	73 	63 	63 
001428 	244 	62 	76 	76 
001429 	244 	62 	76 	76 
001430 	244 	62 	76 	76 
001431 	244 	62 	76 	76 
001432 	236 	62 	76 	76 
001433 	236 	62 	76 	76 
001434 	236 	62 	76 	76 
001435 	238 	66 	63 	63 
001436 	238 	66 	63 	63 
001437 	238 	66 	63 	63 
001438 	238 	66 	63 	63 
001439 	238 	59 	63 	63 
001440 	238 	59 	63 	63 
001441 	238 	59 	63 	63 
001442 	238 	59 	63 	63 
001443 	238 	59 	63 	63 
001444 	238 	52 	63 	63 
001445 	238 	52 	63 	63 
001446 	238 	52 	63 	63 
001447 	238 	59 	63 	63 
001448 	238 	59 	63 	63 
001449 	238 	59 	63 	63 
001450 	238 	59 	63 	63 
001451 	238 	59 	63 	63 
001452 	238 	59 	63 	63 
001453 	238 	59 	63 	63 
001454 	238 	59 	63 	63 
001455 	228 	54 	76 	76 
001456 	231 	59 	63 	63 
001457 	231 	59 	63 	63 
001458 	231 	59 	63 	63 
001459 	238 	59 	63 	63 
001460 	238 	59 	63 	63 
001461 	238 	52 	63 	63 
001462 	238 	52 	63 	63 
001463 	238 	52 	63 	63 
001464 	238 	52 	63 	63 
001465 	238 	52 	63 	63 
001466 	228 	46 	76 	76 
001467 	228 	46 	76 	76 
001468 	228 	46 	76 	76 
001469 	228 	46 	76 	76 
001470 	228 	46 	76 	76 
001471 	228 	46 	76 	76 
001472 	228 	46 	76 	76 
001473 	228 	46 	76 	76 
001474 	228 	46 	76 	76 
001475 	231 	52 	63 	63 
001476 	231 	52 	63 	63 
001477 	231 	52 	63 	63 
001478 	220 	46 	75 	76 
001479 	224 	52 	63 	63 
001480 	224 	52 	63 	63 
001481 	224 	52 	63 	63 
001482 	224 	52 	63 	63 
001483 	224 	52 	63 	63 
001484 	224 	52 	63 	63 
001485 	224 	52 	63 	63 
001486 	227 	60 	53 	53 
001487 	217 	59 	64 	63 
001488 	217 	59 	64 	63 
001489 	217 	59 	64 	63 
001490 	217 	59 	64 	63 
001491 	217 	59 	64 	63 
001492 	217 	59 	64 	63 
001493 	217 	59 	64 	63 
001494 	217 	59 	64 	63 
001495 	217 	59 	64 	63 
001496 	203 	54 	76 	76 
001497 	206 	55 	73 	73 
001498 	210 	56 	70 	70 
001499 	214 	58 	67 	66 
001500 	217 	59 	64 	63 
001501 	217 	59 	64 	63 
001502 	217 	59 	64 	63 
001503 	217 	52 	64 	63 
001504 	224 	52 	63 	63 
001505 	224 	59 	63 	63 
001506 	220 	46 	75 	76 
001507 	220 	46 	75 	76 
001508 	220 	46 	75 	76 
001509 	231 	45 	63 	63 
001510 	231 	45 	63 	63 
001511 	220 	38 	75 	75 
001512 	220 	38 	75 	75 
001513 	231 	52 	63 	63 
001514 	220 	46 	75 	76 
001515 	231 	59 	63 	63 
001516 	224 	59 	63 	63 
001517 	224 	59 	63 	63 
001518 	224 	66 	63 	63 
001519 	224 	66 	63 	63 
001520 	224 	66 	63 	63 
001521 	224 	73 	63 	63 
001522 	224 	73 	63 	63 
001523 	224 	66 	63 	63 
001524 	224 	66 	63 	63 
001525 	224 	66 	63 	63 
001526 	224 	66 	63 	63 
001527 	224 	66 	63 	63 
001528 	224 	66 	63 	63 
001529 	224 	66 	63 	63 
001530 	224 	66 	63 	63 
001531 	224 	66 	63 	63 
001532 	224 	66 	63 	63 
001533 	224 	66 	63 	63 
001534 	220 	54 	75 	76 
001535 	220 	54 	75 	76 
001536 	231 	59 	63 	63 
001537 	231 	59 	63 	63 
001538 	231 	59 	63 	63 
001539 	231 	66 	63 	63 
001540 	231 	73 	63 	63 
001541 	231 	73 	63 	63 
001542 	231 	73 	63 	63 
001543 	231 	73 	63 	63 
001544 	231 	73 	63 	63 
001545 	231 	73 	63 	63 
001546 	231 	73 	63 	63 
001547 	231 	73 	63 	63 
001548 	224 	66 	63 	63 
001549 	224 	66 	63 	63 
001550 	224 	66 	63 	63 
001551 	224 	66 	63 	63 
001552 	224 	66 	63 	63 
001553 	224 	66 	63 	63 
001554 	224 	66 	63 	63 
001555 	224 	66 	63 	63 
001556 	224 	66 	63 	63 
001557 	224 	66 	63 	63 
001558 	224 	66 	63 	63 
001559 	224 	66 	63 	63 
001560 	224 	66 	63 	63 
001561 	224 	66 	63 	63 
001562 	224 	66 	63 	63 
001563 	224 	66 	63 	63 
001564 	224 	66 	63 	63 
001565 	224 	66 	63 	63 
001566 	217 	66 	64 	63 
001567 	217 	66 	64 	63 
001568 	217 	66 	64 	63 
001569 	211 	54 	76 	76 
001570 	224 	66 	63 	63 
001571 	224 	59 	63 	63 
001572 	224 	59 	63 	63 
001573 	224 	52 	63 	63 
001574 	220 	46 	75 	76 
001575 	220 	46 	75 	76 
001576 	231 	59 	63 	63 
001577 	231 	59 	63 	63 
001578 	231 	59 	63 	63 
001579 	231 	59 	63 	63 
001580 	231 	66 	63 	63 
001581 	231 	66 	63 	63 
001582 	231 	66 	63 	63 
001583 	231 	66 	63 	63 
001584 	228 	54 	76 	76 
001585 	228 	54 	76 	76 
001586 	238 	59 	63 	63 
001587 	238 	59 	63 	63 
001588 	238 	59 	63 	63 
001589 	238 	59 	63 	63 
001590 	228 	54 	76 	76 
001591 	228 	54 	76 	76 
001592 	236 	54 	76 	76 
001593 	236 	54 	76 	76 
001594 	236 	54 	76 	76 
001595 	244 	54 	76 	76 
001596 	244 	54 	76 	76 
001597 	244 	54 	76 	76 
001598 	244 	54 	76 	76 
001599 	244 	54 	76 	76 
001600 	253 	54 	75 	76 
001601 	253 	54 	75 	76 
001602 	253 	54 	75 	76 
001603 	253 	54 	75 	76 
001604 	253 	54 	75 	76 
001605 	253 	54 	75 	76 
001606 	253 	54 	75 	76 
001607 	253 	54 	75 	76 
001608 	253 	54 	75 	76 
001609 	253 	54 	75 	76 
001610 	253 	54 	75 	76 
001611 	253 	54 	75 	76 
001612 	253 	54 	75 	76 
001613 	266 	66 	63 	63 
001614 	253 	54 	75 	76 
001615 	253 	54 	75 	76 
001616 	253 	62 	75 	76 
001617 	253 	62 	75 	76 
001618 	253 	62 	75 	76 
001619 	253 	62 	75 	76 
001620 	244 	54 	76 	76 
001621 	253 	62 	75 	76 
001622 	253 	62 	75 	76 
001623 	253 	54 	75 	76 
001624 	253 	54 	75 	76 
001625 	261 	54 	76 	76 
001626 	261 	54 	76 	76 
001627 	261 	54 	76 	76 
001628 	261 	62 	76 	76 
