Identity  : 	id10299
Reference : 	x3QoGpHxThw
Offset    : 	-3
FV Conf   : 	14.690
ASD Conf  : 	7.482

FRAME 	X 	Y 	W 	H 
002541 	323 	65 	91 	91 
002542 	327 	71 	76 	75 
002543 	323 	65 	91 	91 
002544 	323 	65 	91 	91 
002545 	323 	65 	91 	91 
002546 	344 	62 	76 	76 
002547 	344 	62 	76 	76 
002548 	344 	62 	76 	76 
002549 	344 	62 	76 	76 
002550 	344 	62 	76 	76 
002551 	333 	65 	91 	91 
002552 	333 	65 	91 	91 
002553 	333 	65 	91 	91 
002554 	333 	65 	91 	91 
002555 	333 	65 	91 	91 
002556 	333 	65 	91 	91 
002557 	333 	65 	91 	91 
002558 	333 	75 	91 	91 
002559 	323 	75 	91 	91 
002560 	323 	75 	91 	91 
002561 	323 	75 	91 	91 
002562 	323 	75 	91 	91 
002563 	323 	75 	91 	91 
002564 	314 	75 	90 	91 
002565 	314 	75 	90 	91 
002566 	314 	75 	90 	91 
002567 	314 	75 	90 	91 
002568 	314 	75 	90 	91 
002569 	304 	75 	90 	91 
002570 	304 	75 	90 	91 
002571 	304 	75 	90 	91 
002572 	304 	75 	90 	91 
002573 	304 	75 	90 	91 
002574 	304 	75 	90 	91 
002575 	304 	75 	90 	91 
002576 	293 	66 	108 	109 
002577 	293 	66 	108 	109 
002578 	304 	65 	90 	91 
002579 	304 	65 	90 	91 
002580 	304 	65 	90 	91 
002581 	293 	66 	108 	109 
002582 	293 	66 	108 	109 
002583 	293 	66 	108 	109 
002584 	293 	66 	108 	109 
002585 	304 	65 	90 	91 
002586 	304 	65 	90 	91 
002587 	304 	65 	90 	91 
002588 	304 	65 	90 	91 
002589 	304 	65 	90 	91 
002590 	294 	65 	90 	91 
002591 	294 	65 	90 	91 
002592 	294 	65 	90 	91 
002593 	294 	65 	90 	91 
002594 	294 	65 	90 	91 
002595 	294 	65 	90 	91 
002596 	294 	65 	90 	91 
002597 	294 	65 	90 	91 
002598 	294 	65 	90 	91 
002599 	294 	65 	90 	91 
002600 	294 	65 	90 	91 
002601 	294 	65 	90 	91 
002602 	294 	65 	90 	91 
002603 	294 	65 	90 	91 
002604 	294 	65 	90 	91 
002605 	294 	65 	90 	91 
002606 	294 	65 	90 	91 
002607 	294 	65 	90 	91 
002608 	294 	65 	90 	91 
002609 	294 	65 	90 	91 
002610 	294 	65 	90 	91 
002611 	294 	65 	90 	91 
002612 	294 	65 	90 	91 
002613 	294 	65 	90 	91 
002614 	294 	65 	90 	91 
002615 	294 	75 	90 	91 
002616 	294 	75 	90 	91 
002617 	294 	75 	90 	91 
002618 	294 	75 	90 	91 
002619 	294 	75 	90 	91 
002620 	294 	75 	90 	91 
002621 	294 	75 	90 	91 
002622 	294 	75 	90 	91 
002623 	294 	75 	90 	91 
002624 	294 	75 	90 	91 
002625 	294 	75 	90 	91 
002626 	294 	85 	90 	91 
002627 	294 	85 	90 	91 
002628 	294 	85 	90 	91 
002629 	294 	85 	90 	91 
002630 	304 	75 	90 	91 
002631 	304 	75 	90 	91 
002632 	304 	75 	90 	91 
002633 	314 	75 	90 	91 
002634 	314 	75 	90 	91 
002635 	304 	65 	90 	91 
002636 	304 	65 	90 	91 
002637 	294 	65 	90 	91 
002638 	294 	65 	90 	91 
002639 	294 	65 	90 	91 
002640 	294 	75 	90 	91 
002641 	294 	75 	90 	91 
002642 	294 	75 	90 	91 
002643 	294 	75 	90 	91 
002644 	284 	75 	90 	91 
002645 	284 	75 	90 	91 
002646 	284 	85 	90 	91 
002647 	284 	85 	90 	91 
002648 	294 	85 	90 	91 
002649 	294 	85 	90 	91 
002650 	294 	85 	90 	91 
002651 	294 	85 	90 	91 
002652 	294 	85 	90 	91 
002653 	294 	85 	90 	91 
002654 	294 	75 	90 	91 
002655 	294 	75 	90 	91 
002656 	294 	75 	90 	91 
002657 	294 	75 	90 	91 
002658 	294 	75 	90 	91 
002659 	294 	75 	90 	91 
002660 	294 	75 	90 	91 
002661 	294 	75 	90 	91 
002662 	294 	75 	90 	91 
002663 	284 	75 	90 	91 
002664 	284 	75 	90 	91 
002665 	284 	75 	90 	91 
002666 	284 	75 	90 	91 
002667 	284 	75 	90 	91 
002668 	284 	75 	90 	91 
002669 	284 	75 	90 	91 
002670 	284 	75 	90 	91 
002671 	284 	75 	90 	91 
002672 	284 	85 	90 	91 
002673 	284 	85 	90 	91 
002674 	284 	85 	90 	91 
002675 	284 	85 	90 	91 
002676 	284 	85 	90 	91 
002677 	284 	85 	90 	91 
002678 	284 	85 	90 	91 
002679 	284 	85 	90 	91 
002680 	284 	85 	90 	91 
002681 	284 	85 	90 	91 
002682 	284 	85 	90 	91 
002683 	284 	85 	90 	91 
002684 	284 	85 	90 	91 
002685 	284 	85 	90 	91 
002686 	284 	85 	90 	91 
002687 	284 	85 	90 	91 
002688 	284 	85 	90 	91 
002689 	284 	85 	90 	91 
002690 	284 	85 	90 	91 
002691 	284 	95 	90 	91 
002692 	284 	95 	90 	91 
002693 	284 	95 	90 	91 
002694 	284 	95 	90 	91 
002695 	284 	95 	90 	91 
002696 	284 	95 	90 	91 
002697 	284 	95 	90 	91 
002698 	284 	95 	90 	91 
002699 	284 	95 	90 	91 
002700 	284 	95 	90 	91 
002701 	284 	95 	90 	91 
002702 	284 	95 	90 	91 
002703 	284 	95 	90 	91 
002704 	284 	95 	90 	91 
002705 	284 	95 	90 	91 
002706 	284 	95 	90 	91 
002707 	284 	95 	90 	91 
002708 	284 	95 	90 	91 
002709 	269 	78 	108 	109 
002710 	269 	78 	108 	109 
002711 	269 	78 	108 	109 
002712 	269 	78 	108 	109 
002713 	269 	78 	108 	109 
002714 	269 	78 	108 	109 
002715 	269 	78 	108 	109 
002716 	269 	78 	108 	109 
002717 	269 	78 	108 	109 
002718 	269 	78 	108 	109 
002719 	269 	78 	108 	109 
002720 	269 	78 	108 	109 
002721 	269 	78 	108 	109 
002722 	269 	78 	108 	109 
002723 	269 	78 	108 	109 
002724 	269 	78 	108 	109 
002725 	269 	78 	108 	109 
002726 	269 	78 	108 	109 
002727 	274 	85 	90 	91 
002728 	274 	85 	90 	91 
002729 	274 	85 	90 	91 
002730 	274 	85 	90 	91 
002731 	284 	85 	90 	91 
002732 	284 	85 	90 	91 
002733 	274 	85 	90 	91 
002734 	274 	85 	90 	91 
002735 	274 	95 	90 	91 
002736 	274 	95 	90 	91 
002737 	274 	95 	90 	91 
002738 	274 	95 	90 	91 
002739 	274 	95 	90 	91 
002740 	274 	95 	90 	91 
002741 	274 	95 	90 	91 
002742 	274 	95 	90 	91 
002743 	274 	95 	90 	91 
002744 	274 	95 	90 	91 
002745 	274 	95 	90 	91 
002746 	274 	95 	90 	91 
002747 	274 	95 	90 	91 
002748 	274 	95 	90 	91 
002749 	274 	95 	90 	91 
002750 	274 	95 	90 	91 
002751 	274 	95 	90 	91 
002752 	274 	95 	90 	91 
002753 	274 	95 	90 	91 
002754 	274 	95 	90 	91 
002755 	274 	95 	90 	91 
002756 	274 	95 	90 	91 
002757 	274 	95 	90 	91 
002758 	274 	95 	90 	91 
002759 	274 	95 	90 	91 
002760 	274 	95 	90 	91 
002761 	274 	95 	90 	91 
002762 	274 	95 	90 	91 
002763 	274 	95 	90 	91 
002764 	264 	95 	90 	91 
002765 	264 	95 	90 	91 
002766 	264 	95 	90 	91 
002767 	264 	95 	90 	91 
002768 	264 	95 	90 	91 
002769 	264 	95 	90 	91 
002770 	264 	95 	90 	91 
002771 	264 	95 	90 	91 
002772 	264 	95 	90 	91 
002773 	264 	85 	90 	91 
002774 	264 	85 	90 	91 
002775 	264 	85 	90 	91 
002776 	264 	85 	90 	91 
002777 	264 	85 	90 	91 
002778 	264 	85 	90 	91 
002779 	264 	85 	90 	91 
002780 	264 	85 	90 	91 
002781 	264 	85 	90 	91 
002782 	264 	85 	90 	91 
002783 	264 	85 	90 	91 
002784 	264 	85 	90 	91 
002785 	264 	85 	90 	91 
002786 	264 	85 	90 	91 
002787 	264 	85 	90 	91 
002788 	264 	85 	90 	91 
002789 	264 	85 	90 	91 
002790 	264 	85 	90 	91 
002791 	264 	85 	90 	91 
002792 	264 	85 	90 	91 
002793 	264 	85 	90 	91 
002794 	264 	85 	90 	91 
002795 	264 	85 	90 	91 
002796 	264 	85 	90 	91 
002797 	264 	85 	90 	91 
002798 	264 	85 	90 	91 
002799 	264 	85 	90 	91 
002800 	264 	85 	90 	91 
002801 	264 	85 	90 	91 
002802 	264 	85 	90 	91 
002803 	264 	85 	90 	91 
002804 	264 	85 	90 	91 
002805 	264 	85 	90 	91 
002806 	264 	85 	90 	91 
002807 	264 	85 	90 	91 
002808 	264 	85 	90 	91 
002809 	264 	85 	90 	91 
002810 	264 	85 	90 	91 
002811 	269 	87 	76 	76 
002812 	269 	87 	76 	76 
002813 	269 	87 	76 	76 
002814 	264 	75 	90 	91 
002815 	264 	75 	90 	91 
002816 	264 	75 	90 	91 
002817 	264 	75 	90 	91 
002818 	264 	75 	90 	91 
002819 	264 	75 	90 	91 
002820 	264 	75 	90 	91 
002821 	257 	66 	109 	109 
002822 	257 	66 	109 	109 
002823 	257 	66 	109 	109 
002824 	257 	66 	109 	109 
002825 	257 	66 	109 	109 
002826 	257 	66 	109 	109 
002827 	257 	66 	109 	109 
002828 	257 	66 	109 	109 
002829 	274 	75 	90 	91 
002830 	274 	85 	90 	91 
002831 	274 	85 	90 	91 
002832 	274 	85 	90 	91 
002833 	274 	85 	90 	91 
002834 	274 	85 	90 	91 
002835 	274 	85 	90 	91 
002836 	274 	85 	90 	91 
002837 	274 	85 	90 	91 
002838 	274 	85 	90 	91 
002839 	274 	85 	90 	91 
002840 	274 	85 	90 	91 
002841 	274 	85 	90 	91 
002842 	274 	85 	90 	91 
002843 	274 	85 	90 	91 
002844 	274 	85 	90 	91 
002845 	274 	85 	90 	91 
002846 	274 	85 	90 	91 
002847 	274 	85 	90 	91 
002848 	274 	85 	90 	91 
002849 	274 	85 	90 	91 
002850 	274 	85 	90 	91 
002851 	274 	85 	90 	91 
002852 	274 	85 	90 	91 
002853 	274 	85 	90 	91 
002854 	274 	85 	90 	91 
002855 	274 	95 	90 	91 
002856 	274 	95 	90 	91 
002857 	274 	95 	90 	91 
002858 	274 	95 	90 	91 
002859 	274 	95 	90 	91 
002860 	274 	95 	90 	91 
002861 	274 	85 	90 	91 
002862 	274 	85 	90 	91 
002863 	274 	85 	90 	91 
002864 	274 	85 	90 	91 
002865 	274 	95 	90 	91 
002866 	274 	95 	90 	91 
002867 	274 	95 	90 	91 
002868 	274 	95 	90 	91 
002869 	274 	95 	90 	91 
002870 	274 	95 	90 	91 
002871 	274 	95 	90 	91 
002872 	286 	104 	76 	76 
002873 	274 	95 	90 	91 
002874 	274 	95 	90 	91 
002875 	274 	95 	90 	91 
002876 	286 	104 	76 	76 
002877 	274 	95 	90 	91 
002878 	274 	95 	90 	91 
002879 	274 	95 	90 	91 
002880 	284 	95 	90 	91 
002881 	284 	95 	90 	91 
002882 	284 	95 	90 	91 
002883 	284 	95 	90 	91 
002884 	284 	95 	90 	91 
002885 	284 	95 	90 	91 
002886 	284 	95 	90 	91 
002887 	284 	95 	90 	91 
002888 	284 	95 	90 	91 
002889 	284 	95 	90 	91 
002890 	284 	95 	90 	91 
002891 	284 	95 	90 	91 
002892 	284 	95 	90 	91 
002893 	284 	95 	90 	91 
002894 	284 	95 	90 	91 
002895 	284 	105 	90 	91 
002896 	284 	105 	90 	91 
002897 	284 	105 	90 	91 
002898 	284 	105 	90 	91 
002899 	284 	105 	90 	91 
002900 	284 	105 	90 	91 
002901 	294 	112 	76 	76 
002902 	294 	112 	76 	76 
002903 	284 	105 	90 	91 
002904 	284 	105 	90 	91 
002905 	284 	105 	90 	91 
002906 	284 	105 	90 	91 
002907 	284 	95 	90 	91 
002908 	284 	95 	90 	91 
002909 	284 	95 	90 	91 
002910 	284 	95 	90 	91 
002911 	284 	95 	90 	91 
002912 	284 	95 	90 	91 
002913 	284 	95 	90 	91 
002914 	284 	95 	90 	91 
002915 	284 	95 	90 	91 
002916 	284 	95 	90 	91 
002917 	284 	95 	90 	91 
002918 	284 	95 	90 	91 
002919 	284 	95 	90 	91 
002920 	284 	105 	90 	91 
002921 	284 	105 	90 	91 
002922 	284 	95 	90 	91 
002923 	284 	95 	90 	91 
002924 	284 	95 	90 	91 
002925 	284 	105 	90 	91 
002926 	284 	105 	90 	91 
002927 	284 	105 	90 	91 
002928 	284 	105 	90 	91 
002929 	284 	95 	90 	91 
002930 	284 	105 	90 	91 
002931 	284 	105 	90 	91 
002932 	286 	104 	76 	76 
002933 	286 	104 	76 	76 
002934 	286 	104 	76 	76 
002935 	284 	95 	90 	91 
002936 	284 	95 	90 	91 
002937 	284 	95 	90 	91 
002938 	284 	95 	90 	91 
002939 	284 	95 	90 	91 
002940 	284 	95 	90 	91 
002941 	284 	95 	90 	91 
002942 	284 	95 	90 	91 
002943 	284 	95 	90 	91 
002944 	284 	95 	90 	91 
002945 	284 	95 	90 	91 
002946 	284 	95 	90 	91 
002947 	284 	95 	90 	91 
002948 	284 	95 	90 	91 
002949 	284 	95 	90 	91 
002950 	284 	105 	90 	91 
002951 	284 	105 	90 	91 
002952 	284 	105 	90 	91 
002953 	284 	105 	90 	91 
002954 	284 	95 	90 	91 
002955 	284 	95 	90 	91 
002956 	284 	95 	90 	91 
002957 	284 	95 	90 	91 
002958 	284 	95 	90 	91 
002959 	284 	95 	90 	91 
002960 	284 	95 	90 	91 
002961 	284 	95 	90 	91 
002962 	284 	95 	90 	91 
002963 	284 	95 	90 	91 
002964 	284 	95 	90 	91 
002965 	284 	95 	90 	91 
002966 	284 	95 	90 	91 
002967 	284 	95 	90 	91 
002968 	284 	95 	90 	91 
002969 	284 	95 	90 	91 
002970 	284 	95 	90 	91 
002971 	284 	95 	90 	91 
002972 	284 	95 	90 	91 
002973 	284 	95 	90 	91 
002974 	284 	95 	90 	91 
002975 	284 	95 	90 	91 
002976 	284 	95 	90 	91 
002977 	284 	95 	90 	91 
002978 	284 	95 	90 	91 
002979 	284 	95 	90 	91 
002980 	284 	95 	90 	91 
002981 	284 	95 	90 	91 
002982 	284 	95 	90 	91 
002983 	284 	95 	90 	91 
002984 	284 	95 	90 	91 
002985 	284 	95 	90 	91 
002986 	284 	95 	90 	91 
002987 	284 	95 	90 	91 
002988 	284 	95 	90 	91 
002989 	284 	95 	90 	91 
002990 	284 	95 	90 	91 
002991 	284 	95 	90 	91 
002992 	284 	95 	90 	91 
002993 	284 	95 	90 	91 
002994 	284 	95 	90 	91 
002995 	284 	95 	90 	91 
002996 	284 	95 	90 	91 
002997 	284 	95 	90 	91 
002998 	284 	95 	90 	91 
002999 	284 	95 	90 	91 
003000 	284 	95 	90 	91 
003001 	284 	95 	90 	91 
003002 	284 	95 	90 	91 
003003 	284 	95 	90 	91 
003004 	284 	95 	90 	91 
