Identity  : 	id10283
Reference : 	h87Y8nir1o0
Offset    : 	0
FV Conf   : 	13.251
ASD Conf  : 	6.456

FRAME 	X 	Y 	W 	H 
009834 	164 	62 	156 	155 
009835 	164 	62 	156 	155 
009836 	194 	80 	130 	130 
009837 	164 	62 	156 	155 
009838 	164 	62 	156 	155 
009839 	164 	62 	156 	155 
009840 	164 	62 	156 	155 
009841 	164 	62 	156 	155 
009842 	164 	62 	156 	155 
009843 	181 	62 	156 	155 
009844 	181 	62 	156 	155 
009845 	181 	62 	156 	155 
009846 	181 	62 	156 	155 
009847 	181 	62 	156 	155 
009848 	181 	62 	156 	155 
009849 	194 	80 	130 	130 
009850 	181 	62 	156 	155 
009851 	181 	62 	156 	155 
009852 	181 	62 	156 	155 
009853 	181 	62 	156 	155 
009854 	181 	62 	156 	155 
009855 	181 	62 	156 	155 
009856 	181 	62 	156 	155 
009857 	181 	62 	156 	155 
009858 	181 	62 	156 	155 
009859 	181 	62 	156 	155 
009860 	181 	62 	156 	155 
009861 	181 	62 	156 	155 
009862 	181 	62 	156 	155 
009863 	181 	62 	156 	155 
009864 	181 	62 	156 	155 
009865 	181 	62 	156 	155 
009866 	181 	62 	156 	155 
009867 	181 	62 	156 	155 
009868 	208 	80 	130 	130 
009869 	181 	62 	156 	155 
009870 	181 	62 	156 	155 
009871 	181 	62 	156 	155 
009872 	181 	62 	156 	155 
009873 	194 	66 	130 	130 
009874 	164 	62 	156 	155 
009875 	164 	62 	156 	155 
009876 	164 	62 	156 	155 
009877 	164 	62 	156 	155 
009878 	164 	62 	156 	155 
009879 	164 	62 	156 	155 
009880 	164 	62 	156 	155 
009881 	164 	62 	156 	155 
009882 	164 	62 	156 	155 
009883 	164 	62 	156 	155 
009884 	164 	62 	156 	155 
009885 	164 	62 	156 	155 
009886 	164 	62 	156 	155 
009887 	164 	62 	156 	155 
009888 	164 	62 	156 	155 
009889 	164 	62 	156 	155 
009890 	164 	62 	156 	155 
009891 	164 	62 	156 	155 
009892 	164 	62 	156 	155 
009893 	164 	62 	156 	155 
009894 	164 	62 	156 	155 
009895 	194 	80 	130 	130 
009896 	181 	62 	156 	155 
009897 	181 	62 	156 	155 
009898 	181 	62 	156 	155 
009899 	208 	80 	130 	130 
009900 	208 	80 	130 	130 
009901 	199 	62 	155 	155 
009902 	199 	79 	155 	156 
009903 	223 	80 	130 	130 
009904 	216 	79 	156 	156 
009905 	216 	79 	156 	156 
009906 	223 	80 	130 	130 
009907 	223 	94 	130 	130 
009908 	223 	80 	130 	130 
009909 	216 	79 	156 	156 
009910 	223 	80 	130 	130 
009911 	223 	80 	130 	130 
009912 	223 	80 	130 	130 
009913 	199 	79 	155 	156 
009914 	199 	79 	155 	156 
009915 	199 	79 	155 	156 
009916 	199 	62 	155 	155 
009917 	199 	62 	155 	155 
009918 	199 	62 	155 	155 
009919 	199 	62 	155 	155 
009920 	199 	62 	155 	155 
009921 	199 	62 	155 	155 
009922 	223 	80 	130 	130 
009923 	223 	80 	130 	130 
009924 	223 	80 	130 	130 
009925 	199 	62 	155 	155 
009926 	199 	62 	155 	155 
009927 	199 	62 	155 	155 
009928 	199 	62 	155 	155 
009929 	199 	62 	155 	155 
009930 	199 	79 	155 	156 
009931 	223 	80 	130 	130 
009932 	223 	80 	130 	130 
009933 	223 	80 	130 	130 
009934 	216 	79 	156 	156 
009935 	216 	79 	156 	156 
009936 	216 	79 	156 	156 
009937 	216 	79 	156 	156 
009938 	223 	80 	130 	130 
009939 	223 	80 	130 	130 
009940 	208 	80 	130 	130 
009941 	181 	62 	156 	155 
009942 	181 	62 	156 	155 
009943 	194 	66 	130 	130 
009944 	194 	66 	130 	130 
009945 	164 	44 	156 	156 
009946 	164 	44 	156 	156 
009947 	164 	44 	156 	156 
009948 	164 	44 	156 	156 
009949 	164 	62 	156 	155 
009950 	164 	62 	156 	155 
009951 	135 	33 	187 	187 
009952 	147 	44 	156 	156 
009953 	147 	44 	156 	156 
009954 	147 	44 	156 	156 
009955 	147 	62 	156 	155 
009956 	147 	62 	156 	155 
009957 	147 	62 	156 	155 
009958 	147 	62 	156 	155 
009959 	147 	62 	156 	155 
009960 	147 	62 	156 	155 
009961 	147 	62 	156 	155 
009962 	147 	62 	156 	155 
009963 	147 	62 	156 	155 
009964 	147 	62 	156 	155 
009965 	147 	62 	156 	155 
009966 	147 	62 	156 	155 
009967 	164 	62 	156 	155 
009968 	164 	62 	156 	155 
009969 	147 	62 	156 	155 
009970 	147 	62 	156 	155 
009971 	147 	62 	156 	155 
009972 	164 	79 	156 	156 
009973 	164 	79 	156 	156 
009974 	164 	79 	156 	156 
009975 	164 	79 	156 	156 
009976 	164 	79 	156 	156 
009977 	164 	79 	156 	156 
009978 	164 	79 	156 	156 
009979 	164 	79 	156 	156 
009980 	164 	79 	156 	156 
009981 	164 	79 	156 	156 
009982 	194 	80 	130 	130 
009983 	181 	79 	156 	156 
009984 	181 	79 	156 	156 
009985 	194 	80 	130 	130 
009986 	194 	94 	130 	130 
009987 	208 	94 	130 	130 
009988 	208 	94 	130 	130 
009989 	223 	94 	130 	130 
009990 	233 	62 	156 	155 
009991 	233 	62 	156 	155 
009992 	233 	79 	156 	156 
009993 	251 	80 	130 	130 
009994 	233 	62 	156 	155 
009995 	250 	62 	156 	155 
009996 	250 	62 	156 	155 
009997 	250 	62 	156 	155 
009998 	250 	62 	156 	155 
009999 	233 	62 	156 	155 
010000 	233 	62 	156 	155 
010001 	250 	62 	156 	155 
010002 	233 	62 	156 	155 
010003 	233 	62 	156 	155 
