Identity  : 	id10283
Reference : 	h87Y8nir1o0
Offset    : 	0
FV Conf   : 	12.226
ASD Conf  : 	6.333

FRAME 	X 	Y 	W 	H 
012592 	181 	113 	156 	156 
012593 	181 	113 	156 	156 
012594 	181 	113 	156 	156 
012595 	181 	113 	156 	156 
012596 	181 	113 	156 	156 
012597 	181 	113 	156 	156 
012598 	181 	113 	156 	156 
012599 	181 	113 	156 	156 
012600 	181 	113 	156 	156 
012601 	181 	113 	156 	156 
012602 	181 	113 	156 	156 
012603 	181 	113 	156 	156 
012604 	181 	113 	156 	156 
012605 	181 	113 	156 	156 
012606 	181 	113 	156 	156 
012607 	164 	113 	156 	156 
012608 	164 	113 	156 	156 
012609 	164 	96 	156 	156 
012610 	164 	96 	156 	156 
012611 	164 	96 	156 	156 
012612 	164 	96 	156 	156 
012613 	164 	96 	156 	156 
012614 	164 	96 	156 	156 
012615 	147 	96 	156 	156 
012616 	147 	96 	156 	156 
012617 	147 	96 	156 	156 
012618 	147 	113 	156 	156 
012619 	147 	113 	156 	156 
012620 	147 	113 	156 	156 
012621 	147 	113 	156 	156 
012622 	147 	113 	156 	156 
012623 	147 	113 	156 	156 
012624 	147 	113 	156 	156 
012625 	147 	113 	156 	156 
012626 	147 	113 	156 	156 
012627 	147 	113 	156 	156 
012628 	147 	113 	156 	156 
012629 	147 	113 	156 	156 
012630 	147 	96 	156 	156 
012631 	147 	96 	156 	156 
012632 	147 	96 	156 	156 
012633 	147 	96 	156 	156 
012634 	147 	96 	156 	156 
012635 	147 	96 	156 	156 
012636 	147 	96 	156 	156 
012637 	147 	96 	156 	156 
012638 	147 	96 	156 	156 
012639 	147 	96 	156 	156 
012640 	147 	96 	156 	156 
012641 	164 	96 	156 	156 
012642 	164 	96 	156 	156 
012643 	164 	96 	156 	156 
012644 	164 	96 	156 	156 
012645 	164 	96 	156 	156 
012646 	164 	113 	156 	156 
012647 	164 	96 	156 	156 
012648 	164 	113 	156 	156 
012649 	156 	95 	187 	186 
012650 	156 	95 	187 	186 
012651 	181 	96 	156 	156 
012652 	181 	96 	156 	156 
012653 	181 	96 	156 	156 
012654 	181 	113 	156 	156 
012655 	181 	113 	156 	156 
012656 	181 	113 	156 	156 
012657 	181 	96 	156 	156 
012658 	181 	96 	156 	156 
012659 	181 	96 	156 	156 
012660 	181 	96 	156 	156 
012661 	194 	109 	130 	130 
012662 	156 	95 	187 	186 
012663 	164 	96 	156 	156 
012664 	164 	96 	156 	156 
012665 	164 	96 	156 	156 
012666 	164 	96 	156 	156 
012667 	164 	96 	156 	156 
012668 	164 	96 	156 	156 
012669 	164 	96 	156 	156 
012670 	164 	96 	156 	156 
012671 	164 	96 	156 	156 
012672 	164 	96 	156 	156 
012673 	164 	96 	156 	156 
012674 	164 	96 	156 	156 
012675 	164 	96 	156 	156 
012676 	164 	96 	156 	156 
012677 	164 	96 	156 	156 
012678 	164 	96 	156 	156 
012679 	164 	96 	156 	156 
012680 	164 	96 	156 	156 
012681 	194 	109 	130 	130 
012682 	194 	109 	130 	130 
012683 	194 	109 	130 	130 
012684 	194 	109 	130 	130 
012685 	181 	96 	156 	156 
012686 	181 	96 	156 	156 
012687 	181 	96 	156 	156 
012688 	181 	96 	156 	156 
012689 	181 	96 	156 	156 
012690 	181 	96 	156 	156 
012691 	181 	96 	156 	156 
012692 	181 	96 	156 	156 
012693 	181 	96 	156 	156 
012694 	181 	96 	156 	156 
012695 	181 	96 	156 	156 
012696 	181 	96 	156 	156 
012697 	164 	96 	156 	156 
012698 	164 	96 	156 	156 
012699 	164 	96 	156 	156 
012700 	164 	96 	156 	156 
012701 	164 	96 	156 	156 
012702 	164 	79 	156 	156 
012703 	164 	96 	156 	156 
012704 	164 	96 	156 	156 
012705 	164 	96 	156 	156 
012706 	164 	79 	156 	156 
012707 	164 	79 	156 	156 
012708 	164 	79 	156 	156 
012709 	164 	96 	156 	156 
012710 	147 	96 	156 	156 
012711 	147 	96 	156 	156 
012712 	147 	96 	156 	156 
012713 	147 	96 	156 	156 
012714 	147 	96 	156 	156 
012715 	147 	96 	156 	156 
012716 	147 	96 	156 	156 
012717 	147 	96 	156 	156 
012718 	147 	96 	156 	156 
012719 	147 	96 	156 	156 
012720 	147 	96 	156 	156 
012721 	147 	96 	156 	156 
012722 	147 	96 	156 	156 
012723 	147 	96 	156 	156 
012724 	147 	96 	156 	156 
012725 	147 	96 	156 	156 
012726 	147 	96 	156 	156 
012727 	147 	96 	156 	156 
012728 	147 	79 	156 	156 
012729 	147 	79 	156 	156 
012730 	147 	79 	156 	156 
012731 	147 	79 	156 	156 
012732 	147 	96 	156 	156 
012733 	147 	96 	156 	156 
012734 	147 	96 	156 	156 
012735 	147 	96 	156 	156 
012736 	147 	96 	156 	156 
012737 	147 	96 	156 	156 
012738 	147 	96 	156 	156 
012739 	147 	96 	156 	156 
012740 	147 	96 	156 	156 
012741 	147 	96 	156 	156 
012742 	147 	96 	156 	156 
012743 	147 	96 	156 	156 
012744 	147 	96 	156 	156 
012745 	147 	96 	156 	156 
012746 	147 	96 	156 	156 
012747 	147 	96 	156 	156 
012748 	147 	96 	156 	156 
012749 	147 	96 	156 	156 
012750 	147 	96 	156 	156 
012751 	147 	96 	156 	156 
012752 	147 	96 	156 	156 
012753 	147 	96 	156 	156 
012754 	147 	96 	156 	156 
012755 	147 	96 	156 	156 
012756 	147 	96 	156 	156 
012757 	147 	96 	156 	156 
012758 	147 	96 	156 	156 
012759 	147 	96 	156 	156 
012760 	147 	96 	156 	156 
012761 	147 	96 	156 	156 
012762 	147 	96 	156 	156 
012763 	147 	96 	156 	156 
012764 	147 	96 	156 	156 
012765 	147 	96 	156 	156 
012766 	147 	96 	156 	156 
012767 	164 	113 	156 	156 
012768 	164 	113 	156 	156 
012769 	164 	113 	156 	156 
012770 	164 	113 	156 	156 
012771 	164 	113 	156 	156 
012772 	164 	113 	156 	156 
012773 	164 	113 	156 	156 
012774 	164 	113 	156 	156 
012775 	164 	113 	156 	156 
012776 	164 	113 	156 	156 
012777 	164 	113 	156 	156 
012778 	164 	113 	156 	156 
012779 	164 	113 	156 	156 
012780 	164 	113 	156 	156 
012781 	164 	113 	156 	156 
012782 	164 	96 	156 	156 
012783 	164 	96 	156 	156 
012784 	164 	96 	156 	156 
012785 	164 	96 	156 	156 
012786 	164 	96 	156 	156 
012787 	164 	96 	156 	156 
012788 	164 	96 	156 	156 
012789 	164 	96 	156 	156 
012790 	164 	96 	156 	156 
012791 	164 	96 	156 	156 
012792 	164 	96 	156 	156 
012793 	164 	96 	156 	156 
012794 	181 	96 	156 	156 
012795 	181 	96 	156 	156 
012796 	181 	96 	156 	156 
012797 	181 	96 	156 	156 
012798 	181 	96 	156 	156 
012799 	181 	96 	156 	156 
012800 	181 	96 	156 	156 
012801 	181 	96 	156 	156 
012802 	164 	96 	156 	156 
012803 	180 	109 	130 	130 
012804 	180 	109 	130 	130 
012805 	180 	109 	130 	130 
012806 	180 	109 	130 	130 
012807 	164 	96 	156 	156 
012808 	165 	109 	130 	130 
012809 	165 	109 	130 	130 
012810 	165 	109 	130 	130 
012811 	165 	109 	130 	130 
012812 	165 	109 	130 	130 
012813 	164 	96 	156 	156 
012814 	147 	96 	156 	156 
012815 	165 	109 	130 	130 
012816 	147 	96 	156 	156 
012817 	147 	79 	156 	156 
012818 	164 	96 	156 	156 
012819 	147 	79 	156 	156 
012820 	147 	79 	156 	156 
012821 	147 	79 	156 	156 
012822 	147 	79 	156 	156 
012823 	147 	79 	156 	156 
012824 	164 	96 	156 	156 
012825 	164 	96 	156 	156 
012826 	147 	79 	156 	156 
012827 	147 	79 	156 	156 
012828 	147 	79 	156 	156 
012829 	147 	79 	156 	156 
012830 	130 	79 	156 	156 
012831 	130 	79 	156 	156 
012832 	130 	79 	156 	156 
012833 	130 	79 	156 	156 
012834 	130 	79 	156 	156 
012835 	130 	79 	156 	156 
012836 	130 	79 	156 	156 
012837 	130 	79 	156 	156 
012838 	130 	79 	156 	156 
012839 	130 	79 	156 	156 
012840 	130 	79 	156 	156 
012841 	130 	79 	156 	156 
012842 	130 	79 	156 	156 
012843 	130 	79 	156 	156 
012844 	130 	79 	156 	156 
012845 	130 	79 	156 	156 
012846 	130 	79 	156 	156 
012847 	130 	79 	156 	156 
012848 	130 	79 	156 	156 
012849 	130 	79 	156 	156 
012850 	147 	79 	156 	156 
012851 	147 	79 	156 	156 
012852 	147 	79 	156 	156 
012853 	147 	79 	156 	156 
012854 	147 	79 	156 	156 
012855 	147 	79 	156 	156 
012856 	147 	79 	156 	156 
012857 	147 	79 	156 	156 
012858 	147 	79 	156 	156 
012859 	147 	79 	156 	156 
012860 	147 	79 	156 	156 
012861 	147 	79 	156 	156 
012862 	147 	79 	156 	156 
012863 	147 	79 	156 	156 
012864 	147 	79 	156 	156 
012865 	130 	79 	156 	156 
012866 	130 	79 	156 	156 
012867 	130 	79 	156 	156 
012868 	130 	79 	156 	156 
012869 	130 	79 	156 	156 
012870 	130 	79 	156 	156 
012871 	147 	79 	156 	156 
012872 	147 	79 	156 	156 
012873 	147 	79 	156 	156 
012874 	147 	79 	156 	156 
012875 	147 	79 	156 	156 
012876 	147 	79 	156 	156 
012877 	147 	62 	156 	155 
012878 	147 	79 	156 	156 
012879 	147 	62 	156 	155 
012880 	147 	62 	156 	155 
012881 	147 	62 	156 	155 
012882 	147 	62 	156 	155 
012883 	147 	62 	156 	155 
012884 	147 	62 	156 	155 
012885 	147 	62 	156 	155 
012886 	147 	62 	156 	155 
012887 	147 	62 	156 	155 
012888 	147 	62 	156 	155 
012889 	147 	62 	156 	155 
012890 	147 	62 	156 	155 
012891 	147 	62 	156 	155 
012892 	147 	62 	156 	155 
012893 	147 	62 	156 	155 
012894 	147 	62 	156 	155 
012895 	147 	62 	156 	155 
012896 	147 	62 	156 	155 
012897 	130 	62 	156 	155 
012898 	130 	62 	156 	155 
012899 	130 	79 	156 	156 
012900 	130 	79 	156 	156 
012901 	130 	79 	156 	156 
012902 	130 	79 	156 	156 
012903 	130 	79 	156 	156 
012904 	130 	62 	156 	155 
012905 	130 	62 	156 	155 
012906 	130 	62 	156 	155 
012907 	130 	62 	156 	155 
012908 	130 	62 	156 	155 
012909 	130 	62 	156 	155 
012910 	130 	62 	156 	155 
012911 	130 	62 	156 	155 
012912 	130 	62 	156 	155 
012913 	130 	62 	156 	155 
012914 	130 	62 	156 	155 
012915 	130 	62 	156 	155 
012916 	147 	62 	156 	155 
012917 	147 	62 	156 	155 
012918 	147 	62 	156 	155 
012919 	147 	62 	156 	155 
012920 	147 	62 	156 	155 
012921 	147 	79 	156 	156 
012922 	147 	62 	156 	155 
012923 	147 	62 	156 	155 
012924 	147 	62 	156 	155 
012925 	147 	62 	156 	155 
012926 	147 	62 	156 	155 
012927 	147 	62 	156 	155 
012928 	147 	79 	156 	156 
012929 	147 	79 	156 	156 
012930 	147 	79 	156 	156 
012931 	147 	79 	156 	156 
012932 	147 	79 	156 	156 
012933 	147 	79 	156 	156 
012934 	147 	79 	156 	156 
012935 	147 	79 	156 	156 
012936 	147 	79 	156 	156 
012937 	147 	79 	156 	156 
012938 	147 	79 	156 	156 
012939 	147 	79 	156 	156 
012940 	147 	79 	156 	156 
012941 	147 	79 	156 	156 
012942 	147 	79 	156 	156 
012943 	147 	79 	156 	156 
012944 	147 	79 	156 	156 
012945 	147 	79 	156 	156 
012946 	147 	79 	156 	156 
012947 	147 	79 	156 	156 
012948 	147 	79 	156 	156 
012949 	147 	79 	156 	156 
012950 	147 	79 	156 	156 
012951 	130 	79 	156 	156 
012952 	130 	79 	156 	156 
012953 	130 	79 	156 	156 
012954 	130 	79 	156 	156 
012955 	130 	79 	156 	156 
012956 	130 	79 	156 	156 
012957 	130 	79 	156 	156 
012958 	130 	79 	156 	156 
012959 	130 	79 	156 	156 
012960 	130 	79 	156 	156 
012961 	130 	79 	156 	156 
012962 	130 	79 	156 	156 
012963 	130 	79 	156 	156 
012964 	130 	79 	156 	156 
012965 	130 	79 	156 	156 
012966 	130 	79 	156 	156 
012967 	130 	79 	156 	156 
012968 	147 	79 	156 	156 
012969 	147 	79 	156 	156 
012970 	147 	79 	156 	156 
012971 	164 	79 	156 	156 
012972 	147 	79 	156 	156 
012973 	147 	79 	156 	156 
012974 	147 	79 	156 	156 
012975 	147 	79 	156 	156 
012976 	147 	79 	156 	156 
012977 	130 	79 	156 	156 
012978 	130 	79 	156 	156 
012979 	130 	79 	156 	156 
012980 	130 	79 	156 	156 
012981 	113 	79 	155 	156 
012982 	113 	79 	155 	156 
012983 	113 	79 	155 	156 
012984 	130 	79 	156 	156 
012985 	130 	79 	156 	156 
012986 	130 	79 	156 	156 
012987 	130 	79 	156 	156 
012988 	130 	79 	156 	156 
012989 	130 	79 	156 	156 
012990 	130 	79 	156 	156 
012991 	130 	79 	156 	156 
012992 	130 	79 	156 	156 
012993 	130 	79 	156 	156 
012994 	130 	79 	156 	156 
012995 	130 	79 	156 	156 
012996 	130 	79 	156 	156 
012997 	130 	79 	156 	156 
012998 	130 	79 	156 	156 
012999 	130 	79 	156 	156 
013000 	130 	79 	156 	156 
013001 	130 	79 	156 	156 
013002 	130 	79 	156 	156 
013003 	130 	79 	156 	156 
013004 	130 	79 	156 	156 
013005 	130 	79 	156 	156 
013006 	151 	94 	130 	130 
013007 	151 	94 	130 	130 
013008 	130 	79 	156 	156 
013009 	151 	94 	130 	130 
013010 	130 	79 	156 	156 
013011 	147 	79 	156 	156 
013012 	147 	79 	156 	156 
013013 	147 	96 	156 	156 
013014 	147 	96 	156 	156 
013015 	147 	79 	156 	156 
013016 	147 	79 	156 	156 
013017 	147 	79 	156 	156 
013018 	147 	79 	156 	156 
013019 	147 	79 	156 	156 
013020 	147 	79 	156 	156 
013021 	147 	79 	156 	156 
013022 	147 	79 	156 	156 
013023 	147 	79 	156 	156 
013024 	147 	79 	156 	156 
013025 	147 	79 	156 	156 
013026 	147 	79 	156 	156 
013027 	147 	79 	156 	156 
013028 	147 	79 	156 	156 
013029 	147 	79 	156 	156 
013030 	147 	79 	156 	156 
013031 	147 	79 	156 	156 
013032 	147 	79 	156 	156 
013033 	147 	79 	156 	156 
013034 	147 	79 	156 	156 
013035 	147 	79 	156 	156 
013036 	147 	79 	156 	156 
013037 	147 	79 	156 	156 
013038 	147 	79 	156 	156 
013039 	147 	79 	156 	156 
013040 	147 	79 	156 	156 
013041 	147 	79 	156 	156 
013042 	147 	79 	156 	156 
013043 	147 	79 	156 	156 
013044 	147 	79 	156 	156 
013045 	147 	79 	156 	156 
013046 	147 	79 	156 	156 
013047 	147 	79 	156 	156 
013048 	147 	79 	156 	156 
013049 	147 	79 	156 	156 
013050 	147 	79 	156 	156 
013051 	147 	79 	156 	156 
013052 	165 	109 	130 	130 
013053 	164 	96 	156 	156 
013054 	164 	96 	156 	156 
013055 	164 	96 	156 	156 
013056 	164 	96 	156 	156 
013057 	164 	96 	156 	156 
013058 	164 	96 	156 	156 
013059 	164 	96 	156 	156 
013060 	164 	96 	156 	156 
013061 	164 	96 	156 	156 
013062 	164 	96 	156 	156 
013063 	164 	96 	156 	156 
013064 	164 	96 	156 	156 
013065 	164 	96 	156 	156 
013066 	164 	96 	156 	156 
013067 	164 	96 	156 	156 
013068 	147 	79 	156 	156 
013069 	147 	79 	156 	156 
