Identity  : 	id10306
Reference : 	vZ56u00v6WA
Offset    : 	0
FV Conf   : 	17.217
ASD Conf  : 	6.841

FRAME 	X 	Y 	W 	H 
002247 	317 	78 	108 	109 
002248 	317 	78 	108 	109 
002249 	317 	78 	108 	109 
002250 	317 	78 	108 	109 
002251 	317 	78 	108 	109 
002252 	323 	85 	91 	91 
002253 	323 	85 	91 	91 
002254 	323 	85 	91 	91 
002255 	323 	85 	91 	91 
002256 	305 	66 	108 	109 
002257 	305 	66 	108 	109 
002258 	305 	66 	108 	109 
002259 	323 	85 	91 	91 
002260 	323 	85 	91 	91 
002261 	323 	85 	91 	91 
002262 	323 	85 	91 	91 
002263 	323 	85 	91 	91 
002264 	323 	85 	91 	91 
002265 	323 	85 	91 	91 
002266 	323 	85 	91 	91 
002267 	323 	85 	91 	91 
002268 	323 	85 	91 	91 
002269 	323 	85 	91 	91 
002270 	323 	85 	91 	91 
002271 	323 	85 	91 	91 
002272 	323 	85 	91 	91 
002273 	323 	85 	91 	91 
002274 	317 	66 	108 	109 
002275 	317 	66 	108 	109 
002276 	317 	66 	108 	109 
002277 	317 	66 	108 	109 
002278 	317 	66 	108 	109 
002279 	317 	66 	108 	109 
002280 	317 	66 	108 	109 
002281 	317 	66 	108 	109 
002282 	317 	78 	108 	109 
002283 	323 	85 	91 	91 
002284 	317 	78 	108 	109 
002285 	317 	78 	108 	109 
002286 	317 	78 	108 	109 
002287 	317 	78 	108 	109 
002288 	317 	78 	108 	109 
002289 	317 	78 	108 	109 
002290 	317 	78 	108 	109 
002291 	317 	78 	108 	109 
002292 	317 	78 	108 	109 
002293 	317 	78 	108 	109 
002294 	323 	85 	91 	91 
002295 	323 	85 	91 	91 
002296 	317 	78 	108 	109 
002297 	317 	78 	108 	109 
002298 	317 	78 	108 	109 
002299 	323 	95 	91 	91 
002300 	323 	95 	91 	91 
002301 	323 	95 	91 	91 
002302 	323 	95 	91 	91 
002303 	323 	95 	91 	91 
002304 	323 	95 	91 	91 
002305 	317 	78 	108 	109 
002306 	317 	78 	108 	109 
002307 	317 	78 	108 	109 
002308 	317 	78 	108 	109 
002309 	317 	78 	108 	109 
002310 	317 	78 	108 	109 
002311 	317 	78 	108 	109 
002312 	317 	78 	108 	109 
002313 	317 	78 	108 	109 
002314 	317 	78 	108 	109 
002315 	317 	78 	108 	109 
002316 	317 	78 	108 	109 
002317 	317 	78 	108 	109 
002318 	317 	78 	108 	109 
002319 	317 	78 	108 	109 
002320 	317 	78 	108 	109 
002321 	317 	78 	108 	109 
002322 	317 	78 	108 	109 
002323 	317 	78 	108 	109 
002324 	317 	78 	108 	109 
002325 	317 	78 	108 	109 
002326 	317 	78 	108 	109 
002327 	317 	78 	108 	109 
002328 	317 	78 	108 	109 
002329 	305 	78 	108 	109 
002330 	305 	78 	108 	109 
002331 	305 	78 	108 	109 
002332 	305 	78 	108 	109 
002333 	305 	78 	108 	109 
002334 	293 	78 	108 	109 
002335 	293 	78 	108 	109 
002336 	293 	78 	108 	109 
002337 	294 	85 	90 	91 
002338 	281 	78 	108 	109 
002339 	281 	78 	108 	109 
002340 	281 	78 	108 	109 
002341 	281 	78 	108 	109 
002342 	281 	78 	108 	109 
002343 	281 	78 	108 	109 
002344 	281 	78 	108 	109 
002345 	281 	78 	108 	109 
002346 	281 	78 	108 	109 
002347 	281 	78 	108 	109 
002348 	281 	78 	108 	109 
002349 	281 	78 	108 	109 
002350 	294 	85 	90 	91 
002351 	294 	85 	90 	91 
002352 	294 	85 	90 	91 
002353 	294 	85 	90 	91 
002354 	294 	85 	90 	91 
002355 	294 	85 	90 	91 
002356 	294 	85 	90 	91 
002357 	281 	66 	108 	109 
002358 	281 	66 	108 	109 
002359 	281 	66 	108 	109 
002360 	281 	66 	108 	109 
002361 	281 	66 	108 	109 
002362 	281 	66 	108 	109 
002363 	281 	66 	108 	109 
002364 	281 	66 	108 	109 
002365 	281 	66 	108 	109 
002366 	281 	66 	108 	109 
002367 	281 	66 	108 	109 
002368 	281 	66 	108 	109 
002369 	281 	66 	108 	109 
002370 	281 	66 	108 	109 
002371 	281 	66 	108 	109 
002372 	281 	66 	108 	109 
002373 	281 	66 	108 	109 
002374 	281 	66 	108 	109 
002375 	281 	66 	108 	109 
002376 	281 	66 	108 	109 
002377 	281 	66 	108 	109 
002378 	281 	66 	108 	109 
002379 	281 	66 	108 	109 
002380 	281 	66 	108 	109 
002381 	281 	66 	108 	109 
002382 	281 	66 	108 	109 
002383 	281 	66 	108 	109 
002384 	281 	66 	108 	109 
002385 	281 	66 	108 	109 
002386 	281 	66 	108 	109 
002387 	281 	66 	108 	109 
002388 	281 	66 	108 	109 
002389 	281 	66 	108 	109 
002390 	281 	66 	108 	109 
002391 	281 	66 	108 	109 
002392 	281 	66 	108 	109 
002393 	281 	66 	108 	109 
002394 	281 	66 	108 	109 
002395 	281 	66 	108 	109 
002396 	281 	66 	108 	109 
002397 	281 	66 	108 	109 
002398 	281 	66 	108 	109 
002399 	281 	66 	108 	109 
002400 	281 	66 	108 	109 
002401 	281 	66 	108 	109 
002402 	281 	66 	108 	109 
002403 	281 	66 	108 	109 
002404 	281 	66 	108 	109 
002405 	281 	66 	108 	109 
002406 	281 	66 	108 	109 
002407 	294 	85 	90 	91 
002408 	294 	85 	90 	91 
002409 	294 	85 	90 	91 
002410 	281 	66 	108 	109 
002411 	281 	66 	108 	109 
002412 	281 	66 	108 	109 
002413 	281 	66 	108 	109 
002414 	281 	66 	108 	109 
002415 	281 	66 	108 	109 
002416 	281 	66 	108 	109 
002417 	281 	66 	108 	109 
002418 	281 	66 	108 	109 
002419 	281 	66 	108 	109 
002420 	281 	66 	108 	109 
002421 	281 	66 	108 	109 
002422 	281 	66 	108 	109 
002423 	281 	66 	108 	109 
002424 	281 	66 	108 	109 
002425 	281 	66 	108 	109 
002426 	281 	66 	108 	109 
002427 	281 	66 	108 	109 
002428 	281 	66 	108 	109 
002429 	294 	85 	90 	91 
002430 	294 	85 	90 	91 
002431 	294 	85 	90 	91 
002432 	294 	85 	90 	91 
002433 	294 	85 	90 	91 
002434 	294 	85 	90 	91 
002435 	294 	85 	90 	91 
002436 	294 	85 	90 	91 
002437 	293 	78 	108 	109 
002438 	293 	78 	108 	109 
002439 	293 	66 	108 	109 
002440 	293 	66 	108 	109 
002441 	293 	66 	108 	109 
002442 	293 	66 	108 	109 
002443 	293 	66 	108 	109 
002444 	293 	66 	108 	109 
002445 	294 	85 	90 	91 
002446 	294 	85 	90 	91 
002447 	294 	85 	90 	91 
002448 	294 	85 	90 	91 
002449 	281 	66 	108 	109 
002450 	281 	66 	108 	109 
002451 	281 	66 	108 	109 
002452 	294 	85 	90 	91 
002453 	294 	85 	90 	91 
002454 	281 	78 	108 	109 
002455 	281 	78 	108 	109 
002456 	281 	78 	108 	109 
002457 	281 	78 	108 	109 
002458 	281 	78 	108 	109 
002459 	281 	78 	108 	109 
002460 	269 	78 	108 	109 
002461 	284 	85 	90 	91 
002462 	284 	85 	90 	91 
002463 	269 	78 	108 	109 
002464 	269 	78 	108 	109 
002465 	281 	78 	108 	109 
002466 	281 	78 	108 	109 
002467 	281 	78 	108 	109 
002468 	281 	78 	108 	109 
002469 	281 	78 	108 	109 
002470 	281 	78 	108 	109 
002471 	281 	78 	108 	109 
002472 	281 	78 	108 	109 
002473 	281 	78 	108 	109 
002474 	281 	78 	108 	109 
002475 	281 	78 	108 	109 
002476 	281 	78 	108 	109 
002477 	281 	78 	108 	109 
002478 	281 	78 	108 	109 
002479 	281 	78 	108 	109 
002480 	281 	78 	108 	109 
002481 	281 	66 	108 	109 
002482 	281 	66 	108 	109 
002483 	281 	66 	108 	109 
002484 	269 	66 	108 	109 
002485 	269 	66 	108 	109 
002486 	269 	66 	108 	109 
002487 	269 	66 	108 	109 
002488 	269 	66 	108 	109 
002489 	284 	85 	90 	91 
002490 	269 	78 	108 	109 
002491 	269 	78 	108 	109 
002492 	269 	78 	108 	109 
002493 	269 	78 	108 	109 
002494 	269 	78 	108 	109 
002495 	269 	78 	108 	109 
002496 	269 	78 	108 	109 
002497 	269 	78 	108 	109 
002498 	269 	78 	108 	109 
002499 	269 	78 	108 	109 
002500 	269 	78 	108 	109 
002501 	269 	78 	108 	109 
002502 	284 	85 	90 	91 
002503 	284 	85 	90 	91 
002504 	281 	78 	108 	109 
002505 	281 	78 	108 	109 
002506 	281 	78 	108 	109 
002507 	281 	78 	108 	109 
002508 	281 	78 	108 	109 
002509 	281 	78 	108 	109 
002510 	281 	78 	108 	109 
002511 	281 	78 	108 	109 
002512 	281 	78 	108 	109 
002513 	281 	78 	108 	109 
002514 	281 	78 	108 	109 
002515 	281 	78 	108 	109 
002516 	281 	78 	108 	109 
002517 	281 	78 	108 	109 
002518 	281 	78 	108 	109 
002519 	281 	78 	108 	109 
002520 	281 	78 	108 	109 
002521 	281 	78 	108 	109 
002522 	281 	78 	108 	109 
002523 	294 	85 	90 	91 
