Identity  : 	id10307
Reference : 	yUv37vQWmzE
Offset    : 	-1
FV Conf   : 	14.881
ASD Conf  : 	7.130

FRAME 	X 	Y 	W 	H 
003207 	336 	62 	75 	76 
003208 	349 	73 	63 	63 
003209 	344 	62 	76 	76 
003210 	344 	62 	76 	76 
003211 	344 	62 	76 	76 
003212 	344 	62 	76 	76 
003213 	344 	62 	76 	76 
003214 	344 	62 	76 	76 
003215 	344 	62 	76 	76 
003216 	344 	62 	76 	76 
003217 	344 	62 	76 	76 
003218 	344 	62 	76 	76 
003219 	344 	62 	76 	76 
003220 	344 	62 	76 	76 
003221 	344 	62 	76 	76 
003222 	344 	62 	76 	76 
003223 	344 	62 	76 	76 
003224 	344 	62 	76 	76 
003225 	344 	62 	76 	76 
003226 	344 	71 	76 	75 
003227 	344 	71 	76 	75 
003228 	344 	71 	76 	75 
003229 	344 	71 	76 	75 
003230 	344 	71 	76 	75 
003231 	344 	71 	76 	75 
003232 	344 	71 	76 	75 
003233 	344 	71 	76 	75 
003234 	344 	71 	76 	75 
003235 	344 	71 	76 	75 
003236 	336 	71 	75 	75 
003237 	336 	71 	75 	75 
003238 	336 	71 	75 	75 
003239 	336 	62 	75 	76 
003240 	336 	62 	75 	76 
003241 	336 	62 	75 	76 
003242 	336 	62 	75 	76 
003243 	336 	62 	75 	76 
003244 	336 	62 	75 	76 
003245 	336 	62 	75 	76 
003246 	336 	62 	75 	76 
003247 	336 	62 	75 	76 
003248 	336 	62 	75 	76 
003249 	336 	62 	75 	76 
003250 	336 	62 	75 	76 
003251 	336 	62 	75 	76 
003252 	336 	62 	75 	76 
003253 	336 	62 	75 	76 
003254 	336 	62 	75 	76 
003255 	336 	62 	75 	76 
003256 	336 	62 	75 	76 
003257 	336 	62 	75 	76 
003258 	336 	62 	75 	76 
003259 	336 	62 	75 	76 
003260 	336 	62 	75 	76 
003261 	344 	62 	76 	76 
003262 	344 	62 	76 	76 
003263 	344 	62 	76 	76 
003264 	344 	62 	76 	76 
003265 	344 	62 	76 	76 
003266 	344 	62 	76 	76 
003267 	344 	62 	76 	76 
003268 	344 	62 	76 	76 
003269 	344 	62 	76 	76 
003270 	344 	62 	76 	76 
003271 	344 	62 	76 	76 
003272 	344 	62 	76 	76 
003273 	344 	62 	76 	76 
003274 	344 	62 	76 	76 
003275 	344 	62 	76 	76 
003276 	344 	62 	76 	76 
003277 	344 	62 	76 	76 
003278 	344 	62 	76 	76 
003279 	344 	62 	76 	76 
003280 	344 	62 	76 	76 
003281 	344 	62 	76 	76 
003282 	349 	73 	63 	63 
003283 	344 	71 	76 	75 
003284 	336 	62 	75 	76 
003285 	336 	62 	75 	76 
003286 	336 	62 	75 	76 
003287 	336 	62 	75 	76 
003288 	336 	71 	75 	75 
003289 	336 	71 	75 	75 
003290 	327 	62 	76 	76 
003291 	327 	62 	76 	76 
003292 	327 	71 	76 	75 
003293 	327 	71 	76 	75 
003294 	327 	71 	76 	75 
003295 	327 	62 	76 	76 
003296 	335 	73 	63 	63 
003297 	335 	73 	63 	63 
003298 	336 	71 	75 	75 
003299 	336 	71 	75 	75 
003300 	342 	73 	63 	63 
003301 	336 	62 	75 	76 
003302 	336 	62 	75 	76 
003303 	336 	62 	75 	76 
003304 	336 	62 	75 	76 
003305 	336 	62 	75 	76 
003306 	336 	62 	75 	76 
003307 	336 	62 	75 	76 
003308 	342 	73 	63 	63 
003309 	336 	71 	75 	75 
003310 	336 	71 	75 	75 
003311 	336 	71 	75 	75 
003312 	342 	73 	63 	63 
003313 	342 	73 	63 	63 
003314 	342 	73 	63 	63 
003315 	336 	62 	75 	76 
003316 	336 	62 	75 	76 
003317 	336 	62 	75 	76 
003318 	336 	62 	75 	76 
003319 	336 	62 	75 	76 
003320 	336 	62 	75 	76 
003321 	336 	62 	75 	76 
003322 	336 	62 	75 	76 
003323 	336 	71 	75 	75 
003324 	336 	71 	75 	75 
003325 	336 	71 	75 	75 
003326 	336 	71 	75 	75 
003327 	336 	71 	75 	75 
003328 	336 	71 	75 	75 
003329 	336 	71 	75 	75 
003330 	336 	62 	75 	76 
003331 	336 	62 	75 	76 
003332 	336 	62 	75 	76 
003333 	336 	62 	75 	76 
003334 	336 	62 	75 	76 
003335 	336 	62 	75 	76 
003336 	336 	62 	75 	76 
003337 	342 	73 	63 	63 
003338 	336 	71 	75 	75 
003339 	336 	71 	75 	75 
003340 	336 	71 	75 	75 
003341 	336 	71 	75 	75 
003342 	336 	62 	75 	76 
003343 	336 	71 	75 	75 
003344 	342 	73 	63 	63 
003345 	349 	73 	63 	63 
003346 	349 	73 	63 	63 
003347 	344 	62 	76 	76 
003348 	344 	62 	76 	76 
003349 	344 	62 	76 	76 
003350 	344 	62 	76 	76 
003351 	344 	62 	76 	76 
003352 	349 	66 	63 	63 
003353 	349 	66 	63 	63 
003354 	336 	62 	75 	76 
003355 	336 	62 	75 	76 
003356 	327 	62 	76 	76 
003357 	327 	62 	76 	76 
003358 	319 	62 	76 	76 
003359 	319 	71 	76 	75 
003360 	311 	71 	75 	75 
003361 	311 	71 	75 	75 
003362 	311 	71 	75 	75 
003363 	311 	71 	75 	75 
003364 	311 	71 	75 	75 
003365 	319 	71 	76 	75 
003366 	319 	71 	76 	75 
003367 	319 	71 	76 	75 
003368 	319 	71 	76 	75 
003369 	319 	71 	76 	75 
003370 	319 	71 	76 	75 
003371 	319 	71 	76 	75 
003372 	319 	71 	76 	75 
003373 	319 	71 	76 	75 
003374 	319 	71 	76 	75 
003375 	319 	71 	76 	75 
003376 	319 	71 	76 	75 
