Identity  : 	id10307
Reference : 	yUv37vQWmzE
Offset    : 	-1
FV Conf   : 	14.881
ASD Conf  : 	7.990

FRAME 	X 	Y 	W 	H 
003397 	344 	54 	76 	76 
003398 	344 	54 	76 	76 
003399 	344 	54 	76 	76 
003400 	344 	62 	76 	76 
003401 	344 	62 	76 	76 
003402 	344 	62 	76 	76 
003403 	344 	62 	76 	76 
003404 	344 	62 	76 	76 
003405 	356 	66 	63 	63 
003406 	356 	66 	63 	63 
003407 	356 	66 	63 	63 
003408 	352 	62 	76 	76 
003409 	362 	66 	64 	63 
003410 	362 	66 	64 	63 
003411 	361 	62 	75 	76 
003412 	361 	54 	75 	76 
003413 	361 	54 	75 	76 
003414 	361 	54 	75 	76 
003415 	361 	54 	75 	76 
003416 	361 	54 	75 	76 
003417 	361 	62 	75 	76 
003418 	362 	66 	64 	63 
003419 	362 	66 	64 	63 
003420 	352 	54 	76 	76 
003421 	356 	66 	63 	63 
003422 	356 	66 	63 	63 
003423 	344 	54 	76 	76 
003424 	344 	54 	76 	76 
003425 	344 	54 	76 	76 
003426 	336 	54 	75 	76 
003427 	336 	54 	75 	76 
003428 	336 	54 	75 	76 
003429 	336 	54 	75 	76 
003430 	336 	62 	75 	76 
003431 	336 	62 	75 	76 
003432 	336 	62 	75 	76 
003433 	336 	62 	75 	76 
003434 	336 	62 	75 	76 
003435 	336 	62 	75 	76 
003436 	336 	62 	75 	76 
003437 	336 	62 	75 	76 
003438 	336 	62 	75 	76 
003439 	336 	62 	75 	76 
003440 	336 	62 	75 	76 
003441 	336 	62 	75 	76 
003442 	336 	62 	75 	76 
003443 	336 	62 	75 	76 
003444 	336 	62 	75 	76 
003445 	336 	62 	75 	76 
003446 	336 	62 	75 	76 
003447 	336 	62 	75 	76 
003448 	349 	73 	63 	63 
003449 	349 	73 	63 	63 
003450 	349 	73 	63 	63 
003451 	344 	62 	76 	76 
003452 	344 	62 	76 	76 
003453 	344 	62 	76 	76 
003454 	344 	62 	76 	76 
003455 	344 	62 	76 	76 
003456 	344 	62 	76 	76 
003457 	344 	62 	76 	76 
003458 	344 	62 	76 	76 
003459 	344 	62 	76 	76 
003460 	344 	62 	76 	76 
003461 	344 	62 	76 	76 
003462 	344 	62 	76 	76 
003463 	344 	62 	76 	76 
003464 	349 	73 	63 	63 
003465 	344 	62 	76 	76 
003466 	336 	62 	75 	76 
003467 	336 	62 	75 	76 
003468 	336 	62 	75 	76 
003469 	336 	62 	75 	76 
003470 	336 	62 	75 	76 
003471 	336 	62 	75 	76 
003472 	336 	62 	75 	76 
003473 	336 	71 	75 	75 
003474 	336 	62 	75 	76 
003475 	336 	62 	75 	76 
003476 	336 	62 	75 	76 
003477 	336 	62 	75 	76 
003478 	336 	62 	75 	76 
003479 	336 	62 	75 	76 
003480 	336 	62 	75 	76 
003481 	336 	62 	75 	76 
003482 	336 	62 	75 	76 
003483 	336 	62 	75 	76 
003484 	336 	62 	75 	76 
003485 	336 	62 	75 	76 
003486 	336 	62 	75 	76 
003487 	336 	62 	75 	76 
003488 	336 	62 	75 	76 
003489 	336 	62 	75 	76 
003490 	336 	62 	75 	76 
003491 	336 	62 	75 	76 
003492 	336 	62 	75 	76 
003493 	336 	62 	75 	76 
003494 	336 	62 	75 	76 
003495 	336 	62 	75 	76 
003496 	336 	62 	75 	76 
003497 	336 	62 	75 	76 
003498 	336 	62 	75 	76 
003499 	336 	62 	75 	76 
003500 	336 	62 	75 	76 
003501 	336 	62 	75 	76 
003502 	336 	62 	75 	76 
003503 	336 	62 	75 	76 
003504 	336 	62 	75 	76 
003505 	336 	62 	75 	76 
003506 	336 	62 	75 	76 
003507 	336 	62 	75 	76 
003508 	336 	62 	75 	76 
003509 	336 	62 	75 	76 
003510 	336 	62 	75 	76 
003511 	336 	62 	75 	76 
003512 	344 	62 	76 	76 
003513 	344 	62 	76 	76 
003514 	344 	62 	76 	76 
003515 	344 	62 	76 	76 
003516 	344 	62 	76 	76 
003517 	344 	62 	76 	76 
003518 	344 	62 	76 	76 
003519 	344 	62 	76 	76 
003520 	344 	62 	76 	76 
003521 	344 	62 	76 	76 
003522 	344 	62 	76 	76 
003523 	344 	62 	76 	76 
003524 	344 	62 	76 	76 
003525 	344 	62 	76 	76 
003526 	344 	62 	76 	76 
003527 	344 	62 	76 	76 
003528 	344 	62 	76 	76 
003529 	344 	62 	76 	76 
003530 	344 	54 	76 	76 
003531 	344 	62 	76 	76 
003532 	344 	62 	76 	76 
003533 	344 	62 	76 	76 
003534 	344 	62 	76 	76 
003535 	344 	62 	76 	76 
003536 	344 	62 	76 	76 
003537 	344 	62 	76 	76 
003538 	344 	62 	76 	76 
003539 	344 	62 	76 	76 
003540 	344 	62 	76 	76 
003541 	344 	62 	76 	76 
003542 	344 	62 	76 	76 
003543 	344 	62 	76 	76 
003544 	344 	62 	76 	76 
003545 	344 	62 	76 	76 
003546 	344 	62 	76 	76 
003547 	344 	62 	76 	76 
003548 	344 	62 	76 	76 
003549 	344 	62 	76 	76 
003550 	344 	62 	76 	76 
003551 	344 	62 	76 	76 
003552 	344 	62 	76 	76 
003553 	356 	66 	63 	63 
003554 	356 	66 	63 	63 
003555 	356 	66 	63 	63 
003556 	344 	62 	76 	76 
003557 	344 	62 	76 	76 
003558 	344 	62 	76 	76 
003559 	356 	66 	63 	63 
003560 	356 	66 	63 	63 
003561 	344 	62 	76 	76 
003562 	344 	62 	76 	76 
003563 	344 	62 	76 	76 
003564 	344 	62 	76 	76 
003565 	356 	66 	63 	63 
003566 	356 	66 	63 	63 
003567 	356 	66 	63 	63 
003568 	356 	66 	63 	63 
003569 	356 	66 	63 	63 
003570 	356 	66 	63 	63 
003571 	356 	66 	63 	63 
003572 	356 	66 	63 	63 
003573 	356 	66 	63 	63 
003574 	356 	66 	63 	63 
003575 	356 	66 	63 	63 
003576 	356 	66 	63 	63 
003577 	356 	66 	63 	63 
003578 	356 	66 	63 	63 
003579 	356 	66 	63 	63 
003580 	356 	66 	63 	63 
003581 	356 	66 	63 	63 
003582 	356 	73 	63 	63 
003583 	356 	73 	63 	63 
003584 	356 	73 	63 	63 
003585 	356 	73 	63 	63 
003586 	356 	73 	63 	63 
003587 	356 	73 	63 	63 
003588 	356 	73 	63 	63 
003589 	352 	62 	76 	76 
003590 	352 	62 	76 	76 
003591 	352 	62 	76 	76 
003592 	352 	62 	76 	76 
003593 	352 	62 	76 	76 
