Identity  : 	id10295
Reference : 	WxDEVkQKPow
Offset    : 	-1
FV Conf   : 	13.765
ASD Conf  : 	5.698

FRAME 	X 	Y 	W 	H 
005981 	170 	54 	75 	76 
005982 	170 	54 	75 	76 
005983 	170 	54 	75 	76 
005984 	170 	54 	75 	76 
005985 	170 	54 	75 	76 
005986 	183 	59 	63 	63 
005987 	183 	59 	63 	63 
005988 	183 	59 	63 	63 
005989 	183 	59 	63 	63 
005990 	183 	59 	63 	63 
005991 	178 	54 	76 	76 
005992 	178 	54 	76 	76 
005993 	183 	59 	63 	63 
005994 	190 	59 	63 	63 
005995 	190 	59 	63 	63 
005996 	190 	59 	63 	63 
005997 	190 	59 	63 	63 
005998 	190 	59 	63 	63 
005999 	190 	59 	63 	63 
006000 	190 	59 	63 	63 
006001 	186 	54 	76 	76 
006002 	190 	59 	63 	63 
006003 	186 	46 	76 	76 
006004 	186 	46 	76 	76 
006005 	186 	46 	76 	76 
006006 	186 	46 	76 	76 
006007 	186 	46 	76 	76 
006008 	186 	46 	76 	76 
006009 	190 	52 	63 	63 
006010 	190 	52 	63 	63 
006011 	190 	52 	63 	63 
006012 	190 	52 	63 	63 
006013 	190 	52 	63 	63 
006014 	178 	46 	76 	76 
006015 	178 	46 	76 	76 
006016 	170 	46 	75 	76 
006017 	162 	46 	75 	76 
006018 	162 	54 	75 	76 
006019 	162 	54 	75 	76 
006020 	153 	54 	76 	76 
006021 	153 	54 	76 	76 
006022 	153 	54 	76 	76 
006023 	153 	54 	76 	76 
006024 	153 	54 	76 	76 
006025 	153 	54 	76 	76 
006026 	153 	54 	76 	76 
006027 	153 	54 	76 	76 
006028 	153 	54 	76 	76 
006029 	154 	45 	91 	91 
006030 	154 	45 	91 	91 
006031 	162 	46 	75 	76 
006032 	162 	46 	75 	76 
006033 	170 	46 	75 	76 
006034 	170 	46 	75 	76 
006035 	170 	46 	75 	76 
006036 	178 	46 	76 	76 
006037 	178 	46 	76 	76 
006038 	178 	46 	76 	76 
006039 	186 	46 	76 	76 
006040 	186 	46 	76 	76 
006041 	197 	52 	63 	63 
006042 	195 	46 	75 	76 
006043 	204 	59 	63 	63 
006044 	210 	59 	64 	63 
006045 	211 	54 	76 	76 
006046 	217 	59 	64 	63 
006047 	217 	59 	64 	63 
006048 	217 	59 	64 	63 
006049 	220 	54 	75 	76 
006050 	220 	54 	75 	76 
006051 	220 	54 	75 	76 
006052 	224 	59 	63 	63 
006053 	224 	59 	63 	63 
006054 	231 	59 	63 	63 
006055 	231 	59 	63 	63 
006056 	231 	59 	63 	63 
006057 	231 	59 	63 	63 
006058 	231 	59 	63 	63 
006059 	231 	59 	63 	63 
006060 	228 	54 	76 	76 
006061 	228 	46 	76 	76 
006062 	238 	52 	63 	63 
006063 	238 	52 	63 	63 
006064 	238 	52 	63 	63 
006065 	238 	52 	63 	63 
006066 	236 	46 	76 	76 
006067 	236 	46 	76 	76 
006068 	238 	52 	63 	63 
006069 	238 	48 	63 	63 
006070 	238 	45 	63 	63 
006071 	228 	38 	76 	75 
006072 	228 	38 	76 	75 
006073 	244 	49 	53 	53 
006074 	238 	38 	63 	63 
006075 	236 	29 	76 	76 
006076 	236 	29 	76 	76 
006077 	236 	29 	76 	76 
006078 	236 	29 	76 	76 
006079 	236 	27 	76 	76 
006080 	236 	25 	76 	76 
006081 	236 	23 	76 	76 
006082 	236 	21 	76 	76 
006083 	236 	21 	76 	76 
