Identity  : 	id10295
Reference : 	WxDEVkQKPow
Offset    : 	-1
FV Conf   : 	15.485
ASD Conf  : 	6.518

FRAME 	X 	Y 	W 	H 
013066 	217 	59 	64 	63 
013067 	217 	59 	64 	63 
013068 	217 	59 	64 	63 
013069 	217 	59 	64 	63 
013070 	220 	54 	75 	76 
013071 	224 	59 	63 	63 
013072 	220 	54 	75 	76 
013073 	220 	54 	75 	76 
013074 	220 	54 	75 	76 
013075 	220 	54 	75 	76 
013076 	220 	54 	75 	76 
013077 	220 	54 	75 	76 
013078 	220 	54 	75 	76 
013079 	220 	54 	75 	76 
013080 	220 	62 	75 	76 
013081 	231 	66 	63 	63 
013082 	220 	62 	75 	76 
013083 	231 	66 	63 	63 
013084 	228 	62 	76 	76 
013085 	228 	62 	76 	76 
013086 	231 	73 	63 	63 
013087 	231 	73 	63 	63 
013088 	231 	73 	63 	63 
013089 	231 	73 	63 	63 
013090 	231 	73 	63 	63 
013091 	231 	73 	63 	63 
013092 	231 	73 	63 	63 
013093 	228 	71 	76 	75 
013094 	228 	71 	76 	75 
013095 	228 	71 	76 	75 
013096 	228 	71 	76 	75 
013097 	238 	80 	63 	63 
013098 	238 	80 	63 	63 
013099 	238 	80 	63 	63 
013100 	238 	80 	63 	63 
013101 	238 	80 	63 	63 
013102 	236 	79 	76 	76 
013103 	236 	79 	76 	76 
013104 	236 	79 	76 	76 
013105 	236 	79 	76 	76 
013106 	236 	79 	76 	76 
013107 	236 	79 	76 	76 
013108 	236 	79 	76 	76 
013109 	236 	79 	76 	76 
013110 	245 	87 	63 	63 
013111 	244 	79 	76 	76 
013112 	244 	79 	76 	76 
013113 	244 	87 	76 	76 
013114 	252 	93 	63 	64 
013115 	244 	87 	76 	76 
013116 	244 	87 	76 	76 
013117 	244 	87 	76 	76 
013118 	244 	87 	76 	76 
013119 	244 	87 	76 	76 
013120 	244 	87 	76 	76 
013121 	253 	87 	75 	76 
013122 	253 	87 	75 	76 
013123 	253 	87 	75 	76 
013124 	253 	87 	75 	76 
013125 	253 	87 	75 	76 
013126 	253 	87 	75 	76 
013127 	253 	87 	75 	76 
013128 	253 	87 	75 	76 
013129 	253 	87 	75 	76 
013130 	253 	87 	75 	76 
013131 	253 	87 	75 	76 
013132 	253 	87 	75 	76 
013133 	253 	87 	75 	76 
013134 	253 	87 	75 	76 
013135 	253 	87 	75 	76 
013136 	253 	87 	75 	76 
013137 	253 	87 	75 	76 
013138 	253 	87 	75 	76 
013139 	253 	87 	75 	76 
013140 	253 	87 	75 	76 
013141 	253 	87 	75 	76 
013142 	253 	87 	75 	76 
013143 	253 	87 	75 	76 
013144 	253 	87 	75 	76 
013145 	253 	87 	75 	76 
013146 	254 	75 	90 	91 
013147 	254 	75 	90 	91 
013148 	254 	75 	90 	91 
013149 	254 	75 	90 	91 
013150 	254 	75 	90 	91 
013151 	261 	79 	76 	76 
013152 	254 	75 	90 	91 
013153 	254 	75 	90 	91 
013154 	254 	75 	90 	91 
013155 	264 	75 	90 	91 
013156 	269 	79 	76 	76 
013157 	269 	79 	76 	76 
013158 	269 	79 	76 	76 
013159 	264 	75 	90 	91 
013160 	269 	79 	76 	76 
013161 	269 	79 	76 	76 
013162 	264 	75 	90 	91 
013163 	264 	75 	90 	91 
013164 	264 	75 	90 	91 
013165 	264 	75 	90 	91 
013166 	264 	75 	90 	91 
013167 	264 	75 	90 	91 
013168 	269 	79 	76 	76 
013169 	264 	75 	90 	91 
013170 	264 	75 	90 	91 
013171 	264 	75 	90 	91 
013172 	264 	75 	90 	91 
