Identity  : 	id10276
Reference : 	3vWez3baO60
Offset    : 	-3
FV Conf   : 	21.566
ASD Conf  : 	6.433

FRAME 	X 	Y 	W 	H 
002496 	427 	87 	76 	76 
002497 	427 	87 	76 	76 
002498 	427 	87 	76 	76 
002499 	427 	87 	76 	76 
002500 	427 	87 	76 	76 
002501 	427 	87 	76 	76 
002502 	427 	79 	76 	76 
002503 	427 	79 	76 	76 
002504 	427 	79 	76 	76 
002505 	427 	79 	76 	76 
002506 	427 	79 	76 	76 
002507 	423 	65 	91 	91 
002508 	423 	65 	91 	91 
002509 	423 	65 	91 	91 
002510 	423 	65 	91 	91 
002511 	423 	65 	91 	91 
002512 	423 	65 	91 	91 
002513 	427 	79 	76 	76 
002514 	427 	79 	76 	76 
002515 	427 	79 	76 	76 
002516 	427 	79 	76 	76 
002517 	427 	79 	76 	76 
002518 	427 	87 	76 	76 
002519 	427 	87 	76 	76 
002520 	427 	87 	76 	76 
002521 	427 	87 	76 	76 
002522 	427 	87 	76 	76 
002523 	427 	87 	76 	76 
002524 	427 	87 	76 	76 
002525 	427 	87 	76 	76 
002526 	427 	87 	76 	76 
002527 	427 	87 	76 	76 
002528 	427 	87 	76 	76 
002529 	427 	87 	76 	76 
002530 	427 	87 	76 	76 
002531 	427 	87 	76 	76 
002532 	427 	87 	76 	76 
002533 	427 	87 	76 	76 
002534 	427 	87 	76 	76 
002535 	427 	87 	76 	76 
002536 	427 	87 	76 	76 
002537 	427 	87 	76 	76 
002538 	427 	87 	76 	76 
002539 	427 	87 	76 	76 
002540 	427 	87 	76 	76 
002541 	427 	87 	76 	76 
002542 	427 	87 	76 	76 
002543 	427 	87 	76 	76 
002544 	427 	87 	76 	76 
002545 	427 	87 	76 	76 
002546 	427 	87 	76 	76 
002547 	427 	87 	76 	76 
002548 	427 	87 	76 	76 
002549 	427 	87 	76 	76 
002550 	427 	87 	76 	76 
002551 	427 	87 	76 	76 
002552 	427 	87 	76 	76 
002553 	427 	87 	76 	76 
002554 	427 	87 	76 	76 
002555 	427 	87 	76 	76 
002556 	427 	87 	76 	76 
002557 	427 	87 	76 	76 
002558 	427 	87 	76 	76 
002559 	427 	87 	76 	76 
002560 	427 	87 	76 	76 
002561 	427 	87 	76 	76 
002562 	427 	87 	76 	76 
002563 	427 	87 	76 	76 
002564 	427 	87 	76 	76 
002565 	427 	87 	76 	76 
002566 	427 	87 	76 	76 
002567 	427 	87 	76 	76 
002568 	427 	87 	76 	76 
002569 	427 	87 	76 	76 
002570 	427 	87 	76 	76 
002571 	427 	87 	76 	76 
002572 	427 	87 	76 	76 
002573 	427 	87 	76 	76 
002574 	427 	87 	76 	76 
002575 	427 	87 	76 	76 
002576 	427 	87 	76 	76 
002577 	427 	87 	76 	76 
002578 	427 	87 	76 	76 
002579 	427 	87 	76 	76 
002580 	427 	87 	76 	76 
002581 	427 	87 	76 	76 
002582 	427 	87 	76 	76 
002583 	427 	87 	76 	76 
002584 	427 	87 	76 	76 
002585 	427 	87 	76 	76 
002586 	427 	87 	76 	76 
002587 	427 	87 	76 	76 
002588 	427 	87 	76 	76 
002589 	427 	87 	76 	76 
002590 	427 	87 	76 	76 
002591 	427 	87 	76 	76 
002592 	427 	87 	76 	76 
002593 	427 	87 	76 	76 
002594 	427 	87 	76 	76 
002595 	427 	87 	76 	76 
002596 	427 	87 	76 	76 
002597 	427 	87 	76 	76 
002598 	427 	87 	76 	76 
002599 	427 	87 	76 	76 
002600 	427 	87 	76 	76 
002601 	427 	87 	76 	76 
002602 	427 	87 	76 	76 
002603 	427 	87 	76 	76 
002604 	427 	87 	76 	76 
002605 	427 	87 	76 	76 
002606 	427 	87 	76 	76 
002607 	427 	87 	76 	76 
002608 	427 	87 	76 	76 
002609 	413 	75 	91 	91 
002610 	413 	75 	91 	91 
002611 	413 	75 	91 	91 
002612 	413 	75 	91 	91 
002613 	419 	87 	75 	76 
002614 	419 	87 	75 	76 
002615 	419 	87 	75 	76 
002616 	413 	75 	91 	91 
002617 	413 	75 	91 	91 
002618 	413 	75 	91 	91 
002619 	427 	87 	76 	76 
002620 	427 	87 	76 	76 
002621 	427 	87 	76 	76 
002622 	427 	87 	76 	76 
002623 	427 	87 	76 	76 
002624 	427 	87 	76 	76 
002625 	427 	87 	76 	76 
002626 	427 	87 	76 	76 
002627 	427 	87 	76 	76 
002628 	427 	87 	76 	76 
002629 	427 	87 	76 	76 
002630 	427 	87 	76 	76 
002631 	427 	87 	76 	76 
002632 	427 	87 	76 	76 
002633 	427 	87 	76 	76 
002634 	427 	87 	76 	76 
002635 	427 	87 	76 	76 
002636 	427 	87 	76 	76 
002637 	427 	87 	76 	76 
002638 	427 	87 	76 	76 
002639 	427 	87 	76 	76 
002640 	427 	87 	76 	76 
002641 	427 	87 	76 	76 
002642 	427 	87 	76 	76 
002643 	427 	87 	76 	76 
002644 	427 	87 	76 	76 
002645 	427 	87 	76 	76 
002646 	427 	87 	76 	76 
002647 	427 	87 	76 	76 
002648 	427 	87 	76 	76 
002649 	427 	87 	76 	76 
002650 	427 	87 	76 	76 
002651 	427 	87 	76 	76 
002652 	427 	87 	76 	76 
002653 	427 	87 	76 	76 
002654 	427 	87 	76 	76 
002655 	427 	87 	76 	76 
002656 	427 	87 	76 	76 
002657 	427 	87 	76 	76 
002658 	427 	87 	76 	76 
002659 	427 	87 	76 	76 
002660 	427 	87 	76 	76 
002661 	427 	87 	76 	76 
002662 	427 	87 	76 	76 
002663 	427 	87 	76 	76 
002664 	427 	87 	76 	76 
002665 	427 	87 	76 	76 
002666 	427 	87 	76 	76 
002667 	427 	87 	76 	76 
002668 	427 	87 	76 	76 
002669 	427 	87 	76 	76 
002670 	427 	87 	76 	76 
002671 	427 	87 	76 	76 
002672 	427 	87 	76 	76 
002673 	427 	87 	76 	76 
002674 	427 	87 	76 	76 
002675 	427 	87 	76 	76 
002676 	427 	87 	76 	76 
002677 	427 	87 	76 	76 
002678 	427 	87 	76 	76 
002679 	427 	87 	76 	76 
002680 	427 	87 	76 	76 
002681 	427 	87 	76 	76 
002682 	427 	87 	76 	76 
002683 	427 	87 	76 	76 
002684 	427 	87 	76 	76 
002685 	427 	87 	76 	76 
002686 	427 	87 	76 	76 
002687 	427 	87 	76 	76 
002688 	427 	87 	76 	76 
002689 	427 	87 	76 	76 
002690 	427 	87 	76 	76 
002691 	427 	87 	76 	76 
002692 	427 	87 	76 	76 
002693 	427 	87 	76 	76 
002694 	427 	87 	76 	76 
002695 	427 	87 	76 	76 
002696 	413 	85 	91 	91 
002697 	413 	85 	91 	91 
002698 	413 	85 	91 	91 
002699 	413 	85 	91 	91 
002700 	427 	87 	76 	76 
002701 	427 	87 	76 	76 
002702 	427 	87 	76 	76 
002703 	427 	87 	76 	76 
002704 	427 	87 	76 	76 
002705 	427 	87 	76 	76 
002706 	427 	87 	76 	76 
002707 	427 	87 	76 	76 
002708 	427 	96 	76 	75 
002709 	427 	96 	76 	75 
002710 	427 	87 	76 	76 
002711 	427 	87 	76 	76 
002712 	427 	87 	76 	76 
002713 	427 	87 	76 	76 
002714 	427 	87 	76 	76 
002715 	427 	87 	76 	76 
002716 	427 	87 	76 	76 
002717 	427 	87 	76 	76 
002718 	427 	87 	76 	76 
002719 	427 	87 	76 	76 
002720 	427 	87 	76 	76 
002721 	427 	87 	76 	76 
002722 	427 	87 	76 	76 
002723 	427 	87 	76 	76 
002724 	427 	87 	76 	76 
002725 	427 	87 	76 	76 
002726 	427 	87 	76 	76 
002727 	427 	87 	76 	76 
002728 	427 	87 	76 	76 
002729 	427 	96 	76 	75 
002730 	427 	96 	76 	75 
002731 	427 	96 	76 	75 
002732 	427 	96 	76 	75 
002733 	427 	87 	76 	76 
002734 	427 	87 	76 	76 
002735 	427 	87 	76 	76 
002736 	427 	87 	76 	76 
002737 	427 	87 	76 	76 
002738 	427 	87 	76 	76 
002739 	427 	87 	76 	76 
002740 	427 	87 	76 	76 
002741 	413 	85 	91 	91 
002742 	427 	96 	76 	75 
002743 	413 	85 	91 	91 
002744 	427 	87 	76 	76 
002745 	427 	87 	76 	76 
002746 	427 	87 	76 	76 
002747 	427 	87 	76 	76 
002748 	413 	85 	91 	91 
002749 	413 	85 	91 	91 
002750 	413 	85 	91 	91 
002751 	413 	85 	91 	91 
002752 	413 	85 	91 	91 
002753 	427 	96 	76 	75 
002754 	427 	87 	76 	76 
002755 	413 	85 	91 	91 
002756 	413 	85 	91 	91 
002757 	413 	85 	91 	91 
002758 	413 	85 	91 	91 
002759 	413 	85 	91 	91 
002760 	413 	85 	91 	91 
002761 	413 	85 	91 	91 
002762 	413 	85 	91 	91 
002763 	413 	85 	91 	91 
002764 	413 	85 	91 	91 
002765 	427 	87 	76 	76 
002766 	427 	87 	76 	76 
002767 	413 	85 	91 	91 
002768 	413 	85 	91 	91 
002769 	427 	87 	76 	76 
002770 	427 	87 	76 	76 
002771 	427 	87 	76 	76 
002772 	427 	87 	76 	76 
002773 	427 	87 	76 	76 
002774 	427 	87 	76 	76 
002775 	427 	87 	76 	76 
002776 	427 	87 	76 	76 
002777 	427 	87 	76 	76 
002778 	427 	87 	76 	76 
002779 	427 	87 	76 	76 
002780 	427 	87 	76 	76 
002781 	427 	87 	76 	76 
002782 	427 	87 	76 	76 
002783 	427 	87 	76 	76 
002784 	427 	87 	76 	76 
002785 	427 	87 	76 	76 
002786 	427 	87 	76 	76 
002787 	427 	87 	76 	76 
002788 	427 	87 	76 	76 
002789 	427 	87 	76 	76 
002790 	427 	87 	76 	76 
002791 	413 	85 	91 	91 
002792 	413 	85 	91 	91 
002793 	413 	85 	91 	91 
002794 	427 	87 	76 	76 
002795 	427 	87 	76 	76 
002796 	427 	87 	76 	76 
002797 	427 	87 	76 	76 
002798 	427 	87 	76 	76 
002799 	427 	87 	76 	76 
002800 	427 	87 	76 	76 
002801 	427 	87 	76 	76 
002802 	427 	87 	76 	76 
002803 	427 	87 	76 	76 
002804 	413 	85 	91 	91 
002805 	427 	87 	76 	76 
002806 	427 	87 	76 	76 
002807 	413 	85 	91 	91 
002808 	413 	85 	91 	91 
002809 	413 	85 	91 	91 
002810 	413 	85 	91 	91 
002811 	427 	87 	76 	76 
002812 	427 	87 	76 	76 
002813 	427 	87 	76 	76 
002814 	427 	87 	76 	76 
002815 	427 	87 	76 	76 
002816 	427 	87 	76 	76 
002817 	427 	87 	76 	76 
002818 	427 	87 	76 	76 
002819 	427 	87 	76 	76 
002820 	419 	87 	75 	76 
002821 	419 	87 	75 	76 
002822 	419 	87 	75 	76 
002823 	419 	87 	75 	76 
002824 	413 	85 	91 	91 
002825 	413 	85 	91 	91 
002826 	413 	85 	91 	91 
002827 	413 	85 	91 	91 
002828 	413 	85 	91 	91 
002829 	413 	85 	91 	91 
002830 	413 	85 	91 	91 
002831 	413 	85 	91 	91 
002832 	413 	85 	91 	91 
002833 	413 	85 	91 	91 
002834 	413 	85 	91 	91 
002835 	413 	85 	91 	91 
002836 	413 	85 	91 	91 
002837 	413 	85 	91 	91 
002838 	413 	85 	91 	91 
002839 	413 	85 	91 	91 
002840 	413 	85 	91 	91 
002841 	427 	87 	76 	76 
002842 	413 	85 	91 	91 
002843 	413 	85 	91 	91 
002844 	413 	85 	91 	91 
002845 	413 	85 	91 	91 
002846 	413 	85 	91 	91 
002847 	413 	85 	91 	91 
002848 	419 	87 	75 	76 
002849 	413 	85 	91 	91 
002850 	419 	87 	75 	76 
002851 	419 	87 	75 	76 
002852 	419 	87 	75 	76 
002853 	419 	87 	75 	76 
002854 	419 	87 	75 	76 
002855 	419 	87 	75 	76 
002856 	419 	87 	75 	76 
002857 	419 	87 	75 	76 
002858 	419 	87 	75 	76 
002859 	410 	87 	76 	76 
002860 	410 	87 	76 	76 
002861 	403 	85 	91 	91 
002862 	403 	85 	91 	91 
002863 	403 	85 	91 	91 
002864 	403 	85 	91 	91 
002865 	410 	96 	76 	75 
002866 	410 	96 	76 	75 
002867 	410 	96 	76 	75 
002868 	410 	96 	76 	75 
002869 	410 	96 	76 	75 
002870 	410 	96 	76 	75 
002871 	410 	96 	76 	75 
002872 	410 	96 	76 	75 
002873 	410 	96 	76 	75 
002874 	410 	96 	76 	75 
002875 	410 	96 	76 	75 
002876 	410 	96 	76 	75 
002877 	410 	96 	76 	75 
002878 	410 	96 	76 	75 
002879 	410 	96 	76 	75 
002880 	410 	96 	76 	75 
002881 	410 	96 	76 	75 
002882 	410 	96 	76 	75 
002883 	410 	96 	76 	75 
002884 	410 	96 	76 	75 
002885 	410 	96 	76 	75 
002886 	410 	96 	76 	75 
002887 	410 	96 	76 	75 
002888 	410 	96 	76 	75 
002889 	410 	96 	76 	75 
002890 	410 	96 	76 	75 
002891 	410 	96 	76 	75 
002892 	410 	96 	76 	75 
002893 	410 	96 	76 	75 
002894 	410 	96 	76 	75 
002895 	403 	85 	91 	91 
002896 	410 	87 	76 	76 
002897 	410 	87 	76 	76 
002898 	403 	75 	91 	91 
002899 	419 	87 	75 	76 
002900 	419 	87 	75 	76 
002901 	419 	87 	75 	76 
002902 	419 	87 	75 	76 
002903 	419 	87 	75 	76 
002904 	419 	87 	75 	76 
002905 	419 	87 	75 	76 
002906 	419 	87 	75 	76 
002907 	419 	87 	75 	76 
002908 	419 	87 	75 	76 
002909 	419 	87 	75 	76 
002910 	419 	87 	75 	76 
002911 	419 	87 	75 	76 
002912 	419 	87 	75 	76 
002913 	413 	85 	91 	91 
002914 	413 	85 	91 	91 
002915 	427 	87 	76 	76 
002916 	427 	87 	76 	76 
002917 	427 	87 	76 	76 
002918 	427 	87 	76 	76 
002919 	427 	87 	76 	76 
002920 	427 	87 	76 	76 
002921 	427 	87 	76 	76 
002922 	427 	87 	76 	76 
002923 	427 	87 	76 	76 
002924 	427 	87 	76 	76 
002925 	427 	87 	76 	76 
002926 	427 	87 	76 	76 
002927 	427 	87 	76 	76 
002928 	427 	87 	76 	76 
002929 	427 	87 	76 	76 
002930 	427 	87 	76 	76 
002931 	427 	87 	76 	76 
002932 	427 	87 	76 	76 
002933 	427 	87 	76 	76 
002934 	427 	87 	76 	76 
002935 	427 	87 	76 	76 
002936 	427 	87 	76 	76 
002937 	427 	87 	76 	76 
002938 	427 	87 	76 	76 
002939 	427 	87 	76 	76 
002940 	427 	87 	76 	76 
002941 	427 	87 	76 	76 
002942 	427 	87 	76 	76 
002943 	427 	87 	76 	76 
002944 	427 	87 	76 	76 
002945 	427 	87 	76 	76 
002946 	427 	87 	76 	76 
002947 	427 	87 	76 	76 
002948 	427 	87 	76 	76 
002949 	427 	87 	76 	76 
002950 	427 	87 	76 	76 
002951 	427 	87 	76 	76 
002952 	427 	87 	76 	76 
002953 	427 	87 	76 	76 
002954 	427 	87 	76 	76 
002955 	427 	87 	76 	76 
002956 	427 	87 	76 	76 
002957 	427 	87 	76 	76 
002958 	427 	87 	76 	76 
002959 	427 	87 	76 	76 
002960 	427 	87 	76 	76 
002961 	427 	87 	76 	76 
002962 	435 	87 	76 	76 
002963 	435 	87 	76 	76 
002964 	435 	87 	76 	76 
002965 	435 	87 	76 	76 
002966 	435 	87 	76 	76 
002967 	435 	87 	76 	76 
002968 	435 	87 	76 	76 
002969 	423 	75 	91 	91 
002970 	423 	75 	91 	91 
002971 	423 	75 	91 	91 
002972 	435 	87 	76 	76 
002973 	435 	87 	76 	76 
002974 	423 	75 	91 	91 
002975 	423 	75 	91 	91 
002976 	435 	87 	76 	76 
002977 	423 	75 	91 	91 
002978 	423 	75 	91 	91 
002979 	435 	87 	76 	76 
002980 	423 	75 	91 	91 
002981 	423 	75 	91 	91 
002982 	435 	79 	76 	76 
002983 	423 	75 	91 	91 
002984 	423 	75 	91 	91 
002985 	423 	75 	91 	91 
002986 	423 	75 	91 	91 
002987 	423 	75 	91 	91 
002988 	423 	75 	91 	91 
002989 	435 	79 	76 	76 
002990 	433 	75 	91 	91 
002991 	433 	75 	91 	91 
002992 	444 	71 	75 	75 
002993 	433 	65 	91 	91 
002994 	444 	71 	75 	75 
002995 	433 	65 	91 	91 
002996 	433 	65 	91 	91 
002997 	444 	71 	75 	75 
002998 	443 	65 	90 	91 
002999 	443 	65 	90 	91 
003000 	443 	65 	90 	91 
003001 	443 	65 	90 	91 
003002 	443 	65 	90 	91 
003003 	443 	65 	90 	91 
003004 	443 	65 	90 	91 
003005 	443 	65 	90 	91 
003006 	453 	65 	90 	91 
003007 	453 	65 	90 	91 
003008 	453 	65 	90 	91 
003009 	453 	65 	90 	91 
003010 	453 	65 	90 	91 
003011 	453 	75 	90 	91 
003012 	453 	75 	90 	91 
003013 	453 	75 	90 	91 
003014 	463 	75 	90 	91 
003015 	463 	75 	90 	91 
003016 	463 	75 	90 	91 
003017 	463 	75 	90 	91 
003018 	463 	75 	90 	91 
003019 	463 	75 	90 	91 
003020 	463 	75 	90 	91 
003021 	463 	75 	90 	91 
003022 	463 	75 	90 	91 
003023 	463 	75 	90 	91 
003024 	463 	75 	90 	91 
003025 	463 	75 	90 	91 
003026 	468 	87 	76 	76 
003027 	468 	87 	76 	76 
003028 	453 	75 	90 	91 
