Identity  : 	id10302
Reference : 	WAbHmvQ9zME
Offset    : 	-3
FV Conf   : 	17.466
ASD Conf  : 	6.066

FRAME 	X 	Y 	W 	H 
005675 	234 	85 	90 	91 
005676 	234 	85 	90 	91 
005677 	234 	85 	90 	91 
005678 	234 	85 	90 	91 
005679 	234 	85 	90 	91 
005680 	234 	85 	90 	91 
005681 	234 	85 	90 	91 
005682 	234 	85 	90 	91 
005683 	234 	85 	90 	91 
005684 	234 	85 	90 	91 
005685 	234 	85 	90 	91 
005686 	234 	85 	90 	91 
005687 	234 	85 	90 	91 
005688 	234 	85 	90 	91 
005689 	234 	85 	90 	91 
005690 	234 	85 	90 	91 
005691 	234 	85 	90 	91 
005692 	234 	85 	90 	91 
005693 	234 	85 	90 	91 
005694 	234 	75 	90 	91 
005695 	234 	75 	90 	91 
005696 	234 	75 	90 	91 
005697 	234 	75 	90 	91 
005698 	234 	75 	90 	91 
005699 	234 	75 	90 	91 
005700 	234 	75 	90 	91 
005701 	234 	75 	90 	91 
005702 	234 	75 	90 	91 
005703 	234 	75 	90 	91 
005704 	234 	75 	90 	91 
005705 	234 	75 	90 	91 
005706 	234 	75 	90 	91 
005707 	234 	75 	90 	91 
005708 	234 	75 	90 	91 
005709 	234 	75 	90 	91 
005710 	234 	75 	90 	91 
005711 	234 	75 	90 	91 
005712 	234 	75 	90 	91 
005713 	234 	75 	90 	91 
005714 	234 	75 	90 	91 
005715 	234 	75 	90 	91 
005716 	234 	75 	90 	91 
005717 	234 	75 	90 	91 
005718 	234 	75 	90 	91 
005719 	234 	75 	90 	91 
005720 	234 	75 	90 	91 
005721 	234 	75 	90 	91 
005722 	234 	75 	90 	91 
005723 	234 	75 	90 	91 
005724 	234 	85 	90 	91 
005725 	234 	85 	90 	91 
005726 	234 	85 	90 	91 
005727 	234 	85 	90 	91 
005728 	234 	85 	90 	91 
005729 	234 	85 	90 	91 
005730 	234 	85 	90 	91 
005731 	234 	85 	90 	91 
005732 	234 	85 	90 	91 
005733 	234 	85 	90 	91 
005734 	234 	85 	90 	91 
005735 	234 	85 	90 	91 
005736 	234 	85 	90 	91 
005737 	234 	75 	90 	91 
005738 	234 	75 	90 	91 
005739 	234 	75 	90 	91 
005740 	234 	75 	90 	91 
005741 	234 	75 	90 	91 
005742 	234 	85 	90 	91 
005743 	234 	85 	90 	91 
005744 	234 	85 	90 	91 
005745 	234 	85 	90 	91 
005746 	234 	85 	90 	91 
005747 	234 	85 	90 	91 
005748 	234 	85 	90 	91 
005749 	234 	85 	90 	91 
005750 	234 	85 	90 	91 
005751 	234 	85 	90 	91 
005752 	234 	85 	90 	91 
005753 	234 	85 	90 	91 
005754 	234 	85 	90 	91 
005755 	234 	85 	90 	91 
005756 	234 	85 	90 	91 
005757 	234 	85 	90 	91 
005758 	234 	85 	90 	91 
005759 	234 	85 	90 	91 
005760 	234 	85 	90 	91 
005761 	234 	85 	90 	91 
005762 	234 	85 	90 	91 
005763 	234 	85 	90 	91 
005764 	234 	85 	90 	91 
005765 	234 	85 	90 	91 
005766 	234 	85 	90 	91 
005767 	234 	85 	90 	91 
005768 	234 	85 	90 	91 
005769 	234 	85 	90 	91 
005770 	234 	85 	90 	91 
005771 	234 	85 	90 	91 
005772 	234 	85 	90 	91 
005773 	234 	85 	90 	91 
005774 	234 	85 	90 	91 
005775 	234 	85 	90 	91 
005776 	234 	85 	90 	91 
005777 	234 	85 	90 	91 
005778 	234 	85 	90 	91 
005779 	234 	85 	90 	91 
005780 	234 	85 	90 	91 
005781 	234 	85 	90 	91 
005782 	234 	85 	90 	91 
005783 	234 	85 	90 	91 
005784 	234 	85 	90 	91 
005785 	234 	85 	90 	91 
005786 	234 	85 	90 	91 
005787 	234 	85 	90 	91 
005788 	234 	85 	90 	91 
005789 	234 	85 	90 	91 
005790 	234 	85 	90 	91 
005791 	234 	85 	90 	91 
005792 	234 	85 	90 	91 
005793 	234 	85 	90 	91 
005794 	234 	85 	90 	91 
005795 	234 	85 	90 	91 
005796 	234 	85 	90 	91 
005797 	234 	85 	90 	91 
005798 	234 	85 	90 	91 
005799 	234 	85 	90 	91 
005800 	234 	85 	90 	91 
005801 	234 	85 	90 	91 
005802 	234 	85 	90 	91 
005803 	234 	85 	90 	91 
005804 	234 	75 	90 	91 
005805 	244 	75 	90 	91 
005806 	244 	75 	90 	91 
005807 	244 	75 	90 	91 
005808 	244 	75 	90 	91 
005809 	244 	75 	90 	91 
005810 	234 	75 	90 	91 
005811 	234 	75 	90 	91 
005812 	234 	75 	90 	91 
005813 	234 	75 	90 	91 
005814 	234 	75 	90 	91 
005815 	234 	85 	90 	91 
005816 	234 	85 	90 	91 
005817 	234 	85 	90 	91 
005818 	234 	85 	90 	91 
005819 	234 	85 	90 	91 
005820 	234 	75 	90 	91 
005821 	234 	75 	90 	91 
005822 	234 	75 	90 	91 
005823 	234 	75 	90 	91 
005824 	234 	75 	90 	91 
005825 	234 	75 	90 	91 
005826 	234 	75 	90 	91 
005827 	234 	75 	90 	91 
005828 	234 	75 	90 	91 
005829 	234 	75 	90 	91 
005830 	234 	85 	90 	91 
005831 	234 	85 	90 	91 
005832 	234 	85 	90 	91 
005833 	234 	85 	90 	91 
005834 	234 	85 	90 	91 
005835 	234 	85 	90 	91 
005836 	234 	85 	90 	91 
005837 	234 	85 	90 	91 
005838 	234 	85 	90 	91 
005839 	234 	85 	90 	91 
005840 	234 	85 	90 	91 
005841 	234 	85 	90 	91 
005842 	234 	85 	90 	91 
005843 	234 	85 	90 	91 
005844 	234 	85 	90 	91 
005845 	234 	85 	90 	91 
005846 	234 	85 	90 	91 
005847 	234 	85 	90 	91 
005848 	234 	85 	90 	91 
005849 	234 	85 	90 	91 
005850 	234 	85 	90 	91 
005851 	234 	85 	90 	91 
005852 	234 	85 	90 	91 
005853 	234 	85 	90 	91 
005854 	234 	85 	90 	91 
005855 	234 	85 	90 	91 
005856 	234 	85 	90 	91 
005857 	234 	85 	90 	91 
005858 	234 	85 	90 	91 
005859 	234 	85 	90 	91 
005860 	234 	85 	90 	91 
005861 	234 	85 	90 	91 
005862 	234 	85 	90 	91 
005863 	234 	85 	90 	91 
005864 	234 	85 	90 	91 
005865 	234 	85 	90 	91 
005866 	234 	85 	90 	91 
005867 	234 	85 	90 	91 
005868 	234 	85 	90 	91 
005869 	234 	85 	90 	91 
005870 	234 	85 	90 	91 
005871 	234 	85 	90 	91 
005872 	234 	85 	90 	91 
005873 	234 	85 	90 	91 
005874 	234 	85 	90 	91 
005875 	234 	85 	90 	91 
005876 	234 	85 	90 	91 
005877 	234 	85 	90 	91 
005878 	234 	85 	90 	91 
005879 	234 	85 	90 	91 
005880 	234 	85 	90 	91 
005881 	234 	85 	90 	91 
005882 	234 	85 	90 	91 
005883 	234 	85 	90 	91 
005884 	234 	85 	90 	91 
005885 	244 	85 	90 	91 
005886 	244 	85 	90 	91 
005887 	244 	85 	90 	91 
005888 	244 	75 	90 	91 
005889 	244 	75 	90 	91 
