Identity  : 	id10290
Reference : 	dDnqp9503Mg
Offset    : 	0
FV Conf   : 	16.242
ASD Conf  : 	6.934

FRAME 	X 	Y 	W 	H 
004076 	264 	95 	90 	91 
004077 	264 	95 	90 	91 
004078 	264 	95 	90 	91 
004079 	264 	95 	90 	91 
004080 	264 	95 	90 	91 
004081 	257 	90 	109 	109 
004082 	274 	95 	90 	91 
004083 	274 	95 	90 	91 
004084 	274 	95 	90 	91 
004085 	274 	95 	90 	91 
004086 	274 	95 	90 	91 
004087 	274 	95 	90 	91 
004088 	274 	95 	90 	91 
004089 	274 	95 	90 	91 
004090 	274 	95 	90 	91 
004091 	274 	95 	90 	91 
004092 	274 	95 	90 	91 
004093 	274 	95 	90 	91 
004094 	274 	95 	90 	91 
004095 	274 	95 	90 	91 
004096 	274 	95 	90 	91 
004097 	274 	95 	90 	91 
004098 	274 	95 	90 	91 
004099 	274 	95 	90 	91 
004100 	274 	95 	90 	91 
004101 	274 	95 	90 	91 
004102 	274 	95 	90 	91 
004103 	274 	95 	90 	91 
004104 	274 	95 	90 	91 
004105 	274 	95 	90 	91 
004106 	274 	95 	90 	91 
004107 	274 	95 	90 	91 
004108 	274 	95 	90 	91 
004109 	274 	95 	90 	91 
004110 	274 	95 	90 	91 
004111 	274 	95 	90 	91 
004112 	257 	78 	109 	109 
004113 	257 	78 	109 	109 
004114 	257 	78 	109 	109 
004115 	257 	78 	109 	109 
004116 	257 	78 	109 	109 
004117 	257 	78 	109 	109 
004118 	257 	78 	109 	109 
004119 	274 	95 	90 	91 
004120 	274 	95 	90 	91 
004121 	274 	95 	90 	91 
004122 	274 	95 	90 	91 
004123 	274 	95 	90 	91 
004124 	274 	95 	90 	91 
004125 	274 	95 	90 	91 
004126 	274 	95 	90 	91 
004127 	274 	95 	90 	91 
004128 	274 	95 	90 	91 
004129 	274 	95 	90 	91 
004130 	274 	95 	90 	91 
004131 	274 	95 	90 	91 
004132 	274 	95 	90 	91 
004133 	274 	95 	90 	91 
004134 	274 	95 	90 	91 
004135 	274 	95 	90 	91 
004136 	274 	95 	90 	91 
004137 	274 	95 	90 	91 
004138 	274 	95 	90 	91 
004139 	274 	95 	90 	91 
004140 	274 	95 	90 	91 
004141 	274 	95 	90 	91 
004142 	274 	95 	90 	91 
004143 	274 	95 	90 	91 
004144 	274 	95 	90 	91 
004145 	274 	95 	90 	91 
004146 	274 	95 	90 	91 
004147 	274 	95 	90 	91 
004148 	274 	95 	90 	91 
004149 	274 	95 	90 	91 
004150 	274 	95 	90 	91 
004151 	274 	95 	90 	91 
004152 	274 	95 	90 	91 
004153 	274 	95 	90 	91 
004154 	274 	95 	90 	91 
004155 	274 	95 	90 	91 
004156 	274 	95 	90 	91 
004157 	274 	95 	90 	91 
004158 	274 	95 	90 	91 
004159 	274 	95 	90 	91 
004160 	274 	95 	90 	91 
004161 	274 	95 	90 	91 
004162 	264 	95 	90 	91 
004163 	264 	95 	90 	91 
004164 	264 	95 	90 	91 
004165 	264 	95 	90 	91 
004166 	264 	95 	90 	91 
004167 	264 	95 	90 	91 
004168 	264 	95 	90 	91 
004169 	264 	95 	90 	91 
004170 	274 	95 	90 	91 
004171 	274 	95 	90 	91 
004172 	274 	95 	90 	91 
004173 	274 	95 	90 	91 
004174 	274 	95 	90 	91 
004175 	274 	95 	90 	91 
004176 	264 	95 	90 	91 
004177 	264 	95 	90 	91 
004178 	264 	95 	90 	91 
004179 	264 	95 	90 	91 
004180 	264 	95 	90 	91 
004181 	264 	95 	90 	91 
004182 	264 	95 	90 	91 
004183 	264 	95 	90 	91 
004184 	264 	95 	90 	91 
004185 	264 	95 	90 	91 
004186 	264 	95 	90 	91 
004187 	264 	95 	90 	91 
004188 	264 	95 	90 	91 
004189 	264 	95 	90 	91 
004190 	264 	95 	90 	91 
004191 	264 	95 	90 	91 
004192 	264 	95 	90 	91 
004193 	264 	95 	90 	91 
004194 	264 	95 	90 	91 
004195 	264 	95 	90 	91 
004196 	264 	95 	90 	91 
004197 	264 	95 	90 	91 
004198 	264 	95 	90 	91 
004199 	264 	95 	90 	91 
004200 	264 	95 	90 	91 
004201 	264 	95 	90 	91 
004202 	264 	95 	90 	91 
004203 	274 	95 	90 	91 
004204 	274 	95 	90 	91 
004205 	274 	95 	90 	91 
004206 	274 	95 	90 	91 
004207 	274 	95 	90 	91 
004208 	274 	95 	90 	91 
004209 	274 	95 	90 	91 
004210 	274 	95 	90 	91 
004211 	274 	95 	90 	91 
004212 	274 	95 	90 	91 
004213 	274 	95 	90 	91 
004214 	274 	95 	90 	91 
004215 	284 	95 	90 	91 
004216 	284 	95 	90 	91 
004217 	284 	95 	90 	91 
004218 	284 	95 	90 	91 
004219 	284 	95 	90 	91 
004220 	284 	95 	90 	91 
004221 	284 	95 	90 	91 
004222 	284 	95 	90 	91 
004223 	269 	90 	108 	109 
004224 	269 	90 	108 	109 
004225 	269 	90 	108 	109 
004226 	269 	90 	108 	109 
004227 	269 	90 	108 	109 
004228 	269 	90 	108 	109 
004229 	269 	90 	108 	109 
004230 	269 	90 	108 	109 
004231 	269 	90 	108 	109 
004232 	269 	90 	108 	109 
004233 	269 	90 	108 	109 
004234 	274 	95 	90 	91 
004235 	274 	95 	90 	91 
004236 	274 	95 	90 	91 
004237 	274 	95 	90 	91 
004238 	269 	90 	108 	109 
004239 	269 	90 	108 	109 
004240 	284 	95 	90 	91 
004241 	284 	95 	90 	91 
004242 	284 	95 	90 	91 
004243 	284 	95 	90 	91 
004244 	269 	90 	108 	109 
004245 	274 	95 	90 	91 
004246 	274 	95 	90 	91 
004247 	274 	95 	90 	91 
004248 	274 	95 	90 	91 
004249 	274 	95 	90 	91 
004250 	264 	95 	90 	91 
004251 	264 	95 	90 	91 
004252 	264 	95 	90 	91 
004253 	264 	95 	90 	91 
004254 	264 	95 	90 	91 
004255 	245 	78 	109 	109 
004256 	245 	78 	109 	109 
004257 	245 	78 	109 	109 
004258 	245 	78 	109 	109 
004259 	233 	78 	109 	109 
004260 	233 	78 	109 	109 
004261 	233 	78 	109 	109 
004262 	233 	78 	109 	109 
004263 	233 	78 	109 	109 
004264 	233 	78 	109 	109 
004265 	233 	78 	109 	109 
004266 	233 	78 	109 	109 
004267 	233 	78 	109 	109 
004268 	233 	78 	109 	109 
004269 	233 	78 	109 	109 
004270 	244 	85 	90 	91 
004271 	221 	78 	109 	109 
004272 	221 	78 	109 	109 
004273 	221 	78 	109 	109 
004274 	221 	78 	109 	109 
004275 	221 	78 	109 	109 
004276 	234 	85 	90 	91 
004277 	234 	85 	90 	91 
004278 	221 	78 	109 	109 
004279 	221 	78 	109 	109 
004280 	221 	78 	109 	109 
004281 	221 	78 	109 	109 
004282 	221 	78 	109 	109 
004283 	221 	78 	109 	109 
004284 	221 	78 	109 	109 
004285 	221 	78 	109 	109 
004286 	221 	78 	109 	109 
004287 	221 	78 	109 	109 
004288 	221 	78 	109 	109 
004289 	221 	78 	109 	109 
004290 	221 	78 	109 	109 
004291 	221 	78 	109 	109 
004292 	221 	78 	109 	109 
004293 	221 	78 	109 	109 
004294 	221 	78 	109 	109 
004295 	221 	78 	109 	109 
004296 	221 	78 	109 	109 
004297 	221 	78 	109 	109 
004298 	221 	78 	109 	109 
004299 	221 	78 	109 	109 
004300 	221 	78 	109 	109 
004301 	221 	78 	109 	109 
004302 	221 	78 	109 	109 
004303 	221 	78 	109 	109 
004304 	221 	78 	109 	109 
004305 	221 	78 	109 	109 
004306 	221 	78 	109 	109 
004307 	221 	78 	109 	109 
004308 	221 	78 	109 	109 
004309 	221 	78 	109 	109 
004310 	221 	78 	109 	109 
004311 	221 	78 	109 	109 
004312 	221 	78 	109 	109 
004313 	234 	95 	90 	91 
004314 	221 	78 	109 	109 
004315 	233 	78 	109 	109 
004316 	233 	78 	109 	109 
004317 	233 	78 	109 	109 
004318 	233 	78 	109 	109 
004319 	233 	78 	109 	109 
004320 	233 	78 	109 	109 
004321 	233 	78 	109 	109 
004322 	233 	78 	109 	109 
004323 	233 	78 	109 	109 
004324 	233 	78 	109 	109 
004325 	244 	95 	90 	91 
004326 	233 	90 	109 	109 
004327 	233 	90 	109 	109 
004328 	233 	90 	109 	109 
004329 	254 	95 	90 	91 
004330 	254 	95 	90 	91 
004331 	254 	95 	90 	91 
004332 	233 	78 	109 	109 
004333 	244 	95 	90 	91 
004334 	244 	95 	90 	91 
004335 	233 	78 	109 	109 
004336 	233 	78 	109 	109 
004337 	233 	78 	109 	109 
004338 	233 	78 	109 	109 
004339 	233 	78 	109 	109 
004340 	233 	78 	109 	109 
004341 	221 	78 	109 	109 
004342 	221 	78 	109 	109 
004343 	221 	78 	109 	109 
004344 	221 	78 	109 	109 
004345 	234 	85 	90 	91 
004346 	234 	85 	90 	91 
004347 	234 	85 	90 	91 
004348 	234 	85 	90 	91 
004349 	234 	85 	90 	91 
004350 	234 	85 	90 	91 
004351 	221 	66 	109 	109 
004352 	221 	66 	109 	109 
004353 	221 	66 	109 	109 
004354 	221 	66 	109 	109 
004355 	221 	66 	109 	109 
004356 	221 	66 	109 	109 
004357 	234 	85 	90 	91 
004358 	221 	66 	109 	109 
004359 	221 	66 	109 	109 
004360 	234 	85 	90 	91 
004361 	234 	85 	90 	91 
004362 	234 	85 	90 	91 
004363 	221 	66 	109 	109 
004364 	221 	66 	109 	109 
004365 	221 	66 	109 	109 
004366 	221 	66 	109 	109 
004367 	221 	66 	109 	109 
004368 	221 	66 	109 	109 
004369 	221 	66 	109 	109 
004370 	221 	66 	109 	109 
004371 	221 	66 	109 	109 
004372 	221 	66 	109 	109 
004373 	221 	66 	109 	109 
004374 	221 	66 	109 	109 
004375 	221 	66 	109 	109 
004376 	221 	66 	109 	109 
004377 	221 	66 	109 	109 
004378 	221 	66 	109 	109 
004379 	221 	66 	109 	109 
004380 	221 	66 	109 	109 
004381 	221 	66 	109 	109 
004382 	221 	66 	109 	109 
004383 	221 	66 	109 	109 
004384 	221 	66 	109 	109 
004385 	221 	66 	109 	109 
004386 	221 	66 	109 	109 
004387 	221 	66 	109 	109 
004388 	221 	66 	109 	109 
004389 	221 	66 	109 	109 
004390 	221 	66 	109 	109 
004391 	234 	85 	90 	91 
004392 	234 	85 	90 	91 
004393 	234 	85 	90 	91 
004394 	221 	78 	109 	109 
004395 	221 	78 	109 	109 
004396 	221 	78 	109 	109 
004397 	221 	78 	109 	109 
004398 	221 	78 	109 	109 
004399 	221 	78 	109 	109 
004400 	221 	78 	109 	109 
004401 	221 	78 	109 	109 
004402 	221 	78 	109 	109 
004403 	221 	78 	109 	109 
004404 	221 	78 	109 	109 
004405 	221 	78 	109 	109 
004406 	221 	78 	109 	109 
004407 	221 	78 	109 	109 
004408 	221 	78 	109 	109 
004409 	221 	78 	109 	109 
004410 	221 	78 	109 	109 
004411 	221 	78 	109 	109 
004412 	221 	78 	109 	109 
004413 	233 	78 	109 	109 
004414 	233 	78 	109 	109 
004415 	233 	78 	109 	109 
004416 	233 	78 	109 	109 
