Identity  : 	id10293
Reference : 	gegIAYxfpVA
Offset    : 	0
FV Conf   : 	17.401
ASD Conf  : 	5.370

FRAME 	X 	Y 	W 	H 
020227 	164 	113 	156 	156 
020228 	164 	113 	156 	156 
020229 	164 	113 	156 	156 
020230 	164 	113 	156 	156 
020231 	164 	113 	156 	156 
020232 	164 	113 	156 	156 
020233 	164 	113 	156 	156 
020234 	164 	113 	156 	156 
020235 	164 	113 	156 	156 
020236 	164 	113 	156 	156 
020237 	164 	113 	156 	156 
020238 	164 	113 	156 	156 
020239 	164 	113 	156 	156 
020240 	164 	113 	156 	156 
020241 	164 	113 	156 	156 
020242 	164 	113 	156 	156 
020243 	164 	113 	156 	156 
020244 	164 	113 	156 	156 
020245 	164 	113 	156 	156 
020246 	164 	113 	156 	156 
020247 	147 	113 	156 	156 
020248 	147 	113 	156 	156 
020249 	147 	113 	156 	156 
020250 	147 	113 	156 	156 
020251 	147 	113 	156 	156 
020252 	147 	113 	156 	156 
020253 	147 	113 	156 	156 
020254 	147 	113 	156 	156 
020255 	147 	113 	156 	156 
020256 	147 	113 	156 	156 
020257 	147 	113 	156 	156 
020258 	147 	113 	156 	156 
020259 	147 	113 	156 	156 
020260 	147 	113 	156 	156 
020261 	147 	113 	156 	156 
020262 	147 	113 	156 	156 
020263 	147 	113 	156 	156 
020264 	147 	113 	156 	156 
020265 	147 	113 	156 	156 
020266 	147 	113 	156 	156 
020267 	147 	113 	156 	156 
020268 	147 	113 	156 	156 
020269 	147 	113 	156 	156 
020270 	147 	113 	156 	156 
020271 	147 	113 	156 	156 
020272 	147 	113 	156 	156 
020273 	147 	113 	156 	156 
020274 	147 	113 	156 	156 
020275 	147 	113 	156 	156 
020276 	147 	113 	156 	156 
020277 	147 	113 	156 	156 
020278 	147 	113 	156 	156 
020279 	147 	113 	156 	156 
020280 	147 	113 	156 	156 
020281 	147 	113 	156 	156 
020282 	147 	113 	156 	156 
020283 	165 	123 	130 	130 
020284 	164 	96 	156 	156 
020285 	164 	96 	156 	156 
020286 	164 	96 	156 	156 
020287 	165 	123 	130 	130 
020288 	164 	96 	156 	156 
020289 	165 	123 	130 	130 
020290 	164 	96 	156 	156 
020291 	158 	102 	156 	156 
020292 	153 	107 	156 	156 
020293 	147 	113 	156 	156 
020294 	147 	113 	156 	156 
020295 	147 	113 	156 	156 
020296 	147 	113 	156 	156 
020297 	147 	113 	156 	156 
020298 	147 	113 	156 	156 
020299 	147 	113 	156 	156 
020300 	147 	113 	156 	156 
020301 	147 	113 	156 	156 
020302 	147 	113 	156 	156 
020303 	147 	113 	156 	156 
020304 	147 	113 	156 	156 
020305 	147 	113 	156 	156 
020306 	147 	113 	156 	156 
020307 	147 	113 	156 	156 
020308 	147 	113 	156 	156 
020309 	147 	113 	156 	156 
020310 	147 	113 	156 	156 
020311 	147 	113 	156 	156 
020312 	147 	113 	156 	156 
020313 	147 	113 	156 	156 
020314 	147 	113 	156 	156 
020315 	147 	113 	156 	156 
020316 	147 	113 	156 	156 
020317 	147 	113 	156 	156 
020318 	147 	113 	156 	156 
020319 	147 	113 	156 	156 
020320 	147 	113 	156 	156 
020321 	147 	113 	156 	156 
020322 	147 	113 	156 	156 
020323 	147 	113 	156 	156 
020324 	147 	113 	156 	156 
020325 	147 	113 	156 	156 
020326 	147 	113 	156 	156 
020327 	147 	113 	156 	156 
020328 	165 	123 	130 	130 
020329 	147 	113 	156 	156 
020330 	165 	123 	130 	130 
020331 	147 	113 	156 	156 
020332 	147 	113 	156 	156 
020333 	147 	113 	156 	156 
020334 	147 	113 	156 	156 
020335 	147 	113 	156 	156 
020336 	147 	113 	156 	156 
020337 	147 	113 	156 	156 
020338 	147 	113 	156 	156 
020339 	147 	113 	156 	156 
020340 	147 	113 	156 	156 
020341 	147 	113 	156 	156 
020342 	147 	113 	156 	156 
020343 	147 	113 	156 	156 
