Identity  : 	id10273
Reference : 	0LbtndiXJC0
Offset    : 	-3
FV Conf   : 	17.765
ASD Conf  : 	7.024

FRAME 	X 	Y 	W 	H 
000576 	257 	102 	109 	109 
000577 	237 	80 	130 	130 
000578 	237 	80 	130 	130 
000579 	237 	80 	130 	130 
000580 	237 	80 	130 	130 
000581 	237 	80 	130 	130 
000582 	237 	80 	130 	130 
000583 	237 	80 	130 	130 
000584 	237 	80 	130 	130 
000585 	237 	80 	130 	130 
000586 	237 	80 	130 	130 
000587 	237 	80 	130 	130 
000588 	237 	80 	130 	130 
000589 	257 	90 	109 	109 
000590 	237 	80 	130 	130 
000591 	237 	80 	130 	130 
000592 	237 	80 	130 	130 
000593 	237 	80 	130 	130 
000594 	237 	80 	130 	130 
000595 	237 	80 	130 	130 
000596 	237 	80 	130 	130 
000597 	237 	80 	130 	130 
000598 	237 	80 	130 	130 
000599 	237 	80 	130 	130 
000600 	237 	80 	130 	130 
000601 	237 	80 	130 	130 
000602 	245 	90 	109 	109 
000603 	245 	90 	109 	109 
000604 	245 	90 	109 	109 
000605 	245 	90 	109 	109 
000606 	245 	90 	109 	109 
000607 	245 	90 	109 	109 
000608 	245 	90 	109 	109 
000609 	245 	90 	109 	109 
000610 	245 	90 	109 	109 
000611 	245 	90 	109 	109 
000612 	245 	90 	109 	109 
000613 	245 	90 	109 	109 
000614 	245 	90 	109 	109 
000615 	245 	90 	109 	109 
000616 	245 	90 	109 	109 
000617 	245 	90 	109 	109 
000618 	245 	90 	109 	109 
000619 	245 	90 	109 	109 
000620 	245 	90 	109 	109 
000621 	245 	90 	109 	109 
000622 	223 	66 	130 	130 
000623 	223 	80 	130 	130 
000624 	223 	80 	130 	130 
000625 	223 	80 	130 	130 
000626 	223 	80 	130 	130 
000627 	223 	80 	130 	130 
000628 	223 	80 	130 	130 
000629 	223 	80 	130 	130 
000630 	223 	80 	130 	130 
000631 	223 	80 	130 	130 
000632 	223 	80 	130 	130 
000633 	223 	80 	130 	130 
000634 	223 	80 	130 	130 
000635 	223 	80 	130 	130 
000636 	223 	80 	130 	130 
000637 	223 	80 	130 	130 
000638 	223 	80 	130 	130 
000639 	237 	80 	130 	130 
000640 	237 	66 	130 	130 
000641 	237 	66 	130 	130 
000642 	237 	66 	130 	130 
000643 	237 	66 	130 	130 
000644 	237 	66 	130 	130 
000645 	237 	66 	130 	130 
000646 	237 	66 	130 	130 
000647 	237 	66 	130 	130 
000648 	237 	66 	130 	130 
000649 	237 	80 	130 	130 
000650 	237 	66 	130 	130 
000651 	237 	66 	130 	130 
000652 	237 	80 	130 	130 
000653 	237 	80 	130 	130 
000654 	237 	80 	130 	130 
000655 	237 	80 	130 	130 
000656 	237 	80 	130 	130 
000657 	237 	80 	130 	130 
000658 	237 	80 	130 	130 
000659 	237 	80 	130 	130 
000660 	237 	80 	130 	130 
000661 	237 	80 	130 	130 
000662 	237 	80 	130 	130 
000663 	237 	80 	130 	130 
000664 	237 	80 	130 	130 
000665 	237 	80 	130 	130 
000666 	237 	80 	130 	130 
000667 	237 	80 	130 	130 
000668 	237 	80 	130 	130 
000669 	237 	80 	130 	130 
000670 	237 	80 	130 	130 
000671 	237 	80 	130 	130 
000672 	237 	80 	130 	130 
000673 	237 	80 	130 	130 
000674 	237 	80 	130 	130 
000675 	237 	80 	130 	130 
000676 	237 	80 	130 	130 
000677 	237 	80 	130 	130 
000678 	237 	80 	130 	130 
000679 	237 	80 	130 	130 
000680 	237 	80 	130 	130 
000681 	237 	80 	130 	130 
000682 	237 	80 	130 	130 
000683 	237 	80 	130 	130 
000684 	237 	80 	130 	130 
000685 	237 	80 	130 	130 
000686 	237 	80 	130 	130 
000687 	237 	80 	130 	130 
000688 	237 	80 	130 	130 
000689 	237 	80 	130 	130 
000690 	237 	80 	130 	130 
000691 	237 	80 	130 	130 
000692 	237 	80 	130 	130 
000693 	237 	80 	130 	130 
000694 	237 	80 	130 	130 
000695 	237 	80 	130 	130 
000696 	237 	80 	130 	130 
000697 	237 	80 	130 	130 
000698 	237 	80 	130 	130 
000699 	237 	80 	130 	130 
000700 	237 	80 	130 	130 
000701 	237 	80 	130 	130 
000702 	237 	80 	130 	130 
000703 	237 	80 	130 	130 
000704 	237 	80 	130 	130 
000705 	237 	80 	130 	130 
000706 	237 	80 	130 	130 
000707 	237 	80 	130 	130 
000708 	237 	80 	130 	130 
000709 	237 	80 	130 	130 
000710 	237 	80 	130 	130 
000711 	237 	80 	130 	130 
000712 	237 	80 	130 	130 
000713 	237 	80 	130 	130 
000714 	237 	80 	130 	130 
000715 	237 	80 	130 	130 
000716 	237 	80 	130 	130 
000717 	237 	80 	130 	130 
000718 	237 	80 	130 	130 
000719 	237 	80 	130 	130 
000720 	237 	80 	130 	130 
000721 	251 	80 	130 	130 
000722 	251 	80 	130 	130 
000723 	251 	66 	130 	130 
000724 	251 	66 	130 	130 
000725 	251 	66 	130 	130 
000726 	251 	66 	130 	130 
000727 	233 	62 	156 	155 
000728 	233 	62 	156 	155 
000729 	237 	80 	130 	130 
000730 	237 	80 	130 	130 
000731 	237 	80 	130 	130 
000732 	237 	80 	130 	130 
000733 	237 	80 	130 	130 
000734 	237 	80 	130 	130 
000735 	237 	80 	130 	130 
000736 	237 	80 	130 	130 
000737 	237 	80 	130 	130 
000738 	237 	80 	130 	130 
000739 	237 	80 	130 	130 
000740 	237 	80 	130 	130 
000741 	237 	80 	130 	130 
000742 	237 	80 	130 	130 
000743 	237 	80 	130 	130 
000744 	216 	62 	156 	155 
000745 	216 	62 	156 	155 
000746 	237 	80 	130 	130 
000747 	237 	66 	130 	130 
000748 	237 	66 	130 	130 
000749 	237 	66 	130 	130 
000750 	237 	66 	130 	130 
000751 	237 	51 	130 	130 
000752 	237 	51 	130 	130 
000753 	237 	51 	130 	130 
000754 	237 	66 	130 	130 
000755 	237 	66 	130 	130 
000756 	237 	66 	130 	130 
000757 	237 	66 	130 	130 
000758 	237 	66 	130 	130 
000759 	237 	66 	130 	130 
000760 	223 	66 	130 	130 
000761 	223 	66 	130 	130 
000762 	223 	66 	130 	130 
000763 	223 	66 	130 	130 
000764 	223 	80 	130 	130 
000765 	223 	80 	130 	130 
000766 	223 	80 	130 	130 
000767 	223 	80 	130 	130 
000768 	208 	94 	130 	130 
000769 	208 	94 	130 	130 
000770 	208 	94 	130 	130 
000771 	208 	94 	130 	130 
000772 	208 	94 	130 	130 
000773 	208 	94 	130 	130 
000774 	208 	94 	130 	130 
000775 	208 	94 	130 	130 
000776 	208 	94 	130 	130 
000777 	208 	94 	130 	130 
000778 	208 	94 	130 	130 
000779 	208 	94 	130 	130 
000780 	208 	80 	130 	130 
000781 	208 	80 	130 	130 
000782 	208 	80 	130 	130 
000783 	208 	80 	130 	130 
000784 	208 	80 	130 	130 
000785 	208 	80 	130 	130 
000786 	208 	80 	130 	130 
000787 	208 	80 	130 	130 
000788 	208 	80 	130 	130 
000789 	208 	80 	130 	130 
000790 	208 	80 	130 	130 
000791 	208 	80 	130 	130 
000792 	208 	80 	130 	130 
000793 	208 	80 	130 	130 
000794 	208 	80 	130 	130 
000795 	208 	80 	130 	130 
000796 	208 	80 	130 	130 
000797 	208 	94 	130 	130 
000798 	208 	94 	130 	130 
000799 	208 	94 	130 	130 
000800 	208 	94 	130 	130 
000801 	208 	94 	130 	130 
000802 	208 	80 	130 	130 
000803 	208 	80 	130 	130 
000804 	208 	66 	130 	130 
000805 	208 	66 	130 	130 
000806 	208 	80 	130 	130 
000807 	208 	80 	130 	130 
000808 	221 	78 	109 	109 
000809 	221 	78 	109 	109 
000810 	221 	78 	109 	109 
000811 	208 	66 	130 	130 
000812 	208 	66 	130 	130 
000813 	208 	66 	130 	130 
000814 	208 	66 	130 	130 
000815 	208 	66 	130 	130 
000816 	208 	66 	130 	130 
000817 	208 	66 	130 	130 
000818 	221 	78 	109 	109 
000819 	208 	66 	130 	130 
000820 	221 	78 	109 	109 
000821 	208 	66 	130 	130 
000822 	208 	66 	130 	130 
000823 	223 	80 	130 	130 
000824 	223 	80 	130 	130 
000825 	223 	80 	130 	130 
000826 	237 	80 	130 	130 
000827 	237 	66 	130 	130 
000828 	237 	66 	130 	130 
000829 	251 	66 	130 	130 
000830 	251 	51 	130 	130 
000831 	251 	51 	130 	130 
000832 	251 	51 	130 	130 
000833 	251 	51 	130 	130 
000834 	251 	51 	130 	130 
000835 	251 	66 	130 	130 
000836 	251 	66 	130 	130 
000837 	251 	66 	130 	130 
000838 	251 	66 	130 	130 
000839 	251 	66 	130 	130 
000840 	251 	51 	130 	130 
000841 	251 	66 	130 	130 
000842 	251 	66 	130 	130 
000843 	251 	51 	130 	130 
000844 	251 	51 	130 	130 
000845 	237 	51 	130 	130 
000846 	237 	51 	130 	130 
000847 	237 	51 	130 	130 
000848 	237 	51 	130 	130 
000849 	237 	51 	130 	130 
000850 	237 	51 	130 	130 
000851 	237 	51 	130 	130 
000852 	237 	51 	130 	130 
000853 	237 	51 	130 	130 
000854 	237 	51 	130 	130 
000855 	237 	51 	130 	130 
000856 	237 	51 	130 	130 
000857 	237 	51 	130 	130 
000858 	237 	51 	130 	130 
000859 	237 	51 	130 	130 
000860 	237 	51 	130 	130 
000861 	237 	51 	130 	130 
000862 	237 	51 	130 	130 
000863 	237 	51 	130 	130 
000864 	237 	51 	130 	130 
000865 	237 	51 	130 	130 
000866 	237 	51 	130 	130 
000867 	223 	51 	130 	130 
000868 	223 	51 	130 	130 
000869 	223 	51 	130 	130 
000870 	245 	78 	109 	109 
000871 	237 	66 	130 	130 
000872 	237 	66 	130 	130 
000873 	237 	66 	130 	130 
000874 	237 	66 	130 	130 
000875 	223 	66 	130 	130 
000876 	223 	80 	130 	130 
000877 	223 	80 	130 	130 
000878 	223 	80 	130 	130 
000879 	223 	80 	130 	130 
000880 	223 	80 	130 	130 
000881 	223 	66 	130 	130 
000882 	223 	66 	130 	130 
000883 	223 	66 	130 	130 
000884 	223 	66 	130 	130 
000885 	223 	66 	130 	130 
000886 	223 	66 	130 	130 
000887 	223 	80 	130 	130 
000888 	223 	80 	130 	130 
000889 	208 	80 	130 	130 
000890 	208 	80 	130 	130 
000891 	221 	78 	109 	109 
000892 	221 	78 	109 	109 
000893 	221 	78 	109 	109 
000894 	208 	66 	130 	130 
000895 	208 	66 	130 	130 
000896 	221 	78 	109 	109 
000897 	208 	66 	130 	130 
000898 	208 	66 	130 	130 
000899 	208 	80 	130 	130 
000900 	223 	80 	130 	130 
000901 	223 	80 	130 	130 
000902 	223 	80 	130 	130 
000903 	208 	80 	130 	130 
000904 	208 	80 	130 	130 
000905 	208 	66 	130 	130 
000906 	223 	80 	130 	130 
000907 	223 	66 	130 	130 
000908 	223 	66 	130 	130 
000909 	223 	66 	130 	130 
000910 	223 	66 	130 	130 
000911 	223 	66 	130 	130 
000912 	223 	66 	130 	130 
000913 	223 	66 	130 	130 
000914 	223 	66 	130 	130 
000915 	223 	66 	130 	130 
000916 	223 	66 	130 	130 
000917 	223 	66 	130 	130 
000918 	223 	66 	130 	130 
000919 	223 	80 	130 	130 
000920 	223 	80 	130 	130 
000921 	223 	66 	130 	130 
000922 	208 	66 	130 	130 
000923 	208 	66 	130 	130 
000924 	208 	66 	130 	130 
000925 	208 	66 	130 	130 
000926 	208 	66 	130 	130 
000927 	208 	66 	130 	130 
000928 	208 	66 	130 	130 
000929 	223 	66 	130 	130 
000930 	223 	66 	130 	130 
000931 	223 	66 	130 	130 
000932 	223 	66 	130 	130 
000933 	237 	51 	130 	130 
000934 	237 	51 	130 	130 
000935 	237 	51 	130 	130 
000936 	237 	66 	130 	130 
000937 	237 	51 	130 	130 
000938 	237 	51 	130 	130 
000939 	237 	51 	130 	130 
000940 	237 	51 	130 	130 
000941 	237 	51 	130 	130 
000942 	237 	51 	130 	130 
000943 	251 	51 	130 	130 
000944 	251 	66 	130 	130 
000945 	251 	66 	130 	130 
000946 	251 	66 	130 	130 
000947 	266 	66 	130 	130 
000948 	266 	66 	130 	130 
000949 	266 	80 	130 	130 
000950 	266 	80 	130 	130 
000951 	266 	80 	130 	130 
000952 	266 	80 	130 	130 
000953 	266 	80 	130 	130 
000954 	266 	80 	130 	130 
000955 	266 	80 	130 	130 
000956 	266 	80 	130 	130 
000957 	251 	80 	130 	130 
000958 	251 	80 	130 	130 
000959 	251 	80 	130 	130 
000960 	251 	80 	130 	130 
000961 	251 	80 	130 	130 
000962 	251 	80 	130 	130 
000963 	251 	80 	130 	130 
000964 	237 	66 	130 	130 
000965 	237 	66 	130 	130 
000966 	237 	66 	130 	130 
000967 	237 	66 	130 	130 
000968 	237 	66 	130 	130 
000969 	237 	66 	130 	130 
000970 	237 	66 	130 	130 
000971 	237 	66 	130 	130 
000972 	237 	66 	130 	130 
000973 	237 	66 	130 	130 
000974 	237 	66 	130 	130 
000975 	237 	51 	130 	130 
000976 	237 	51 	130 	130 
000977 	237 	51 	130 	130 
000978 	237 	51 	130 	130 
000979 	237 	51 	130 	130 
000980 	237 	51 	130 	130 
000981 	237 	66 	130 	130 
000982 	237 	66 	130 	130 
000983 	237 	66 	130 	130 
000984 	237 	80 	130 	130 
000985 	237 	66 	130 	130 
000986 	237 	66 	130 	130 
000987 	237 	66 	130 	130 
000988 	237 	66 	130 	130 
000989 	237 	66 	130 	130 
000990 	237 	66 	130 	130 
000991 	237 	66 	130 	130 
000992 	237 	80 	130 	130 
000993 	237 	80 	130 	130 
000994 	237 	80 	130 	130 
000995 	237 	80 	130 	130 
000996 	237 	80 	130 	130 
000997 	237 	80 	130 	130 
000998 	237 	80 	130 	130 
000999 	237 	80 	130 	130 
001000 	237 	80 	130 	130 
001001 	237 	80 	130 	130 
001002 	237 	80 	130 	130 
001003 	237 	80 	130 	130 
001004 	237 	80 	130 	130 
001005 	237 	80 	130 	130 
001006 	237 	80 	130 	130 
001007 	237 	80 	130 	130 
001008 	237 	80 	130 	130 
001009 	237 	80 	130 	130 
001010 	237 	80 	130 	130 
001011 	237 	80 	130 	130 
001012 	237 	80 	130 	130 
001013 	237 	80 	130 	130 
001014 	237 	80 	130 	130 
001015 	237 	80 	130 	130 
001016 	237 	80 	130 	130 
001017 	237 	80 	130 	130 
001018 	237 	80 	130 	130 
001019 	237 	80 	130 	130 
001020 	216 	62 	156 	155 
001021 	237 	80 	130 	130 
001022 	223 	80 	130 	130 
001023 	223 	80 	130 	130 
001024 	223 	94 	130 	130 
001025 	223 	94 	130 	130 
001026 	223 	94 	130 	130 
001027 	223 	109 	130 	130 
001028 	223 	109 	130 	130 
001029 	208 	109 	130 	130 
001030 	208 	109 	130 	130 
001031 	208 	109 	130 	130 
001032 	208 	109 	130 	130 
001033 	208 	94 	130 	130 
001034 	181 	79 	156 	156 
001035 	181 	79 	156 	156 
001036 	181 	79 	156 	156 
001037 	194 	94 	130 	130 
001038 	194 	80 	130 	130 
001039 	194 	80 	130 	130 
001040 	194 	80 	130 	130 
001041 	194 	80 	130 	130 
001042 	194 	80 	130 	130 
001043 	194 	80 	130 	130 
001044 	194 	80 	130 	130 
001045 	208 	80 	130 	130 
001046 	208 	80 	130 	130 
001047 	208 	66 	130 	130 
001048 	208 	66 	130 	130 
001049 	208 	66 	130 	130 
001050 	208 	80 	130 	130 
001051 	208 	80 	130 	130 
001052 	223 	80 	130 	130 
001053 	223 	80 	130 	130 
001054 	223 	80 	130 	130 
001055 	223 	80 	130 	130 
001056 	223 	94 	130 	130 
001057 	223 	94 	130 	130 
001058 	223 	109 	130 	130 
001059 	223 	109 	130 	130 
001060 	245 	114 	109 	109 
001061 	245 	114 	109 	109 
001062 	223 	94 	130 	130 
001063 	216 	79 	156 	156 
001064 	216 	79 	156 	156 
001065 	216 	79 	156 	156 
001066 	216 	79 	156 	156 
001067 	216 	62 	156 	155 
001068 	237 	80 	130 	130 
001069 	216 	79 	156 	156 
001070 	216 	79 	156 	156 
001071 	237 	94 	130 	130 
001072 	237 	94 	130 	130 
001073 	237 	94 	130 	130 
001074 	237 	94 	130 	130 
001075 	216 	79 	156 	156 
001076 	223 	94 	130 	130 
001077 	223 	94 	130 	130 
001078 	223 	94 	130 	130 
001079 	223 	94 	130 	130 
001080 	223 	80 	130 	130 
001081 	223 	80 	130 	130 
001082 	223 	80 	130 	130 
001083 	223 	80 	130 	130 
001084 	223 	66 	130 	130 
001085 	223 	66 	130 	130 
001086 	223 	51 	130 	130 
001087 	223 	51 	130 	130 
001088 	237 	51 	130 	130 
001089 	237 	51 	130 	130 
001090 	237 	51 	130 	130 
001091 	237 	51 	130 	130 
001092 	237 	51 	130 	130 
001093 	237 	66 	130 	130 
001094 	237 	66 	130 	130 
001095 	237 	66 	130 	130 
001096 	237 	66 	130 	130 
001097 	237 	66 	130 	130 
001098 	237 	66 	130 	130 
001099 	237 	66 	130 	130 
001100 	237 	51 	130 	130 
001101 	237 	51 	130 	130 
001102 	237 	51 	130 	130 
001103 	237 	51 	130 	130 
001104 	237 	66 	130 	130 
001105 	237 	66 	130 	130 
001106 	237 	66 	130 	130 
001107 	237 	66 	130 	130 
001108 	237 	51 	130 	130 
001109 	237 	51 	130 	130 
001110 	237 	51 	130 	130 
001111 	237 	51 	130 	130 
001112 	237 	51 	130 	130 
001113 	237 	51 	130 	130 
001114 	251 	66 	130 	130 
001115 	251 	66 	130 	130 
001116 	251 	66 	130 	130 
001117 	251 	66 	130 	130 
