Identity  : 	id10302
Reference : 	2Er-cV85fc4
Offset    : 	-2
FV Conf   : 	15.263
ASD Conf  : 	6.686

FRAME 	X 	Y 	W 	H 
003394 	218 	95 	187 	186 
003395 	218 	95 	187 	186 
003396 	218 	95 	187 	186 
003397 	233 	96 	156 	156 
003398 	218 	95 	187 	186 
003399 	218 	95 	187 	186 
003400 	218 	95 	187 	186 
003401 	218 	95 	187 	186 
003402 	218 	95 	187 	186 
003403 	218 	95 	187 	186 
003404 	233 	113 	156 	156 
003405 	233 	113 	156 	156 
003406 	233 	113 	156 	156 
003407 	233 	113 	156 	156 
003408 	218 	115 	187 	187 
003409 	218 	115 	187 	187 
003410 	218 	115 	187 	187 
003411 	233 	113 	156 	156 
003412 	233 	113 	156 	156 
003413 	233 	113 	156 	156 
003414 	218 	95 	187 	186 
003415 	218 	95 	187 	186 
003416 	218 	95 	187 	186 
003417 	218 	95 	187 	186 
003418 	218 	95 	187 	186 
003419 	218 	95 	187 	186 
003420 	218 	95 	187 	186 
003421 	218 	95 	187 	186 
003422 	218 	95 	187 	186 
003423 	218 	95 	187 	186 
003424 	218 	95 	187 	186 
003425 	218 	95 	187 	186 
003426 	218 	95 	187 	186 
003427 	233 	96 	156 	156 
003428 	250 	96 	156 	156 
003429 	250 	96 	156 	156 
003430 	218 	74 	187 	187 
003431 	218 	74 	187 	187 
003432 	218 	74 	187 	187 
003433 	218 	74 	187 	187 
003434 	218 	74 	187 	187 
003435 	218 	74 	187 	187 
003436 	218 	74 	187 	187 
003437 	218 	74 	187 	187 
003438 	218 	74 	187 	187 
003439 	218 	74 	187 	187 
003440 	218 	74 	187 	187 
003441 	218 	74 	187 	187 
003442 	218 	74 	187 	187 
003443 	218 	74 	187 	187 
003444 	218 	74 	187 	187 
003445 	218 	74 	187 	187 
003446 	218 	74 	187 	187 
003447 	218 	74 	187 	187 
003448 	218 	74 	187 	187 
003449 	218 	74 	187 	187 
003450 	218 	74 	187 	187 
003451 	218 	74 	187 	187 
003452 	218 	74 	187 	187 
003453 	218 	74 	187 	187 
003454 	218 	74 	187 	187 
003455 	218 	74 	187 	187 
003456 	218 	74 	187 	187 
003457 	218 	74 	187 	187 
003458 	218 	74 	187 	187 
003459 	218 	74 	187 	187 
003460 	218 	74 	187 	187 
003461 	218 	74 	187 	187 
003462 	218 	74 	187 	187 
003463 	218 	74 	187 	187 
003464 	218 	74 	187 	187 
003465 	233 	96 	156 	156 
003466 	233 	96 	156 	156 
003467 	233 	96 	156 	156 
003468 	233 	96 	156 	156 
003469 	233 	96 	156 	156 
003470 	218 	95 	187 	186 
003471 	218 	95 	187 	186 
003472 	218 	95 	187 	186 
003473 	233 	96 	156 	156 
003474 	218 	95 	187 	186 
003475 	218 	95 	187 	186 
003476 	218 	95 	187 	186 
003477 	250 	96 	156 	156 
003478 	250 	96 	156 	156 
003479 	250 	96 	156 	156 
003480 	250 	96 	156 	156 
003481 	239 	74 	186 	187 
003482 	239 	74 	186 	187 
003483 	239 	95 	186 	186 
003484 	239 	95 	186 	186 
003485 	239 	95 	186 	186 
003486 	239 	95 	186 	186 
003487 	239 	74 	186 	187 
003488 	239 	74 	186 	187 
003489 	239 	74 	186 	187 
003490 	239 	74 	186 	187 
003491 	239 	95 	186 	186 
003492 	239 	95 	186 	186 
003493 	239 	95 	186 	186 
003494 	250 	96 	156 	156 
003495 	250 	96 	156 	156 
003496 	250 	96 	156 	156 
003497 	250 	96 	156 	156 
003498 	250 	96 	156 	156 
003499 	239 	95 	186 	186 
003500 	250 	96 	156 	156 
003501 	250 	96 	156 	156 
003502 	250 	96 	156 	156 
003503 	250 	96 	156 	156 
003504 	250 	96 	156 	156 
003505 	250 	96 	156 	156 
003506 	250 	96 	156 	156 
003507 	218 	95 	187 	186 
003508 	218 	95 	187 	186 
003509 	218 	95 	187 	186 
003510 	218 	95 	187 	186 
003511 	218 	95 	187 	186 
003512 	218 	95 	187 	186 
003513 	218 	95 	187 	186 
003514 	218 	95 	187 	186 
003515 	218 	95 	187 	186 
003516 	218 	95 	187 	186 
003517 	250 	96 	156 	156 
003518 	250 	96 	156 	156 
003519 	250 	96 	156 	156 
003520 	250 	96 	156 	156 
003521 	250 	96 	156 	156 
003522 	250 	96 	156 	156 
003523 	218 	95 	187 	186 
003524 	218 	95 	187 	186 
003525 	250 	96 	156 	156 
003526 	250 	96 	156 	156 
003527 	250 	96 	156 	156 
003528 	250 	96 	156 	156 
003529 	250 	96 	156 	156 
003530 	250 	96 	156 	156 
003531 	250 	96 	156 	156 
003532 	250 	96 	156 	156 
003533 	250 	96 	156 	156 
003534 	250 	96 	156 	156 
003535 	239 	95 	186 	186 
003536 	239 	95 	186 	186 
003537 	239 	95 	186 	186 
003538 	239 	95 	186 	186 
003539 	239 	95 	186 	186 
003540 	239 	95 	186 	186 
003541 	250 	96 	156 	156 
003542 	250 	96 	156 	156 
003543 	250 	96 	156 	156 
003544 	250 	96 	156 	156 
003545 	218 	95 	187 	186 
003546 	218 	95 	187 	186 
003547 	218 	95 	187 	186 
003548 	233 	96 	156 	156 
003549 	218 	74 	187 	187 
003550 	218 	74 	187 	187 
003551 	218 	74 	187 	187 
003552 	218 	74 	187 	187 
003553 	218 	74 	187 	187 
003554 	218 	74 	187 	187 
003555 	218 	74 	187 	187 
003556 	218 	74 	187 	187 
003557 	218 	74 	187 	187 
003558 	218 	74 	187 	187 
003559 	218 	74 	187 	187 
003560 	218 	74 	187 	187 
003561 	218 	74 	187 	187 
003562 	218 	74 	187 	187 
003563 	218 	74 	187 	187 
003564 	218 	74 	187 	187 
003565 	218 	74 	187 	187 
003566 	218 	74 	187 	187 
003567 	218 	74 	187 	187 
003568 	218 	74 	187 	187 
003569 	218 	74 	187 	187 
003570 	218 	74 	187 	187 
003571 	218 	74 	187 	187 
003572 	218 	74 	187 	187 
003573 	218 	74 	187 	187 
003574 	218 	74 	187 	187 
003575 	218 	74 	187 	187 
003576 	218 	74 	187 	187 
003577 	218 	74 	187 	187 
003578 	218 	74 	187 	187 
003579 	218 	74 	187 	187 
003580 	218 	74 	187 	187 
003581 	218 	74 	187 	187 
003582 	218 	74 	187 	187 
003583 	218 	74 	187 	187 
003584 	218 	74 	187 	187 
003585 	218 	74 	187 	187 
003586 	218 	74 	187 	187 
003587 	218 	74 	187 	187 
003588 	218 	74 	187 	187 
003589 	218 	74 	187 	187 
003590 	218 	74 	187 	187 
003591 	218 	74 	187 	187 
003592 	218 	74 	187 	187 
