Identity  : 	id10302
Reference : 	2Er-cV85fc4
Offset    : 	-2
FV Conf   : 	14.587
ASD Conf  : 	6.254

FRAME 	X 	Y 	W 	H 
006951 	233 	96 	156 	156 
006952 	216 	96 	156 	156 
006953 	216 	96 	156 	156 
006954 	197 	95 	187 	186 
006955 	216 	96 	156 	156 
006956 	216 	96 	156 	156 
006957 	233 	96 	156 	156 
006958 	233 	96 	156 	156 
006959 	233 	96 	156 	156 
006960 	233 	96 	156 	156 
006961 	233 	96 	156 	156 
006962 	233 	96 	156 	156 
006963 	233 	96 	156 	156 
006964 	233 	96 	156 	156 
006965 	233 	96 	156 	156 
006966 	233 	96 	156 	156 
006967 	233 	96 	156 	156 
006968 	233 	96 	156 	156 
006969 	233 	96 	156 	156 
006970 	233 	96 	156 	156 
006971 	233 	96 	156 	156 
006972 	233 	96 	156 	156 
006973 	233 	96 	156 	156 
006974 	233 	96 	156 	156 
006975 	233 	96 	156 	156 
006976 	233 	96 	156 	156 
006977 	233 	96 	156 	156 
006978 	233 	96 	156 	156 
006979 	233 	96 	156 	156 
006980 	218 	95 	187 	186 
006981 	218 	95 	187 	186 
006982 	218 	95 	187 	186 
006983 	197 	95 	187 	186 
006984 	197 	95 	187 	186 
006985 	197 	95 	187 	186 
006986 	197 	95 	187 	186 
006987 	197 	95 	187 	186 
006988 	233 	96 	156 	156 
006989 	233 	96 	156 	156 
006990 	218 	95 	187 	186 
006991 	218 	95 	187 	186 
006992 	218 	95 	187 	186 
006993 	233 	96 	156 	156 
006994 	233 	96 	156 	156 
006995 	233 	96 	156 	156 
006996 	218 	74 	187 	187 
006997 	218 	74 	187 	187 
006998 	233 	96 	156 	156 
006999 	233 	96 	156 	156 
007000 	233 	96 	156 	156 
007001 	233 	96 	156 	156 
007002 	233 	96 	156 	156 
007003 	233 	96 	156 	156 
007004 	233 	96 	156 	156 
007005 	233 	96 	156 	156 
007006 	233 	96 	156 	156 
007007 	233 	96 	156 	156 
007008 	233 	96 	156 	156 
007009 	233 	96 	156 	156 
007010 	233 	96 	156 	156 
007011 	233 	96 	156 	156 
007012 	233 	96 	156 	156 
007013 	218 	74 	187 	187 
007014 	218 	74 	187 	187 
007015 	218 	74 	187 	187 
007016 	218 	74 	187 	187 
007017 	218 	74 	187 	187 
007018 	233 	96 	156 	156 
007019 	233 	96 	156 	156 
007020 	233 	96 	156 	156 
007021 	233 	96 	156 	156 
007022 	233 	96 	156 	156 
007023 	233 	96 	156 	156 
007024 	233 	96 	156 	156 
007025 	233 	96 	156 	156 
007026 	233 	96 	156 	156 
007027 	233 	96 	156 	156 
007028 	233 	96 	156 	156 
007029 	233 	96 	156 	156 
007030 	233 	96 	156 	156 
007031 	233 	96 	156 	156 
007032 	233 	96 	156 	156 
007033 	218 	74 	187 	187 
007034 	218 	74 	187 	187 
007035 	218 	74 	187 	187 
007036 	218 	74 	187 	187 
007037 	218 	74 	187 	187 
007038 	218 	74 	187 	187 
007039 	233 	96 	156 	156 
007040 	233 	96 	156 	156 
007041 	233 	96 	156 	156 
007042 	218 	95 	187 	186 
007043 	218 	95 	187 	186 
007044 	218 	95 	187 	186 
007045 	218 	95 	187 	186 
007046 	218 	95 	187 	186 
007047 	218 	95 	187 	186 
007048 	218 	95 	187 	186 
007049 	218 	95 	187 	186 
007050 	218 	95 	187 	186 
007051 	218 	95 	187 	186 
007052 	218 	95 	187 	186 
007053 	218 	95 	187 	186 
007054 	218 	95 	187 	186 
007055 	218 	95 	187 	186 
007056 	218 	95 	187 	186 
007057 	197 	95 	187 	186 
007058 	197 	95 	187 	186 
007059 	197 	95 	187 	186 
007060 	177 	95 	187 	186 
007061 	177 	95 	187 	186 
007062 	177 	95 	187 	186 
007063 	177 	95 	187 	186 
007064 	177 	95 	187 	186 
007065 	177 	95 	187 	186 
007066 	177 	95 	187 	186 
007067 	177 	95 	187 	186 
007068 	177 	95 	187 	186 
007069 	177 	95 	187 	186 
007070 	177 	95 	187 	186 
007071 	197 	95 	187 	186 
007072 	197 	95 	187 	186 
007073 	197 	95 	187 	186 
007074 	197 	95 	187 	186 
007075 	197 	95 	187 	186 
007076 	218 	95 	187 	186 
007077 	233 	96 	156 	156 
007078 	218 	95 	187 	186 
007079 	218 	74 	187 	187 
007080 	218 	74 	187 	187 
007081 	218 	74 	187 	187 
007082 	218 	74 	187 	187 
