Identity  : 	id10302
Reference : 	2Er-cV85fc4
Offset    : 	-2
FV Conf   : 	14.587
ASD Conf  : 	7.052

FRAME 	X 	Y 	W 	H 
007377 	233 	96 	156 	156 
007378 	233 	96 	156 	156 
007379 	233 	96 	156 	156 
007380 	233 	96 	156 	156 
007381 	233 	96 	156 	156 
007382 	233 	96 	156 	156 
007383 	218 	95 	187 	186 
007384 	218 	95 	187 	186 
007385 	233 	96 	156 	156 
007386 	233 	96 	156 	156 
007387 	233 	96 	156 	156 
007388 	233 	96 	156 	156 
007389 	233 	96 	156 	156 
007390 	233 	96 	156 	156 
007391 	233 	96 	156 	156 
007392 	233 	96 	156 	156 
007393 	233 	96 	156 	156 
007394 	218 	74 	187 	187 
007395 	218 	74 	187 	187 
007396 	218 	74 	187 	187 
007397 	218 	74 	187 	187 
007398 	218 	74 	187 	187 
007399 	218 	74 	187 	187 
007400 	218 	74 	187 	187 
007401 	218 	74 	187 	187 
007402 	218 	74 	187 	187 
007403 	218 	74 	187 	187 
007404 	218 	74 	187 	187 
007405 	233 	96 	156 	156 
007406 	233 	96 	156 	156 
007407 	233 	96 	156 	156 
007408 	233 	96 	156 	156 
007409 	233 	96 	156 	156 
007410 	218 	95 	187 	186 
007411 	218 	95 	187 	186 
007412 	218 	95 	187 	186 
007413 	218 	95 	187 	186 
007414 	218 	95 	187 	186 
007415 	218 	95 	187 	186 
007416 	218 	95 	187 	186 
007417 	218 	95 	187 	186 
007418 	218 	95 	187 	186 
007419 	218 	95 	187 	186 
007420 	218 	95 	187 	186 
007421 	218 	95 	187 	186 
007422 	218 	95 	187 	186 
007423 	218 	95 	187 	186 
007424 	218 	95 	187 	186 
007425 	218 	95 	187 	186 
007426 	218 	95 	187 	186 
007427 	218 	95 	187 	186 
007428 	218 	95 	187 	186 
007429 	218 	95 	187 	186 
007430 	218 	95 	187 	186 
007431 	218 	95 	187 	186 
007432 	218 	95 	187 	186 
007433 	218 	95 	187 	186 
007434 	218 	95 	187 	186 
007435 	218 	95 	187 	186 
007436 	218 	95 	187 	186 
007437 	218 	95 	187 	186 
007438 	218 	95 	187 	186 
007439 	218 	95 	187 	186 
007440 	218 	95 	187 	186 
007441 	218 	95 	187 	186 
007442 	218 	95 	187 	186 
007443 	218 	95 	187 	186 
007444 	218 	95 	187 	186 
007445 	218 	95 	187 	186 
007446 	218 	95 	187 	186 
007447 	218 	95 	187 	186 
007448 	218 	95 	187 	186 
007449 	218 	95 	187 	186 
007450 	218 	95 	187 	186 
007451 	218 	95 	187 	186 
007452 	233 	96 	156 	156 
007453 	233 	96 	156 	156 
007454 	233 	96 	156 	156 
007455 	233 	96 	156 	156 
007456 	218 	74 	187 	187 
007457 	218 	74 	187 	187 
007458 	218 	74 	187 	187 
007459 	218 	74 	187 	187 
007460 	218 	74 	187 	187 
007461 	218 	74 	187 	187 
007462 	218 	74 	187 	187 
007463 	218 	74 	187 	187 
007464 	218 	74 	187 	187 
007465 	233 	96 	156 	156 
007466 	233 	96 	156 	156 
007467 	233 	96 	156 	156 
007468 	233 	96 	156 	156 
007469 	233 	96 	156 	156 
007470 	233 	96 	156 	156 
007471 	233 	96 	156 	156 
007472 	233 	96 	156 	156 
007473 	233 	96 	156 	156 
007474 	233 	96 	156 	156 
007475 	233 	96 	156 	156 
007476 	233 	96 	156 	156 
007477 	233 	96 	156 	156 
007478 	233 	96 	156 	156 
007479 	233 	96 	156 	156 
007480 	233 	96 	156 	156 
007481 	233 	96 	156 	156 
007482 	233 	96 	156 	156 
007483 	233 	96 	156 	156 
007484 	233 	96 	156 	156 
007485 	233 	96 	156 	156 
007486 	218 	95 	187 	186 
007487 	218 	95 	187 	186 
007488 	218 	95 	187 	186 
007489 	218 	95 	187 	186 
007490 	218 	95 	187 	186 
007491 	218 	95 	187 	186 
007492 	218 	95 	187 	186 
007493 	218 	95 	187 	186 
007494 	218 	95 	187 	186 
007495 	218 	95 	187 	186 
007496 	218 	95 	187 	186 
007497 	218 	95 	187 	186 
007498 	218 	74 	187 	187 
007499 	218 	74 	187 	187 
007500 	218 	74 	187 	187 
007501 	218 	74 	187 	187 
007502 	218 	74 	187 	187 
007503 	218 	74 	187 	187 
007504 	218 	74 	187 	187 
007505 	218 	74 	187 	187 
007506 	218 	74 	187 	187 
007507 	218 	74 	187 	187 
007508 	218 	74 	187 	187 
007509 	218 	74 	187 	187 
007510 	218 	74 	187 	187 
007511 	218 	74 	187 	187 
007512 	218 	74 	187 	187 
007513 	218 	74 	187 	187 
007514 	218 	74 	187 	187 
007515 	233 	96 	156 	156 
007516 	233 	96 	156 	156 
007517 	233 	96 	156 	156 
007518 	233 	96 	156 	156 
007519 	233 	96 	156 	156 
007520 	233 	96 	156 	156 
007521 	233 	96 	156 	156 
007522 	233 	96 	156 	156 
007523 	233 	96 	156 	156 
007524 	233 	96 	156 	156 
007525 	233 	96 	156 	156 
007526 	233 	96 	156 	156 
007527 	233 	96 	156 	156 
007528 	218 	95 	187 	186 
007529 	233 	96 	156 	156 
007530 	233 	96 	156 	156 
007531 	233 	96 	156 	156 
007532 	233 	96 	156 	156 
007533 	233 	96 	156 	156 
007534 	218 	95 	187 	186 
007535 	233 	96 	156 	156 
007536 	233 	96 	156 	156 
007537 	218 	95 	187 	186 
007538 	218 	95 	187 	186 
007539 	218 	95 	187 	186 
007540 	218 	95 	187 	186 
007541 	218 	95 	187 	186 
007542 	218 	95 	187 	186 
007543 	218 	95 	187 	186 
007544 	218 	95 	187 	186 
007545 	218 	95 	187 	186 
007546 	218 	95 	187 	186 
007547 	218 	95 	187 	186 
007548 	218 	95 	187 	186 
007549 	218 	95 	187 	186 
007550 	218 	95 	187 	186 
007551 	218 	95 	187 	186 
007552 	218 	95 	187 	186 
007553 	218 	95 	187 	186 
007554 	218 	95 	187 	186 
007555 	233 	96 	156 	156 
007556 	233 	96 	156 	156 
007557 	233 	96 	156 	156 
007558 	218 	95 	187 	186 
007559 	218 	95 	187 	186 
007560 	218 	95 	187 	186 
007561 	218 	95 	187 	186 
007562 	218 	95 	187 	186 
007563 	233 	96 	156 	156 
007564 	233 	96 	156 	156 
007565 	233 	96 	156 	156 
007566 	233 	96 	156 	156 
007567 	218 	74 	187 	187 
007568 	218 	74 	187 	187 
007569 	218 	74 	187 	187 
007570 	218 	74 	187 	187 
007571 	218 	74 	187 	187 
007572 	218 	74 	187 	187 
007573 	218 	74 	187 	187 
007574 	218 	74 	187 	187 
007575 	218 	74 	187 	187 
007576 	218 	74 	187 	187 
007577 	218 	74 	187 	187 
007578 	218 	74 	187 	187 
007579 	218 	74 	187 	187 
007580 	218 	74 	187 	187 
007581 	218 	74 	187 	187 
007582 	218 	74 	187 	187 
007583 	218 	74 	187 	187 
007584 	218 	74 	187 	187 
007585 	218 	74 	187 	187 
007586 	218 	74 	187 	187 
007587 	218 	74 	187 	187 
007588 	218 	74 	187 	187 
007589 	218 	74 	187 	187 
007590 	218 	74 	187 	187 
007591 	218 	74 	187 	187 
007592 	218 	74 	187 	187 
007593 	218 	74 	187 	187 
007594 	218 	74 	187 	187 
007595 	218 	74 	187 	187 
007596 	218 	74 	187 	187 
007597 	218 	74 	187 	187 
007598 	218 	74 	187 	187 
007599 	218 	53 	187 	187 
007600 	218 	53 	187 	187 
007601 	218 	53 	187 	187 
007602 	218 	53 	187 	187 
007603 	218 	74 	187 	187 
007604 	218 	74 	187 	187 
007605 	218 	74 	187 	187 
007606 	218 	74 	187 	187 
007607 	218 	74 	187 	187 
007608 	218 	74 	187 	187 
007609 	218 	74 	187 	187 
007610 	218 	74 	187 	187 
007611 	218 	74 	187 	187 
007612 	218 	74 	187 	187 
007613 	218 	74 	187 	187 
