Identity  : 	id10302
Reference : 	2Er-cV85fc4
Offset    : 	-2
FV Conf   : 	14.081
ASD Conf  : 	6.020

FRAME 	X 	Y 	W 	H 
005308 	197 	95 	187 	186 
005309 	197 	95 	187 	186 
005310 	197 	95 	187 	186 
005311 	197 	95 	187 	186 
005312 	197 	95 	187 	186 
005313 	197 	95 	187 	186 
005314 	177 	95 	187 	186 
005315 	177 	95 	187 	186 
005316 	177 	95 	187 	186 
005317 	197 	115 	187 	187 
005318 	216 	113 	156 	156 
005319 	216 	113 	156 	156 
005320 	197 	95 	187 	186 
005321 	197 	95 	187 	186 
005322 	197 	95 	187 	186 
005323 	197 	95 	187 	186 
005324 	197 	95 	187 	186 
005325 	197 	95 	187 	186 
005326 	197 	95 	187 	186 
005327 	216 	96 	156 	156 
005328 	216 	96 	156 	156 
005329 	216 	96 	156 	156 
005330 	216 	96 	156 	156 
005331 	216 	96 	156 	156 
005332 	216 	96 	156 	156 
005333 	197 	95 	187 	186 
005334 	197 	95 	187 	186 
005335 	216 	96 	156 	156 
005336 	216 	96 	156 	156 
005337 	216 	96 	156 	156 
005338 	216 	96 	156 	156 
005339 	216 	96 	156 	156 
005340 	216 	96 	156 	156 
005341 	197 	74 	187 	187 
005342 	197 	74 	187 	187 
005343 	197 	74 	187 	187 
005344 	216 	96 	156 	156 
005345 	216 	96 	156 	156 
005346 	216 	96 	156 	156 
005347 	216 	96 	156 	156 
005348 	216 	96 	156 	156 
005349 	216 	96 	156 	156 
005350 	216 	96 	156 	156 
005351 	216 	96 	156 	156 
005352 	216 	96 	156 	156 
005353 	216 	96 	156 	156 
005354 	216 	96 	156 	156 
005355 	216 	96 	156 	156 
005356 	216 	96 	156 	156 
005357 	216 	96 	156 	156 
005358 	216 	96 	156 	156 
005359 	216 	96 	156 	156 
005360 	216 	96 	156 	156 
005361 	216 	96 	156 	156 
005362 	216 	96 	156 	156 
005363 	216 	96 	156 	156 
005364 	216 	96 	156 	156 
005365 	216 	96 	156 	156 
005366 	216 	96 	156 	156 
005367 	216 	96 	156 	156 
005368 	216 	96 	156 	156 
005369 	216 	96 	156 	156 
005370 	216 	96 	156 	156 
005371 	197 	74 	187 	187 
005372 	197 	74 	187 	187 
005373 	177 	53 	187 	187 
005374 	177 	53 	187 	187 
005375 	177 	53 	187 	187 
005376 	177 	53 	187 	187 
005377 	199 	79 	155 	156 
005378 	197 	74 	187 	187 
005379 	197 	74 	187 	187 
005380 	197 	74 	187 	187 
005381 	216 	96 	156 	156 
005382 	216 	96 	156 	156 
005383 	216 	96 	156 	156 
005384 	216 	96 	156 	156 
005385 	197 	95 	187 	186 
005386 	218 	95 	187 	186 
005387 	233 	96 	156 	156 
005388 	233 	96 	156 	156 
005389 	233 	96 	156 	156 
005390 	233 	96 	156 	156 
005391 	233 	96 	156 	156 
005392 	216 	96 	156 	156 
005393 	216 	96 	156 	156 
005394 	216 	96 	156 	156 
005395 	216 	96 	156 	156 
005396 	216 	96 	156 	156 
005397 	216 	96 	156 	156 
005398 	218 	95 	187 	186 
005399 	218 	95 	187 	186 
005400 	218 	95 	187 	186 
005401 	218 	95 	187 	186 
005402 	218 	95 	187 	186 
005403 	233 	96 	156 	156 
005404 	216 	96 	156 	156 
005405 	197 	95 	187 	186 
005406 	197 	95 	187 	186 
005407 	177 	74 	187 	187 
005408 	177 	74 	187 	187 
005409 	177 	74 	187 	187 
005410 	177 	74 	187 	187 
005411 	177 	74 	187 	187 
005412 	177 	74 	187 	187 
005413 	177 	74 	187 	187 
005414 	177 	74 	187 	187 
005415 	197 	74 	187 	187 
005416 	197 	74 	187 	187 
005417 	197 	74 	187 	187 
005418 	197 	74 	187 	187 
005419 	197 	95 	187 	186 
005420 	197 	95 	187 	186 
005421 	197 	95 	187 	186 
005422 	197 	95 	187 	186 
005423 	197 	95 	187 	186 
005424 	197 	95 	187 	186 
005425 	197 	95 	187 	186 
005426 	197 	95 	187 	186 
005427 	197 	95 	187 	186 
005428 	197 	95 	187 	186 
005429 	197 	95 	187 	186 
005430 	197 	95 	187 	186 
005431 	197 	95 	187 	186 
005432 	216 	96 	156 	156 
005433 	197 	95 	187 	186 
005434 	197 	95 	187 	186 
005435 	197 	95 	187 	186 
005436 	197 	95 	187 	186 
005437 	197 	95 	187 	186 
005438 	197 	95 	187 	186 
005439 	197 	95 	187 	186 
005440 	197 	95 	187 	186 
005441 	197 	95 	187 	186 
005442 	197 	95 	187 	186 
005443 	197 	95 	187 	186 
005444 	197 	95 	187 	186 
005445 	218 	95 	187 	186 
005446 	218 	95 	187 	186 
005447 	218 	95 	187 	186 
005448 	218 	95 	187 	186 
005449 	218 	95 	187 	186 
005450 	216 	96 	156 	156 
005451 	216 	96 	156 	156 
005452 	216 	96 	156 	156 
005453 	197 	95 	187 	186 
005454 	197 	95 	187 	186 
005455 	197 	95 	187 	186 
005456 	197 	95 	187 	186 
005457 	197 	95 	187 	186 
005458 	197 	95 	187 	186 
005459 	197 	95 	187 	186 
005460 	197 	95 	187 	186 
005461 	197 	95 	187 	186 
005462 	197 	95 	187 	186 
005463 	197 	95 	187 	186 
005464 	197 	95 	187 	186 
005465 	197 	95 	187 	186 
005466 	197 	95 	187 	186 
005467 	197 	95 	187 	186 
005468 	197 	95 	187 	186 
005469 	197 	95 	187 	186 
005470 	197 	95 	187 	186 
005471 	197 	95 	187 	186 
005472 	197 	95 	187 	186 
005473 	197 	95 	187 	186 
005474 	197 	95 	187 	186 
005475 	197 	95 	187 	186 
005476 	197 	95 	187 	186 
005477 	197 	95 	187 	186 
005478 	197 	95 	187 	186 
005479 	197 	95 	187 	186 
005480 	197 	95 	187 	186 
005481 	197 	95 	187 	186 
005482 	197 	95 	187 	186 
005483 	218 	95 	187 	186 
005484 	218 	95 	187 	186 
005485 	197 	95 	187 	186 
005486 	197 	95 	187 	186 
005487 	197 	95 	187 	186 
005488 	197 	95 	187 	186 
005489 	197 	95 	187 	186 
005490 	197 	95 	187 	186 
005491 	197 	95 	187 	186 
005492 	197 	95 	187 	186 
005493 	197 	95 	187 	186 
005494 	197 	95 	187 	186 
005495 	197 	95 	187 	186 
005496 	197 	95 	187 	186 
005497 	197 	95 	187 	186 
005498 	197 	95 	187 	186 
005499 	197 	95 	187 	186 
005500 	197 	95 	187 	186 
005501 	197 	95 	187 	186 
005502 	233 	96 	156 	156 
005503 	233 	96 	156 	156 
005504 	218 	95 	187 	186 
005505 	218 	95 	187 	186 
005506 	218 	95 	187 	186 
005507 	218 	95 	187 	186 
005508 	218 	95 	187 	186 
005509 	218 	95 	187 	186 
005510 	197 	95 	187 	186 
005511 	197 	95 	187 	186 
005512 	197 	95 	187 	186 
005513 	197 	95 	187 	186 
005514 	197 	95 	187 	186 
005515 	197 	95 	187 	186 
005516 	197 	95 	187 	186 
005517 	197 	95 	187 	186 
005518 	197 	95 	187 	186 
005519 	197 	95 	187 	186 
005520 	197 	95 	187 	186 
005521 	197 	95 	187 	186 
005522 	197 	95 	187 	186 
005523 	216 	113 	156 	156 
005524 	216 	113 	156 	156 
005525 	216 	113 	156 	156 
005526 	197 	115 	187 	187 
005527 	216 	113 	156 	156 
005528 	216 	113 	156 	156 
005529 	216 	113 	156 	156 
005530 	216 	113 	156 	156 
005531 	197 	95 	187 	186 
005532 	216 	113 	156 	156 
005533 	216 	113 	156 	156 
005534 	216 	113 	156 	156 
005535 	216 	113 	156 	156 
005536 	197 	95 	187 	186 
005537 	218 	95 	187 	186 
005538 	218 	95 	187 	186 
005539 	233 	96 	156 	156 
005540 	218 	74 	187 	187 
005541 	218 	74 	187 	187 
005542 	218 	74 	187 	187 
