Identity  : 	id10302
Reference : 	2Er-cV85fc4
Offset    : 	-2
FV Conf   : 	15.287
ASD Conf  : 	6.231

FRAME 	X 	Y 	W 	H 
008267 	233 	96 	156 	156 
008268 	233 	96 	156 	156 
008269 	233 	96 	156 	156 
008270 	233 	96 	156 	156 
008271 	233 	96 	156 	156 
008272 	233 	96 	156 	156 
008273 	233 	96 	156 	156 
008274 	233 	96 	156 	156 
008275 	233 	96 	156 	156 
008276 	218 	95 	187 	186 
008277 	218 	95 	187 	186 
008278 	233 	96 	156 	156 
008279 	233 	96 	156 	156 
008280 	233 	96 	156 	156 
008281 	233 	96 	156 	156 
008282 	233 	96 	156 	156 
008283 	216 	96 	156 	156 
008284 	233 	96 	156 	156 
008285 	216 	96 	156 	156 
008286 	216 	96 	156 	156 
008287 	216 	96 	156 	156 
008288 	233 	96 	156 	156 
008289 	233 	96 	156 	156 
008290 	233 	96 	156 	156 
008291 	233 	96 	156 	156 
008292 	233 	96 	156 	156 
008293 	233 	96 	156 	156 
008294 	233 	96 	156 	156 
008295 	233 	96 	156 	156 
008296 	233 	96 	156 	156 
008297 	233 	96 	156 	156 
008298 	233 	96 	156 	156 
008299 	233 	96 	156 	156 
008300 	233 	96 	156 	156 
008301 	233 	96 	156 	156 
008302 	233 	96 	156 	156 
008303 	218 	95 	187 	186 
008304 	218 	95 	187 	186 
008305 	218 	95 	187 	186 
008306 	218 	95 	187 	186 
008307 	218 	95 	187 	186 
008308 	218 	95 	187 	186 
008309 	218 	95 	187 	186 
008310 	218 	95 	187 	186 
008311 	233 	96 	156 	156 
008312 	233 	96 	156 	156 
008313 	218 	95 	187 	186 
008314 	218 	95 	187 	186 
008315 	218 	95 	187 	186 
008316 	233 	96 	156 	156 
008317 	233 	96 	156 	156 
008318 	218 	95 	187 	186 
008319 	233 	96 	156 	156 
008320 	218 	74 	187 	187 
008321 	233 	96 	156 	156 
008322 	218 	74 	187 	187 
008323 	218 	74 	187 	187 
008324 	218 	74 	187 	187 
008325 	233 	96 	156 	156 
008326 	233 	96 	156 	156 
008327 	218 	95 	187 	186 
008328 	233 	96 	156 	156 
008329 	233 	96 	156 	156 
008330 	233 	96 	156 	156 
008331 	218 	95 	187 	186 
008332 	233 	96 	156 	156 
008333 	218 	95 	187 	186 
008334 	218 	95 	187 	186 
008335 	233 	96 	156 	156 
008336 	233 	96 	156 	156 
008337 	233 	96 	156 	156 
008338 	233 	96 	156 	156 
008339 	233 	96 	156 	156 
008340 	233 	96 	156 	156 
008341 	233 	96 	156 	156 
008342 	233 	96 	156 	156 
008343 	233 	96 	156 	156 
008344 	233 	96 	156 	156 
008345 	233 	96 	156 	156 
008346 	218 	95 	187 	186 
008347 	233 	96 	156 	156 
008348 	233 	96 	156 	156 
008349 	218 	95 	187 	186 
008350 	233 	96 	156 	156 
008351 	233 	96 	156 	156 
008352 	233 	96 	156 	156 
008353 	233 	96 	156 	156 
008354 	218 	95 	187 	186 
008355 	233 	96 	156 	156 
008356 	218 	95 	187 	186 
008357 	218 	95 	187 	186 
008358 	218 	95 	187 	186 
008359 	218 	95 	187 	186 
008360 	218 	95 	187 	186 
008361 	218 	95 	187 	186 
008362 	218 	95 	187 	186 
008363 	218 	95 	187 	186 
008364 	250 	96 	156 	156 
008365 	233 	96 	156 	156 
008366 	233 	96 	156 	156 
008367 	218 	74 	187 	187 
008368 	218 	74 	187 	187 
008369 	218 	74 	187 	187 
008370 	218 	74 	187 	187 
008371 	218 	74 	187 	187 
008372 	218 	74 	187 	187 
008373 	218 	74 	187 	187 
008374 	218 	74 	187 	187 
008375 	218 	74 	187 	187 
008376 	218 	74 	187 	187 
008377 	218 	74 	187 	187 
008378 	218 	74 	187 	187 
008379 	218 	74 	187 	187 
008380 	218 	74 	187 	187 
008381 	218 	74 	187 	187 
008382 	218 	74 	187 	187 
008383 	197 	74 	187 	187 
008384 	197 	74 	187 	187 
008385 	197 	74 	187 	187 
008386 	197 	74 	187 	187 
008387 	197 	74 	187 	187 
008388 	218 	74 	187 	187 
008389 	218 	74 	187 	187 
008390 	218 	74 	187 	187 
008391 	218 	74 	187 	187 
008392 	218 	74 	187 	187 
008393 	218 	74 	187 	187 
008394 	218 	74 	187 	187 
008395 	218 	74 	187 	187 
008396 	218 	74 	187 	187 
008397 	218 	74 	187 	187 
008398 	197 	74 	187 	187 
008399 	197 	74 	187 	187 
008400 	197 	74 	187 	187 
008401 	197 	74 	187 	187 
008402 	197 	74 	187 	187 
008403 	197 	74 	187 	187 
008404 	197 	74 	187 	187 
008405 	197 	74 	187 	187 
008406 	197 	74 	187 	187 
008407 	197 	74 	187 	187 
008408 	197 	74 	187 	187 
008409 	197 	74 	187 	187 
008410 	197 	74 	187 	187 
008411 	197 	74 	187 	187 
008412 	197 	74 	187 	187 
008413 	197 	74 	187 	187 
008414 	197 	74 	187 	187 
008415 	197 	74 	187 	187 
008416 	216 	96 	156 	156 
008417 	216 	96 	156 	156 
008418 	197 	74 	187 	187 
008419 	216 	96 	156 	156 
008420 	216 	96 	156 	156 
008421 	197 	74 	187 	187 
008422 	216 	96 	156 	156 
008423 	216 	96 	156 	156 
008424 	216 	96 	156 	156 
008425 	216 	96 	156 	156 
008426 	216 	96 	156 	156 
008427 	216 	96 	156 	156 
008428 	216 	96 	156 	156 
008429 	216 	96 	156 	156 
008430 	216 	96 	156 	156 
008431 	197 	95 	187 	186 
008432 	197 	95 	187 	186 
008433 	197 	95 	187 	186 
008434 	197 	95 	187 	186 
008435 	197 	95 	187 	186 
008436 	218 	95 	187 	186 
008437 	218 	95 	187 	186 
008438 	197 	95 	187 	186 
008439 	197 	95 	187 	186 
008440 	197 	95 	187 	186 
008441 	216 	96 	156 	156 
008442 	216 	96 	156 	156 
008443 	197 	74 	187 	187 
008444 	197 	74 	187 	187 
008445 	197 	74 	187 	187 
008446 	197 	74 	187 	187 
008447 	197 	74 	187 	187 
008448 	197 	74 	187 	187 
008449 	197 	74 	187 	187 
008450 	197 	74 	187 	187 
008451 	197 	74 	187 	187 
008452 	216 	96 	156 	156 
008453 	216 	96 	156 	156 
008454 	197 	95 	187 	186 
008455 	197 	95 	187 	186 
008456 	216 	113 	156 	156 
008457 	197 	95 	187 	186 
008458 	197 	95 	187 	186 
008459 	199 	113 	155 	156 
008460 	197 	95 	187 	186 
008461 	197 	95 	187 	186 
008462 	197 	95 	187 	186 
008463 	197 	95 	187 	186 
008464 	197 	95 	187 	186 
008465 	197 	95 	187 	186 
008466 	197 	95 	187 	186 
008467 	199 	96 	155 	156 
