Identity  : 	id10302
Reference : 	2Er-cV85fc4
Offset    : 	-2
FV Conf   : 	15.549
ASD Conf  : 	5.986

FRAME 	X 	Y 	W 	H 
010343 	218 	95 	187 	186 
010344 	218 	95 	187 	186 
010345 	250 	96 	156 	156 
010346 	250 	96 	156 	156 
010347 	250 	96 	156 	156 
010348 	250 	96 	156 	156 
010349 	250 	96 	156 	156 
010350 	250 	96 	156 	156 
010351 	233 	96 	156 	156 
010352 	233 	96 	156 	156 
010353 	233 	96 	156 	156 
010354 	233 	96 	156 	156 
010355 	233 	96 	156 	156 
010356 	233 	96 	156 	156 
010357 	233 	96 	156 	156 
010358 	233 	96 	156 	156 
010359 	233 	96 	156 	156 
010360 	233 	96 	156 	156 
010361 	233 	96 	156 	156 
010362 	233 	96 	156 	156 
010363 	233 	96 	156 	156 
010364 	233 	96 	156 	156 
010365 	233 	96 	156 	156 
010366 	233 	96 	156 	156 
010367 	233 	96 	156 	156 
010368 	233 	96 	156 	156 
010369 	233 	96 	156 	156 
010370 	233 	96 	156 	156 
010371 	233 	96 	156 	156 
010372 	233 	96 	156 	156 
010373 	218 	95 	187 	186 
010374 	218 	95 	187 	186 
010375 	218 	95 	187 	186 
010376 	218 	95 	187 	186 
010377 	218 	95 	187 	186 
010378 	218 	95 	187 	186 
010379 	218 	95 	187 	186 
010380 	218 	95 	187 	186 
010381 	218 	95 	187 	186 
010382 	218 	95 	187 	186 
010383 	218 	95 	187 	186 
010384 	218 	95 	187 	186 
010385 	218 	95 	187 	186 
010386 	218 	95 	187 	186 
010387 	218 	95 	187 	186 
010388 	218 	95 	187 	186 
010389 	218 	95 	187 	186 
010390 	218 	95 	187 	186 
010391 	218 	95 	187 	186 
010392 	218 	95 	187 	186 
010393 	218 	95 	187 	186 
010394 	218 	95 	187 	186 
010395 	218 	95 	187 	186 
010396 	218 	95 	187 	186 
010397 	233 	96 	156 	156 
010398 	233 	96 	156 	156 
010399 	233 	96 	156 	156 
010400 	233 	96 	156 	156 
010401 	218 	74 	187 	187 
010402 	218 	74 	187 	187 
010403 	218 	74 	187 	187 
010404 	233 	96 	156 	156 
010405 	233 	96 	156 	156 
010406 	233 	96 	156 	156 
010407 	233 	96 	156 	156 
010408 	233 	96 	156 	156 
010409 	233 	96 	156 	156 
010410 	233 	96 	156 	156 
010411 	218 	95 	187 	186 
010412 	218 	95 	187 	186 
010413 	218 	95 	187 	186 
010414 	218 	95 	187 	186 
010415 	218 	95 	187 	186 
010416 	218 	95 	187 	186 
010417 	218 	95 	187 	186 
010418 	218 	95 	187 	186 
010419 	218 	95 	187 	186 
010420 	218 	95 	187 	186 
010421 	218 	95 	187 	186 
010422 	218 	95 	187 	186 
010423 	218 	95 	187 	186 
010424 	218 	95 	187 	186 
010425 	218 	95 	187 	186 
010426 	218 	95 	187 	186 
010427 	218 	95 	187 	186 
010428 	218 	95 	187 	186 
010429 	218 	95 	187 	186 
010430 	218 	95 	187 	186 
010431 	218 	95 	187 	186 
010432 	218 	95 	187 	186 
010433 	218 	95 	187 	186 
010434 	218 	95 	187 	186 
010435 	218 	95 	187 	186 
010436 	218 	95 	187 	186 
010437 	218 	95 	187 	186 
010438 	233 	96 	156 	156 
010439 	233 	96 	156 	156 
010440 	233 	96 	156 	156 
010441 	233 	96 	156 	156 
010442 	233 	96 	156 	156 
010443 	218 	95 	187 	186 
010444 	218 	95 	187 	186 
010445 	218 	95 	187 	186 
010446 	218 	95 	187 	186 
010447 	218 	95 	187 	186 
010448 	218 	95 	187 	186 
010449 	218 	95 	187 	186 
010450 	218 	95 	187 	186 
010451 	218 	95 	187 	186 
010452 	218 	95 	187 	186 
010453 	218 	95 	187 	186 
010454 	218 	95 	187 	186 
010455 	218 	95 	187 	186 
010456 	218 	95 	187 	186 
010457 	218 	95 	187 	186 
010458 	218 	95 	187 	186 
010459 	218 	95 	187 	186 
010460 	218 	95 	187 	186 
010461 	218 	95 	187 	186 
010462 	218 	95 	187 	186 
010463 	218 	95 	187 	186 
010464 	218 	95 	187 	186 
010465 	218 	95 	187 	186 
010466 	218 	95 	187 	186 
010467 	233 	96 	156 	156 
010468 	218 	74 	187 	187 
010469 	218 	74 	187 	187 
010470 	218 	74 	187 	187 
010471 	218 	74 	187 	187 
010472 	218 	74 	187 	187 
010473 	218 	74 	187 	187 
010474 	233 	96 	156 	156 
010475 	233 	96 	156 	156 
010476 	233 	96 	156 	156 
010477 	218 	95 	187 	186 
010478 	218 	95 	187 	186 
010479 	218 	95 	187 	186 
010480 	218 	95 	187 	186 
010481 	218 	95 	187 	186 
010482 	218 	95 	187 	186 
010483 	218 	95 	187 	186 
010484 	233 	96 	156 	156 
010485 	233 	96 	156 	156 
010486 	233 	96 	156 	156 
010487 	233 	96 	156 	156 
010488 	233 	96 	156 	156 
010489 	218 	95 	187 	186 
010490 	218 	95 	187 	186 
010491 	218 	95 	187 	186 
010492 	218 	95 	187 	186 
010493 	218 	95 	187 	186 
010494 	218 	95 	187 	186 
010495 	218 	95 	187 	186 
010496 	218 	95 	187 	186 
010497 	218 	95 	187 	186 
010498 	233 	96 	156 	156 
010499 	233 	96 	156 	156 
010500 	233 	96 	156 	156 
010501 	233 	96 	156 	156 
010502 	218 	95 	187 	186 
010503 	218 	95 	187 	186 
010504 	218 	95 	187 	186 
010505 	218 	95 	187 	186 
010506 	218 	95 	187 	186 
010507 	218 	95 	187 	186 
010508 	218 	95 	187 	186 
010509 	218 	95 	187 	186 
010510 	218 	95 	187 	186 
010511 	218 	95 	187 	186 
010512 	218 	95 	187 	186 
010513 	218 	95 	187 	186 
010514 	218 	95 	187 	186 
010515 	233 	96 	156 	156 
010516 	233 	96 	156 	156 
010517 	233 	96 	156 	156 
010518 	218 	95 	187 	186 
010519 	218 	95 	187 	186 
010520 	218 	95 	187 	186 
010521 	218 	95 	187 	186 
010522 	218 	95 	187 	186 
010523 	218 	95 	187 	186 
010524 	218 	95 	187 	186 
010525 	233 	96 	156 	156 
010526 	218 	95 	187 	186 
010527 	233 	96 	156 	156 
010528 	218 	95 	187 	186 
010529 	218 	95 	187 	186 
010530 	218 	95 	187 	186 
010531 	218 	95 	187 	186 
010532 	218 	95 	187 	186 
010533 	218 	95 	187 	186 
010534 	218 	95 	187 	186 
010535 	218 	95 	187 	186 
010536 	218 	95 	187 	186 
010537 	218 	95 	187 	186 
010538 	218 	95 	187 	186 
010539 	218 	95 	187 	186 
010540 	218 	95 	187 	186 
010541 	218 	95 	187 	186 
010542 	218 	95 	187 	186 
010543 	218 	95 	187 	186 
010544 	218 	95 	187 	186 
010545 	218 	95 	187 	186 
010546 	218 	95 	187 	186 
010547 	218 	95 	187 	186 
010548 	218 	95 	187 	186 
010549 	218 	95 	187 	186 
010550 	218 	95 	187 	186 
010551 	218 	95 	187 	186 
010552 	218 	95 	187 	186 
010553 	218 	95 	187 	186 
010554 	218 	95 	187 	186 
010555 	218 	95 	187 	186 
010556 	218 	95 	187 	186 
010557 	218 	95 	187 	186 
010558 	218 	95 	187 	186 
010559 	218 	95 	187 	186 
010560 	218 	95 	187 	186 
010561 	218 	95 	187 	186 
010562 	218 	95 	187 	186 
010563 	218 	95 	187 	186 
010564 	218 	95 	187 	186 
010565 	218 	95 	187 	186 
010566 	218 	95 	187 	186 
010567 	218 	95 	187 	186 
010568 	233 	96 	156 	156 
010569 	233 	96 	156 	156 
010570 	233 	96 	156 	156 
010571 	218 	95 	187 	186 
010572 	218 	95 	187 	186 
010573 	218 	95 	187 	186 
010574 	233 	96 	156 	156 
010575 	233 	96 	156 	156 
010576 	233 	96 	156 	156 
010577 	233 	96 	156 	156 
010578 	218 	95 	187 	186 
010579 	218 	95 	187 	186 
010580 	218 	95 	187 	186 
010581 	218 	95 	187 	186 
010582 	218 	95 	187 	186 
010583 	218 	95 	187 	186 
010584 	218 	95 	187 	186 
010585 	218 	95 	187 	186 
010586 	218 	95 	187 	186 
010587 	218 	95 	187 	186 
010588 	218 	95 	187 	186 
010589 	218 	95 	187 	186 
010590 	218 	95 	187 	186 
010591 	218 	95 	187 	186 
010592 	218 	95 	187 	186 
010593 	218 	95 	187 	186 
010594 	218 	95 	187 	186 
010595 	218 	95 	187 	186 
010596 	218 	95 	187 	186 
010597 	218 	95 	187 	186 
010598 	218 	95 	187 	186 
010599 	218 	95 	187 	186 
010600 	218 	95 	187 	186 
010601 	218 	95 	187 	186 
010602 	218 	95 	187 	186 
010603 	218 	95 	187 	186 
010604 	218 	95 	187 	186 
010605 	218 	95 	187 	186 
010606 	218 	95 	187 	186 
010607 	218 	95 	187 	186 
010608 	218 	95 	187 	186 
010609 	233 	96 	156 	156 
010610 	233 	96 	156 	156 
010611 	233 	96 	156 	156 
010612 	233 	96 	156 	156 
010613 	233 	96 	156 	156 
010614 	233 	96 	156 	156 
010615 	233 	96 	156 	156 
010616 	233 	96 	156 	156 
010617 	233 	96 	156 	156 
010618 	233 	96 	156 	156 
010619 	233 	96 	156 	156 
010620 	233 	96 	156 	156 
010621 	233 	96 	156 	156 
010622 	233 	96 	156 	156 
010623 	233 	96 	156 	156 
010624 	233 	96 	156 	156 
010625 	233 	96 	156 	156 
010626 	233 	96 	156 	156 
010627 	218 	95 	187 	186 
010628 	218 	95 	187 	186 
010629 	218 	95 	187 	186 
010630 	218 	95 	187 	186 
010631 	218 	95 	187 	186 
010632 	218 	95 	187 	186 
010633 	218 	95 	187 	186 
010634 	218 	95 	187 	186 
010635 	218 	95 	187 	186 
010636 	218 	95 	187 	186 
010637 	218 	95 	187 	186 
010638 	218 	95 	187 	186 
010639 	197 	95 	187 	186 
010640 	197 	95 	187 	186 
010641 	197 	95 	187 	186 
010642 	197 	95 	187 	186 
010643 	177 	74 	187 	187 
010644 	197 	95 	187 	186 
010645 	197 	95 	187 	186 
010646 	197 	95 	187 	186 
010647 	197 	95 	187 	186 
010648 	197 	95 	187 	186 
010649 	216 	113 	156 	156 
010650 	216 	113 	156 	156 
010651 	197 	115 	187 	187 
010652 	197 	115 	187 	187 
010653 	218 	115 	187 	187 
010654 	218 	115 	187 	187 
010655 	218 	115 	187 	187 
010656 	218 	115 	187 	187 
010657 	218 	115 	187 	187 
010658 	218 	115 	187 	187 
010659 	233 	113 	156 	156 
010660 	233 	113 	156 	156 
010661 	218 	95 	187 	186 
010662 	218 	95 	187 	186 
010663 	218 	95 	187 	186 
010664 	218 	95 	187 	186 
010665 	218 	95 	187 	186 
010666 	218 	95 	187 	186 
010667 	218 	95 	187 	186 
010668 	218 	95 	187 	186 
010669 	218 	95 	187 	186 
010670 	218 	95 	187 	186 
010671 	218 	95 	187 	186 
010672 	218 	95 	187 	186 
010673 	218 	95 	187 	186 
010674 	218 	95 	187 	186 
010675 	218 	95 	187 	186 
010676 	218 	95 	187 	186 
010677 	218 	95 	187 	186 
010678 	218 	95 	187 	186 
010679 	218 	95 	187 	186 
010680 	218 	95 	187 	186 
010681 	218 	95 	187 	186 
010682 	218 	95 	187 	186 
010683 	218 	95 	187 	186 
010684 	218 	95 	187 	186 
010685 	218 	95 	187 	186 
010686 	218 	95 	187 	186 
010687 	218 	95 	187 	186 
010688 	218 	95 	187 	186 
010689 	218 	95 	187 	186 
010690 	218 	95 	187 	186 
010691 	218 	95 	187 	186 
010692 	218 	95 	187 	186 
010693 	218 	95 	187 	186 
010694 	218 	95 	187 	186 
010695 	218 	95 	187 	186 
010696 	218 	95 	187 	186 
010697 	233 	113 	156 	156 
010698 	233 	113 	156 	156 
010699 	233 	113 	156 	156 
010700 	233 	113 	156 	156 
010701 	233 	113 	156 	156 
010702 	233 	113 	156 	156 
010703 	233 	113 	156 	156 
010704 	233 	113 	156 	156 
010705 	218 	95 	187 	186 
010706 	218 	95 	187 	186 
