Identity  : 	id10306
Reference : 	yZc0ySzPBzE
Offset    : 	-1
FV Conf   : 	15.822
ASD Conf  : 	6.553

FRAME 	X 	Y 	W 	H 
000617 	323 	85 	91 	91 
000618 	323 	85 	91 	91 
000619 	323 	85 	91 	91 
000620 	323 	85 	91 	91 
000621 	323 	85 	91 	91 
000622 	323 	85 	91 	91 
000623 	323 	85 	91 	91 
000624 	323 	85 	91 	91 
000625 	323 	85 	91 	91 
000626 	323 	75 	91 	91 
000627 	323 	75 	91 	91 
000628 	323 	75 	91 	91 
000629 	323 	75 	91 	91 
000630 	323 	75 	91 	91 
000631 	323 	75 	91 	91 
000632 	323 	75 	91 	91 
000633 	323 	75 	91 	91 
000634 	323 	75 	91 	91 
000635 	323 	75 	91 	91 
000636 	323 	75 	91 	91 
000637 	323 	85 	91 	91 
000638 	323 	85 	91 	91 
000639 	323 	85 	91 	91 
000640 	323 	85 	91 	91 
000641 	323 	85 	91 	91 
000642 	323 	85 	91 	91 
000643 	323 	85 	91 	91 
000644 	323 	85 	91 	91 
000645 	323 	85 	91 	91 
000646 	323 	85 	91 	91 
000647 	323 	85 	91 	91 
000648 	323 	75 	91 	91 
000649 	323 	75 	91 	91 
000650 	323 	75 	91 	91 
000651 	323 	85 	91 	91 
000652 	323 	85 	91 	91 
000653 	323 	85 	91 	91 
000654 	323 	85 	91 	91 
000655 	323 	85 	91 	91 
000656 	323 	85 	91 	91 
000657 	323 	85 	91 	91 
000658 	323 	85 	91 	91 
000659 	323 	85 	91 	91 
000660 	323 	85 	91 	91 
000661 	323 	85 	91 	91 
000662 	323 	85 	91 	91 
000663 	323 	85 	91 	91 
000664 	323 	85 	91 	91 
000665 	323 	85 	91 	91 
000666 	323 	85 	91 	91 
000667 	323 	85 	91 	91 
000668 	323 	85 	91 	91 
000669 	323 	85 	91 	91 
000670 	323 	85 	91 	91 
000671 	323 	85 	91 	91 
000672 	323 	85 	91 	91 
000673 	323 	85 	91 	91 
000674 	323 	85 	91 	91 
000675 	323 	85 	91 	91 
000676 	323 	85 	91 	91 
000677 	323 	75 	91 	91 
000678 	336 	87 	75 	76 
000679 	323 	75 	91 	91 
000680 	336 	87 	75 	76 
000681 	336 	87 	75 	76 
000682 	323 	75 	91 	91 
000683 	323 	75 	91 	91 
000684 	323 	75 	91 	91 
000685 	323 	75 	91 	91 
000686 	323 	75 	91 	91 
000687 	323 	75 	91 	91 
000688 	323 	75 	91 	91 
000689 	323 	75 	91 	91 
000690 	336 	87 	75 	76 
000691 	336 	87 	75 	76 
000692 	336 	87 	75 	76 
000693 	336 	87 	75 	76 
000694 	336 	87 	75 	76 
000695 	333 	85 	91 	91 
000696 	336 	87 	75 	76 
000697 	336 	87 	75 	76 
000698 	323 	75 	91 	91 
000699 	323 	75 	91 	91 
000700 	336 	87 	75 	76 
000701 	336 	87 	75 	76 
000702 	323 	75 	91 	91 
000703 	323 	75 	91 	91 
000704 	336 	87 	75 	76 
000705 	323 	75 	91 	91 
000706 	323 	75 	91 	91 
000707 	323 	75 	91 	91 
000708 	323 	75 	91 	91 
000709 	336 	87 	75 	76 
000710 	323 	75 	91 	91 
000711 	323 	75 	91 	91 
000712 	323 	75 	91 	91 
000713 	323 	75 	91 	91 
000714 	323 	75 	91 	91 
000715 	323 	75 	91 	91 
000716 	323 	75 	91 	91 
000717 	323 	75 	91 	91 
000718 	323 	75 	91 	91 
000719 	323 	75 	91 	91 
000720 	323 	75 	91 	91 
000721 	333 	75 	91 	91 
000722 	333 	75 	91 	91 
000723 	333 	75 	91 	91 
000724 	333 	75 	91 	91 
000725 	333 	75 	91 	91 
000726 	333 	75 	91 	91 
000727 	333 	75 	91 	91 
000728 	323 	75 	91 	91 
000729 	323 	75 	91 	91 
000730 	323 	75 	91 	91 
000731 	333 	75 	91 	91 
000732 	333 	75 	91 	91 
000733 	333 	75 	91 	91 
