Identity  : 	id10307
Reference : 	IASj5B-pAyM
Offset    : 	-4
FV Conf   : 	13.807
ASD Conf  : 	8.858

FRAME 	X 	Y 	W 	H 
007535 	257 	54 	109 	109 
007536 	257 	54 	109 	109 
007537 	257 	54 	109 	109 
007538 	257 	54 	109 	109 
007539 	257 	54 	109 	109 
007540 	257 	54 	109 	109 
007541 	257 	54 	109 	109 
007542 	257 	54 	109 	109 
007543 	257 	54 	109 	109 
007544 	257 	54 	109 	109 
007545 	257 	54 	109 	109 
007546 	257 	54 	109 	109 
007547 	257 	54 	109 	109 
007548 	257 	54 	109 	109 
007549 	257 	54 	109 	109 
007550 	257 	54 	109 	109 
007551 	257 	54 	109 	109 
007552 	257 	54 	109 	109 
007553 	257 	54 	109 	109 
007554 	257 	54 	109 	109 
007555 	257 	54 	109 	109 
007556 	257 	54 	109 	109 
007557 	257 	54 	109 	109 
007558 	257 	54 	109 	109 
007559 	257 	54 	109 	109 
007560 	269 	54 	108 	109 
007561 	269 	54 	108 	109 
007562 	269 	54 	108 	109 
007563 	269 	54 	108 	109 
007564 	269 	54 	108 	109 
007565 	269 	54 	108 	109 
007566 	269 	54 	108 	109 
007567 	269 	54 	108 	109 
007568 	269 	54 	108 	109 
007569 	269 	54 	108 	109 
007570 	269 	54 	108 	109 
007571 	269 	54 	108 	109 
007572 	269 	54 	108 	109 
007573 	281 	54 	108 	109 
007574 	281 	54 	108 	109 
007575 	281 	54 	108 	109 
007576 	281 	54 	108 	109 
007577 	281 	54 	108 	109 
007578 	293 	54 	108 	109 
007579 	293 	54 	108 	109 
007580 	293 	54 	108 	109 
007581 	293 	54 	108 	109 
007582 	293 	54 	108 	109 
007583 	293 	54 	108 	109 
007584 	293 	54 	108 	109 
007585 	293 	54 	108 	109 
007586 	293 	54 	108 	109 
007587 	304 	65 	90 	91 
007588 	304 	65 	90 	91 
007589 	304 	65 	90 	91 
007590 	304 	65 	90 	91 
007591 	304 	65 	90 	91 
007592 	293 	66 	108 	109 
007593 	293 	66 	108 	109 
007594 	293 	66 	108 	109 
007595 	293 	66 	108 	109 
007596 	304 	65 	90 	91 
007597 	304 	65 	90 	91 
007598 	314 	65 	90 	91 
007599 	314 	65 	90 	91 
007600 	305 	54 	108 	109 
007601 	305 	54 	108 	109 
007602 	323 	65 	91 	91 
007603 	323 	65 	91 	91 
007604 	323 	65 	91 	91 
007605 	317 	54 	108 	109 
007606 	317 	54 	108 	109 
007607 	317 	54 	108 	109 
007608 	317 	54 	108 	109 
007609 	317 	54 	108 	109 
007610 	333 	65 	91 	91 
007611 	333 	65 	91 	91 
007612 	333 	65 	91 	91 
007613 	333 	65 	91 	91 
007614 	333 	65 	91 	91 
007615 	333 	65 	91 	91 
007616 	333 	65 	91 	91 
007617 	333 	65 	91 	91 
007618 	333 	65 	91 	91 
007619 	333 	65 	91 	91 
007620 	333 	65 	91 	91 
007621 	333 	75 	91 	91 
007622 	333 	75 	91 	91 
007623 	333 	75 	91 	91 
007624 	329 	66 	108 	109 
007625 	329 	66 	108 	109 
007626 	329 	66 	108 	109 
007627 	329 	66 	108 	109 
007628 	329 	66 	108 	109 
007629 	329 	66 	108 	109 
007630 	333 	75 	91 	91 
007631 	333 	75 	91 	91 
007632 	333 	75 	91 	91 
007633 	317 	66 	108 	109 
007634 	317 	66 	108 	109 
007635 	317 	66 	108 	109 
007636 	323 	75 	91 	91 
007637 	323 	75 	91 	91 
007638 	323 	75 	91 	91 
007639 	305 	66 	108 	109 
007640 	305 	66 	108 	109 
007641 	305 	66 	108 	109 
007642 	314 	75 	90 	91 
007643 	314 	75 	90 	91 
007644 	293 	66 	108 	109 
007645 	304 	75 	90 	91 
007646 	293 	66 	108 	109 
007647 	293 	66 	108 	109 
007648 	294 	75 	90 	91 
007649 	294 	75 	90 	91 
007650 	281 	66 	108 	109 
007651 	281 	66 	108 	109 
007652 	281 	66 	108 	109 
007653 	281 	66 	108 	109 
007654 	281 	66 	108 	109 
007655 	281 	66 	108 	109 
007656 	281 	66 	108 	109 
007657 	281 	66 	108 	109 
007658 	269 	66 	108 	109 
007659 	269 	66 	108 	109 
007660 	269 	66 	108 	109 
007661 	269 	66 	108 	109 
007662 	269 	66 	108 	109 
007663 	269 	66 	108 	109 
007664 	269 	66 	108 	109 
007665 	269 	66 	108 	109 
007666 	269 	66 	108 	109 
007667 	269 	66 	108 	109 
007668 	257 	66 	109 	109 
007669 	257 	66 	109 	109 
007670 	257 	66 	109 	109 
007671 	257 	54 	109 	109 
007672 	257 	54 	109 	109 
007673 	257 	54 	109 	109 
007674 	257 	54 	109 	109 
007675 	257 	54 	109 	109 
007676 	257 	54 	109 	109 
007677 	257 	54 	109 	109 
007678 	257 	54 	109 	109 
007679 	257 	54 	109 	109 
007680 	257 	54 	109 	109 
007681 	257 	54 	109 	109 
007682 	257 	54 	109 	109 
007683 	257 	54 	109 	109 
007684 	257 	54 	109 	109 
007685 	257 	54 	109 	109 
007686 	257 	54 	109 	109 
007687 	257 	54 	109 	109 
007688 	257 	54 	109 	109 
007689 	257 	54 	109 	109 
007690 	257 	54 	109 	109 
007691 	257 	54 	109 	109 
007692 	257 	54 	109 	109 
007693 	257 	54 	109 	109 
007694 	257 	66 	109 	109 
007695 	269 	66 	108 	109 
007696 	269 	66 	108 	109 
007697 	269 	66 	108 	109 
007698 	269 	66 	108 	109 
007699 	269 	66 	108 	109 
007700 	269 	66 	108 	109 
007701 	269 	66 	108 	109 
007702 	257 	66 	109 	109 
007703 	257 	66 	109 	109 
007704 	257 	66 	109 	109 
007705 	257 	66 	109 	109 
007706 	269 	66 	108 	109 
007707 	269 	66 	108 	109 
007708 	269 	66 	108 	109 
007709 	269 	66 	108 	109 
007710 	269 	66 	108 	109 
007711 	281 	66 	108 	109 
007712 	281 	66 	108 	109 
007713 	281 	66 	108 	109 
007714 	281 	66 	108 	109 
007715 	281 	66 	108 	109 
007716 	281 	66 	108 	109 
007717 	293 	66 	108 	109 
007718 	293 	66 	108 	109 
007719 	293 	66 	108 	109 
007720 	293 	66 	108 	109 
007721 	293 	66 	108 	109 
007722 	293 	66 	108 	109 
007723 	293 	66 	108 	109 
007724 	293 	66 	108 	109 
007725 	293 	66 	108 	109 
007726 	293 	66 	108 	109 
007727 	305 	66 	108 	109 
007728 	305 	66 	108 	109 
007729 	305 	66 	108 	109 
007730 	305 	66 	108 	109 
007731 	305 	66 	108 	109 
007732 	305 	66 	108 	109 
007733 	305 	66 	108 	109 
007734 	305 	66 	108 	109 
007735 	305 	66 	108 	109 
007736 	305 	66 	108 	109 
007737 	305 	66 	108 	109 
007738 	305 	66 	108 	109 
007739 	293 	66 	108 	109 
007740 	293 	66 	108 	109 
007741 	293 	66 	108 	109 
007742 	293 	66 	108 	109 
007743 	293 	66 	108 	109 
007744 	293 	66 	108 	109 
007745 	293 	66 	108 	109 
007746 	293 	66 	108 	109 
007747 	293 	78 	108 	109 
007748 	305 	78 	108 	109 
007749 	305 	78 	108 	109 
007750 	305 	78 	108 	109 
007751 	305 	78 	108 	109 
007752 	305 	78 	108 	109 
007753 	305 	78 	108 	109 
007754 	305 	78 	108 	109 
007755 	305 	78 	108 	109 
007756 	305 	78 	108 	109 
007757 	305 	78 	108 	109 
007758 	305 	66 	108 	109 
007759 	305 	66 	108 	109 
007760 	293 	66 	108 	109 
007761 	293 	66 	108 	109 
007762 	293 	66 	108 	109 
007763 	293 	66 	108 	109 
007764 	293 	66 	108 	109 
007765 	293 	66 	108 	109 
007766 	293 	66 	108 	109 
007767 	281 	66 	108 	109 
007768 	281 	66 	108 	109 
007769 	281 	78 	108 	109 
007770 	281 	78 	108 	109 
007771 	269 	78 	108 	109 
007772 	269 	78 	108 	109 
007773 	269 	78 	108 	109 
007774 	269 	78 	108 	109 
007775 	269 	78 	108 	109 
007776 	257 	78 	109 	109 
007777 	257 	78 	109 	109 
007778 	257 	78 	109 	109 
007779 	257 	78 	109 	109 
007780 	257 	78 	109 	109 
007781 	245 	78 	109 	109 
