Identity  : 	id10286
Reference : 	isKyMAYUOgg
Offset    : 	-1
FV Conf   : 	13.643
ASD Conf  : 	7.387

FRAME 	X 	Y 	W 	H 
004636 	413 	55 	91 	91 
004637 	413 	55 	91 	91 
004638 	413 	55 	91 	91 
004639 	413 	55 	91 	91 
004640 	413 	55 	91 	91 
004641 	413 	55 	91 	91 
004642 	413 	55 	91 	91 
004643 	413 	55 	91 	91 
004644 	413 	55 	91 	91 
004645 	413 	55 	91 	91 
004646 	413 	55 	91 	91 
004647 	413 	55 	91 	91 
004648 	413 	55 	91 	91 
004649 	413 	55 	91 	91 
004650 	413 	55 	91 	91 
004651 	413 	55 	91 	91 
004652 	413 	55 	91 	91 
004653 	413 	55 	91 	91 
004654 	413 	55 	91 	91 
004655 	413 	55 	91 	91 
004656 	413 	55 	91 	91 
004657 	413 	55 	91 	91 
004658 	413 	55 	91 	91 
004659 	413 	55 	91 	91 
004660 	413 	55 	91 	91 
004661 	413 	55 	91 	91 
004662 	413 	55 	91 	91 
004663 	413 	55 	91 	91 
004664 	413 	55 	91 	91 
004665 	413 	55 	91 	91 
004666 	403 	55 	91 	91 
004667 	403 	55 	91 	91 
004668 	403 	55 	91 	91 
004669 	413 	55 	91 	91 
004670 	413 	55 	91 	91 
004671 	413 	55 	91 	91 
004672 	413 	55 	91 	91 
004673 	413 	55 	91 	91 
004674 	413 	55 	91 	91 
004675 	413 	55 	91 	91 
004676 	413 	55 	91 	91 
004677 	413 	55 	91 	91 
004678 	413 	55 	91 	91 
004679 	413 	55 	91 	91 
004680 	413 	55 	91 	91 
004681 	413 	55 	91 	91 
004682 	423 	55 	91 	91 
004683 	423 	55 	91 	91 
004684 	423 	55 	91 	91 
004685 	423 	55 	91 	91 
004686 	423 	55 	91 	91 
004687 	423 	45 	91 	91 
004688 	423 	45 	91 	91 
004689 	423 	45 	91 	91 
004690 	423 	55 	91 	91 
004691 	423 	55 	91 	91 
004692 	423 	55 	91 	91 
004693 	423 	55 	91 	91 
004694 	423 	55 	91 	91 
004695 	423 	55 	91 	91 
004696 	423 	55 	91 	91 
004697 	433 	55 	91 	91 
004698 	433 	55 	91 	91 
004699 	433 	55 	91 	91 
004700 	433 	55 	91 	91 
004701 	433 	55 	91 	91 
004702 	433 	55 	91 	91 
004703 	433 	55 	91 	91 
004704 	423 	55 	91 	91 
004705 	423 	55 	91 	91 
004706 	423 	55 	91 	91 
004707 	423 	55 	91 	91 
004708 	413 	45 	91 	91 
004709 	413 	45 	91 	91 
004710 	413 	45 	91 	91 
004711 	413 	55 	91 	91 
004712 	413 	55 	91 	91 
004713 	413 	55 	91 	91 
004714 	413 	55 	91 	91 
004715 	413 	55 	91 	91 
004716 	413 	55 	91 	91 
004717 	413 	55 	91 	91 
004718 	413 	55 	91 	91 
004719 	413 	55 	91 	91 
004720 	413 	55 	91 	91 
004721 	413 	55 	91 	91 
004722 	400 	54 	109 	109 
004723 	403 	65 	91 	91 
004724 	403 	65 	91 	91 
004725 	403 	65 	91 	91 
004726 	403 	55 	91 	91 
004727 	403 	55 	91 	91 
004728 	400 	54 	109 	109 
004729 	400 	54 	109 	109 
004730 	413 	55 	91 	91 
004731 	413 	65 	91 	91 
004732 	413 	55 	91 	91 
004733 	413 	55 	91 	91 
004734 	413 	55 	91 	91 
004735 	413 	55 	91 	91 
004736 	413 	55 	91 	91 
004737 	413 	55 	91 	91 
004738 	413 	55 	91 	91 
004739 	413 	55 	91 	91 
004740 	413 	55 	91 	91 
004741 	413 	65 	91 	91 
004742 	413 	65 	91 	91 
004743 	413 	65 	91 	91 
004744 	413 	65 	91 	91 
004745 	413 	65 	91 	91 
004746 	413 	65 	91 	91 
004747 	413 	65 	91 	91 
004748 	423 	65 	91 	91 
004749 	423 	65 	91 	91 
004750 	423 	65 	91 	91 
004751 	423 	65 	91 	91 
004752 	423 	65 	91 	91 
004753 	423 	65 	91 	91 
004754 	423 	65 	91 	91 
004755 	423 	65 	91 	91 
004756 	423 	65 	91 	91 
004757 	423 	65 	91 	91 
004758 	423 	65 	91 	91 
004759 	423 	65 	91 	91 
004760 	423 	65 	91 	91 
004761 	423 	75 	91 	91 
004762 	423 	65 	91 	91 
004763 	423 	65 	91 	91 
004764 	423 	65 	91 	91 
004765 	423 	65 	91 	91 
004766 	423 	75 	91 	91 
004767 	423 	75 	91 	91 
004768 	423 	75 	91 	91 
004769 	423 	75 	91 	91 
004770 	423 	75 	91 	91 
004771 	423 	75 	91 	91 
004772 	423 	75 	91 	91 
004773 	423 	75 	91 	91 
004774 	423 	75 	91 	91 
004775 	423 	75 	91 	91 
004776 	423 	75 	91 	91 
004777 	423 	75 	91 	91 
004778 	423 	75 	91 	91 
004779 	423 	75 	91 	91 
004780 	423 	75 	91 	91 
004781 	423 	75 	91 	91 
004782 	423 	75 	91 	91 
004783 	423 	75 	91 	91 
004784 	423 	75 	91 	91 
004785 	423 	75 	91 	91 
004786 	412 	66 	109 	109 
004787 	413 	65 	91 	91 
004788 	413 	65 	91 	91 
004789 	413 	65 	91 	91 
004790 	413 	65 	91 	91 
004791 	413 	65 	91 	91 
004792 	413 	65 	91 	91 
004793 	413 	65 	91 	91 
004794 	413 	65 	91 	91 
004795 	400 	54 	109 	109 
004796 	403 	65 	91 	91 
004797 	403 	65 	91 	91 
004798 	403 	65 	91 	91 
004799 	403 	65 	91 	91 
004800 	393 	65 	91 	91 
004801 	393 	65 	91 	91 
004802 	393 	65 	91 	91 
004803 	393 	65 	91 	91 
004804 	393 	65 	91 	91 
004805 	393 	65 	91 	91 
004806 	393 	65 	91 	91 
004807 	393 	65 	91 	91 
004808 	393 	65 	91 	91 
004809 	393 	65 	91 	91 
004810 	393 	65 	91 	91 
004811 	393 	65 	91 	91 
004812 	393 	65 	91 	91 
004813 	393 	55 	91 	91 
004814 	388 	43 	109 	108 
004815 	403 	55 	91 	91 
004816 	403 	45 	91 	91 
004817 	413 	45 	91 	91 
004818 	413 	45 	91 	91 
004819 	423 	45 	91 	91 
004820 	423 	45 	91 	91 
004821 	423 	45 	91 	91 
004822 	413 	45 	91 	91 
004823 	413 	45 	91 	91 
004824 	413 	45 	91 	91 
004825 	413 	45 	91 	91 
004826 	413 	45 	91 	91 
004827 	413 	45 	91 	91 
004828 	413 	45 	91 	91 
004829 	413 	45 	91 	91 
004830 	413 	45 	91 	91 
004831 	413 	45 	91 	91 
004832 	413 	45 	91 	91 
004833 	413 	45 	91 	91 
004834 	423 	45 	91 	91 
004835 	413 	45 	91 	91 
004836 	413 	45 	91 	91 
004837 	413 	45 	91 	91 
004838 	413 	45 	91 	91 
004839 	413 	45 	91 	91 
004840 	413 	45 	91 	91 
004841 	413 	45 	91 	91 
004842 	413 	45 	91 	91 
004843 	413 	45 	91 	91 
004844 	427 	54 	76 	76 
004845 	427 	54 	76 	76 
004846 	427 	54 	76 	76 
004847 	427 	54 	76 	76 
004848 	427 	54 	76 	76 
004849 	427 	54 	76 	76 
004850 	427 	54 	76 	76 
004851 	423 	45 	91 	91 
004852 	427 	54 	76 	76 
004853 	427 	54 	76 	76 
004854 	413 	45 	91 	91 
004855 	413 	45 	91 	91 
004856 	413 	45 	91 	91 
004857 	403 	45 	91 	91 
004858 	403 	45 	91 	91 
004859 	413 	55 	91 	91 
004860 	413 	55 	91 	91 
004861 	413 	55 	91 	91 
004862 	413 	55 	91 	91 
004863 	413 	55 	91 	91 
004864 	413 	55 	91 	91 
004865 	413 	55 	91 	91 
004866 	413 	55 	91 	91 
004867 	413 	55 	91 	91 
004868 	413 	55 	91 	91 
004869 	413 	55 	91 	91 
004870 	413 	55 	91 	91 
004871 	413 	55 	91 	91 
004872 	413 	55 	91 	91 
004873 	413 	55 	91 	91 
004874 	413 	55 	91 	91 
004875 	413 	55 	91 	91 
004876 	413 	55 	91 	91 
004877 	413 	55 	91 	91 
004878 	413 	55 	91 	91 
004879 	413 	45 	91 	91 
004880 	403 	45 	91 	91 
004881 	403 	45 	91 	91 
004882 	413 	45 	91 	91 
004883 	413 	45 	91 	91 
004884 	413 	45 	91 	91 
004885 	413 	45 	91 	91 
004886 	423 	55 	91 	91 
004887 	423 	55 	91 	91 
004888 	423 	55 	91 	91 
004889 	433 	65 	91 	91 
004890 	433 	65 	91 	91 
004891 	444 	71 	75 	75 
004892 	443 	65 	90 	91 
004893 	443 	65 	90 	91 
004894 	443 	75 	90 	91 
004895 	443 	75 	90 	91 
004896 	443 	75 	90 	91 
004897 	443 	75 	90 	91 
004898 	436 	66 	109 	109 
004899 	453 	65 	90 	91 
004900 	453 	65 	90 	91 
004901 	443 	65 	90 	91 
004902 	443 	65 	90 	91 
004903 	443 	65 	90 	91 
004904 	443 	75 	90 	91 
004905 	433 	75 	91 	91 
004906 	433 	65 	91 	91 
004907 	433 	65 	91 	91 
004908 	423 	65 	91 	91 
004909 	423 	65 	91 	91 
004910 	413 	65 	91 	91 
004911 	413 	65 	91 	91 
004912 	413 	65 	91 	91 
004913 	413 	65 	91 	91 
004914 	413 	65 	91 	91 
004915 	403 	65 	91 	91 
004916 	403 	65 	91 	91 
004917 	403 	65 	91 	91 
004918 	403 	65 	91 	91 
004919 	403 	65 	91 	91 
004920 	403 	65 	91 	91 
004921 	403 	65 	91 	91 
004922 	403 	65 	91 	91 
004923 	403 	65 	91 	91 
004924 	403 	65 	91 	91 
004925 	403 	65 	91 	91 
004926 	403 	65 	91 	91 
004927 	403 	65 	91 	91 
004928 	403 	65 	91 	91 
004929 	403 	65 	91 	91 
004930 	413 	65 	91 	91 
004931 	413 	65 	91 	91 
004932 	413 	65 	91 	91 
004933 	413 	65 	91 	91 
004934 	413 	65 	91 	91 
004935 	413 	65 	91 	91 
004936 	413 	65 	91 	91 
004937 	413 	65 	91 	91 
004938 	423 	75 	91 	91 
004939 	423 	75 	91 	91 
004940 	423 	75 	91 	91 
004941 	423 	75 	91 	91 
004942 	423 	75 	91 	91 
004943 	423 	75 	91 	91 
004944 	423 	75 	91 	91 
004945 	423 	75 	91 	91 
004946 	423 	75 	91 	91 
004947 	423 	75 	91 	91 
004948 	423 	75 	91 	91 
004949 	423 	75 	91 	91 
004950 	423 	75 	91 	91 
004951 	423 	75 	91 	91 
004952 	423 	75 	91 	91 
004953 	423 	75 	91 	91 
004954 	423 	75 	91 	91 
004955 	423 	75 	91 	91 
004956 	423 	75 	91 	91 
004957 	413 	75 	91 	91 
004958 	413 	75 	91 	91 
004959 	413 	65 	91 	91 
004960 	413 	65 	91 	91 
004961 	413 	65 	91 	91 
004962 	413 	65 	91 	91 
004963 	413 	65 	91 	91 
004964 	413 	65 	91 	91 
004965 	413 	65 	91 	91 
