Identity  : 	id10286
Reference : 	isKyMAYUOgg
Offset    : 	-1
FV Conf   : 	11.975
ASD Conf  : 	7.059

FRAME 	X 	Y 	W 	H 
000362 	423 	65 	91 	91 
000363 	423 	65 	91 	91 
000364 	433 	65 	91 	91 
000365 	433 	65 	91 	91 
000366 	433 	65 	91 	91 
000367 	433 	65 	91 	91 
000368 	433 	65 	91 	91 
000369 	433 	65 	91 	91 
000370 	433 	75 	91 	91 
000371 	433 	65 	91 	91 
000372 	433 	75 	91 	91 
000373 	433 	75 	91 	91 
000374 	433 	75 	91 	91 
000375 	433 	75 	91 	91 
000376 	433 	75 	91 	91 
000377 	433 	75 	91 	91 
000378 	433 	75 	91 	91 
000379 	433 	75 	91 	91 
000380 	433 	75 	91 	91 
000381 	433 	75 	91 	91 
000382 	433 	75 	91 	91 
000383 	433 	75 	91 	91 
000384 	433 	75 	91 	91 
000385 	433 	75 	91 	91 
000386 	433 	75 	91 	91 
000387 	433 	75 	91 	91 
000388 	433 	75 	91 	91 
000389 	433 	75 	91 	91 
000390 	433 	75 	91 	91 
000391 	433 	75 	91 	91 
000392 	433 	75 	91 	91 
000393 	433 	75 	91 	91 
000394 	433 	75 	91 	91 
000395 	433 	75 	91 	91 
000396 	433 	75 	91 	91 
000397 	433 	75 	91 	91 
000398 	433 	75 	91 	91 
000399 	433 	75 	91 	91 
000400 	433 	75 	91 	91 
000401 	433 	75 	91 	91 
000402 	433 	75 	91 	91 
000403 	433 	75 	91 	91 
000404 	433 	75 	91 	91 
000405 	433 	75 	91 	91 
000406 	433 	75 	91 	91 
000407 	433 	75 	91 	91 
000408 	433 	75 	91 	91 
000409 	433 	75 	91 	91 
000410 	433 	75 	91 	91 
000411 	433 	75 	91 	91 
000412 	433 	75 	91 	91 
000413 	433 	75 	91 	91 
000414 	433 	75 	91 	91 
000415 	433 	75 	91 	91 
000416 	433 	75 	91 	91 
000417 	433 	75 	91 	91 
000418 	433 	75 	91 	91 
000419 	433 	75 	91 	91 
000420 	433 	75 	91 	91 
000421 	433 	75 	91 	91 
000422 	433 	75 	91 	91 
000423 	433 	75 	91 	91 
000424 	433 	75 	91 	91 
000425 	433 	75 	91 	91 
000426 	433 	75 	91 	91 
000427 	433 	75 	91 	91 
000428 	423 	65 	91 	91 
000429 	423 	65 	91 	91 
000430 	423 	65 	91 	91 
000431 	423 	65 	91 	91 
000432 	413 	55 	91 	91 
000433 	413 	55 	91 	91 
000434 	413 	55 	91 	91 
000435 	413 	55 	91 	91 
000436 	403 	55 	91 	91 
000437 	403 	55 	91 	91 
000438 	419 	62 	75 	76 
000439 	413 	45 	91 	91 
000440 	413 	45 	91 	91 
000441 	413 	45 	91 	91 
000442 	413 	45 	91 	91 
000443 	413 	45 	91 	91 
000444 	413 	45 	91 	91 
000445 	413 	45 	91 	91 
000446 	419 	54 	75 	76 
000447 	419 	54 	75 	76 
000448 	413 	45 	91 	91 
000449 	413 	45 	91 	91 
000450 	413 	45 	91 	91 
000451 	413 	45 	91 	91 
000452 	413 	45 	91 	91 
000453 	413 	45 	91 	91 
000454 	413 	45 	91 	91 
000455 	413 	45 	91 	91 
000456 	413 	45 	91 	91 
000457 	413 	45 	91 	91 
000458 	413 	45 	91 	91 
000459 	413 	45 	91 	91 
000460 	413 	45 	91 	91 
000461 	413 	45 	91 	91 
000462 	413 	45 	91 	91 
000463 	413 	45 	91 	91 
000464 	413 	45 	91 	91 
000465 	413 	45 	91 	91 
000466 	413 	45 	91 	91 
000467 	413 	45 	91 	91 
000468 	413 	45 	91 	91 
000469 	413 	45 	91 	91 
000470 	413 	45 	91 	91 
000471 	413 	45 	91 	91 
000472 	413 	45 	91 	91 
000473 	423 	45 	91 	91 
000474 	423 	45 	91 	91 
000475 	423 	45 	91 	91 
000476 	423 	45 	91 	91 
000477 	433 	45 	91 	91 
000478 	433 	55 	91 	91 
000479 	433 	55 	91 	91 
000480 	433 	55 	91 	91 
000481 	433 	55 	91 	91 
000482 	433 	55 	91 	91 
000483 	433 	55 	91 	91 
000484 	433 	55 	91 	91 
000485 	433 	55 	91 	91 
000486 	433 	55 	91 	91 
000487 	433 	45 	91 	91 
000488 	433 	55 	91 	91 
000489 	433 	55 	91 	91 
000490 	433 	55 	91 	91 
000491 	433 	55 	91 	91 
000492 	433 	55 	91 	91 
000493 	433 	55 	91 	91 
000494 	433 	55 	91 	91 
000495 	423 	55 	91 	91 
000496 	423 	55 	91 	91 
000497 	423 	55 	91 	91 
000498 	413 	55 	91 	91 
000499 	413 	55 	91 	91 
000500 	413 	55 	91 	91 
000501 	413 	55 	91 	91 
000502 	413 	55 	91 	91 
000503 	413 	55 	91 	91 
000504 	413 	55 	91 	91 
000505 	413 	55 	91 	91 
000506 	413 	55 	91 	91 
000507 	413 	55 	91 	91 
000508 	403 	55 	91 	91 
000509 	403 	45 	91 	91 
000510 	410 	54 	76 	76 
000511 	410 	54 	76 	76 
000512 	410 	54 	76 	76 
000513 	410 	54 	76 	76 
000514 	410 	62 	76 	76 
000515 	410 	62 	76 	76 
000516 	403 	55 	91 	91 
000517 	403 	55 	91 	91 
000518 	403 	45 	91 	91 
000519 	403 	45 	91 	91 
000520 	403 	45 	91 	91 
000521 	419 	54 	75 	76 
000522 	413 	45 	91 	91 
000523 	413 	45 	91 	91 
000524 	423 	45 	91 	91 
000525 	423 	45 	91 	91 
000526 	423 	45 	91 	91 
000527 	433 	55 	91 	91 
000528 	433 	55 	91 	91 
000529 	433 	55 	91 	91 
000530 	433 	55 	91 	91 
000531 	433 	55 	91 	91 
000532 	433 	55 	91 	91 
000533 	433 	55 	91 	91 
000534 	433 	55 	91 	91 
000535 	423 	55 	91 	91 
000536 	423 	55 	91 	91 
000537 	423 	55 	91 	91 
000538 	423 	55 	91 	91 
000539 	423 	55 	91 	91 
000540 	433 	55 	91 	91 
000541 	433 	55 	91 	91 
000542 	433 	55 	91 	91 
000543 	443 	55 	90 	91 
000544 	433 	55 	91 	91 
000545 	433 	55 	91 	91 
000546 	423 	55 	91 	91 
000547 	423 	55 	91 	91 
000548 	413 	55 	91 	91 
000549 	423 	55 	91 	91 
000550 	423 	55 	91 	91 
000551 	423 	55 	91 	91 
000552 	423 	45 	91 	91 
000553 	413 	45 	91 	91 
000554 	403 	45 	91 	91 
000555 	403 	45 	91 	91 
000556 	393 	45 	91 	91 
000557 	393 	35 	91 	91 
000558 	403 	35 	91 	91 
000559 	400 	19 	109 	108 
000560 	413 	25 	91 	91 
000561 	423 	25 	91 	91 
000562 	433 	35 	91 	91 
000563 	433 	25 	91 	91 
000564 	433 	35 	91 	91 
000565 	433 	35 	91 	91 
000566 	433 	35 	91 	91 
000567 	433 	35 	91 	91 
000568 	433 	35 	91 	91 
000569 	433 	35 	91 	91 
000570 	423 	35 	91 	91 
