Identity  : 	id10286
Reference : 	isKyMAYUOgg
Offset    : 	-1
FV Conf   : 	13.593
ASD Conf  : 	8.386

FRAME 	X 	Y 	W 	H 
007215 	423 	65 	91 	91 
007216 	423 	65 	91 	91 
007217 	433 	65 	91 	91 
007218 	433 	65 	91 	91 
007219 	433 	65 	91 	91 
007220 	433 	65 	91 	91 
007221 	433 	65 	91 	91 
007222 	433 	65 	91 	91 
007223 	423 	65 	91 	91 
007224 	423 	65 	91 	91 
007225 	423 	65 	91 	91 
007226 	423 	65 	91 	91 
007227 	423 	65 	91 	91 
007228 	413 	55 	91 	91 
007229 	413 	55 	91 	91 
007230 	413 	55 	91 	91 
007231 	413 	55 	91 	91 
007232 	413 	55 	91 	91 
007233 	413 	55 	91 	91 
007234 	413 	45 	91 	91 
007235 	403 	45 	91 	91 
007236 	403 	45 	91 	91 
007237 	403 	45 	91 	91 
007238 	403 	45 	91 	91 
007239 	388 	43 	109 	108 
007240 	393 	55 	91 	91 
007241 	393 	55 	91 	91 
007242 	393 	55 	91 	91 
007243 	393 	55 	91 	91 
007244 	393 	55 	91 	91 
007245 	393 	55 	91 	91 
007246 	393 	55 	91 	91 
007247 	393 	55 	91 	91 
007248 	393 	55 	91 	91 
007249 	393 	65 	91 	91 
007250 	393 	65 	91 	91 
007251 	393 	65 	91 	91 
007252 	393 	65 	91 	91 
007253 	393 	65 	91 	91 
007254 	393 	65 	91 	91 
007255 	393 	65 	91 	91 
007256 	393 	65 	91 	91 
007257 	393 	65 	91 	91 
007258 	393 	65 	91 	91 
007259 	393 	65 	91 	91 
007260 	393 	65 	91 	91 
007261 	403 	65 	91 	91 
007262 	403 	65 	91 	91 
007263 	403 	65 	91 	91 
007264 	403 	65 	91 	91 
007265 	403 	65 	91 	91 
007266 	403 	65 	91 	91 
007267 	388 	54 	109 	109 
007268 	393 	65 	91 	91 
007269 	393 	65 	91 	91 
007270 	393 	55 	91 	91 
007271 	393 	55 	91 	91 
007272 	393 	55 	91 	91 
007273 	393 	55 	91 	91 
007274 	393 	55 	91 	91 
007275 	393 	55 	91 	91 
007276 	393 	55 	91 	91 
007277 	393 	55 	91 	91 
007278 	393 	55 	91 	91 
007279 	393 	45 	91 	91 
007280 	393 	45 	91 	91 
007281 	393 	45 	91 	91 
007282 	393 	45 	91 	91 
007283 	393 	45 	91 	91 
007284 	393 	45 	91 	91 
007285 	393 	45 	91 	91 
007286 	393 	45 	91 	91 
007287 	393 	45 	91 	91 
007288 	393 	45 	91 	91 
007289 	403 	45 	91 	91 
007290 	403 	45 	91 	91 
007291 	403 	45 	91 	91 
007292 	403 	45 	91 	91 
007293 	403 	45 	91 	91 
007294 	403 	45 	91 	91 
007295 	403 	45 	91 	91 
007296 	403 	45 	91 	91 
007297 	403 	45 	91 	91 
007298 	413 	55 	91 	91 
007299 	413 	55 	91 	91 
007300 	413 	55 	91 	91 
007301 	413 	55 	91 	91 
007302 	413 	55 	91 	91 
007303 	413 	55 	91 	91 
007304 	413 	55 	91 	91 
007305 	413 	55 	91 	91 
007306 	413 	55 	91 	91 
007307 	413 	55 	91 	91 
007308 	413 	55 	91 	91 
007309 	413 	65 	91 	91 
007310 	413 	55 	91 	91 
007311 	413 	65 	91 	91 
007312 	413 	65 	91 	91 
007313 	413 	65 	91 	91 
007314 	413 	65 	91 	91 
007315 	413 	65 	91 	91 
007316 	413 	65 	91 	91 
007317 	413 	65 	91 	91 
007318 	413 	65 	91 	91 
007319 	413 	65 	91 	91 
007320 	413 	65 	91 	91 
007321 	413 	65 	91 	91 
007322 	413 	65 	91 	91 
007323 	413 	65 	91 	91 
007324 	413 	65 	91 	91 
007325 	413 	65 	91 	91 
007326 	413 	65 	91 	91 
007327 	423 	65 	91 	91 
007328 	423 	65 	91 	91 
007329 	423 	65 	91 	91 
007330 	423 	65 	91 	91 
007331 	423 	65 	91 	91 
007332 	423 	65 	91 	91 
007333 	423 	65 	91 	91 
007334 	413 	65 	91 	91 
007335 	413 	65 	91 	91 
007336 	413 	65 	91 	91 
007337 	413 	65 	91 	91 
007338 	413 	65 	91 	91 
007339 	413 	75 	91 	91 
007340 	413 	75 	91 	91 
007341 	413 	75 	91 	91 
007342 	413 	75 	91 	91 
007343 	413 	75 	91 	91 
007344 	413 	75 	91 	91 
007345 	413 	75 	91 	91 
007346 	413 	65 	91 	91 
007347 	413 	65 	91 	91 
007348 	413 	65 	91 	91 
007349 	413 	65 	91 	91 
007350 	413 	65 	91 	91 
007351 	403 	65 	91 	91 
007352 	403 	65 	91 	91 
007353 	403 	65 	91 	91 
007354 	403 	65 	91 	91 
007355 	403 	65 	91 	91 
007356 	403 	65 	91 	91 
007357 	403 	65 	91 	91 
007358 	403 	65 	91 	91 
007359 	403 	65 	91 	91 
007360 	403 	65 	91 	91 
007361 	403 	65 	91 	91 
007362 	403 	65 	91 	91 
007363 	403 	65 	91 	91 
007364 	403 	65 	91 	91 
007365 	403 	65 	91 	91 
007366 	403 	65 	91 	91 
007367 	403 	65 	91 	91 
007368 	403 	65 	91 	91 
007369 	403 	65 	91 	91 
007370 	403 	65 	91 	91 
007371 	403 	65 	91 	91 
007372 	403 	65 	91 	91 
007373 	403 	65 	91 	91 
007374 	403 	65 	91 	91 
007375 	403 	65 	91 	91 
007376 	403 	65 	91 	91 
007377 	403 	65 	91 	91 
007378 	403 	65 	91 	91 
007379 	403 	65 	91 	91 
007380 	403 	65 	91 	91 
007381 	403 	65 	91 	91 
007382 	403 	65 	91 	91 
007383 	403 	65 	91 	91 
007384 	403 	65 	91 	91 
007385 	403 	65 	91 	91 
007386 	403 	65 	91 	91 
007387 	403 	65 	91 	91 
