Identity  : 	id10286
Reference : 	isKyMAYUOgg
Offset    : 	-1
FV Conf   : 	13.643
ASD Conf  : 	7.125

FRAME 	X 	Y 	W 	H 
004429 	413 	65 	91 	91 
004430 	413 	65 	91 	91 
004431 	413 	55 	91 	91 
004432 	413 	65 	91 	91 
004433 	413 	65 	91 	91 
004434 	413 	65 	91 	91 
004435 	413 	65 	91 	91 
004436 	413 	65 	91 	91 
004437 	413 	65 	91 	91 
004438 	413 	55 	91 	91 
004439 	413 	55 	91 	91 
004440 	413 	55 	91 	91 
004441 	413 	55 	91 	91 
004442 	413 	55 	91 	91 
004443 	413 	55 	91 	91 
004444 	413 	55 	91 	91 
004445 	413 	55 	91 	91 
004446 	413 	55 	91 	91 
004447 	413 	55 	91 	91 
004448 	413 	55 	91 	91 
004449 	413 	55 	91 	91 
004450 	413 	55 	91 	91 
004451 	413 	55 	91 	91 
004452 	413 	55 	91 	91 
004453 	413 	55 	91 	91 
004454 	413 	55 	91 	91 
004455 	413 	55 	91 	91 
004456 	413 	55 	91 	91 
004457 	413 	55 	91 	91 
004458 	413 	55 	91 	91 
004459 	413 	55 	91 	91 
004460 	400 	43 	109 	108 
004461 	413 	45 	91 	91 
004462 	413 	45 	91 	91 
004463 	400 	31 	109 	108 
004464 	403 	45 	91 	91 
004465 	403 	35 	91 	91 
004466 	403 	35 	91 	91 
004467 	403 	35 	91 	91 
004468 	403 	35 	91 	91 
004469 	388 	31 	109 	108 
004470 	388 	31 	109 	108 
004471 	388 	31 	109 	108 
004472 	403 	45 	91 	91 
004473 	403 	45 	91 	91 
004474 	403 	45 	91 	91 
004475 	403 	45 	91 	91 
004476 	403 	45 	91 	91 
004477 	403 	45 	91 	91 
004478 	403 	45 	91 	91 
004479 	413 	45 	91 	91 
004480 	413 	55 	91 	91 
004481 	413 	55 	91 	91 
004482 	423 	55 	91 	91 
004483 	423 	65 	91 	91 
004484 	433 	65 	91 	91 
004485 	433 	65 	91 	91 
004486 	433 	65 	91 	91 
004487 	443 	65 	90 	91 
004488 	443 	65 	90 	91 
004489 	443 	65 	90 	91 
004490 	443 	65 	90 	91 
004491 	443 	55 	90 	91 
004492 	433 	55 	91 	91 
004493 	433 	65 	91 	91 
004494 	433 	65 	91 	91 
004495 	433 	65 	91 	91 
004496 	433 	65 	91 	91 
004497 	433 	65 	91 	91 
004498 	433 	65 	91 	91 
004499 	433 	65 	91 	91 
004500 	433 	65 	91 	91 
004501 	433 	65 	91 	91 
004502 	433 	65 	91 	91 
004503 	433 	65 	91 	91 
004504 	433 	65 	91 	91 
004505 	433 	75 	91 	91 
004506 	433 	75 	91 	91 
004507 	433 	75 	91 	91 
004508 	433 	75 	91 	91 
004509 	433 	75 	91 	91 
004510 	433 	75 	91 	91 
004511 	433 	75 	91 	91 
004512 	433 	75 	91 	91 
004513 	433 	75 	91 	91 
004514 	433 	75 	91 	91 
004515 	433 	75 	91 	91 
004516 	433 	75 	91 	91 
004517 	433 	75 	91 	91 
004518 	433 	75 	91 	91 
004519 	433 	75 	91 	91 
004520 	433 	75 	91 	91 
004521 	433 	75 	91 	91 
004522 	433 	75 	91 	91 
004523 	433 	75 	91 	91 
004524 	433 	75 	91 	91 
004525 	433 	75 	91 	91 
004526 	433 	75 	91 	91 
004527 	433 	75 	91 	91 
004528 	433 	75 	91 	91 
004529 	433 	75 	91 	91 
004530 	433 	75 	91 	91 
004531 	433 	75 	91 	91 
004532 	433 	75 	91 	91 
004533 	433 	75 	91 	91 
004534 	433 	75 	91 	91 
004535 	433 	75 	91 	91 
004536 	433 	75 	91 	91 
004537 	433 	75 	91 	91 
004538 	433 	75 	91 	91 
004539 	433 	75 	91 	91 
004540 	433 	75 	91 	91 
004541 	433 	75 	91 	91 
004542 	433 	75 	91 	91 
004543 	433 	75 	91 	91 
004544 	433 	75 	91 	91 
004545 	433 	75 	91 	91 
004546 	433 	75 	91 	91 
004547 	433 	75 	91 	91 
004548 	433 	75 	91 	91 
004549 	433 	75 	91 	91 
004550 	433 	75 	91 	91 
004551 	433 	75 	91 	91 
004552 	433 	75 	91 	91 
004553 	433 	75 	91 	91 
004554 	433 	75 	91 	91 
004555 	433 	75 	91 	91 
004556 	433 	75 	91 	91 
004557 	433 	75 	91 	91 
004558 	433 	75 	91 	91 
004559 	433 	75 	91 	91 
004560 	433 	75 	91 	91 
004561 	433 	75 	91 	91 
004562 	433 	75 	91 	91 
004563 	433 	75 	91 	91 
004564 	433 	75 	91 	91 
004565 	433 	75 	91 	91 
004566 	433 	75 	91 	91 
004567 	433 	75 	91 	91 
004568 	433 	75 	91 	91 
004569 	433 	75 	91 	91 
004570 	433 	75 	91 	91 
004571 	433 	75 	91 	91 
004572 	433 	75 	91 	91 
004573 	433 	75 	91 	91 
004574 	423 	75 	91 	91 
004575 	423 	75 	91 	91 
004576 	423 	75 	91 	91 
004577 	413 	65 	91 	91 
004578 	413 	65 	91 	91 
004579 	413 	65 	91 	91 
004580 	413 	65 	91 	91 
004581 	403 	65 	91 	91 
004582 	403 	65 	91 	91 
004583 	403 	65 	91 	91 
004584 	403 	55 	91 	91 
004585 	403 	55 	91 	91 
004586 	403 	55 	91 	91 
004587 	403 	55 	91 	91 
004588 	403 	55 	91 	91 
004589 	403 	55 	91 	91 
004590 	413 	55 	91 	91 
004591 	413 	55 	91 	91 
004592 	413 	55 	91 	91 
004593 	413 	55 	91 	91 
004594 	413 	55 	91 	91 
004595 	423 	65 	91 	91 
004596 	423 	65 	91 	91 
004597 	423 	65 	91 	91 
004598 	423 	65 	91 	91 
004599 	423 	65 	91 	91 
004600 	423 	65 	91 	91 
004601 	423 	65 	91 	91 
004602 	423 	65 	91 	91 
004603 	423 	65 	91 	91 
004604 	423 	65 	91 	91 
004605 	423 	65 	91 	91 
004606 	423 	65 	91 	91 
004607 	423 	55 	91 	91 
004608 	423 	55 	91 	91 
004609 	413 	55 	91 	91 
004610 	413 	55 	91 	91 
004611 	413 	55 	91 	91 
004612 	413 	45 	91 	91 
004613 	403 	45 	91 	91 
004614 	403 	45 	91 	91 
004615 	403 	45 	91 	91 
004616 	403 	55 	91 	91 
004617 	403 	55 	91 	91 
004618 	403 	45 	91 	91 
004619 	403 	45 	91 	91 
004620 	403 	45 	91 	91 
004621 	403 	45 	91 	91 
004622 	413 	45 	91 	91 
004623 	413 	45 	91 	91 
004624 	400 	43 	109 	108 
004625 	413 	45 	91 	91 
004626 	413 	45 	91 	91 
004627 	413 	45 	91 	91 
004628 	413 	45 	91 	91 
004629 	413 	55 	91 	91 
004630 	413 	55 	91 	91 
004631 	413 	55 	91 	91 
004632 	413 	55 	91 	91 
004633 	413 	55 	91 	91 
004634 	413 	55 	91 	91 
