Identity  : 	id10286
Reference : 	isKyMAYUOgg
Offset    : 	-1
FV Conf   : 	14.182
ASD Conf  : 	7.039

FRAME 	X 	Y 	W 	H 
010624 	423 	65 	91 	91 
010625 	423 	75 	91 	91 
010626 	423 	75 	91 	91 
010627 	423 	75 	91 	91 
010628 	423 	75 	91 	91 
010629 	423 	65 	91 	91 
010630 	423 	65 	91 	91 
010631 	423 	65 	91 	91 
010632 	423 	65 	91 	91 
010633 	423 	65 	91 	91 
010634 	423 	65 	91 	91 
010635 	423 	65 	91 	91 
010636 	423 	55 	91 	91 
010637 	423 	55 	91 	91 
010638 	423 	55 	91 	91 
010639 	423 	55 	91 	91 
010640 	423 	55 	91 	91 
010641 	427 	54 	76 	76 
010642 	427 	54 	76 	76 
010643 	413 	45 	91 	91 
010644 	413 	35 	91 	91 
010645 	413 	35 	91 	91 
010646 	413 	35 	91 	91 
010647 	413 	35 	91 	91 
010648 	413 	35 	91 	91 
010649 	413 	35 	91 	91 
010650 	413 	35 	91 	91 
010651 	427 	46 	76 	76 
010652 	423 	45 	91 	91 
010653 	423 	45 	91 	91 
010654 	423 	45 	91 	91 
010655 	423 	45 	91 	91 
010656 	423 	45 	91 	91 
010657 	423 	45 	91 	91 
010658 	423 	55 	91 	91 
010659 	413 	55 	91 	91 
010660 	413 	55 	91 	91 
010661 	413 	55 	91 	91 
010662 	403 	55 	91 	91 
010663 	403 	55 	91 	91 
010664 	393 	55 	91 	91 
010665 	393 	55 	91 	91 
010666 	393 	55 	91 	91 
010667 	393 	55 	91 	91 
010668 	383 	55 	91 	91 
010669 	383 	55 	91 	91 
010670 	383 	55 	91 	91 
010671 	383 	55 	91 	91 
010672 	383 	55 	91 	91 
010673 	383 	55 	91 	91 
010674 	393 	55 	91 	91 
010675 	393 	45 	91 	91 
010676 	393 	45 	91 	91 
010677 	393 	45 	91 	91 
010678 	393 	45 	91 	91 
010679 	393 	55 	91 	91 
010680 	403 	45 	91 	91 
010681 	403 	45 	91 	91 
010682 	403 	45 	91 	91 
010683 	403 	45 	91 	91 
010684 	403 	45 	91 	91 
010685 	403 	45 	91 	91 
010686 	413 	45 	91 	91 
010687 	413 	45 	91 	91 
010688 	413 	45 	91 	91 
010689 	413 	45 	91 	91 
010690 	413 	45 	91 	91 
010691 	423 	45 	91 	91 
010692 	423 	45 	91 	91 
010693 	413 	55 	91 	91 
010694 	413 	55 	91 	91 
010695 	413 	55 	91 	91 
010696 	413 	55 	91 	91 
010697 	403 	55 	91 	91 
010698 	403 	55 	91 	91 
010699 	403 	55 	91 	91 
010700 	393 	55 	91 	91 
010701 	393 	55 	91 	91 
010702 	393 	55 	91 	91 
010703 	376 	43 	109 	108 
010704 	383 	55 	91 	91 
010705 	383 	55 	91 	91 
010706 	383 	45 	91 	91 
010707 	383 	45 	91 	91 
010708 	383 	45 	91 	91 
010709 	383 	45 	91 	91 
010710 	383 	45 	91 	91 
010711 	383 	45 	91 	91 
010712 	383 	55 	91 	91 
010713 	383 	55 	91 	91 
010714 	393 	55 	91 	91 
010715 	393 	55 	91 	91 
010716 	393 	55 	91 	91 
010717 	403 	55 	91 	91 
010718 	403 	55 	91 	91 
010719 	403 	55 	91 	91 
010720 	413 	55 	91 	91 
010721 	413 	55 	91 	91 
010722 	413 	55 	91 	91 
010723 	423 	55 	91 	91 
010724 	423 	55 	91 	91 
010725 	423 	55 	91 	91 
010726 	433 	55 	91 	91 
010727 	433 	55 	91 	91 
010728 	433 	55 	91 	91 
010729 	433 	55 	91 	91 
010730 	433 	55 	91 	91 
010731 	433 	55 	91 	91 
010732 	433 	55 	91 	91 
010733 	433 	55 	91 	91 
010734 	433 	65 	91 	91 
010735 	433 	65 	91 	91 
010736 	433 	65 	91 	91 
010737 	433 	65 	91 	91 
010738 	433 	65 	91 	91 
010739 	433 	65 	91 	91 
010740 	433 	65 	91 	91 
010741 	433 	65 	91 	91 
010742 	435 	71 	76 	75 
010743 	423 	65 	91 	91 
010744 	423 	65 	91 	91 
010745 	423 	65 	91 	91 
010746 	423 	65 	91 	91 
010747 	413 	65 	91 	91 
010748 	413 	65 	91 	91 
010749 	413 	65 	91 	91 
010750 	413 	65 	91 	91 
010751 	413 	65 	91 	91 
010752 	413 	65 	91 	91 
010753 	413 	65 	91 	91 
010754 	413 	65 	91 	91 
010755 	413 	65 	91 	91 
010756 	413 	65 	91 	91 
010757 	413 	65 	91 	91 
010758 	413 	65 	91 	91 
010759 	403 	65 	91 	91 
010760 	403 	65 	91 	91 
010761 	403 	65 	91 	91 
010762 	403 	65 	91 	91 
010763 	403 	65 	91 	91 
010764 	403 	65 	91 	91 
010765 	393 	65 	91 	91 
010766 	393 	55 	91 	91 
010767 	393 	55 	91 	91 
010768 	393 	55 	91 	91 
010769 	393 	55 	91 	91 
010770 	393 	55 	91 	91 
010771 	383 	55 	91 	91 
010772 	383 	55 	91 	91 
010773 	383 	55 	91 	91 
010774 	383 	55 	91 	91 
010775 	383 	55 	91 	91 
010776 	383 	55 	91 	91 
010777 	383 	55 	91 	91 
010778 	383 	55 	91 	91 
010779 	383 	55 	91 	91 
010780 	383 	55 	91 	91 
010781 	383 	55 	91 	91 
010782 	383 	55 	91 	91 
010783 	383 	55 	91 	91 
010784 	383 	55 	91 	91 
010785 	383 	55 	91 	91 
010786 	393 	55 	91 	91 
010787 	393 	55 	91 	91 
010788 	393 	55 	91 	91 
010789 	393 	55 	91 	91 
010790 	393 	55 	91 	91 
010791 	393 	55 	91 	91 
010792 	393 	55 	91 	91 
010793 	393 	55 	91 	91 
010794 	393 	55 	91 	91 
010795 	393 	55 	91 	91 
010796 	393 	55 	91 	91 
010797 	383 	55 	91 	91 
010798 	383 	55 	91 	91 
010799 	383 	55 	91 	91 
010800 	383 	55 	91 	91 
010801 	383 	55 	91 	91 
010802 	383 	55 	91 	91 
010803 	383 	55 	91 	91 
010804 	393 	55 	91 	91 
010805 	393 	55 	91 	91 
010806 	393 	55 	91 	91 
010807 	393 	55 	91 	91 
010808 	393 	55 	91 	91 
010809 	393 	55 	91 	91 
010810 	393 	55 	91 	91 
010811 	393 	55 	91 	91 
010812 	393 	55 	91 	91 
010813 	393 	55 	91 	91 
010814 	393 	55 	91 	91 
010815 	393 	55 	91 	91 
010816 	393 	55 	91 	91 
010817 	393 	55 	91 	91 
010818 	393 	55 	91 	91 
010819 	393 	55 	91 	91 
010820 	393 	55 	91 	91 
010821 	393 	55 	91 	91 
010822 	393 	55 	91 	91 
010823 	393 	55 	91 	91 
010824 	393 	55 	91 	91 
010825 	393 	55 	91 	91 
010826 	393 	55 	91 	91 
010827 	393 	55 	91 	91 
010828 	393 	55 	91 	91 
010829 	403 	55 	91 	91 
010830 	403 	55 	91 	91 
010831 	403 	55 	91 	91 
010832 	403 	55 	91 	91 
010833 	403 	55 	91 	91 
010834 	403 	55 	91 	91 
010835 	403 	55 	91 	91 
010836 	403 	55 	91 	91 
010837 	403 	55 	91 	91 
010838 	403 	55 	91 	91 
010839 	403 	55 	91 	91 
010840 	403 	55 	91 	91 
010841 	403 	55 	91 	91 
010842 	403 	55 	91 	91 
010843 	403 	55 	91 	91 
010844 	403 	55 	91 	91 
010845 	403 	55 	91 	91 
010846 	403 	55 	91 	91 
010847 	403 	55 	91 	91 
010848 	403 	55 	91 	91 
010849 	403 	55 	91 	91 
010850 	403 	55 	91 	91 
010851 	403 	55 	91 	91 
010852 	403 	55 	91 	91 
010853 	403 	55 	91 	91 
010854 	403 	55 	91 	91 
010855 	403 	55 	91 	91 
010856 	403 	55 	91 	91 
010857 	403 	55 	91 	91 
010858 	403 	55 	91 	91 
010859 	403 	55 	91 	91 
010860 	403 	55 	91 	91 
010861 	403 	55 	91 	91 
010862 	403 	55 	91 	91 
010863 	403 	55 	91 	91 
010864 	403 	55 	91 	91 
010865 	403 	55 	91 	91 
010866 	403 	55 	91 	91 
010867 	403 	55 	91 	91 
010868 	403 	55 	91 	91 
010869 	403 	55 	91 	91 
010870 	403 	55 	91 	91 
010871 	403 	55 	91 	91 
010872 	403 	55 	91 	91 
010873 	403 	55 	91 	91 
010874 	403 	55 	91 	91 
010875 	403 	55 	91 	91 
010876 	403 	55 	91 	91 
010877 	403 	55 	91 	91 
010878 	403 	55 	91 	91 
010879 	403 	55 	91 	91 
010880 	403 	55 	91 	91 
010881 	403 	45 	91 	91 
010882 	403 	45 	91 	91 
010883 	403 	45 	91 	91 
010884 	403 	45 	91 	91 
010885 	413 	45 	91 	91 
010886 	413 	45 	91 	91 
010887 	413 	45 	91 	91 
010888 	413 	45 	91 	91 
010889 	413 	45 	91 	91 
010890 	413 	45 	91 	91 
010891 	413 	45 	91 	91 
010892 	413 	45 	91 	91 
010893 	413 	45 	91 	91 
010894 	403 	45 	91 	91 
010895 	403 	45 	91 	91 
010896 	403 	45 	91 	91 
010897 	403 	55 	91 	91 
010898 	403 	55 	91 	91 
010899 	393 	55 	91 	91 
010900 	393 	55 	91 	91 
010901 	393 	55 	91 	91 
010902 	393 	55 	91 	91 
010903 	393 	55 	91 	91 
010904 	393 	55 	91 	91 
010905 	393 	55 	91 	91 
010906 	393 	55 	91 	91 
010907 	393 	55 	91 	91 
010908 	393 	55 	91 	91 
010909 	403 	55 	91 	91 
010910 	403 	55 	91 	91 
010911 	403 	55 	91 	91 
010912 	403 	55 	91 	91 
010913 	403 	55 	91 	91 
010914 	403 	55 	91 	91 
010915 	403 	55 	91 	91 
010916 	403 	55 	91 	91 
010917 	413 	45 	91 	91 
010918 	413 	45 	91 	91 
010919 	413 	45 	91 	91 
010920 	413 	45 	91 	91 
010921 	413 	45 	91 	91 
010922 	413 	45 	91 	91 
010923 	413 	45 	91 	91 
010924 	413 	45 	91 	91 
010925 	413 	45 	91 	91 
010926 	413 	45 	91 	91 
010927 	413 	45 	91 	91 
010928 	413 	45 	91 	91 
010929 	413 	45 	91 	91 
010930 	413 	45 	91 	91 
010931 	413 	45 	91 	91 
010932 	413 	45 	91 	91 
010933 	413 	45 	91 	91 
010934 	413 	45 	91 	91 
010935 	413 	45 	91 	91 
010936 	413 	45 	91 	91 
010937 	413 	45 	91 	91 
010938 	413 	55 	91 	91 
010939 	413 	55 	91 	91 
010940 	413 	55 	91 	91 
010941 	413 	55 	91 	91 
010942 	413 	55 	91 	91 
010943 	413 	55 	91 	91 
010944 	413 	55 	91 	91 
010945 	413 	55 	91 	91 
010946 	413 	55 	91 	91 
010947 	413 	55 	91 	91 
010948 	413 	55 	91 	91 
010949 	413 	55 	91 	91 
010950 	413 	55 	91 	91 
010951 	413 	55 	91 	91 
010952 	413 	55 	91 	91 
010953 	413 	55 	91 	91 
010954 	413 	55 	91 	91 
010955 	413 	55 	91 	91 
010956 	413 	55 	91 	91 
010957 	413 	55 	91 	91 
010958 	413 	55 	91 	91 
010959 	413 	55 	91 	91 
010960 	413 	55 	91 	91 
010961 	413 	55 	91 	91 
010962 	413 	55 	91 	91 
010963 	413 	55 	91 	91 
010964 	413 	55 	91 	91 
010965 	413 	55 	91 	91 
