Identity  : 	id10286
Reference : 	isKyMAYUOgg
Offset    : 	-1
FV Conf   : 	14.182
ASD Conf  : 	6.973

FRAME 	X 	Y 	W 	H 
010454 	403 	65 	91 	91 
010455 	403 	65 	91 	91 
010456 	403 	65 	91 	91 
010457 	403 	65 	91 	91 
010458 	403 	65 	91 	91 
010459 	403 	65 	91 	91 
010460 	403 	65 	91 	91 
010461 	403 	65 	91 	91 
010462 	403 	65 	91 	91 
010463 	413 	75 	91 	91 
010464 	413 	75 	91 	91 
010465 	413 	75 	91 	91 
010466 	413 	75 	91 	91 
010467 	413 	75 	91 	91 
010468 	413 	75 	91 	91 
010469 	413 	75 	91 	91 
010470 	413 	75 	91 	91 
010471 	403 	65 	91 	91 
010472 	403 	65 	91 	91 
010473 	413 	75 	91 	91 
010474 	413 	75 	91 	91 
010475 	413 	75 	91 	91 
010476 	413 	75 	91 	91 
010477 	413 	75 	91 	91 
010478 	413 	75 	91 	91 
010479 	419 	79 	75 	76 
010480 	419 	79 	75 	76 
010481 	419 	79 	75 	76 
010482 	419 	79 	75 	76 
010483 	413 	75 	91 	91 
010484 	413 	75 	91 	91 
010485 	413 	75 	91 	91 
010486 	413 	75 	91 	91 
010487 	413 	75 	91 	91 
010488 	413 	75 	91 	91 
010489 	413 	75 	91 	91 
010490 	413 	75 	91 	91 
010491 	413 	75 	91 	91 
010492 	413 	75 	91 	91 
010493 	419 	79 	75 	76 
010494 	413 	75 	91 	91 
010495 	419 	79 	75 	76 
010496 	419 	79 	75 	76 
010497 	419 	79 	75 	76 
010498 	403 	65 	91 	91 
010499 	403 	65 	91 	91 
010500 	403 	65 	91 	91 
010501 	403 	65 	91 	91 
010502 	410 	79 	76 	76 
010503 	410 	79 	76 	76 
010504 	410 	79 	76 	76 
010505 	403 	65 	91 	91 
010506 	403 	65 	91 	91 
010507 	403 	65 	91 	91 
010508 	413 	65 	91 	91 
010509 	413 	65 	91 	91 
010510 	413 	65 	91 	91 
010511 	413 	65 	91 	91 
010512 	413 	65 	91 	91 
010513 	413 	65 	91 	91 
010514 	413 	65 	91 	91 
010515 	413 	65 	91 	91 
010516 	413 	65 	91 	91 
010517 	413 	65 	91 	91 
010518 	413 	65 	91 	91 
010519 	403 	65 	91 	91 
010520 	403 	65 	91 	91 
010521 	403 	65 	91 	91 
010522 	403 	65 	91 	91 
010523 	403 	55 	91 	91 
010524 	403 	55 	91 	91 
010525 	403 	55 	91 	91 
010526 	403 	55 	91 	91 
010527 	403 	55 	91 	91 
010528 	403 	45 	91 	91 
010529 	403 	45 	91 	91 
010530 	403 	45 	91 	91 
010531 	403 	45 	91 	91 
010532 	403 	45 	91 	91 
010533 	403 	45 	91 	91 
010534 	403 	45 	91 	91 
010535 	403 	45 	91 	91 
010536 	403 	45 	91 	91 
010537 	403 	45 	91 	91 
010538 	403 	45 	91 	91 
010539 	403 	45 	91 	91 
010540 	403 	45 	91 	91 
010541 	403 	45 	91 	91 
010542 	403 	45 	91 	91 
010543 	403 	45 	91 	91 
010544 	403 	45 	91 	91 
010545 	403 	45 	91 	91 
010546 	403 	45 	91 	91 
010547 	403 	45 	91 	91 
010548 	403 	45 	91 	91 
010549 	403 	55 	91 	91 
010550 	403 	55 	91 	91 
010551 	403 	55 	91 	91 
010552 	403 	55 	91 	91 
010553 	403 	55 	91 	91 
010554 	403 	55 	91 	91 
010555 	403 	55 	91 	91 
010556 	403 	55 	91 	91 
010557 	403 	55 	91 	91 
010558 	403 	55 	91 	91 
010559 	393 	55 	91 	91 
010560 	393 	55 	91 	91 
010561 	393 	55 	91 	91 
010562 	393 	55 	91 	91 
010563 	383 	55 	91 	91 
010564 	383 	55 	91 	91 
010565 	383 	55 	91 	91 
010566 	383 	55 	91 	91 
010567 	383 	55 	91 	91 
010568 	383 	55 	91 	91 
010569 	383 	55 	91 	91 
010570 	383 	55 	91 	91 
010571 	383 	55 	91 	91 
010572 	383 	55 	91 	91 
010573 	383 	55 	91 	91 
010574 	383 	55 	91 	91 
010575 	376 	54 	109 	109 
010576 	393 	65 	91 	91 
010577 	393 	65 	91 	91 
010578 	393 	65 	91 	91 
010579 	393 	65 	91 	91 
010580 	393 	65 	91 	91 
010581 	393 	65 	91 	91 
010582 	393 	65 	91 	91 
010583 	393 	65 	91 	91 
010584 	403 	65 	91 	91 
010585 	403 	65 	91 	91 
010586 	403 	65 	91 	91 
010587 	403 	65 	91 	91 
010588 	403 	65 	91 	91 
010589 	403 	65 	91 	91 
010590 	403 	65 	91 	91 
010591 	403 	65 	91 	91 
010592 	403 	65 	91 	91 
010593 	403 	65 	91 	91 
010594 	403 	65 	91 	91 
010595 	403 	65 	91 	91 
010596 	393 	65 	91 	91 
010597 	393 	65 	91 	91 
010598 	393 	65 	91 	91 
010599 	393 	65 	91 	91 
010600 	393 	65 	91 	91 
010601 	393 	65 	91 	91 
010602 	393 	65 	91 	91 
