Identity  : 	id10295
Reference : 	3tvnlmkCiTw
Offset    : 	-2
FV Conf   : 	10.124
ASD Conf  : 	9.651

FRAME 	X 	Y 	W 	H 
011033 	234 	95 	90 	91 
011034 	234 	95 	90 	91 
011035 	234 	95 	90 	91 
011036 	234 	95 	90 	91 
011037 	234 	95 	90 	91 
011038 	234 	95 	90 	91 
011039 	234 	95 	90 	91 
011040 	234 	95 	90 	91 
011041 	234 	95 	90 	91 
011042 	234 	95 	90 	91 
011043 	234 	95 	90 	91 
011044 	234 	95 	90 	91 
011045 	234 	95 	90 	91 
011046 	234 	95 	90 	91 
011047 	234 	95 	90 	91 
011048 	234 	95 	90 	91 
011049 	234 	95 	90 	91 
011050 	234 	95 	90 	91 
011051 	234 	95 	90 	91 
011052 	234 	95 	90 	91 
011053 	234 	95 	90 	91 
011054 	234 	95 	90 	91 
011055 	234 	95 	90 	91 
011056 	234 	95 	90 	91 
011057 	234 	95 	90 	91 
011058 	234 	95 	90 	91 
011059 	234 	95 	90 	91 
011060 	234 	95 	90 	91 
011061 	234 	95 	90 	91 
011062 	234 	95 	90 	91 
011063 	234 	95 	90 	91 
011064 	234 	95 	90 	91 
011065 	234 	95 	90 	91 
011066 	234 	95 	90 	91 
011067 	234 	95 	90 	91 
011068 	234 	95 	90 	91 
011069 	234 	95 	90 	91 
011070 	234 	95 	90 	91 
011071 	234 	95 	90 	91 
011072 	234 	95 	90 	91 
011073 	234 	95 	90 	91 
011074 	234 	95 	90 	91 
011075 	234 	95 	90 	91 
011076 	234 	95 	90 	91 
011077 	234 	95 	90 	91 
011078 	234 	95 	90 	91 
011079 	234 	95 	90 	91 
011080 	234 	95 	90 	91 
011081 	234 	95 	90 	91 
011082 	234 	95 	90 	91 
011083 	234 	95 	90 	91 
011084 	234 	95 	90 	91 
011085 	234 	95 	90 	91 
011086 	234 	95 	90 	91 
011087 	234 	95 	90 	91 
011088 	234 	95 	90 	91 
011089 	234 	95 	90 	91 
011090 	234 	95 	90 	91 
011091 	234 	95 	90 	91 
011092 	234 	95 	90 	91 
011093 	234 	95 	90 	91 
011094 	234 	95 	90 	91 
011095 	234 	95 	90 	91 
011096 	234 	95 	90 	91 
011097 	234 	95 	90 	91 
011098 	234 	95 	90 	91 
011099 	234 	95 	90 	91 
011100 	234 	95 	90 	91 
011101 	234 	95 	90 	91 
011102 	234 	95 	90 	91 
011103 	234 	95 	90 	91 
011104 	234 	95 	90 	91 
011105 	234 	95 	90 	91 
011106 	234 	95 	90 	91 
011107 	234 	95 	90 	91 
011108 	234 	95 	90 	91 
011109 	234 	95 	90 	91 
011110 	234 	95 	90 	91 
011111 	234 	95 	90 	91 
011112 	234 	95 	90 	91 
011113 	234 	95 	90 	91 
011114 	234 	95 	90 	91 
011115 	234 	95 	90 	91 
011116 	234 	95 	90 	91 
011117 	234 	95 	90 	91 
011118 	234 	95 	90 	91 
011119 	234 	95 	90 	91 
011120 	234 	95 	90 	91 
011121 	234 	95 	90 	91 
011122 	234 	95 	90 	91 
011123 	234 	95 	90 	91 
011124 	234 	95 	90 	91 
011125 	234 	95 	90 	91 
011126 	234 	95 	90 	91 
011127 	234 	95 	90 	91 
011128 	234 	95 	90 	91 
011129 	234 	95 	90 	91 
011130 	234 	95 	90 	91 
011131 	234 	95 	90 	91 
011132 	234 	95 	90 	91 
011133 	234 	95 	90 	91 
011134 	234 	95 	90 	91 
011135 	234 	95 	90 	91 
011136 	234 	95 	90 	91 
011137 	234 	95 	90 	91 
011138 	234 	95 	90 	91 
011139 	234 	95 	90 	91 
011140 	234 	95 	90 	91 
011141 	234 	95 	90 	91 
011142 	234 	95 	90 	91 
011143 	234 	95 	90 	91 
011144 	234 	95 	90 	91 
011145 	234 	95 	90 	91 
011146 	234 	95 	90 	91 
011147 	234 	95 	90 	91 
011148 	234 	95 	90 	91 
011149 	234 	95 	90 	91 
011150 	234 	95 	90 	91 
011151 	234 	95 	90 	91 
011152 	234 	95 	90 	91 
011153 	234 	95 	90 	91 
011154 	234 	95 	90 	91 
011155 	234 	95 	90 	91 
011156 	244 	95 	90 	91 
011157 	244 	95 	90 	91 
011158 	244 	95 	90 	91 
011159 	244 	95 	90 	91 
011160 	244 	95 	90 	91 
011161 	244 	95 	90 	91 
011162 	244 	95 	90 	91 
011163 	244 	95 	90 	91 
011164 	244 	95 	90 	91 
011165 	244 	95 	90 	91 
011166 	244 	95 	90 	91 
