Identity  : 	id10295
Reference : 	3tvnlmkCiTw
Offset    : 	-2
FV Conf   : 	10.736
ASD Conf  : 	7.231

FRAME 	X 	Y 	W 	H 
012676 	234 	95 	90 	91 
012677 	234 	95 	90 	91 
012678 	234 	95 	90 	91 
012679 	234 	95 	90 	91 
012680 	234 	95 	90 	91 
012681 	234 	95 	90 	91 
012682 	234 	95 	90 	91 
012683 	234 	95 	90 	91 
012684 	234 	95 	90 	91 
012685 	234 	95 	90 	91 
012686 	234 	95 	90 	91 
012687 	234 	95 	90 	91 
012688 	234 	95 	90 	91 
012689 	234 	95 	90 	91 
012690 	234 	95 	90 	91 
012691 	234 	95 	90 	91 
012692 	234 	95 	90 	91 
012693 	234 	95 	90 	91 
012694 	234 	95 	90 	91 
012695 	234 	95 	90 	91 
012696 	234 	95 	90 	91 
012697 	234 	95 	90 	91 
012698 	234 	95 	90 	91 
012699 	234 	95 	90 	91 
012700 	234 	95 	90 	91 
012701 	234 	95 	90 	91 
012702 	234 	95 	90 	91 
012703 	234 	95 	90 	91 
012704 	234 	95 	90 	91 
012705 	234 	95 	90 	91 
012706 	234 	95 	90 	91 
012707 	234 	95 	90 	91 
012708 	234 	95 	90 	91 
012709 	234 	95 	90 	91 
012710 	234 	95 	90 	91 
012711 	234 	95 	90 	91 
012712 	234 	95 	90 	91 
012713 	234 	95 	90 	91 
012714 	234 	95 	90 	91 
012715 	234 	95 	90 	91 
012716 	234 	95 	90 	91 
012717 	234 	95 	90 	91 
012718 	234 	95 	90 	91 
012719 	234 	95 	90 	91 
012720 	234 	95 	90 	91 
012721 	234 	95 	90 	91 
012722 	234 	95 	90 	91 
012723 	234 	95 	90 	91 
012724 	234 	95 	90 	91 
012725 	234 	95 	90 	91 
012726 	234 	95 	90 	91 
012727 	234 	95 	90 	91 
012728 	234 	95 	90 	91 
012729 	234 	95 	90 	91 
012730 	234 	95 	90 	91 
012731 	234 	95 	90 	91 
012732 	234 	95 	90 	91 
012733 	234 	95 	90 	91 
012734 	234 	95 	90 	91 
012735 	234 	95 	90 	91 
012736 	234 	95 	90 	91 
012737 	234 	95 	90 	91 
012738 	234 	95 	90 	91 
012739 	234 	95 	90 	91 
012740 	234 	95 	90 	91 
012741 	234 	95 	90 	91 
012742 	234 	95 	90 	91 
012743 	234 	95 	90 	91 
012744 	234 	95 	90 	91 
012745 	234 	95 	90 	91 
012746 	234 	95 	90 	91 
012747 	234 	95 	90 	91 
012748 	234 	95 	90 	91 
012749 	234 	95 	90 	91 
012750 	234 	95 	90 	91 
012751 	234 	95 	90 	91 
012752 	234 	95 	90 	91 
012753 	234 	95 	90 	91 
012754 	234 	95 	90 	91 
012755 	234 	95 	90 	91 
012756 	234 	95 	90 	91 
012757 	234 	95 	90 	91 
012758 	234 	95 	90 	91 
012759 	234 	95 	90 	91 
012760 	234 	95 	90 	91 
012761 	234 	95 	90 	91 
012762 	234 	95 	90 	91 
012763 	234 	95 	90 	91 
012764 	234 	95 	90 	91 
012765 	234 	95 	90 	91 
012766 	234 	95 	90 	91 
012767 	234 	95 	90 	91 
012768 	234 	95 	90 	91 
012769 	234 	95 	90 	91 
012770 	234 	95 	90 	91 
012771 	234 	95 	90 	91 
012772 	234 	95 	90 	91 
012773 	234 	95 	90 	91 
012774 	234 	95 	90 	91 
012775 	234 	95 	90 	91 
012776 	234 	95 	90 	91 
012777 	234 	95 	90 	91 
012778 	234 	95 	90 	91 
012779 	234 	95 	90 	91 
012780 	234 	95 	90 	91 
012781 	234 	95 	90 	91 
012782 	234 	95 	90 	91 
012783 	234 	95 	90 	91 
012784 	234 	95 	90 	91 
012785 	234 	95 	90 	91 
012786 	234 	95 	90 	91 
012787 	234 	95 	90 	91 
012788 	234 	95 	90 	91 
012789 	234 	95 	90 	91 
012790 	234 	95 	90 	91 
012791 	234 	95 	90 	91 
012792 	234 	95 	90 	91 
012793 	234 	95 	90 	91 
012794 	234 	95 	90 	91 
012795 	234 	95 	90 	91 
012796 	234 	95 	90 	91 
012797 	234 	95 	90 	91 
012798 	234 	95 	90 	91 
012799 	234 	95 	90 	91 
012800 	234 	95 	90 	91 
012801 	234 	95 	90 	91 
012802 	234 	95 	90 	91 
012803 	234 	95 	90 	91 
012804 	234 	95 	90 	91 
012805 	234 	95 	90 	91 
012806 	234 	95 	90 	91 
012807 	234 	95 	90 	91 
012808 	234 	95 	90 	91 
012809 	234 	95 	90 	91 
012810 	234 	95 	90 	91 
012811 	234 	95 	90 	91 
012812 	234 	95 	90 	91 
012813 	234 	95 	90 	91 
012814 	234 	95 	90 	91 
