Identity  : 	id10273
Reference : 	eLl_yTeuaKo
Offset    : 	-2
FV Conf   : 	14.115
ASD Conf  : 	6.635

FRAME 	X 	Y 	W 	H 
004660 	337 	94 	130 	130 
004661 	337 	94 	130 	130 
004662 	337 	94 	130 	130 
004663 	337 	94 	130 	130 
004664 	337 	94 	130 	130 
004665 	337 	94 	130 	130 
004666 	337 	94 	130 	130 
004667 	337 	94 	130 	130 
004668 	337 	94 	130 	130 
004669 	337 	94 	130 	130 
004670 	337 	94 	130 	130 
004671 	337 	94 	130 	130 
004672 	337 	94 	130 	130 
004673 	337 	94 	130 	130 
004674 	337 	94 	130 	130 
004675 	337 	94 	130 	130 
004676 	337 	94 	130 	130 
004677 	337 	94 	130 	130 
004678 	337 	94 	130 	130 
004679 	337 	94 	130 	130 
004680 	337 	94 	130 	130 
004681 	337 	94 	130 	130 
004682 	337 	94 	130 	130 
004683 	337 	94 	130 	130 
004684 	337 	94 	130 	130 
004685 	337 	94 	130 	130 
004686 	337 	94 	130 	130 
004687 	337 	109 	130 	130 
004688 	337 	94 	130 	130 
004689 	337 	109 	130 	130 
004690 	337 	94 	130 	130 
004691 	337 	94 	130 	130 
004692 	337 	109 	130 	130 
004693 	337 	109 	130 	130 
004694 	337 	109 	130 	130 
004695 	337 	109 	130 	130 
004696 	337 	94 	130 	130 
004697 	337 	94 	130 	130 
004698 	337 	94 	130 	130 
004699 	337 	94 	130 	130 
004700 	337 	94 	130 	130 
004701 	337 	94 	130 	130 
004702 	337 	94 	130 	130 
004703 	337 	94 	130 	130 
004704 	337 	94 	130 	130 
004705 	337 	94 	130 	130 
004706 	337 	94 	130 	130 
004707 	337 	94 	130 	130 
004708 	337 	94 	130 	130 
004709 	353 	114 	108 	109 
004710 	337 	94 	130 	130 
004711 	337 	94 	130 	130 
004712 	337 	94 	130 	130 
004713 	337 	94 	130 	130 
004714 	337 	94 	130 	130 
004715 	337 	94 	130 	130 
004716 	337 	94 	130 	130 
004717 	337 	94 	130 	130 
004718 	337 	94 	130 	130 
004719 	337 	94 	130 	130 
004720 	353 	114 	108 	109 
004721 	353 	114 	108 	109 
004722 	353 	114 	108 	109 
004723 	353 	114 	108 	109 
004724 	353 	114 	108 	109 
004725 	337 	94 	130 	130 
004726 	337 	109 	130 	130 
004727 	337 	94 	130 	130 
004728 	337 	109 	130 	130 
004729 	337 	109 	130 	130 
004730 	337 	109 	130 	130 
004731 	337 	109 	130 	130 
004732 	337 	109 	130 	130 
004733 	337 	109 	130 	130 
004734 	352 	109 	130 	130 
004735 	352 	109 	130 	130 
004736 	352 	109 	130 	130 
004737 	352 	109 	130 	130 
004738 	352 	109 	130 	130 
004739 	352 	109 	130 	130 
004740 	352 	109 	130 	130 
004741 	352 	109 	130 	130 
004742 	352 	109 	130 	130 
004743 	337 	109 	130 	130 
004744 	337 	109 	130 	130 
004745 	337 	109 	130 	130 
004746 	337 	109 	130 	130 
004747 	337 	109 	130 	130 
004748 	337 	109 	130 	130 
004749 	337 	123 	130 	130 
004750 	337 	109 	130 	130 
004751 	337 	109 	130 	130 
004752 	337 	109 	130 	130 
004753 	337 	109 	130 	130 
004754 	337 	109 	130 	130 
004755 	337 	109 	130 	130 
004756 	337 	109 	130 	130 
004757 	337 	109 	130 	130 
004758 	323 	109 	130 	130 
004759 	341 	126 	108 	109 
004760 	323 	109 	130 	130 
004761 	323 	109 	130 	130 
004762 	341 	126 	108 	109 
004763 	341 	126 	108 	109 
004764 	337 	109 	130 	130 
004765 	337 	109 	130 	130 
004766 	337 	109 	130 	130 
004767 	337 	123 	130 	130 
004768 	337 	123 	130 	130 
004769 	337 	109 	130 	130 
004770 	337 	109 	130 	130 
004771 	337 	123 	130 	130 
004772 	337 	123 	130 	130 
004773 	337 	123 	130 	130 
004774 	337 	123 	130 	130 
004775 	337 	123 	130 	130 
004776 	337 	123 	130 	130 
004777 	337 	123 	130 	130 
004778 	337 	123 	130 	130 
004779 	337 	123 	130 	130 
004780 	337 	123 	130 	130 
004781 	337 	123 	130 	130 
004782 	337 	123 	130 	130 
004783 	337 	123 	130 	130 
004784 	337 	123 	130 	130 
004785 	337 	123 	130 	130 
004786 	319 	113 	156 	156 
004787 	337 	123 	130 	130 
004788 	319 	113 	156 	156 
004789 	319 	113 	156 	156 
004790 	319 	113 	156 	156 
004791 	319 	113 	156 	156 
004792 	319 	113 	156 	156 
004793 	319 	113 	156 	156 
004794 	319 	113 	156 	156 
004795 	319 	113 	156 	156 
004796 	323 	123 	130 	130 
004797 	323 	123 	130 	130 
004798 	323 	123 	130 	130 
004799 	323 	123 	130 	130 
004800 	323 	123 	130 	130 
004801 	323 	123 	130 	130 
004802 	323 	123 	130 	130 
004803 	323 	123 	130 	130 
004804 	323 	123 	130 	130 
004805 	323 	123 	130 	130 
004806 	323 	123 	130 	130 
004807 	323 	123 	130 	130 
004808 	323 	123 	130 	130 
004809 	323 	123 	130 	130 
004810 	323 	123 	130 	130 
004811 	329 	138 	108 	109 
004812 	302 	130 	156 	156 
004813 	309 	137 	130 	130 
004814 	309 	123 	130 	130 
004815 	309 	123 	130 	130 
004816 	309 	123 	130 	130 
004817 	309 	109 	130 	130 
004818 	302 	113 	156 	156 
004819 	302 	113 	156 	156 
004820 	323 	123 	130 	130 
004821 	323 	123 	130 	130 
004822 	323 	109 	130 	130 
004823 	323 	109 	130 	130 
004824 	323 	109 	130 	130 
004825 	323 	109 	130 	130 
004826 	323 	109 	130 	130 
004827 	323 	109 	130 	130 
004828 	323 	109 	130 	130 
004829 	323 	109 	130 	130 
004830 	329 	114 	108 	109 
004831 	329 	114 	108 	109 
004832 	302 	96 	156 	156 
004833 	309 	109 	130 	130 
004834 	309 	109 	130 	130 
004835 	309 	109 	130 	130 
004836 	309 	94 	130 	130 
004837 	309 	94 	130 	130 
004838 	309 	94 	130 	130 
004839 	294 	80 	130 	130 
004840 	294 	80 	130 	130 
004841 	293 	90 	108 	109 
004842 	280 	80 	130 	130 
004843 	280 	80 	130 	130 
004844 	280 	80 	130 	130 
004845 	280 	80 	130 	130 
004846 	281 	90 	108 	109 
004847 	281 	90 	108 	109 
004848 	266 	80 	130 	130 
004849 	266 	80 	130 	130 
004850 	266 	80 	130 	130 
004851 	266 	80 	130 	130 
004852 	266 	80 	130 	130 
004853 	266 	80 	130 	130 
004854 	266 	80 	130 	130 
004855 	280 	94 	130 	130 
004856 	280 	94 	130 	130 
004857 	280 	94 	130 	130 
004858 	280 	94 	130 	130 
004859 	280 	94 	130 	130 
004860 	280 	94 	130 	130 
004861 	280 	109 	130 	130 
004862 	266 	94 	130 	130 
004863 	266 	94 	130 	130 
004864 	280 	94 	130 	130 
004865 	280 	94 	130 	130 
004866 	280 	94 	130 	130 
004867 	280 	94 	130 	130 
004868 	280 	94 	130 	130 
004869 	280 	94 	130 	130 
004870 	280 	94 	130 	130 
004871 	280 	94 	130 	130 
004872 	280 	94 	130 	130 
004873 	280 	94 	130 	130 
004874 	280 	94 	130 	130 
004875 	280 	109 	130 	130 
004876 	280 	109 	130 	130 
004877 	280 	109 	130 	130 
004878 	294 	109 	130 	130 
004879 	294 	109 	130 	130 
004880 	294 	109 	130 	130 
004881 	294 	94 	130 	130 
004882 	294 	94 	130 	130 
004883 	309 	109 	130 	130 
004884 	309 	94 	130 	130 
004885 	309 	94 	130 	130 
004886 	309 	94 	130 	130 
004887 	309 	94 	130 	130 
004888 	323 	94 	130 	130 
004889 	323 	109 	130 	130 
004890 	323 	109 	130 	130 
004891 	323 	109 	130 	130 
004892 	323 	94 	130 	130 
004893 	319 	96 	156 	156 
004894 	337 	109 	130 	130 
004895 	337 	109 	130 	130 
004896 	337 	109 	130 	130 
004897 	337 	109 	130 	130 
004898 	337 	109 	130 	130 
004899 	337 	109 	130 	130 
004900 	337 	109 	130 	130 
004901 	337 	109 	130 	130 
004902 	337 	109 	130 	130 
004903 	337 	109 	130 	130 
004904 	337 	109 	130 	130 
004905 	337 	109 	130 	130 
004906 	337 	109 	130 	130 
004907 	337 	109 	130 	130 
004908 	337 	109 	130 	130 
004909 	337 	109 	130 	130 
004910 	319 	96 	156 	156 
004911 	337 	109 	130 	130 
004912 	337 	109 	130 	130 
004913 	337 	109 	130 	130 
004914 	337 	109 	130 	130 
004915 	337 	109 	130 	130 
004916 	337 	109 	130 	130 
004917 	337 	109 	130 	130 
004918 	337 	109 	130 	130 
004919 	337 	109 	130 	130 
004920 	337 	109 	130 	130 
004921 	319 	96 	156 	156 
004922 	341 	114 	108 	109 
004923 	319 	96 	156 	156 
004924 	337 	109 	130 	130 
004925 	337 	109 	130 	130 
004926 	337 	109 	130 	130 
004927 	337 	109 	130 	130 
004928 	337 	109 	130 	130 
004929 	337 	109 	130 	130 
004930 	323 	94 	130 	130 
004931 	323 	94 	130 	130 
004932 	323 	94 	130 	130 
004933 	323 	94 	130 	130 
004934 	323 	94 	130 	130 
