Identity  : 	id10273
Reference : 	eLl_yTeuaKo
Offset    : 	-2
FV Conf   : 	14.115
ASD Conf  : 	6.884

FRAME 	X 	Y 	W 	H 
004392 	309 	80 	130 	130 
004393 	309 	66 	130 	130 
004394 	309 	80 	130 	130 
004395 	294 	80 	130 	130 
004396 	309 	80 	130 	130 
004397 	309 	80 	130 	130 
004398 	309 	80 	130 	130 
004399 	309 	80 	130 	130 
004400 	309 	80 	130 	130 
004401 	309 	80 	130 	130 
004402 	309 	80 	130 	130 
004403 	309 	80 	130 	130 
004404 	309 	80 	130 	130 
004405 	309 	80 	130 	130 
004406 	317 	78 	108 	109 
004407 	309 	80 	130 	130 
004408 	309 	80 	130 	130 
004409 	317 	78 	108 	109 
004410 	309 	80 	130 	130 
004411 	309 	80 	130 	130 
004412 	309 	80 	130 	130 
004413 	309 	80 	130 	130 
004414 	309 	80 	130 	130 
004415 	309 	80 	130 	130 
004416 	309 	80 	130 	130 
004417 	294 	80 	130 	130 
004418 	294 	80 	130 	130 
004419 	294 	80 	130 	130 
004420 	294 	80 	130 	130 
004421 	309 	80 	130 	130 
004422 	309 	80 	130 	130 
004423 	309 	80 	130 	130 
004424 	309 	80 	130 	130 
004425 	329 	78 	108 	109 
004426 	309 	80 	130 	130 
004427 	309 	80 	130 	130 
004428 	309 	80 	130 	130 
004429 	309 	80 	130 	130 
004430 	309 	80 	130 	130 
004431 	309 	80 	130 	130 
004432 	309 	80 	130 	130 
004433 	309 	80 	130 	130 
004434 	309 	80 	130 	130 
004435 	309 	80 	130 	130 
004436 	309 	80 	130 	130 
004437 	329 	90 	108 	109 
004438 	329 	90 	108 	109 
004439 	329 	90 	108 	109 
004440 	323 	80 	130 	130 
004441 	323 	80 	130 	130 
004442 	323 	80 	130 	130 
004443 	323 	80 	130 	130 
004444 	323 	80 	130 	130 
004445 	323 	80 	130 	130 
004446 	323 	80 	130 	130 
004447 	329 	90 	108 	109 
004448 	323 	80 	130 	130 
004449 	323 	80 	130 	130 
004450 	323 	80 	130 	130 
004451 	323 	80 	130 	130 
004452 	323 	80 	130 	130 
004453 	329 	90 	108 	109 
004454 	323 	80 	130 	130 
004455 	323 	80 	130 	130 
004456 	323 	80 	130 	130 
004457 	323 	80 	130 	130 
004458 	323 	80 	130 	130 
004459 	323 	80 	130 	130 
004460 	323 	80 	130 	130 
004461 	323 	80 	130 	130 
004462 	323 	80 	130 	130 
004463 	323 	80 	130 	130 
004464 	309 	80 	130 	130 
004465 	309 	80 	130 	130 
004466 	309 	80 	130 	130 
004467 	309 	80 	130 	130 
004468 	309 	80 	130 	130 
004469 	329 	90 	108 	109 
004470 	309 	80 	130 	130 
004471 	309 	80 	130 	130 
004472 	309 	80 	130 	130 
004473 	309 	80 	130 	130 
004474 	309 	80 	130 	130 
004475 	309 	80 	130 	130 
004476 	309 	80 	130 	130 
004477 	309 	80 	130 	130 
004478 	309 	80 	130 	130 
004479 	309 	80 	130 	130 
004480 	309 	80 	130 	130 
004481 	309 	80 	130 	130 
004482 	309 	80 	130 	130 
004483 	309 	80 	130 	130 
004484 	309 	80 	130 	130 
004485 	309 	80 	130 	130 
004486 	309 	80 	130 	130 
004487 	309 	80 	130 	130 
004488 	309 	80 	130 	130 
004489 	309 	80 	130 	130 
004490 	329 	90 	108 	109 
004491 	329 	90 	108 	109 
004492 	323 	94 	130 	130 
004493 	329 	102 	108 	109 
004494 	309 	94 	130 	130 
004495 	309 	94 	130 	130 
004496 	329 	102 	108 	109 
004497 	329 	102 	108 	109 
004498 	329 	102 	108 	109 
004499 	329 	102 	108 	109 
004500 	323 	94 	130 	130 
004501 	309 	94 	130 	130 
004502 	309 	94 	130 	130 
004503 	309 	80 	130 	130 
004504 	309 	80 	130 	130 
004505 	309 	80 	130 	130 
004506 	309 	80 	130 	130 
004507 	309 	80 	130 	130 
004508 	309 	80 	130 	130 
004509 	309 	80 	130 	130 
004510 	309 	94 	130 	130 
004511 	294 	80 	130 	130 
004512 	294 	80 	130 	130 
004513 	294 	80 	130 	130 
004514 	294 	80 	130 	130 
004515 	294 	80 	130 	130 
004516 	294 	94 	130 	130 
004517 	294 	94 	130 	130 
004518 	294 	94 	130 	130 
004519 	317 	102 	108 	109 
004520 	309 	94 	130 	130 
004521 	317 	102 	108 	109 
004522 	317 	102 	108 	109 
004523 	309 	94 	130 	130 
004524 	309 	94 	130 	130 
004525 	309 	94 	130 	130 
004526 	309 	94 	130 	130 
004527 	309 	94 	130 	130 
004528 	309 	94 	130 	130 
004529 	309 	94 	130 	130 
004530 	309 	94 	130 	130 
