Identity  : 	id10273
Reference : 	eLl_yTeuaKo
Offset    : 	-2
FV Conf   : 	15.430
ASD Conf  : 	7.034

FRAME 	X 	Y 	W 	H 
008899 	319 	96 	156 	156 
008900 	319 	96 	156 	156 
008901 	337 	109 	130 	130 
008902 	337 	109 	130 	130 
008903 	319 	96 	156 	156 
008904 	319 	96 	156 	156 
008905 	337 	109 	130 	130 
008906 	319 	96 	156 	156 
008907 	319 	96 	156 	156 
008908 	341 	114 	108 	109 
008909 	341 	114 	108 	109 
008910 	337 	109 	130 	130 
008911 	341 	114 	108 	109 
008912 	319 	96 	156 	156 
008913 	319 	96 	156 	156 
008914 	319 	96 	156 	156 
008915 	319 	96 	156 	156 
008916 	319 	96 	156 	156 
008917 	319 	96 	156 	156 
008918 	319 	96 	156 	156 
008919 	319 	96 	156 	156 
008920 	319 	96 	156 	156 
008921 	319 	96 	156 	156 
008922 	323 	94 	130 	130 
008923 	319 	96 	156 	156 
008924 	319 	96 	156 	156 
008925 	323 	94 	130 	130 
008926 	319 	96 	156 	156 
008927 	319 	96 	156 	156 
008928 	323 	94 	130 	130 
008929 	323 	109 	130 	130 
008930 	329 	114 	108 	109 
008931 	309 	109 	130 	130 
008932 	309 	109 	130 	130 
008933 	309 	109 	130 	130 
008934 	309 	109 	130 	130 
008935 	309 	109 	130 	130 
008936 	309 	109 	130 	130 
008937 	309 	109 	130 	130 
008938 	309 	109 	130 	130 
008939 	309 	109 	130 	130 
008940 	302 	96 	156 	156 
008941 	302 	96 	156 	156 
008942 	302 	96 	156 	156 
008943 	309 	109 	130 	130 
008944 	309 	109 	130 	130 
008945 	309 	109 	130 	130 
008946 	317 	114 	108 	109 
008947 	317 	114 	108 	109 
008948 	317 	114 	108 	109 
008949 	317 	114 	108 	109 
008950 	317 	114 	108 	109 
008951 	317 	114 	108 	109 
008952 	317 	114 	108 	109 
008953 	317 	114 	108 	109 
008954 	317 	114 	108 	109 
008955 	317 	114 	108 	109 
008956 	317 	114 	108 	109 
008957 	317 	114 	108 	109 
008958 	309 	109 	130 	130 
008959 	309 	109 	130 	130 
008960 	309 	109 	130 	130 
008961 	309 	109 	130 	130 
008962 	309 	109 	130 	130 
008963 	309 	109 	130 	130 
008964 	329 	114 	108 	109 
008965 	323 	109 	130 	130 
008966 	323 	109 	130 	130 
008967 	323 	94 	130 	130 
008968 	323 	94 	130 	130 
008969 	323 	94 	130 	130 
008970 	323 	94 	130 	130 
008971 	323 	94 	130 	130 
008972 	323 	109 	130 	130 
008973 	323 	109 	130 	130 
008974 	329 	114 	108 	109 
008975 	309 	109 	130 	130 
008976 	309 	109 	130 	130 
008977 	309 	109 	130 	130 
008978 	309 	109 	130 	130 
008979 	309 	109 	130 	130 
008980 	309 	109 	130 	130 
008981 	329 	114 	108 	109 
008982 	323 	109 	130 	130 
008983 	323 	109 	130 	130 
008984 	323 	109 	130 	130 
008985 	337 	109 	130 	130 
008986 	337 	109 	130 	130 
008987 	337 	109 	130 	130 
008988 	337 	109 	130 	130 
008989 	319 	96 	156 	156 
008990 	319 	96 	156 	156 
008991 	323 	109 	130 	130 
008992 	323 	109 	130 	130 
008993 	329 	114 	108 	109 
008994 	329 	114 	108 	109 
008995 	309 	109 	130 	130 
008996 	309 	109 	130 	130 
008997 	329 	114 	108 	109 
008998 	329 	114 	108 	109 
008999 	323 	109 	130 	130 
009000 	323 	109 	130 	130 
009001 	319 	96 	156 	156 
009002 	337 	109 	130 	130 
009003 	337 	94 	130 	130 
009004 	337 	94 	130 	130 
009005 	337 	94 	130 	130 
009006 	319 	96 	156 	156 
009007 	319 	96 	156 	156 
009008 	323 	109 	130 	130 
009009 	323 	109 	130 	130 
009010 	323 	109 	130 	130 
009011 	323 	109 	130 	130 
009012 	329 	114 	108 	109 
009013 	329 	114 	108 	109 
009014 	329 	114 	108 	109 
009015 	323 	109 	130 	130 
009016 	323 	109 	130 	130 
009017 	319 	96 	156 	156 
009018 	337 	109 	130 	130 
009019 	337 	94 	130 	130 
009020 	337 	94 	130 	130 
009021 	337 	94 	130 	130 
009022 	352 	94 	130 	130 
009023 	352 	94 	130 	130 
009024 	337 	94 	130 	130 
009025 	337 	94 	130 	130 
009026 	337 	109 	130 	130 
009027 	337 	109 	130 	130 
009028 	337 	109 	130 	130 
009029 	341 	114 	108 	109 
009030 	341 	114 	108 	109 
009031 	323 	109 	130 	130 
009032 	323 	109 	130 	130 
009033 	323 	109 	130 	130 
009034 	323 	109 	130 	130 
009035 	323 	109 	130 	130 
009036 	323 	109 	130 	130 
009037 	323 	109 	130 	130 
009038 	323 	109 	130 	130 
009039 	323 	94 	130 	130 
009040 	323 	94 	130 	130 
009041 	319 	96 	156 	156 
009042 	337 	94 	130 	130 
009043 	337 	94 	130 	130 
009044 	337 	94 	130 	130 
009045 	323 	94 	130 	130 
009046 	323 	94 	130 	130 
009047 	323 	94 	130 	130 
009048 	323 	94 	130 	130 
009049 	323 	80 	130 	130 
009050 	323 	80 	130 	130 
009051 	323 	80 	130 	130 
009052 	329 	90 	108 	109 
009053 	323 	80 	130 	130 
009054 	329 	90 	108 	109 
009055 	329 	90 	108 	109 
009056 	329 	90 	108 	109 
009057 	309 	80 	130 	130 
009058 	309 	80 	130 	130 
009059 	309 	80 	130 	130 
009060 	309 	80 	130 	130 
009061 	309 	80 	130 	130 
009062 	309 	80 	130 	130 
009063 	309 	80 	130 	130 
009064 	309 	80 	130 	130 
009065 	309 	80 	130 	130 
009066 	309 	80 	130 	130 
009067 	309 	80 	130 	130 
009068 	309 	80 	130 	130 
009069 	309 	80 	130 	130 
009070 	309 	80 	130 	130 
009071 	309 	80 	130 	130 
009072 	309 	80 	130 	130 
009073 	309 	80 	130 	130 
009074 	309 	80 	130 	130 
009075 	317 	90 	108 	109 
009076 	309 	80 	130 	130 
009077 	317 	90 	108 	109 
009078 	317 	90 	108 	109 
009079 	294 	80 	130 	130 
009080 	294 	80 	130 	130 
009081 	294 	80 	130 	130 
009082 	294 	80 	130 	130 
009083 	294 	80 	130 	130 
009084 	294 	80 	130 	130 
009085 	294 	80 	130 	130 
009086 	294 	80 	130 	130 
009087 	294 	80 	130 	130 
009088 	294 	80 	130 	130 
009089 	294 	80 	130 	130 
009090 	294 	80 	130 	130 
009091 	294 	80 	130 	130 
009092 	294 	80 	130 	130 
009093 	294 	80 	130 	130 
009094 	294 	80 	130 	130 
009095 	294 	80 	130 	130 
009096 	294 	80 	130 	130 
009097 	294 	80 	130 	130 
009098 	294 	80 	130 	130 
009099 	294 	80 	130 	130 
009100 	294 	80 	130 	130 
009101 	294 	80 	130 	130 
009102 	317 	90 	108 	109 
009103 	309 	80 	130 	130 
009104 	309 	80 	130 	130 
009105 	309 	80 	130 	130 
009106 	309 	80 	130 	130 
009107 	309 	80 	130 	130 
009108 	309 	80 	130 	130 
009109 	302 	79 	156 	156 
009110 	302 	79 	156 	156 
009111 	302 	79 	156 	156 
009112 	329 	90 	108 	109 
009113 	329 	90 	108 	109 
009114 	323 	80 	130 	130 
009115 	323 	80 	130 	130 
009116 	329 	90 	108 	109 
009117 	323 	80 	130 	130 
009118 	323 	80 	130 	130 
009119 	323 	80 	130 	130 
009120 	323 	80 	130 	130 
009121 	323 	80 	130 	130 
009122 	323 	80 	130 	130 
009123 	323 	80 	130 	130 
009124 	323 	80 	130 	130 
009125 	323 	80 	130 	130 
009126 	323 	80 	130 	130 
009127 	323 	80 	130 	130 
009128 	329 	90 	108 	109 
009129 	302 	79 	156 	156 
009130 	323 	94 	130 	130 
009131 	323 	80 	130 	130 
009132 	323 	80 	130 	130 
009133 	323 	80 	130 	130 
009134 	323 	80 	130 	130 
