Identity  : 	id10273
Reference : 	eLl_yTeuaKo
Offset    : 	-2
FV Conf   : 	12.100
ASD Conf  : 	7.780

FRAME 	X 	Y 	W 	H 
011688 	309 	94 	130 	130 
011689 	309 	94 	130 	130 
011690 	309 	94 	130 	130 
011691 	309 	94 	130 	130 
011692 	309 	94 	130 	130 
011693 	309 	94 	130 	130 
011694 	309 	94 	130 	130 
011695 	309 	94 	130 	130 
011696 	309 	94 	130 	130 
011697 	309 	94 	130 	130 
011698 	309 	94 	130 	130 
011699 	309 	94 	130 	130 
011700 	309 	94 	130 	130 
011701 	309 	94 	130 	130 
011702 	309 	94 	130 	130 
011703 	309 	94 	130 	130 
011704 	309 	94 	130 	130 
011705 	309 	94 	130 	130 
011706 	309 	94 	130 	130 
011707 	309 	94 	130 	130 
011708 	309 	94 	130 	130 
011709 	309 	94 	130 	130 
011710 	309 	94 	130 	130 
011711 	309 	94 	130 	130 
011712 	309 	94 	130 	130 
011713 	309 	94 	130 	130 
011714 	309 	109 	130 	130 
011715 	309 	94 	130 	130 
011716 	309 	94 	130 	130 
011717 	309 	94 	130 	130 
011718 	309 	94 	130 	130 
011719 	309 	94 	130 	130 
011720 	309 	94 	130 	130 
011721 	309 	94 	130 	130 
011722 	309 	94 	130 	130 
011723 	309 	94 	130 	130 
011724 	309 	94 	130 	130 
011725 	309 	94 	130 	130 
011726 	309 	94 	130 	130 
011727 	309 	94 	130 	130 
011728 	309 	94 	130 	130 
011729 	309 	94 	130 	130 
011730 	309 	94 	130 	130 
011731 	309 	94 	130 	130 
011732 	309 	94 	130 	130 
011733 	309 	94 	130 	130 
011734 	309 	94 	130 	130 
011735 	309 	94 	130 	130 
011736 	309 	94 	130 	130 
011737 	309 	94 	130 	130 
011738 	309 	94 	130 	130 
011739 	309 	94 	130 	130 
011740 	309 	94 	130 	130 
011741 	309 	94 	130 	130 
011742 	309 	94 	130 	130 
011743 	309 	94 	130 	130 
011744 	309 	94 	130 	130 
011745 	309 	94 	130 	130 
011746 	309 	94 	130 	130 
011747 	309 	109 	130 	130 
011748 	309 	109 	130 	130 
011749 	309 	109 	130 	130 
011750 	309 	109 	130 	130 
011751 	309 	109 	130 	130 
011752 	309 	109 	130 	130 
011753 	302 	96 	156 	156 
011754 	323 	94 	130 	130 
011755 	323 	94 	130 	130 
011756 	323 	94 	130 	130 
011757 	323 	94 	130 	130 
011758 	323 	94 	130 	130 
011759 	323 	94 	130 	130 
011760 	323 	94 	130 	130 
011761 	323 	94 	130 	130 
011762 	323 	94 	130 	130 
011763 	323 	94 	130 	130 
011764 	323 	94 	130 	130 
011765 	323 	94 	130 	130 
011766 	323 	94 	130 	130 
011767 	302 	79 	156 	156 
011768 	302 	79 	156 	156 
011769 	302 	79 	156 	156 
011770 	309 	94 	130 	130 
011771 	309 	94 	130 	130 
011772 	309 	94 	130 	130 
011773 	309 	94 	130 	130 
011774 	309 	94 	130 	130 
011775 	309 	94 	130 	130 
011776 	309 	94 	130 	130 
011777 	309 	94 	130 	130 
011778 	309 	94 	130 	130 
011779 	302 	79 	156 	156 
011780 	302 	79 	156 	156 
011781 	309 	94 	130 	130 
011782 	309 	94 	130 	130 
011783 	309 	94 	130 	130 
011784 	309 	94 	130 	130 
011785 	309 	94 	130 	130 
011786 	309 	94 	130 	130 
011787 	302 	79 	156 	156 
011788 	323 	94 	130 	130 
011789 	302 	79 	156 	156 
011790 	309 	94 	130 	130 
011791 	309 	94 	130 	130 
011792 	309 	94 	130 	130 
011793 	309 	94 	130 	130 
011794 	309 	94 	130 	130 
011795 	309 	94 	130 	130 
011796 	294 	94 	130 	130 
011797 	294 	94 	130 	130 
011798 	294 	94 	130 	130 
011799 	294 	94 	130 	130 
011800 	294 	94 	130 	130 
011801 	294 	94 	130 	130 
011802 	294 	94 	130 	130 
011803 	294 	94 	130 	130 
011804 	294 	94 	130 	130 
011805 	294 	94 	130 	130 
011806 	294 	94 	130 	130 
011807 	294 	94 	130 	130 
011808 	294 	94 	130 	130 
011809 	294 	94 	130 	130 
011810 	294 	94 	130 	130 
011811 	294 	94 	130 	130 
011812 	309 	94 	130 	130 
011813 	309 	94 	130 	130 
011814 	309 	94 	130 	130 
011815 	309 	94 	130 	130 
011816 	309 	94 	130 	130 
011817 	309 	94 	130 	130 
011818 	302 	79 	156 	156 
011819 	323 	94 	130 	130 
011820 	323 	94 	130 	130 
011821 	323 	94 	130 	130 
011822 	323 	94 	130 	130 
011823 	309 	94 	130 	130 
011824 	309 	94 	130 	130 
011825 	309 	94 	130 	130 
011826 	309 	94 	130 	130 
011827 	309 	94 	130 	130 
011828 	309 	94 	130 	130 
011829 	309 	94 	130 	130 
011830 	309 	94 	130 	130 
011831 	309 	94 	130 	130 
011832 	309 	94 	130 	130 
011833 	309 	94 	130 	130 
011834 	309 	94 	130 	130 
011835 	309 	94 	130 	130 
011836 	302 	79 	156 	156 
011837 	323 	94 	130 	130 
011838 	323 	94 	130 	130 
011839 	323 	94 	130 	130 
011840 	323 	94 	130 	130 
011841 	323 	94 	130 	130 
011842 	323 	94 	130 	130 
011843 	323 	94 	130 	130 
011844 	323 	94 	130 	130 
011845 	323 	94 	130 	130 
011846 	323 	94 	130 	130 
011847 	323 	94 	130 	130 
011848 	323 	94 	130 	130 
011849 	323 	94 	130 	130 
011850 	323 	94 	130 	130 
011851 	323 	94 	130 	130 
011852 	323 	94 	130 	130 
011853 	323 	94 	130 	130 
011854 	323 	94 	130 	130 
011855 	323 	94 	130 	130 
011856 	323 	94 	130 	130 
011857 	323 	94 	130 	130 
011858 	323 	94 	130 	130 
011859 	323 	94 	130 	130 
011860 	323 	94 	130 	130 
011861 	323 	94 	130 	130 
011862 	323 	94 	130 	130 
011863 	323 	94 	130 	130 
011864 	323 	94 	130 	130 
011865 	323 	94 	130 	130 
011866 	323 	94 	130 	130 
011867 	323 	94 	130 	130 
011868 	323 	94 	130 	130 
011869 	323 	94 	130 	130 
011870 	302 	96 	156 	156 
011871 	323 	94 	130 	130 
011872 	302 	96 	156 	156 
011873 	302 	96 	156 	156 
011874 	302 	96 	156 	156 
