Identity  : 	id10273
Reference : 	eLl_yTeuaKo
Offset    : 	-2
FV Conf   : 	16.811
ASD Conf  : 	6.763

FRAME 	X 	Y 	W 	H 
007871 	294 	66 	130 	130 
007872 	280 	66 	130 	130 
007873 	280 	66 	130 	130 
007874 	280 	66 	130 	130 
007875 	280 	66 	130 	130 
007876 	280 	66 	130 	130 
007877 	280 	66 	130 	130 
007878 	280 	66 	130 	130 
007879 	266 	66 	130 	130 
007880 	266 	66 	130 	130 
007881 	266 	66 	130 	130 
007882 	266 	66 	130 	130 
007883 	266 	80 	130 	130 
007884 	266 	80 	130 	130 
007885 	266 	80 	130 	130 
007886 	266 	80 	130 	130 
007887 	266 	80 	130 	130 
007888 	251 	80 	130 	130 
007889 	251 	80 	130 	130 
007890 	251 	80 	130 	130 
007891 	251 	80 	130 	130 
007892 	251 	80 	130 	130 
007893 	251 	80 	130 	130 
007894 	257 	78 	109 	109 
007895 	257 	78 	109 	109 
007896 	237 	80 	130 	130 
007897 	237 	80 	130 	130 
007898 	237 	80 	130 	130 
007899 	237 	80 	130 	130 
007900 	237 	80 	130 	130 
007901 	237 	80 	130 	130 
007902 	245 	78 	109 	109 
007903 	245 	78 	109 	109 
007904 	237 	80 	130 	130 
007905 	237 	80 	130 	130 
007906 	237 	80 	130 	130 
007907 	237 	80 	130 	130 
007908 	237 	66 	130 	130 
007909 	237 	66 	130 	130 
007910 	237 	66 	130 	130 
007911 	251 	66 	130 	130 
007912 	251 	66 	130 	130 
007913 	251 	66 	130 	130 
007914 	251 	66 	130 	130 
007915 	251 	66 	130 	130 
007916 	237 	66 	130 	130 
007917 	237 	66 	130 	130 
007918 	237 	66 	130 	130 
007919 	237 	66 	130 	130 
007920 	237 	66 	130 	130 
007921 	237 	66 	130 	130 
007922 	223 	66 	130 	130 
007923 	223 	66 	130 	130 
007924 	223 	66 	130 	130 
007925 	223 	66 	130 	130 
007926 	223 	66 	130 	130 
007927 	223 	66 	130 	130 
007928 	223 	66 	130 	130 
007929 	223 	66 	130 	130 
007930 	223 	66 	130 	130 
007931 	223 	80 	130 	130 
007932 	223 	80 	130 	130 
007933 	208 	80 	130 	130 
007934 	208 	80 	130 	130 
007935 	208 	80 	130 	130 
007936 	208 	80 	130 	130 
007937 	208 	80 	130 	130 
007938 	208 	80 	130 	130 
007939 	208 	80 	130 	130 
007940 	208 	80 	130 	130 
007941 	208 	80 	130 	130 
007942 	208 	80 	130 	130 
007943 	208 	80 	130 	130 
007944 	208 	80 	130 	130 
007945 	208 	80 	130 	130 
007946 	208 	80 	130 	130 
007947 	208 	80 	130 	130 
007948 	208 	80 	130 	130 
007949 	208 	80 	130 	130 
007950 	208 	80 	130 	130 
007951 	194 	80 	130 	130 
007952 	194 	80 	130 	130 
007953 	194 	80 	130 	130 
007954 	194 	80 	130 	130 
007955 	194 	66 	130 	130 
007956 	194 	66 	130 	130 
007957 	194 	66 	130 	130 
007958 	194 	66 	130 	130 
007959 	194 	66 	130 	130 
007960 	194 	66 	130 	130 
007961 	194 	66 	130 	130 
007962 	194 	66 	130 	130 
007963 	194 	66 	130 	130 
007964 	208 	66 	130 	130 
007965 	208 	66 	130 	130 
007966 	208 	66 	130 	130 
007967 	233 	78 	109 	109 
007968 	223 	66 	130 	130 
007969 	223 	66 	130 	130 
007970 	245 	78 	109 	109 
007971 	237 	66 	130 	130 
007972 	257 	78 	109 	109 
007973 	251 	66 	130 	130 
007974 	266 	80 	130 	130 
007975 	266 	66 	130 	130 
007976 	280 	80 	130 	130 
007977 	280 	80 	130 	130 
007978 	294 	80 	130 	130 
007979 	305 	90 	108 	109 
007980 	317 	90 	108 	109 
007981 	309 	80 	130 	130 
007982 	309 	80 	130 	130 
007983 	323 	80 	130 	130 
007984 	323 	80 	130 	130 
007985 	323 	80 	130 	130 
007986 	323 	80 	130 	130 
007987 	323 	80 	130 	130 
007988 	323 	80 	130 	130 
007989 	323 	94 	130 	130 
007990 	323 	94 	130 	130 
007991 	323 	94 	130 	130 
007992 	323 	94 	130 	130 
007993 	323 	94 	130 	130 
007994 	323 	94 	130 	130 
007995 	323 	94 	130 	130 
007996 	323 	80 	130 	130 
007997 	323 	80 	130 	130 
007998 	323 	80 	130 	130 
007999 	323 	80 	130 	130 
008000 	329 	90 	108 	109 
008001 	329 	90 	108 	109 
008002 	329 	90 	108 	109 
008003 	329 	90 	108 	109 
008004 	329 	90 	108 	109 
008005 	329 	90 	108 	109 
008006 	329 	90 	108 	109 
008007 	309 	80 	130 	130 
008008 	309 	80 	130 	130 
008009 	309 	80 	130 	130 
008010 	309 	80 	130 	130 
008011 	309 	80 	130 	130 
008012 	309 	80 	130 	130 
008013 	309 	80 	130 	130 
008014 	309 	80 	130 	130 
008015 	309 	80 	130 	130 
008016 	309 	80 	130 	130 
008017 	309 	80 	130 	130 
008018 	309 	80 	130 	130 
008019 	309 	80 	130 	130 
008020 	309 	80 	130 	130 
008021 	309 	94 	130 	130 
008022 	309 	80 	130 	130 
008023 	309 	94 	130 	130 
008024 	329 	90 	108 	109 
008025 	323 	94 	130 	130 
008026 	323 	94 	130 	130 
008027 	323 	94 	130 	130 
008028 	329 	90 	108 	109 
008029 	309 	94 	130 	130 
008030 	309 	80 	130 	130 
008031 	309 	80 	130 	130 
008032 	309 	80 	130 	130 
008033 	309 	80 	130 	130 
008034 	309 	80 	130 	130 
008035 	309 	80 	130 	130 
008036 	309 	80 	130 	130 
008037 	309 	80 	130 	130 
008038 	309 	80 	130 	130 
008039 	309 	80 	130 	130 
008040 	309 	80 	130 	130 
