Identity  : 	id10273
Reference : 	eLl_yTeuaKo
Offset    : 	-2
FV Conf   : 	15.863
ASD Conf  : 	7.689

FRAME 	X 	Y 	W 	H 
017457 	366 	37 	130 	130 
017458 	366 	37 	130 	130 
017459 	366 	37 	130 	130 
017460 	366 	37 	130 	130 
017461 	366 	37 	130 	130 
017462 	366 	51 	130 	130 
017463 	366 	51 	130 	130 
017464 	366 	51 	130 	130 
017465 	366 	51 	130 	130 
017466 	366 	51 	130 	130 
017467 	366 	51 	130 	130 
017468 	366 	51 	130 	130 
017469 	366 	51 	130 	130 
017470 	353 	44 	156 	156 
017471 	352 	66 	130 	130 
017472 	352 	66 	130 	130 
017473 	352 	66 	130 	130 
017474 	352 	66 	130 	130 
017475 	352 	80 	130 	130 
017476 	352 	80 	130 	130 
017477 	352 	80 	130 	130 
017478 	352 	80 	130 	130 
017479 	352 	80 	130 	130 
017480 	352 	80 	130 	130 
017481 	352 	80 	130 	130 
017482 	352 	80 	130 	130 
017483 	352 	80 	130 	130 
017484 	352 	80 	130 	130 
017485 	352 	80 	130 	130 
017486 	352 	80 	130 	130 
017487 	352 	80 	130 	130 
017488 	352 	80 	130 	130 
017489 	352 	80 	130 	130 
017490 	352 	80 	130 	130 
017491 	352 	80 	130 	130 
017492 	352 	80 	130 	130 
017493 	352 	80 	130 	130 
017494 	352 	80 	130 	130 
017495 	352 	80 	130 	130 
017496 	352 	80 	130 	130 
017497 	352 	80 	130 	130 
017498 	352 	80 	130 	130 
017499 	352 	80 	130 	130 
017500 	352 	80 	130 	130 
017501 	352 	80 	130 	130 
017502 	352 	80 	130 	130 
017503 	352 	80 	130 	130 
017504 	352 	80 	130 	130 
017505 	352 	80 	130 	130 
017506 	352 	80 	130 	130 
017507 	337 	80 	130 	130 
017508 	337 	80 	130 	130 
017509 	336 	62 	156 	155 
017510 	336 	62 	156 	155 
017511 	336 	62 	156 	155 
017512 	336 	62 	156 	155 
017513 	336 	62 	156 	155 
017514 	336 	62 	156 	155 
017515 	336 	62 	156 	155 
017516 	336 	62 	156 	155 
017517 	336 	62 	156 	155 
017518 	336 	62 	156 	155 
017519 	336 	62 	156 	155 
017520 	336 	62 	156 	155 
017521 	337 	80 	130 	130 
017522 	337 	80 	130 	130 
017523 	337 	80 	130 	130 
017524 	337 	80 	130 	130 
017525 	337 	80 	130 	130 
017526 	337 	80 	130 	130 
017527 	337 	80 	130 	130 
017528 	337 	80 	130 	130 
017529 	337 	80 	130 	130 
017530 	337 	80 	130 	130 
017531 	337 	80 	130 	130 
017532 	337 	80 	130 	130 
017533 	337 	94 	130 	130 
017534 	337 	94 	130 	130 
017535 	323 	80 	130 	130 
017536 	323 	80 	130 	130 
017537 	323 	80 	130 	130 
017538 	323 	94 	130 	130 
017539 	309 	80 	130 	130 
017540 	309 	80 	130 	130 
017541 	309 	80 	130 	130 
017542 	309 	94 	130 	130 
017543 	309 	94 	130 	130 
017544 	309 	94 	130 	130 
017545 	309 	94 	130 	130 
017546 	309 	94 	130 	130 
017547 	309 	94 	130 	130 
017548 	309 	94 	130 	130 
017549 	309 	94 	130 	130 
017550 	309 	94 	130 	130 
017551 	309 	94 	130 	130 
017552 	294 	80 	130 	130 
017553 	294 	80 	130 	130 
017554 	294 	80 	130 	130 
017555 	285 	79 	155 	156 
017556 	294 	94 	130 	130 
017557 	294 	94 	130 	130 
017558 	294 	94 	130 	130 
017559 	294 	94 	130 	130 
017560 	294 	94 	130 	130 
017561 	294 	94 	130 	130 
017562 	294 	94 	130 	130 
017563 	294 	94 	130 	130 
017564 	294 	94 	130 	130 
017565 	294 	80 	130 	130 
017566 	294 	80 	130 	130 
017567 	294 	80 	130 	130 
017568 	294 	80 	130 	130 
017569 	294 	80 	130 	130 
017570 	294 	80 	130 	130 
017571 	294 	80 	130 	130 
017572 	294 	80 	130 	130 
017573 	294 	80 	130 	130 
017574 	294 	80 	130 	130 
017575 	294 	80 	130 	130 
017576 	294 	80 	130 	130 
017577 	294 	80 	130 	130 
017578 	294 	80 	130 	130 
017579 	294 	80 	130 	130 
017580 	294 	80 	130 	130 
017581 	285 	79 	155 	156 
017582 	285 	79 	155 	156 
017583 	285 	79 	155 	156 
017584 	294 	94 	130 	130 
017585 	294 	94 	130 	130 
017586 	294 	94 	130 	130 
017587 	294 	94 	130 	130 
017588 	294 	94 	130 	130 
017589 	294 	94 	130 	130 
017590 	294 	94 	130 	130 
017591 	294 	94 	130 	130 
017592 	294 	94 	130 	130 
017593 	294 	94 	130 	130 
017594 	294 	94 	130 	130 
017595 	309 	94 	130 	130 
017596 	309 	94 	130 	130 
017597 	323 	80 	130 	130 
017598 	323 	80 	130 	130 
017599 	337 	80 	130 	130 
017600 	337 	66 	130 	130 
017601 	337 	66 	130 	130 
017602 	337 	80 	130 	130 
017603 	337 	80 	130 	130 
017604 	337 	80 	130 	130 
017605 	337 	80 	130 	130 
017606 	323 	80 	130 	130 
017607 	323 	80 	130 	130 
017608 	323 	80 	130 	130 
017609 	323 	80 	130 	130 
017610 	323 	80 	130 	130 
017611 	323 	80 	130 	130 
017612 	323 	80 	130 	130 
017613 	323 	80 	130 	130 
017614 	323 	80 	130 	130 
017615 	323 	80 	130 	130 
017616 	323 	80 	130 	130 
017617 	337 	80 	130 	130 
017618 	337 	80 	130 	130 
017619 	337 	80 	130 	130 
017620 	352 	94 	130 	130 
017621 	352 	94 	130 	130 
017622 	352 	94 	130 	130 
017623 	337 	80 	130 	130 
017624 	337 	80 	130 	130 
017625 	337 	94 	130 	130 
017626 	337 	94 	130 	130 
017627 	337 	94 	130 	130 
017628 	337 	94 	130 	130 
017629 	337 	94 	130 	130 
017630 	337 	94 	130 	130 
017631 	337 	94 	130 	130 
017632 	337 	94 	130 	130 
017633 	337 	94 	130 	130 
017634 	337 	94 	130 	130 
017635 	337 	94 	130 	130 
017636 	337 	94 	130 	130 
017637 	337 	94 	130 	130 
017638 	337 	80 	130 	130 
017639 	337 	94 	130 	130 
017640 	337 	94 	130 	130 
017641 	323 	80 	130 	130 
017642 	337 	94 	130 	130 
017643 	337 	80 	130 	130 
017644 	337 	80 	130 	130 
017645 	337 	80 	130 	130 
017646 	337 	80 	130 	130 
017647 	319 	62 	156 	155 
017648 	323 	80 	130 	130 
017649 	323 	80 	130 	130 
017650 	323 	80 	130 	130 
017651 	323 	80 	130 	130 
017652 	309 	80 	130 	130 
017653 	309 	80 	130 	130 
017654 	323 	80 	130 	130 
017655 	323 	80 	130 	130 
017656 	323 	80 	130 	130 
017657 	323 	80 	130 	130 
017658 	323 	80 	130 	130 
017659 	323 	80 	130 	130 
017660 	302 	79 	156 	156 
017661 	302 	79 	156 	156 
017662 	309 	80 	130 	130 
017663 	309 	80 	130 	130 
017664 	309 	80 	130 	130 
017665 	309 	80 	130 	130 
017666 	302 	79 	156 	156 
017667 	302 	79 	156 	156 
017668 	323 	80 	130 	130 
017669 	323 	80 	130 	130 
017670 	323 	80 	130 	130 
017671 	323 	80 	130 	130 
017672 	323 	80 	130 	130 
017673 	319 	79 	156 	156 
017674 	319 	79 	156 	156 
017675 	319 	79 	156 	156 
017676 	319 	79 	156 	156 
017677 	319 	79 	156 	156 
017678 	319 	79 	156 	156 
017679 	319 	79 	156 	156 
017680 	319 	79 	156 	156 
017681 	319 	79 	156 	156 
017682 	319 	79 	156 	156 
017683 	323 	80 	130 	130 
017684 	323 	80 	130 	130 
017685 	323 	80 	130 	130 
017686 	323 	80 	130 	130 
017687 	323 	94 	130 	130 
017688 	323 	94 	130 	130 
017689 	323 	94 	130 	130 
017690 	323 	80 	130 	130 
017691 	323 	80 	130 	130 
017692 	323 	80 	130 	130 
017693 	323 	80 	130 	130 
017694 	323 	80 	130 	130 
017695 	323 	80 	130 	130 
017696 	323 	80 	130 	130 
017697 	323 	80 	130 	130 
017698 	323 	80 	130 	130 
017699 	323 	80 	130 	130 
017700 	329 	90 	108 	109 
017701 	329 	90 	108 	109 
017702 	309 	80 	130 	130 
017703 	309 	80 	130 	130 
017704 	309 	80 	130 	130 
017705 	309 	80 	130 	130 
017706 	309 	80 	130 	130 
017707 	309 	80 	130 	130 
017708 	309 	80 	130 	130 
017709 	309 	80 	130 	130 
017710 	309 	80 	130 	130 
017711 	309 	80 	130 	130 
017712 	309 	80 	130 	130 
017713 	309 	94 	130 	130 
017714 	294 	80 	130 	130 
017715 	294 	94 	130 	130 
017716 	294 	94 	130 	130 
017717 	294 	94 	130 	130 
017718 	294 	94 	130 	130 
017719 	294 	94 	130 	130 
017720 	294 	94 	130 	130 
017721 	294 	94 	130 	130 
017722 	294 	94 	130 	130 
017723 	294 	94 	130 	130 
017724 	294 	94 	130 	130 
017725 	280 	94 	130 	130 
017726 	280 	94 	130 	130 
017727 	280 	94 	130 	130 
017728 	280 	94 	130 	130 
017729 	280 	94 	130 	130 
017730 	294 	94 	130 	130 
017731 	294 	94 	130 	130 
017732 	294 	94 	130 	130 
017733 	294 	94 	130 	130 
017734 	294 	94 	130 	130 
017735 	294 	94 	130 	130 
017736 	294 	94 	130 	130 
017737 	294 	94 	130 	130 
017738 	294 	94 	130 	130 
017739 	294 	94 	130 	130 
017740 	294 	94 	130 	130 
017741 	294 	94 	130 	130 
017742 	294 	94 	130 	130 
017743 	294 	94 	130 	130 
017744 	294 	94 	130 	130 
017745 	294 	94 	130 	130 
017746 	280 	80 	130 	130 
017747 	280 	80 	130 	130 
017748 	280 	94 	130 	130 
017749 	280 	94 	130 	130 
017750 	280 	94 	130 	130 
017751 	280 	94 	130 	130 
017752 	280 	94 	130 	130 
017753 	280 	94 	130 	130 
017754 	280 	94 	130 	130 
017755 	280 	94 	130 	130 
017756 	280 	94 	130 	130 
017757 	280 	94 	130 	130 
017758 	294 	94 	130 	130 
017759 	294 	94 	130 	130 
017760 	294 	94 	130 	130 
017761 	294 	94 	130 	130 
017762 	294 	94 	130 	130 
017763 	294 	94 	130 	130 
017764 	294 	94 	130 	130 
017765 	309 	94 	130 	130 
017766 	309 	94 	130 	130 
017767 	309 	94 	130 	130 
017768 	309 	94 	130 	130 
017769 	309 	94 	130 	130 
017770 	309 	94 	130 	130 
017771 	302 	79 	156 	156 
017772 	302 	79 	156 	156 
017773 	302 	79 	156 	156 
017774 	302 	79 	156 	156 
017775 	309 	80 	130 	130 
017776 	309 	80 	130 	130 
