Identity  : 	id10293
Reference : 	MHOCv7pOmG4
Offset    : 	-2
FV Conf   : 	20.413
ASD Conf  : 	6.961

FRAME 	X 	Y 	W 	H 
004296 	257 	43 	109 	108 
004297 	245 	54 	109 	109 
004298 	245 	54 	109 	109 
004299 	245 	54 	109 	109 
004300 	245 	54 	109 	109 
004301 	245 	54 	109 	109 
004302 	245 	54 	109 	109 
004303 	245 	54 	109 	109 
004304 	245 	54 	109 	109 
004305 	245 	54 	109 	109 
004306 	245 	54 	109 	109 
004307 	223 	51 	130 	130 
004308 	233 	66 	109 	109 
004309 	233 	66 	109 	109 
004310 	233 	66 	109 	109 
004311 	233 	66 	109 	109 
004312 	233 	66 	109 	109 
004313 	233 	66 	109 	109 
004314 	233 	54 	109 	109 
004315 	233 	54 	109 	109 
004316 	233 	54 	109 	109 
004317 	233 	54 	109 	109 
004318 	233 	54 	109 	109 
004319 	233 	54 	109 	109 
004320 	233 	54 	109 	109 
004321 	233 	54 	109 	109 
004322 	233 	54 	109 	109 
004323 	233 	54 	109 	109 
004324 	233 	66 	109 	109 
004325 	233 	54 	109 	109 
004326 	233 	66 	109 	109 
004327 	233 	66 	109 	109 
004328 	233 	66 	109 	109 
004329 	233 	66 	109 	109 
004330 	233 	66 	109 	109 
004331 	233 	54 	109 	109 
004332 	233 	66 	109 	109 
004333 	233 	66 	109 	109 
004334 	233 	66 	109 	109 
004335 	233 	66 	109 	109 
004336 	233 	54 	109 	109 
004337 	233 	54 	109 	109 
004338 	233 	66 	109 	109 
004339 	233 	54 	109 	109 
004340 	233 	54 	109 	109 
004341 	233 	54 	109 	109 
004342 	233 	54 	109 	109 
004343 	223 	51 	130 	130 
004344 	223 	51 	130 	130 
004345 	233 	54 	109 	109 
004346 	223 	51 	130 	130 
004347 	223 	51 	130 	130 
004348 	223 	51 	130 	130 
004349 	223 	51 	130 	130 
004350 	223 	51 	130 	130 
004351 	223 	51 	130 	130 
004352 	233 	54 	109 	109 
004353 	233 	54 	109 	109 
004354 	223 	51 	130 	130 
004355 	233 	54 	109 	109 
004356 	223 	51 	130 	130 
004357 	223 	51 	130 	130 
004358 	245 	54 	109 	109 
004359 	245 	54 	109 	109 
004360 	245 	54 	109 	109 
004361 	245 	54 	109 	109 
004362 	245 	54 	109 	109 
004363 	245 	54 	109 	109 
004364 	245 	54 	109 	109 
004365 	245 	54 	109 	109 
004366 	245 	54 	109 	109 
004367 	245 	54 	109 	109 
004368 	245 	54 	109 	109 
004369 	245 	54 	109 	109 
004370 	245 	54 	109 	109 
004371 	245 	54 	109 	109 
004372 	245 	54 	109 	109 
004373 	245 	54 	109 	109 
004374 	245 	54 	109 	109 
004375 	245 	54 	109 	109 
004376 	245 	54 	109 	109 
004377 	245 	54 	109 	109 
004378 	245 	54 	109 	109 
004379 	245 	54 	109 	109 
004380 	245 	54 	109 	109 
004381 	245 	54 	109 	109 
004382 	245 	54 	109 	109 
004383 	245 	54 	109 	109 
004384 	245 	54 	109 	109 
004385 	245 	54 	109 	109 
004386 	245 	54 	109 	109 
004387 	245 	54 	109 	109 
004388 	245 	54 	109 	109 
004389 	245 	54 	109 	109 
004390 	245 	54 	109 	109 
004391 	245 	54 	109 	109 
004392 	245 	54 	109 	109 
004393 	245 	54 	109 	109 
004394 	245 	54 	109 	109 
004395 	245 	54 	109 	109 
