Identity  : 	id10293
Reference : 	MHOCv7pOmG4
Offset    : 	-2
FV Conf   : 	18.657
ASD Conf  : 	5.981

FRAME 	X 	Y 	W 	H 
002429 	257 	43 	109 	108 
002430 	257 	43 	109 	108 
002431 	257 	43 	109 	108 
002432 	257 	43 	109 	108 
002433 	257 	43 	109 	108 
002434 	257 	43 	109 	108 
002435 	257 	43 	109 	108 
002436 	257 	43 	109 	108 
002437 	257 	43 	109 	108 
002438 	257 	43 	109 	108 
002439 	257 	43 	109 	108 
002440 	257 	43 	109 	108 
002441 	257 	43 	109 	108 
002442 	257 	43 	109 	108 
002443 	257 	43 	109 	108 
002444 	257 	54 	109 	109 
002445 	257 	54 	109 	109 
002446 	237 	51 	130 	130 
002447 	245 	66 	109 	109 
002448 	245 	66 	109 	109 
002449 	245 	66 	109 	109 
002450 	233 	78 	109 	109 
002451 	233 	78 	109 	109 
002452 	233 	78 	109 	109 
002453 	233 	78 	109 	109 
002454 	233 	78 	109 	109 
002455 	233 	78 	109 	109 
002456 	233 	66 	109 	109 
002457 	245 	66 	109 	109 
002458 	245 	66 	109 	109 
002459 	237 	51 	130 	130 
002460 	245 	54 	109 	109 
002461 	245 	54 	109 	109 
002462 	245 	54 	109 	109 
002463 	237 	37 	130 	130 
002464 	251 	37 	130 	130 
002465 	257 	43 	109 	108 
002466 	251 	37 	130 	130 
002467 	257 	43 	109 	108 
002468 	251 	37 	130 	130 
002469 	251 	37 	130 	130 
002470 	254 	40 	120 	119 
002471 	257 	43 	109 	108 
002472 	257 	43 	109 	108 
002473 	257 	43 	109 	108 
002474 	251 	37 	130 	130 
002475 	257 	43 	109 	108 
002476 	257 	43 	109 	108 
002477 	257 	43 	109 	108 
002478 	257 	43 	109 	108 
002479 	251 	37 	130 	130 
002480 	251 	37 	130 	130 
002481 	251 	37 	130 	130 
002482 	269 	54 	108 	109 
002483 	269 	54 	108 	109 
002484 	269 	54 	108 	109 
002485 	251 	37 	130 	130 
002486 	269 	54 	108 	109 
002487 	251 	37 	130 	130 
002488 	251 	37 	130 	130 
002489 	251 	37 	130 	130 
002490 	237 	37 	130 	130 
002491 	237 	37 	130 	130 
002492 	245 	43 	109 	108 
002493 	237 	37 	130 	130 
002494 	237 	37 	130 	130 
002495 	245 	54 	109 	109 
002496 	245 	54 	109 	109 
002497 	245 	54 	109 	109 
002498 	245 	54 	109 	109 
002499 	245 	54 	109 	109 
002500 	245 	54 	109 	109 
002501 	245 	54 	109 	109 
002502 	245 	54 	109 	109 
002503 	245 	54 	109 	109 
002504 	245 	54 	109 	109 
002505 	245 	54 	109 	109 
002506 	245 	54 	109 	109 
002507 	245 	54 	109 	109 
002508 	245 	54 	109 	109 
002509 	245 	54 	109 	109 
002510 	245 	54 	109 	109 
002511 	245 	54 	109 	109 
002512 	245 	54 	109 	109 
002513 	245 	54 	109 	109 
002514 	245 	54 	109 	109 
002515 	245 	54 	109 	109 
002516 	237 	37 	130 	130 
002517 	237 	37 	130 	130 
002518 	237 	37 	130 	130 
002519 	257 	54 	109 	109 
002520 	257 	54 	109 	109 
002521 	257 	54 	109 	109 
002522 	257 	54 	109 	109 
002523 	257 	54 	109 	109 
002524 	257 	54 	109 	109 
002525 	257 	54 	109 	109 
002526 	257 	54 	109 	109 
002527 	257 	54 	109 	109 
002528 	257 	54 	109 	109 
002529 	257 	54 	109 	109 
002530 	257 	54 	109 	109 
002531 	257 	54 	109 	109 
002532 	257 	54 	109 	109 
002533 	257 	54 	109 	109 
002534 	257 	54 	109 	109 
002535 	257 	54 	109 	109 
002536 	257 	54 	109 	109 
002537 	245 	54 	109 	109 
002538 	245 	54 	109 	109 
002539 	245 	54 	109 	109 
002540 	245 	54 	109 	109 
002541 	245 	54 	109 	109 
002542 	245 	54 	109 	109 
002543 	245 	54 	109 	109 
002544 	257 	54 	109 	109 
002545 	257 	54 	109 	109 
002546 	257 	54 	109 	109 
002547 	257 	54 	109 	109 
002548 	257 	54 	109 	109 
002549 	257 	54 	109 	109 
002550 	257 	54 	109 	109 
002551 	245 	54 	109 	109 
002552 	245 	54 	109 	109 
002553 	245 	66 	109 	109 
002554 	245 	66 	109 	109 
002555 	245 	66 	109 	109 
002556 	245 	66 	109 	109 
002557 	245 	66 	109 	109 
002558 	245 	66 	109 	109 
002559 	245 	66 	109 	109 
002560 	245 	66 	109 	109 
002561 	245 	66 	109 	109 
002562 	245 	66 	109 	109 
002563 	245 	66 	109 	109 
002564 	245 	66 	109 	109 
002565 	245 	66 	109 	109 
002566 	245 	66 	109 	109 
002567 	245 	66 	109 	109 
002568 	245 	66 	109 	109 
002569 	245 	66 	109 	109 
002570 	245 	66 	109 	109 
002571 	245 	66 	109 	109 
002572 	245 	66 	109 	109 
002573 	237 	51 	130 	130 
002574 	257 	66 	109 	109 
002575 	257 	66 	109 	109 
002576 	257 	66 	109 	109 
002577 	257 	66 	109 	109 
002578 	269 	66 	108 	109 
002579 	269 	66 	108 	109 
002580 	269 	66 	108 	109 
002581 	269 	66 	108 	109 
002582 	269 	66 	108 	109 
002583 	269 	66 	108 	109 
002584 	269 	66 	108 	109 
002585 	269 	66 	108 	109 
002586 	266 	66 	130 	130 
002587 	266 	66 	130 	130 
002588 	266 	66 	130 	130 
002589 	266 	66 	130 	130 
002590 	266 	66 	130 	130 
002591 	266 	66 	130 	130 
002592 	269 	66 	108 	109 
002593 	269 	66 	108 	109 
002594 	269 	66 	108 	109 
002595 	269 	66 	108 	109 
002596 	269 	66 	108 	109 
002597 	269 	66 	108 	109 
002598 	269 	66 	108 	109 
002599 	269 	66 	108 	109 
002600 	269 	66 	108 	109 
002601 	269 	66 	108 	109 
002602 	269 	66 	108 	109 
002603 	269 	66 	108 	109 
002604 	269 	54 	108 	109 
002605 	269 	54 	108 	109 
002606 	269 	54 	108 	109 
002607 	269 	54 	108 	109 
002608 	269 	54 	108 	109 
002609 	269 	54 	108 	109 
002610 	269 	54 	108 	109 
002611 	269 	54 	108 	109 
002612 	269 	54 	108 	109 
