Identity  : 	id10293
Reference : 	MHOCv7pOmG4
Offset    : 	-2
FV Conf   : 	19.023
ASD Conf  : 	6.342

FRAME 	X 	Y 	W 	H 
001328 	197 	43 	109 	108 
001329 	197 	43 	109 	108 
001330 	197 	54 	109 	109 
001331 	214 	55 	91 	91 
001332 	214 	55 	91 	91 
001333 	214 	55 	91 	91 
001334 	214 	55 	91 	91 
001335 	209 	43 	109 	108 
001336 	209 	43 	109 	108 
001337 	209 	43 	109 	108 
001338 	209 	43 	109 	108 
001339 	209 	43 	109 	108 
001340 	209 	43 	109 	108 
001341 	209 	43 	109 	108 
001342 	209 	43 	109 	108 
001343 	209 	43 	109 	108 
001344 	209 	43 	109 	108 
001345 	209 	43 	109 	108 
001346 	209 	43 	109 	108 
001347 	214 	45 	91 	91 
001348 	209 	31 	109 	108 
001349 	224 	45 	91 	91 
001350 	224 	35 	91 	91 
001351 	221 	31 	109 	108 
001352 	221 	31 	109 	108 
001353 	233 	31 	109 	108 
001354 	233 	43 	109 	108 
001355 	233 	43 	109 	108 
001356 	233 	43 	109 	108 
001357 	233 	43 	109 	108 
001358 	245 	43 	109 	108 
001359 	245 	43 	109 	108 
001360 	245 	43 	109 	108 
001361 	245 	43 	109 	108 
001362 	245 	43 	109 	108 
001363 	245 	43 	109 	108 
001364 	245 	43 	109 	108 
001365 	245 	43 	109 	108 
001366 	245 	43 	109 	108 
001367 	245 	43 	109 	108 
001368 	245 	43 	109 	108 
001369 	245 	43 	109 	108 
001370 	245 	43 	109 	108 
001371 	245 	43 	109 	108 
001372 	245 	43 	109 	108 
001373 	245 	43 	109 	108 
001374 	245 	43 	109 	108 
001375 	245 	43 	109 	108 
001376 	245 	43 	109 	108 
001377 	245 	43 	109 	108 
001378 	245 	43 	109 	108 
001379 	245 	43 	109 	108 
001380 	245 	43 	109 	108 
001381 	245 	43 	109 	108 
001382 	245 	43 	109 	108 
001383 	245 	43 	109 	108 
001384 	245 	43 	109 	108 
001385 	245 	43 	109 	108 
001386 	245 	43 	109 	108 
001387 	245 	43 	109 	108 
001388 	245 	43 	109 	108 
001389 	245 	43 	109 	108 
001390 	245 	43 	109 	108 
001391 	245 	43 	109 	108 
001392 	245 	43 	109 	108 
001393 	245 	43 	109 	108 
001394 	245 	43 	109 	108 
001395 	245 	43 	109 	108 
001396 	245 	43 	109 	108 
001397 	245 	43 	109 	108 
001398 	245 	43 	109 	108 
001399 	237 	37 	130 	130 
001400 	245 	43 	109 	108 
001401 	237 	37 	130 	130 
001402 	245 	43 	109 	108 
001403 	245 	43 	109 	108 
001404 	245 	43 	109 	108 
001405 	245 	43 	109 	108 
001406 	245 	43 	109 	108 
001407 	237 	37 	130 	130 
001408 	233 	43 	109 	108 
001409 	233 	43 	109 	108 
001410 	233 	43 	109 	108 
001411 	233 	43 	109 	108 
001412 	233 	43 	109 	108 
001413 	233 	43 	109 	108 
001414 	233 	43 	109 	108 
001415 	233 	43 	109 	108 
001416 	233 	43 	109 	108 
001417 	233 	43 	109 	108 
001418 	233 	43 	109 	108 
001419 	233 	43 	109 	108 
001420 	233 	54 	109 	109 
001421 	233 	54 	109 	109 
001422 	233 	54 	109 	109 
001423 	233 	43 	109 	108 
001424 	233 	43 	109 	108 
001425 	233 	43 	109 	108 
001426 	233 	43 	109 	108 
001427 	233 	54 	109 	109 
001428 	233 	43 	109 	108 
001429 	233 	43 	109 	108 
001430 	233 	43 	109 	108 
001431 	233 	43 	109 	108 
001432 	233 	43 	109 	108 
001433 	233 	43 	109 	108 
001434 	233 	43 	109 	108 
001435 	233 	43 	109 	108 
001436 	233 	43 	109 	108 
001437 	233 	43 	109 	108 
001438 	233 	43 	109 	108 
001439 	233 	43 	109 	108 
001440 	221 	43 	109 	108 
001441 	221 	43 	109 	108 
001442 	221 	43 	109 	108 
001443 	221 	43 	109 	108 
001444 	221 	43 	109 	108 
001445 	221 	54 	109 	109 
001446 	221 	43 	109 	108 
001447 	221 	54 	109 	109 
001448 	221 	54 	109 	109 
001449 	221 	54 	109 	109 
001450 	221 	54 	109 	109 
001451 	221 	43 	109 	108 
001452 	221 	43 	109 	108 
001453 	221 	43 	109 	108 
001454 	221 	54 	109 	109 
001455 	221 	54 	109 	109 
001456 	221 	54 	109 	109 
001457 	224 	55 	91 	91 
001458 	209 	43 	109 	108 
001459 	209 	43 	109 	108 
001460 	209 	43 	109 	108 
001461 	209 	43 	109 	108 
001462 	209 	43 	109 	108 
001463 	214 	55 	91 	91 
001464 	214 	55 	91 	91 
001465 	214 	55 	91 	91 
001466 	197 	43 	109 	108 
001467 	197 	43 	109 	108 
001468 	197 	43 	109 	108 
001469 	197 	43 	109 	108 
001470 	197 	43 	109 	108 
001471 	197 	43 	109 	108 
001472 	197 	43 	109 	108 
001473 	197 	43 	109 	108 
001474 	197 	43 	109 	108 
001475 	197 	43 	109 	108 
001476 	197 	43 	109 	108 
001477 	197 	43 	109 	108 
001478 	197 	43 	109 	108 
001479 	197 	43 	109 	108 
001480 	197 	54 	109 	109 
001481 	197 	54 	109 	109 
001482 	197 	54 	109 	109 
001483 	197 	43 	109 	108 
001484 	197 	43 	109 	108 
001485 	197 	43 	109 	108 
001486 	197 	43 	109 	108 
001487 	209 	43 	109 	108 
001488 	209 	43 	109 	108 
