Identity  : 	id10293
Reference : 	MHOCv7pOmG4
Offset    : 	-2
FV Conf   : 	19.624
ASD Conf  : 	6.905

FRAME 	X 	Y 	W 	H 
010371 	245 	66 	109 	109 
010372 	245 	66 	109 	109 
010373 	245 	66 	109 	109 
010374 	233 	54 	109 	109 
010375 	233 	54 	109 	109 
010376 	233 	54 	109 	109 
010377 	244 	65 	90 	91 
010378 	233 	66 	109 	109 
010379 	233 	66 	109 	109 
010380 	245 	66 	109 	109 
010381 	245 	66 	109 	109 
010382 	245 	66 	109 	109 
010383 	245 	66 	109 	109 
010384 	245 	66 	109 	109 
010385 	245 	66 	109 	109 
010386 	245 	66 	109 	109 
010387 	245 	66 	109 	109 
010388 	245 	66 	109 	109 
010389 	245 	66 	109 	109 
010390 	245 	66 	109 	109 
010391 	245 	66 	109 	109 
010392 	245 	66 	109 	109 
010393 	245 	66 	109 	109 
010394 	245 	66 	109 	109 
010395 	245 	66 	109 	109 
010396 	245 	66 	109 	109 
010397 	245 	66 	109 	109 
010398 	245 	66 	109 	109 
010399 	245 	66 	109 	109 
010400 	245 	66 	109 	109 
010401 	245 	66 	109 	109 
010402 	245 	66 	109 	109 
010403 	245 	66 	109 	109 
010404 	245 	66 	109 	109 
010405 	245 	66 	109 	109 
010406 	245 	66 	109 	109 
010407 	245 	66 	109 	109 
010408 	245 	66 	109 	109 
010409 	245 	66 	109 	109 
010410 	245 	66 	109 	109 
010411 	245 	66 	109 	109 
010412 	245 	66 	109 	109 
010413 	245 	66 	109 	109 
010414 	245 	66 	109 	109 
010415 	245 	66 	109 	109 
010416 	245 	66 	109 	109 
010417 	245 	66 	109 	109 
010418 	245 	66 	109 	109 
010419 	245 	54 	109 	109 
010420 	245 	54 	109 	109 
010421 	245 	66 	109 	109 
010422 	245 	54 	109 	109 
010423 	245 	54 	109 	109 
010424 	245 	54 	109 	109 
010425 	245 	54 	109 	109 
010426 	245 	54 	109 	109 
010427 	245 	54 	109 	109 
010428 	233 	54 	109 	109 
010429 	233 	54 	109 	109 
010430 	245 	66 	109 	109 
010431 	245 	66 	109 	109 
010432 	245 	66 	109 	109 
010433 	245 	66 	109 	109 
010434 	245 	66 	109 	109 
010435 	245 	66 	109 	109 
010436 	264 	85 	90 	91 
010437 	264 	85 	90 	91 
010438 	257 	78 	109 	109 
010439 	257 	78 	109 	109 
010440 	257 	66 	109 	109 
010441 	257 	66 	109 	109 
010442 	257 	66 	109 	109 
010443 	257 	66 	109 	109 
010444 	257 	66 	109 	109 
010445 	257 	66 	109 	109 
010446 	257 	66 	109 	109 
010447 	269 	66 	108 	109 
010448 	269 	66 	108 	109 
010449 	269 	66 	108 	109 
010450 	269 	66 	108 	109 
010451 	275 	60 	108 	109 
010452 	281 	54 	108 	109 
010453 	281 	54 	108 	109 
010454 	293 	54 	108 	109 
010455 	293 	54 	108 	109 
010456 	293 	54 	108 	109 
010457 	293 	54 	108 	109 
010458 	293 	54 	108 	109 
010459 	293 	54 	108 	109 
010460 	293 	54 	108 	109 
010461 	293 	43 	108 	108 
010462 	293 	43 	108 	108 
010463 	293 	43 	108 	108 
010464 	293 	43 	108 	108 
010465 	293 	43 	108 	108 
010466 	293 	43 	108 	108 
010467 	293 	43 	108 	108 
010468 	293 	43 	108 	108 
010469 	305 	43 	108 	108 
010470 	305 	43 	108 	108 
010471 	305 	43 	108 	108 
010472 	305 	43 	108 	108 
010473 	305 	43 	108 	108 
010474 	305 	43 	108 	108 
010475 	305 	43 	108 	108 
010476 	305 	43 	108 	108 
010477 	317 	43 	108 	108 
010478 	317 	43 	108 	108 
010479 	317 	43 	108 	108 
010480 	323 	55 	91 	91 
010481 	317 	54 	108 	109 
010482 	317 	54 	108 	109 
010483 	317 	54 	108 	109 
010484 	317 	54 	108 	109 
010485 	317 	54 	108 	109 
010486 	317 	54 	108 	109 
010487 	317 	54 	108 	109 
010488 	317 	54 	108 	109 
010489 	317 	54 	108 	109 
010490 	317 	54 	108 	109 
010491 	317 	43 	108 	108 
010492 	329 	43 	108 	108 
010493 	329 	43 	108 	108 
010494 	329 	43 	108 	108 
010495 	329 	43 	108 	108 
010496 	329 	43 	108 	108 
010497 	343 	55 	91 	91 
010498 	353 	55 	91 	91 
010499 	356 	58 	91 	91 
010500 	358 	60 	91 	91 
010501 	360 	62 	91 	91 
010502 	363 	65 	91 	91 
010503 	363 	65 	91 	91 
010504 	353 	54 	108 	109 
010505 	353 	66 	108 	109 
010506 	353 	66 	108 	109 
010507 	353 	66 	108 	109 
010508 	341 	66 	108 	109 
010509 	341 	66 	108 	109 
010510 	341 	66 	108 	109 
010511 	329 	66 	108 	109 
010512 	329 	66 	108 	109 
010513 	329 	66 	108 	109 
010514 	329 	54 	108 	109 
010515 	317 	54 	108 	109 
010516 	317 	54 	108 	109 
010517 	305 	54 	108 	109 
010518 	305 	54 	108 	109 
010519 	293 	54 	108 	109 
010520 	293 	43 	108 	108 
010521 	293 	43 	108 	108 
010522 	281 	43 	108 	108 
010523 	281 	43 	108 	108 
010524 	293 	43 	108 	108 
010525 	293 	43 	108 	108 
010526 	293 	43 	108 	108 
010527 	293 	43 	108 	108 
010528 	293 	43 	108 	108 
