Identity  : 	id10293
Reference : 	MHOCv7pOmG4
Offset    : 	-2
FV Conf   : 	17.480
ASD Conf  : 	6.953

FRAME 	X 	Y 	W 	H 
011202 	209 	66 	109 	109 
011203 	209 	66 	109 	109 
011204 	209 	66 	109 	109 
011205 	209 	66 	109 	109 
011206 	197 	66 	109 	109 
011207 	197 	54 	109 	109 
011208 	209 	66 	109 	109 
011209 	209 	66 	109 	109 
011210 	209 	66 	109 	109 
011211 	209 	66 	109 	109 
011212 	209 	66 	109 	109 
011213 	209 	66 	109 	109 
011214 	209 	66 	109 	109 
011215 	209 	66 	109 	109 
011216 	209 	66 	109 	109 
011217 	209 	66 	109 	109 
011218 	209 	66 	109 	109 
011219 	209 	66 	109 	109 
011220 	209 	66 	109 	109 
011221 	209 	66 	109 	109 
011222 	209 	66 	109 	109 
011223 	209 	66 	109 	109 
011224 	197 	66 	109 	109 
011225 	197 	66 	109 	109 
011226 	197 	66 	109 	109 
011227 	197 	66 	109 	109 
011228 	197 	66 	109 	109 
011229 	197 	66 	109 	109 
011230 	197 	66 	109 	109 
011231 	197 	66 	109 	109 
011232 	209 	66 	109 	109 
011233 	209 	66 	109 	109 
011234 	209 	66 	109 	109 
011235 	209 	66 	109 	109 
011236 	209 	66 	109 	109 
011237 	209 	66 	109 	109 
011238 	209 	66 	109 	109 
011239 	209 	66 	109 	109 
011240 	209 	66 	109 	109 
011241 	209 	66 	109 	109 
011242 	209 	66 	109 	109 
011243 	209 	54 	109 	109 
011244 	209 	54 	109 	109 
011245 	209 	54 	109 	109 
011246 	209 	66 	109 	109 
011247 	209 	54 	109 	109 
011248 	209 	54 	109 	109 
011249 	209 	54 	109 	109 
011250 	209 	54 	109 	109 
011251 	209 	54 	109 	109 
011252 	209 	54 	109 	109 
011253 	209 	54 	109 	109 
011254 	221 	54 	109 	109 
011255 	221 	54 	109 	109 
011256 	221 	54 	109 	109 
011257 	221 	54 	109 	109 
011258 	233 	54 	109 	109 
011259 	233 	54 	109 	109 
011260 	233 	54 	109 	109 
011261 	233 	54 	109 	109 
011262 	233 	54 	109 	109 
011263 	233 	54 	109 	109 
011264 	233 	54 	109 	109 
011265 	233 	54 	109 	109 
011266 	245 	54 	109 	109 
011267 	245 	54 	109 	109 
011268 	245 	54 	109 	109 
011269 	245 	54 	109 	109 
011270 	245 	54 	109 	109 
011271 	245 	54 	109 	109 
011272 	245 	54 	109 	109 
011273 	245 	54 	109 	109 
011274 	245 	54 	109 	109 
011275 	245 	54 	109 	109 
011276 	245 	54 	109 	109 
011277 	245 	54 	109 	109 
011278 	245 	54 	109 	109 
011279 	245 	54 	109 	109 
011280 	245 	54 	109 	109 
011281 	245 	54 	109 	109 
011282 	245 	54 	109 	109 
011283 	245 	54 	109 	109 
011284 	245 	54 	109 	109 
011285 	245 	54 	109 	109 
011286 	245 	54 	109 	109 
011287 	245 	54 	109 	109 
011288 	245 	54 	109 	109 
011289 	233 	54 	109 	109 
011290 	233 	54 	109 	109 
011291 	233 	54 	109 	109 
011292 	233 	54 	109 	109 
011293 	233 	54 	109 	109 
011294 	233 	54 	109 	109 
011295 	233 	54 	109 	109 
011296 	233 	54 	109 	109 
011297 	233 	54 	109 	109 
011298 	233 	54 	109 	109 
011299 	245 	54 	109 	109 
011300 	245 	54 	109 	109 
011301 	245 	54 	109 	109 
011302 	245 	54 	109 	109 
011303 	233 	54 	109 	109 
011304 	233 	54 	109 	109 
011305 	233 	54 	109 	109 
011306 	233 	54 	109 	109 
011307 	245 	54 	109 	109 
011308 	245 	54 	109 	109 
011309 	245 	54 	109 	109 
011310 	245 	54 	109 	109 
011311 	257 	54 	109 	109 
011312 	257 	54 	109 	109 
011313 	257 	54 	109 	109 
011314 	269 	54 	108 	109 
011315 	269 	54 	108 	109 
011316 	269 	54 	108 	109 
011317 	269 	54 	108 	109 
011318 	269 	54 	108 	109 
011319 	269 	66 	108 	109 
011320 	281 	66 	108 	109 
011321 	281 	66 	108 	109 
011322 	281 	66 	108 	109 
011323 	281 	66 	108 	109 
