Identity  : 	id10293
Reference : 	MHOCv7pOmG4
Offset    : 	-2
FV Conf   : 	16.208
ASD Conf  : 	6.453

FRAME 	X 	Y 	W 	H 
007695 	209 	54 	109 	109 
007696 	209 	54 	109 	109 
007697 	209 	54 	109 	109 
007698 	209 	54 	109 	109 
007699 	209 	54 	109 	109 
007700 	209 	54 	109 	109 
007701 	209 	54 	109 	109 
007702 	224 	65 	91 	91 
007703 	224 	65 	91 	91 
007704 	224 	65 	91 	91 
007705 	224 	65 	91 	91 
007706 	224 	65 	91 	91 
007707 	224 	65 	91 	91 
007708 	209 	54 	109 	109 
007709 	224 	65 	91 	91 
007710 	224 	65 	91 	91 
007711 	209 	54 	109 	109 
007712 	224 	65 	91 	91 
007713 	224 	65 	91 	91 
007714 	224 	65 	91 	91 
007715 	224 	65 	91 	91 
007716 	221 	54 	109 	109 
007717 	221 	54 	109 	109 
007718 	221 	54 	109 	109 
007719 	221 	54 	109 	109 
007720 	221 	43 	109 	108 
007721 	244 	55 	90 	91 
007722 	244 	55 	90 	91 
007723 	233 	54 	109 	109 
007724 	233 	43 	109 	108 
007725 	233 	54 	109 	109 
007726 	233 	54 	109 	109 
007727 	233 	54 	109 	109 
007728 	233 	54 	109 	109 
007729 	233 	54 	109 	109 
007730 	233 	54 	109 	109 
007731 	245 	54 	109 	109 
007732 	245 	54 	109 	109 
007733 	245 	54 	109 	109 
007734 	245 	54 	109 	109 
007735 	245 	54 	109 	109 
007736 	245 	54 	109 	109 
007737 	245 	54 	109 	109 
007738 	245 	54 	109 	109 
007739 	245 	54 	109 	109 
007740 	245 	54 	109 	109 
007741 	245 	54 	109 	109 
007742 	245 	54 	109 	109 
007743 	245 	54 	109 	109 
007744 	245 	54 	109 	109 
007745 	245 	54 	109 	109 
007746 	245 	54 	109 	109 
007747 	245 	54 	109 	109 
007748 	245 	54 	109 	109 
007749 	245 	54 	109 	109 
007750 	245 	54 	109 	109 
007751 	245 	54 	109 	109 
007752 	233 	54 	109 	109 
007753 	233 	54 	109 	109 
007754 	233 	54 	109 	109 
007755 	233 	54 	109 	109 
007756 	233 	54 	109 	109 
007757 	233 	54 	109 	109 
007758 	233 	43 	109 	108 
007759 	233 	43 	109 	108 
007760 	233 	54 	109 	109 
007761 	233 	54 	109 	109 
007762 	233 	54 	109 	109 
007763 	234 	65 	90 	91 
007764 	221 	54 	109 	109 
007765 	221 	54 	109 	109 
007766 	221 	66 	109 	109 
007767 	221 	66 	109 	109 
007768 	221 	66 	109 	109 
007769 	221 	66 	109 	109 
007770 	233 	54 	109 	109 
007771 	233 	54 	109 	109 
007772 	233 	54 	109 	109 
007773 	233 	54 	109 	109 
007774 	233 	54 	109 	109 
007775 	233 	54 	109 	109 
007776 	245 	54 	109 	109 
007777 	245 	54 	109 	109 
007778 	245 	54 	109 	109 
007779 	245 	54 	109 	109 
007780 	245 	54 	109 	109 
007781 	245 	54 	109 	109 
007782 	245 	54 	109 	109 
007783 	233 	54 	109 	109 
007784 	233 	54 	109 	109 
007785 	233 	54 	109 	109 
007786 	234 	65 	90 	91 
007787 	221 	54 	109 	109 
007788 	224 	65 	91 	91 
007789 	224 	65 	91 	91 
007790 	209 	54 	109 	109 
007791 	209 	54 	109 	109 
007792 	209 	54 	109 	109 
007793 	209 	54 	109 	109 
007794 	209 	54 	109 	109 
007795 	224 	65 	91 	91 
007796 	221 	54 	109 	109 
007797 	221 	54 	109 	109 
007798 	221 	54 	109 	109 
007799 	233 	54 	109 	109 
007800 	233 	54 	109 	109 
007801 	233 	54 	109 	109 
007802 	233 	43 	109 	108 
007803 	233 	43 	109 	108 
007804 	233 	43 	109 	108 
007805 	233 	54 	109 	109 
007806 	233 	54 	109 	109 
007807 	233 	54 	109 	109 
007808 	233 	54 	109 	109 
007809 	233 	54 	109 	109 
007810 	233 	54 	109 	109 
007811 	233 	54 	109 	109 
007812 	233 	54 	109 	109 
007813 	233 	54 	109 	109 
007814 	233 	54 	109 	109 
007815 	221 	54 	109 	109 
007816 	221 	54 	109 	109 
007817 	221 	54 	109 	109 
007818 	221 	54 	109 	109 
007819 	221 	54 	109 	109 
007820 	221 	54 	109 	109 
007821 	221 	54 	109 	109 
007822 	209 	54 	109 	109 
007823 	209 	54 	109 	109 
007824 	209 	54 	109 	109 
007825 	209 	54 	109 	109 
007826 	209 	54 	109 	109 
007827 	209 	54 	109 	109 
007828 	209 	54 	109 	109 
007829 	209 	54 	109 	109 
007830 	209 	54 	109 	109 
007831 	209 	54 	109 	109 
007832 	209 	54 	109 	109 
007833 	209 	54 	109 	109 
007834 	209 	54 	109 	109 
007835 	209 	54 	109 	109 
007836 	209 	54 	109 	109 
007837 	209 	54 	109 	109 
007838 	214 	65 	91 	91 
007839 	214 	65 	91 	91 
007840 	214 	65 	91 	91 
007841 	209 	54 	109 	109 
007842 	209 	54 	109 	109 
007843 	209 	54 	109 	109 
007844 	209 	54 	109 	109 
007845 	209 	54 	109 	109 
007846 	209 	54 	109 	109 
007847 	209 	54 	109 	109 
007848 	209 	54 	109 	109 
007849 	209 	54 	109 	109 
007850 	209 	54 	109 	109 
007851 	221 	54 	109 	109 
007852 	221 	43 	109 	108 
007853 	221 	43 	109 	108 
