Identity  : 	id10292
Reference : 	N8_clYCM9n8
Offset    : 	-4
FV Conf   : 	17.508
ASD Conf  : 	6.006

FRAME 	X 	Y 	W 	H 
002681 	164 	75 	91 	91 
002682 	174 	75 	91 	91 
002683 	174 	85 	91 	91 
002684 	174 	85 	91 	91 
002685 	174 	85 	91 	91 
002686 	186 	96 	76 	75 
002687 	186 	87 	76 	76 
002688 	184 	75 	91 	91 
002689 	184 	75 	91 	91 
002690 	184 	65 	91 	91 
002691 	184 	65 	91 	91 
002692 	184 	65 	91 	91 
002693 	184 	75 	91 	91 
002694 	184 	75 	91 	91 
002695 	184 	75 	91 	91 
002696 	184 	65 	91 	91 
002697 	195 	79 	75 	76 
002698 	194 	75 	91 	91 
002699 	194 	75 	91 	91 
002700 	204 	75 	91 	91 
002701 	204 	75 	91 	91 
002702 	204 	75 	91 	91 
002703 	203 	87 	76 	76 
002704 	203 	87 	76 	76 
002705 	203 	87 	76 	76 
002706 	203 	87 	76 	76 
002707 	203 	87 	76 	76 
002708 	203 	87 	76 	76 
002709 	194 	85 	91 	91 
002710 	194 	85 	91 	91 
002711 	194 	85 	91 	91 
002712 	194 	85 	91 	91 
002713 	194 	85 	91 	91 
002714 	194 	85 	91 	91 
002715 	194 	85 	91 	91 
002716 	194 	85 	91 	91 
002717 	195 	96 	75 	75 
002718 	195 	96 	75 	75 
002719 	195 	96 	75 	75 
002720 	195 	96 	75 	75 
002721 	195 	96 	75 	75 
002722 	184 	85 	91 	91 
002723 	195 	96 	75 	75 
002724 	195 	96 	75 	75 
002725 	194 	85 	91 	91 
002726 	194 	85 	91 	91 
002727 	194 	85 	91 	91 
002728 	195 	96 	75 	75 
002729 	195 	87 	75 	76 
002730 	184 	85 	91 	91 
002731 	184 	85 	91 	91 
002732 	186 	87 	76 	76 
002733 	186 	87 	76 	76 
002734 	186 	87 	76 	76 
002735 	186 	87 	76 	76 
002736 	174 	75 	91 	91 
002737 	174 	75 	91 	91 
002738 	174 	75 	91 	91 
002739 	174 	75 	91 	91 
002740 	174 	75 	91 	91 
002741 	174 	75 	91 	91 
002742 	186 	87 	76 	76 
002743 	186 	87 	76 	76 
002744 	186 	87 	76 	76 
002745 	186 	87 	76 	76 
002746 	174 	75 	91 	91 
002747 	174 	75 	91 	91 
002748 	174 	75 	91 	91 
002749 	174 	75 	91 	91 
002750 	174 	65 	91 	91 
002751 	174 	65 	91 	91 
002752 	174 	65 	91 	91 
002753 	174 	65 	91 	91 
002754 	174 	65 	91 	91 
002755 	174 	75 	91 	91 
002756 	164 	75 	91 	91 
002757 	164 	75 	91 	91 
002758 	164 	75 	91 	91 
002759 	164 	75 	91 	91 
002760 	164 	75 	91 	91 
002761 	164 	75 	91 	91 
002762 	164 	75 	91 	91 
002763 	164 	75 	91 	91 
002764 	164 	75 	91 	91 
002765 	164 	75 	91 	91 
002766 	164 	75 	91 	91 
002767 	164 	75 	91 	91 
002768 	174 	75 	91 	91 
002769 	174 	75 	91 	91 
002770 	174 	75 	91 	91 
002771 	174 	75 	91 	91 
002772 	174 	75 	91 	91 
002773 	174 	75 	91 	91 
002774 	186 	87 	76 	76 
002775 	184 	75 	91 	91 
002776 	195 	87 	75 	76 
002777 	195 	87 	75 	76 
002778 	203 	87 	76 	76 
002779 	203 	87 	76 	76 
002780 	203 	87 	76 	76 
002781 	203 	87 	76 	76 
002782 	203 	87 	76 	76 
002783 	194 	75 	91 	91 
002784 	204 	75 	91 	91 
002785 	204 	75 	91 	91 
002786 	204 	75 	91 	91 
002787 	204 	75 	91 	91 
002788 	204 	75 	91 	91 
002789 	204 	75 	91 	91 
002790 	204 	75 	91 	91 
002791 	204 	75 	91 	91 
002792 	204 	75 	91 	91 
002793 	204 	75 	91 	91 
002794 	211 	87 	76 	76 
002795 	204 	85 	91 	91 
002796 	204 	85 	91 	91 
002797 	204 	85 	91 	91 
002798 	204 	85 	91 	91 
002799 	204 	85 	91 	91 
002800 	204 	85 	91 	91 
002801 	204 	85 	91 	91 
002802 	204 	85 	91 	91 
002803 	204 	85 	91 	91 
002804 	203 	96 	76 	75 
002805 	203 	96 	76 	75 
002806 	203 	96 	76 	75 
002807 	203 	96 	76 	75 
002808 	194 	85 	91 	91 
002809 	194 	85 	91 	91 
002810 	194 	85 	91 	91 
002811 	194 	85 	91 	91 
002812 	194 	85 	91 	91 
002813 	194 	85 	91 	91 
002814 	194 	85 	91 	91 
002815 	195 	96 	75 	75 
002816 	195 	87 	75 	76 
002817 	195 	87 	75 	76 
002818 	184 	75 	91 	91 
002819 	184 	75 	91 	91 
002820 	184 	85 	91 	91 
002821 	184 	85 	91 	91 
002822 	184 	85 	91 	91 
002823 	184 	75 	91 	91 
002824 	184 	85 	91 	91 
002825 	184 	85 	91 	91 
002826 	184 	75 	91 	91 
002827 	184 	75 	91 	91 
002828 	184 	75 	91 	91 
002829 	184 	75 	91 	91 
002830 	184 	75 	91 	91 
002831 	184 	85 	91 	91 
002832 	184 	85 	91 	91 
002833 	184 	85 	91 	91 
002834 	195 	96 	75 	75 
002835 	184 	85 	91 	91 
002836 	184 	75 	91 	91 
002837 	184 	85 	91 	91 
002838 	184 	75 	91 	91 
002839 	184 	85 	91 	91 
002840 	184 	85 	91 	91 
002841 	184 	85 	91 	91 
002842 	184 	85 	91 	91 
002843 	184 	85 	91 	91 
002844 	186 	87 	76 	76 
002845 	174 	75 	91 	91 
002846 	174 	75 	91 	91 
002847 	174 	75 	91 	91 
002848 	174 	75 	91 	91 
002849 	174 	75 	91 	91 
002850 	174 	75 	91 	91 
002851 	174 	75 	91 	91 
002852 	174 	75 	91 	91 
002853 	174 	75 	91 	91 
002854 	174 	75 	91 	91 
002855 	174 	75 	91 	91 
002856 	186 	87 	76 	76 
002857 	184 	75 	91 	91 
002858 	195 	87 	75 	76 
002859 	195 	87 	75 	76 
002860 	195 	87 	75 	76 
002861 	195 	87 	75 	76 
002862 	184 	75 	91 	91 
002863 	184 	75 	91 	91 
002864 	174 	75 	91 	91 
002865 	174 	75 	91 	91 
002866 	174 	75 	91 	91 
002867 	174 	75 	91 	91 
002868 	174 	75 	91 	91 
002869 	174 	75 	91 	91 
002870 	174 	75 	91 	91 
002871 	174 	75 	91 	91 
002872 	174 	75 	91 	91 
002873 	174 	75 	91 	91 
002874 	174 	75 	91 	91 
002875 	174 	75 	91 	91 
002876 	174 	75 	91 	91 
002877 	164 	75 	91 	91 
002878 	164 	75 	91 	91 
002879 	164 	75 	91 	91 
002880 	164 	75 	91 	91 
002881 	164 	75 	91 	91 
002882 	164 	75 	91 	91 
002883 	164 	75 	91 	91 
002884 	164 	75 	91 	91 
002885 	164 	75 	91 	91 
002886 	164 	75 	91 	91 
002887 	164 	75 	91 	91 
002888 	164 	75 	91 	91 
002889 	164 	75 	91 	91 
002890 	164 	75 	91 	91 
002891 	164 	75 	91 	91 
002892 	164 	75 	91 	91 
002893 	178 	87 	76 	76 
002894 	178 	96 	76 	75 
002895 	178 	96 	76 	75 
002896 	178 	96 	76 	75 
002897 	174 	85 	91 	91 
002898 	174 	85 	91 	91 
002899 	174 	85 	91 	91 
002900 	174 	85 	91 	91 
002901 	174 	75 	91 	91 
002902 	174 	75 	91 	91 
002903 	174 	75 	91 	91 
002904 	174 	75 	91 	91 
002905 	174 	75 	91 	91 
002906 	174 	75 	91 	91 
002907 	174 	75 	91 	91 
002908 	174 	75 	91 	91 
002909 	174 	75 	91 	91 
002910 	174 	75 	91 	91 
002911 	174 	75 	91 	91 
002912 	174 	75 	91 	91 
002913 	174 	75 	91 	91 
002914 	174 	75 	91 	91 
002915 	174 	75 	91 	91 
002916 	174 	75 	91 	91 
002917 	174 	75 	91 	91 
002918 	186 	79 	76 	76 
002919 	186 	79 	76 	76 
002920 	186 	79 	76 	76 
002921 	186 	79 	76 	76 
002922 	186 	79 	76 	76 
002923 	186 	79 	76 	76 
002924 	186 	79 	76 	76 
002925 	184 	75 	91 	91 
002926 	184 	75 	91 	91 
002927 	184 	75 	91 	91 
