Identity  : 	id10282
Reference : 	ek_uqADnhPQ
Offset    : 	-3
FV Conf   : 	16.341
ASD Conf  : 	6.890

FRAME 	X 	Y 	W 	H 
008136 	307 	73 	63 	63 
008137 	307 	73 	63 	63 
008138 	307 	73 	63 	63 
008139 	307 	73 	63 	63 
008140 	300 	73 	63 	63 
008141 	300 	73 	63 	63 
008142 	300 	73 	63 	63 
008143 	300 	73 	63 	63 
008144 	300 	73 	63 	63 
008145 	300 	73 	63 	63 
008146 	300 	73 	63 	63 
008147 	300 	73 	63 	63 
008148 	300 	73 	63 	63 
008149 	300 	73 	63 	63 
008150 	300 	73 	63 	63 
008151 	300 	73 	63 	63 
008152 	300 	73 	63 	63 
008153 	300 	73 	63 	63 
008154 	300 	73 	63 	63 
008155 	300 	73 	63 	63 
008156 	300 	73 	63 	63 
008157 	300 	73 	63 	63 
008158 	300 	73 	63 	63 
008159 	300 	73 	63 	63 
008160 	300 	73 	63 	63 
008161 	300 	73 	63 	63 
008162 	300 	73 	63 	63 
008163 	300 	73 	63 	63 
008164 	300 	73 	63 	63 
008165 	300 	73 	63 	63 
008166 	300 	73 	63 	63 
008167 	300 	73 	63 	63 
008168 	300 	73 	63 	63 
008169 	300 	73 	63 	63 
008170 	300 	73 	63 	63 
008171 	300 	73 	63 	63 
008172 	300 	73 	63 	63 
008173 	300 	73 	63 	63 
008174 	300 	73 	63 	63 
008175 	300 	73 	63 	63 
008176 	300 	73 	63 	63 
008177 	300 	73 	63 	63 
008178 	300 	73 	63 	63 
008179 	300 	73 	63 	63 
008180 	300 	73 	63 	63 
008181 	300 	73 	63 	63 
008182 	300 	73 	63 	63 
008183 	300 	73 	63 	63 
008184 	300 	73 	63 	63 
008185 	300 	73 	63 	63 
008186 	300 	73 	63 	63 
008187 	300 	73 	63 	63 
008188 	300 	73 	63 	63 
008189 	300 	73 	63 	63 
008190 	300 	73 	63 	63 
008191 	300 	73 	63 	63 
008192 	300 	73 	63 	63 
008193 	300 	73 	63 	63 
008194 	300 	73 	63 	63 
008195 	300 	73 	63 	63 
008196 	300 	73 	63 	63 
008197 	300 	73 	63 	63 
008198 	300 	73 	63 	63 
008199 	300 	73 	63 	63 
008200 	300 	73 	63 	63 
008201 	300 	73 	63 	63 
008202 	300 	73 	63 	63 
008203 	300 	73 	63 	63 
008204 	293 	73 	64 	63 
008205 	293 	66 	64 	63 
008206 	293 	66 	64 	63 
008207 	293 	66 	64 	63 
008208 	293 	66 	64 	63 
008209 	293 	66 	64 	63 
008210 	293 	66 	64 	63 
008211 	293 	66 	64 	63 
008212 	293 	66 	64 	63 
008213 	293 	66 	64 	63 
008214 	293 	66 	64 	63 
008215 	300 	73 	63 	63 
008216 	300 	73 	63 	63 
008217 	300 	73 	63 	63 
008218 	300 	73 	63 	63 
008219 	300 	73 	63 	63 
008220 	300 	73 	63 	63 
008221 	300 	73 	63 	63 
008222 	300 	73 	63 	63 
008223 	300 	73 	63 	63 
008224 	300 	73 	63 	63 
008225 	300 	73 	63 	63 
008226 	300 	73 	63 	63 
008227 	300 	73 	63 	63 
008228 	300 	73 	63 	63 
008229 	300 	80 	63 	63 
008230 	300 	73 	63 	63 
008231 	300 	73 	63 	63 
008232 	300 	73 	63 	63 
008233 	300 	73 	63 	63 
008234 	300 	73 	63 	63 
008235 	300 	73 	63 	63 
008236 	300 	73 	63 	63 
008237 	300 	73 	63 	63 
008238 	300 	73 	63 	63 
008239 	300 	73 	63 	63 
008240 	300 	73 	63 	63 
008241 	300 	73 	63 	63 
008242 	300 	73 	63 	63 
008243 	300 	73 	63 	63 
008244 	300 	73 	63 	63 
008245 	300 	73 	63 	63 
008246 	307 	73 	63 	63 
008247 	307 	73 	63 	63 
008248 	307 	73 	63 	63 
008249 	307 	73 	63 	63 
008250 	307 	73 	63 	63 
008251 	307 	73 	63 	63 
008252 	307 	73 	63 	63 
008253 	307 	73 	63 	63 
008254 	307 	73 	63 	63 
008255 	307 	73 	63 	63 
008256 	307 	73 	63 	63 
008257 	307 	73 	63 	63 
008258 	307 	73 	63 	63 
008259 	307 	73 	63 	63 
008260 	307 	73 	63 	63 
008261 	307 	73 	63 	63 
008262 	307 	73 	63 	63 
008263 	307 	73 	63 	63 
008264 	307 	73 	63 	63 
008265 	307 	73 	63 	63 
008266 	307 	73 	63 	63 
008267 	307 	73 	63 	63 
008268 	307 	73 	63 	63 
008269 	307 	73 	63 	63 
008270 	307 	73 	63 	63 
008271 	307 	73 	63 	63 
008272 	307 	73 	63 	63 
008273 	307 	73 	63 	63 
008274 	307 	73 	63 	63 
008275 	307 	73 	63 	63 
008276 	307 	73 	63 	63 
008277 	307 	73 	63 	63 
008278 	307 	73 	63 	63 
008279 	307 	73 	63 	63 
008280 	307 	73 	63 	63 
008281 	307 	73 	63 	63 
008282 	307 	73 	63 	63 
008283 	307 	73 	63 	63 
008284 	307 	73 	63 	63 
008285 	307 	73 	63 	63 
008286 	307 	73 	63 	63 
008287 	307 	73 	63 	63 
008288 	307 	73 	63 	63 
008289 	314 	73 	63 	63 
008290 	314 	73 	63 	63 
008291 	314 	73 	63 	63 
008292 	314 	73 	63 	63 
008293 	314 	80 	63 	63 
008294 	314 	80 	63 	63 
008295 	314 	80 	63 	63 
008296 	314 	80 	63 	63 
008297 	314 	80 	63 	63 
008298 	314 	80 	63 	63 
008299 	314 	73 	63 	63 
008300 	307 	73 	63 	63 
008301 	307 	73 	63 	63 
008302 	307 	73 	63 	63 
008303 	307 	73 	63 	63 
008304 	307 	73 	63 	63 
008305 	307 	73 	63 	63 
008306 	307 	73 	63 	63 
008307 	307 	73 	63 	63 
008308 	307 	73 	63 	63 
008309 	307 	73 	63 	63 
008310 	307 	73 	63 	63 
008311 	307 	73 	63 	63 
008312 	307 	73 	63 	63 
008313 	307 	73 	63 	63 
008314 	314 	80 	63 	63 
008315 	314 	80 	63 	63 
008316 	314 	80 	63 	63 
008317 	314 	80 	63 	63 
008318 	314 	73 	63 	63 
008319 	314 	73 	63 	63 
008320 	314 	73 	63 	63 
008321 	314 	73 	63 	63 
008322 	314 	73 	63 	63 
008323 	314 	73 	63 	63 
008324 	314 	73 	63 	63 
008325 	314 	73 	63 	63 
008326 	314 	73 	63 	63 
008327 	314 	73 	63 	63 
008328 	314 	73 	63 	63 
008329 	314 	73 	63 	63 
008330 	314 	73 	63 	63 
008331 	314 	73 	63 	63 
008332 	314 	73 	63 	63 
008333 	314 	73 	63 	63 
008334 	314 	73 	63 	63 
008335 	314 	73 	63 	63 
008336 	314 	73 	63 	63 
008337 	314 	73 	63 	63 
008338 	314 	73 	63 	63 
008339 	325 	83 	53 	53 
008340 	325 	78 	53 	53 
008341 	325 	78 	53 	53 
008342 	321 	73 	63 	63 
008343 	321 	73 	63 	63 
008344 	321 	73 	63 	63 
008345 	321 	73 	63 	63 
008346 	321 	73 	63 	63 
008347 	321 	73 	63 	63 
008348 	321 	73 	63 	63 
008349 	321 	73 	63 	63 
008350 	321 	73 	63 	63 
008351 	321 	73 	63 	63 
008352 	321 	73 	63 	63 
008353 	321 	73 	63 	63 
008354 	321 	73 	63 	63 
008355 	321 	73 	63 	63 
008356 	321 	73 	63 	63 
008357 	321 	73 	63 	63 
008358 	321 	73 	63 	63 
008359 	321 	73 	63 	63 
008360 	321 	80 	63 	63 
008361 	321 	73 	63 	63 
008362 	321 	73 	63 	63 
008363 	325 	83 	53 	53 
008364 	321 	80 	63 	63 
008365 	325 	83 	53 	53 
008366 	325 	83 	53 	53 
008367 	325 	83 	53 	53 
008368 	325 	83 	53 	53 
008369 	321 	73 	63 	63 
008370 	321 	80 	63 	63 
008371 	321 	80 	63 	63 
008372 	321 	80 	63 	63 
008373 	321 	80 	63 	63 
008374 	325 	83 	53 	53 
008375 	325 	83 	53 	53 
008376 	325 	83 	53 	53 
008377 	325 	83 	53 	53 
008378 	321 	80 	63 	63 
008379 	321 	80 	63 	63 
008380 	321 	80 	63 	63 
008381 	321 	80 	63 	63 
008382 	321 	80 	63 	63 
008383 	321 	80 	63 	63 
008384 	321 	80 	63 	63 
008385 	321 	73 	63 	63 
008386 	321 	73 	63 	63 
008387 	321 	73 	63 	63 
008388 	321 	73 	63 	63 
008389 	321 	80 	63 	63 
008390 	321 	80 	63 	63 
008391 	321 	80 	63 	63 
008392 	321 	80 	63 	63 
008393 	321 	80 	63 	63 
008394 	321 	80 	63 	63 
008395 	321 	80 	63 	63 
