Identity  : 	id10293
Reference : 	rZQMeH1FCvM
Offset    : 	-2
FV Conf   : 	20.872
ASD Conf  : 	7.213

FRAME 	X 	Y 	W 	H 
008886 	185 	66 	109 	109 
008887 	185 	66 	109 	109 
008888 	185 	66 	109 	109 
008889 	185 	66 	109 	109 
008890 	185 	66 	109 	109 
008891 	185 	66 	109 	109 
008892 	185 	66 	109 	109 
008893 	185 	66 	109 	109 
008894 	185 	66 	109 	109 
008895 	185 	66 	109 	109 
008896 	185 	66 	109 	109 
008897 	185 	66 	109 	109 
008898 	185 	66 	109 	109 
008899 	185 	66 	109 	109 
008900 	197 	66 	109 	109 
008901 	197 	66 	109 	109 
008902 	197 	66 	109 	109 
008903 	197 	66 	109 	109 
008904 	197 	66 	109 	109 
008905 	197 	66 	109 	109 
008906 	197 	66 	109 	109 
008907 	197 	66 	109 	109 
008908 	197 	66 	109 	109 
008909 	197 	66 	109 	109 
008910 	197 	66 	109 	109 
008911 	197 	66 	109 	109 
008912 	197 	66 	109 	109 
008913 	197 	66 	109 	109 
008914 	197 	66 	109 	109 
008915 	197 	66 	109 	109 
008916 	197 	66 	109 	109 
008917 	197 	66 	109 	109 
008918 	197 	66 	109 	109 
008919 	197 	66 	109 	109 
008920 	197 	66 	109 	109 
008921 	197 	66 	109 	109 
008922 	197 	66 	109 	109 
008923 	197 	66 	109 	109 
008924 	197 	66 	109 	109 
008925 	197 	66 	109 	109 
008926 	197 	66 	109 	109 
008927 	197 	66 	109 	109 
008928 	197 	66 	109 	109 
008929 	197 	66 	109 	109 
008930 	197 	66 	109 	109 
008931 	197 	66 	109 	109 
008932 	197 	66 	109 	109 
008933 	197 	66 	109 	109 
008934 	197 	66 	109 	109 
008935 	197 	66 	109 	109 
008936 	197 	66 	109 	109 
008937 	197 	66 	109 	109 
008938 	197 	66 	109 	109 
008939 	197 	66 	109 	109 
008940 	185 	66 	109 	109 
008941 	185 	66 	109 	109 
008942 	185 	66 	109 	109 
008943 	185 	66 	109 	109 
008944 	194 	75 	91 	91 
008945 	185 	66 	109 	109 
008946 	184 	85 	91 	91 
008947 	184 	85 	91 	91 
008948 	184 	85 	91 	91 
008949 	184 	85 	91 	91 
008950 	184 	85 	91 	91 
008951 	184 	85 	91 	91 
008952 	184 	85 	91 	91 
008953 	173 	78 	109 	109 
008954 	174 	85 	91 	91 
008955 	174 	85 	91 	91 
008956 	161 	78 	109 	109 
008957 	161 	78 	109 	109 
008958 	161 	78 	109 	109 
008959 	161 	78 	109 	109 
008960 	164 	95 	91 	91 
008961 	161 	78 	109 	109 
008962 	164 	85 	91 	91 
008963 	164 	85 	91 	91 
008964 	164 	95 	91 	91 
008965 	164 	95 	91 	91 
008966 	164 	95 	91 	91 
008967 	164 	95 	91 	91 
008968 	164 	95 	91 	91 
008969 	164 	85 	91 	91 
008970 	164 	85 	91 	91 
008971 	164 	85 	91 	91 
008972 	164 	85 	91 	91 
008973 	164 	85 	91 	91 
008974 	164 	85 	91 	91 
008975 	164 	95 	91 	91 
008976 	164 	85 	91 	91 
008977 	164 	85 	91 	91 
008978 	164 	95 	91 	91 
008979 	164 	85 	91 	91 
008980 	164 	85 	91 	91 
008981 	164 	85 	91 	91 
008982 	164 	85 	91 	91 
008983 	164 	85 	91 	91 
008984 	164 	85 	91 	91 
008985 	164 	85 	91 	91 
008986 	164 	95 	91 	91 
008987 	164 	95 	91 	91 
008988 	164 	85 	91 	91 
008989 	161 	78 	109 	109 
008990 	164 	95 	91 	91 
008991 	164 	95 	91 	91 
008992 	161 	78 	109 	109 
008993 	164 	95 	91 	91 
008994 	161 	78 	109 	109 
008995 	164 	85 	91 	91 
008996 	164 	85 	91 	91 
008997 	164 	85 	91 	91 
008998 	164 	85 	91 	91 
008999 	164 	85 	91 	91 
009000 	164 	95 	91 	91 
009001 	164 	95 	91 	91 
009002 	164 	95 	91 	91 
009003 	164 	85 	91 	91 
009004 	164 	95 	91 	91 
009005 	161 	78 	109 	109 
009006 	161 	78 	109 	109 
009007 	161 	78 	109 	109 
009008 	161 	66 	109 	109 
009009 	174 	75 	91 	91 
