Identity  : 	id10290
Reference : 	zii-zlYDpGc
Offset    : 	0
FV Conf   : 	12.595
ASD Conf  : 	6.212

FRAME 	X 	Y 	W 	H 
002622 	278 	79 	75 	76 
002623 	278 	79 	75 	76 
002624 	278 	79 	75 	76 
002625 	278 	79 	75 	76 
002626 	278 	79 	75 	76 
002627 	278 	79 	75 	76 
002628 	278 	79 	75 	76 
002629 	278 	79 	75 	76 
002630 	278 	79 	75 	76 
002631 	278 	79 	75 	76 
002632 	278 	79 	75 	76 
002633 	278 	79 	75 	76 
002634 	278 	79 	75 	76 
002635 	278 	79 	75 	76 
002636 	286 	87 	64 	63 
002637 	286 	87 	64 	63 
002638 	286 	87 	64 	63 
002639 	286 	87 	64 	63 
002640 	286 	87 	64 	63 
002641 	286 	87 	64 	63 
002642 	286 	87 	64 	63 
002643 	286 	87 	64 	63 
002644 	286 	87 	64 	63 
002645 	286 	93 	64 	64 
002646 	286 	87 	64 	63 
002647 	286 	87 	64 	63 
002648 	286 	87 	64 	63 
002649 	286 	79 	76 	76 
002650 	286 	79 	76 	76 
002651 	286 	79 	76 	76 
002652 	286 	79 	76 	76 
002653 	286 	79 	76 	76 
002654 	293 	93 	64 	64 
002655 	293 	93 	64 	64 
002656 	286 	79 	76 	76 
002657 	286 	79 	76 	76 
002658 	286 	79 	76 	76 
002659 	286 	87 	64 	63 
002660 	286 	87 	64 	63 
002661 	286 	87 	64 	63 
002662 	293 	93 	64 	64 
002663 	293 	93 	64 	64 
002664 	293 	93 	64 	64 
002665 	293 	93 	64 	64 
002666 	293 	93 	64 	64 
002667 	293 	93 	64 	64 
002668 	293 	93 	64 	64 
002669 	293 	93 	64 	64 
002670 	300 	93 	63 	64 
002671 	300 	93 	63 	64 
002672 	300 	93 	63 	64 
002673 	300 	87 	63 	63 
002674 	300 	87 	63 	63 
002675 	300 	87 	63 	63 
002676 	300 	87 	63 	63 
002677 	300 	87 	63 	63 
002678 	300 	87 	63 	63 
002679 	307 	87 	63 	63 
002680 	307 	87 	63 	63 
002681 	307 	87 	63 	63 
002682 	307 	87 	63 	63 
002683 	307 	87 	63 	63 
002684 	307 	87 	63 	63 
002685 	307 	87 	63 	63 
002686 	307 	93 	63 	64 
002687 	307 	93 	63 	64 
002688 	307 	93 	63 	64 
002689 	300 	93 	63 	64 
002690 	300 	93 	63 	64 
002691 	300 	93 	63 	64 
002692 	300 	93 	63 	64 
002693 	300 	93 	63 	64 
002694 	300 	93 	63 	64 
002695 	300 	93 	63 	64 
002696 	300 	93 	63 	64 
002697 	300 	93 	63 	64 
002698 	300 	93 	63 	64 
002699 	300 	93 	63 	64 
002700 	300 	93 	63 	64 
002701 	300 	93 	63 	64 
002702 	300 	93 	63 	64 
002703 	293 	93 	64 	64 
002704 	293 	93 	64 	64 
002705 	293 	93 	64 	64 
002706 	293 	93 	64 	64 
002707 	293 	93 	64 	64 
002708 	293 	100 	64 	64 
002709 	293 	100 	64 	64 
002710 	293 	100 	64 	64 
002711 	293 	100 	64 	64 
002712 	293 	100 	64 	64 
002713 	286 	100 	64 	64 
002714 	286 	100 	64 	64 
002715 	286 	100 	64 	64 
002716 	286 	100 	64 	64 
002717 	278 	96 	75 	75 
002718 	278 	96 	75 	75 
002719 	278 	96 	75 	75 
002720 	278 	96 	75 	75 
002721 	286 	107 	64 	63 
002722 	286 	107 	64 	63 
002723 	286 	107 	64 	63 
002724 	286 	107 	64 	63 
002725 	278 	104 	75 	76 
002726 	278 	104 	75 	76 
002727 	278 	104 	75 	76 
002728 	278 	104 	75 	76 
002729 	278 	104 	75 	76 
002730 	280 	114 	63 	63 
002731 	280 	114 	63 	63 
002732 	280 	114 	63 	63 
002733 	280 	114 	63 	63 
002734 	269 	112 	76 	76 
002735 	269 	112 	76 	76 
002736 	273 	121 	63 	63 
002737 	273 	121 	63 	63 
002738 	273 	121 	63 	63 
002739 	273 	121 	63 	63 
002740 	273 	121 	63 	63 
002741 	273 	121 	63 	63 
002742 	273 	121 	63 	63 
002743 	273 	121 	63 	63 
002744 	273 	121 	63 	63 
