Identity  : 	id10290
Reference : 	zii-zlYDpGc
Offset    : 	0
FV Conf   : 	12.595
ASD Conf  : 	6.422

FRAME 	X 	Y 	W 	H 
002458 	294 	79 	76 	76 
002459 	294 	79 	76 	76 
002460 	294 	79 	76 	76 
002461 	294 	79 	76 	76 
002462 	307 	93 	63 	64 
002463 	307 	87 	63 	63 
002464 	307 	93 	63 	64 
002465 	307 	93 	63 	64 
002466 	307 	93 	63 	64 
002467 	307 	93 	63 	64 
002468 	307 	93 	63 	64 
002469 	307 	93 	63 	64 
002470 	303 	79 	75 	76 
002471 	303 	79 	75 	76 
002472 	303 	79 	75 	76 
002473 	303 	79 	75 	76 
002474 	303 	79 	75 	76 
002475 	307 	87 	63 	63 
002476 	307 	87 	63 	63 
002477 	307 	87 	63 	63 
002478 	307 	87 	63 	63 
002479 	307 	87 	63 	63 
002480 	307 	87 	63 	63 
002481 	307 	87 	63 	63 
002482 	307 	87 	63 	63 
002483 	294 	79 	76 	76 
002484 	300 	80 	63 	63 
002485 	300 	80 	63 	63 
002486 	300 	80 	63 	63 
002487 	300 	87 	63 	63 
002488 	300 	87 	63 	63 
002489 	300 	87 	63 	63 
002490 	300 	87 	63 	63 
002491 	300 	87 	63 	63 
002492 	286 	79 	76 	76 
002493 	286 	79 	76 	76 
002494 	286 	79 	76 	76 
002495 	286 	79 	76 	76 
002496 	286 	87 	64 	63 
002497 	286 	87 	64 	63 
002498 	286 	87 	64 	63 
002499 	286 	87 	64 	63 
002500 	278 	79 	75 	76 
002501 	278 	79 	75 	76 
002502 	278 	79 	75 	76 
002503 	278 	79 	75 	76 
002504 	278 	79 	75 	76 
002505 	278 	79 	75 	76 
002506 	278 	79 	75 	76 
002507 	278 	79 	75 	76 
002508 	278 	79 	75 	76 
002509 	278 	79 	75 	76 
002510 	278 	79 	75 	76 
002511 	278 	79 	75 	76 
002512 	278 	79 	75 	76 
002513 	278 	79 	75 	76 
002514 	278 	79 	75 	76 
002515 	286 	87 	64 	63 
002516 	286 	87 	64 	63 
002517 	286 	87 	64 	63 
002518 	286 	87 	64 	63 
002519 	286 	87 	64 	63 
002520 	286 	87 	64 	63 
002521 	286 	93 	64 	64 
002522 	293 	93 	64 	64 
002523 	293 	93 	64 	64 
002524 	293 	93 	64 	64 
002525 	293 	93 	64 	64 
002526 	293 	93 	64 	64 
002527 	293 	93 	64 	64 
002528 	293 	93 	64 	64 
002529 	293 	93 	64 	64 
002530 	293 	93 	64 	64 
002531 	293 	93 	64 	64 
002532 	293 	93 	64 	64 
002533 	293 	93 	64 	64 
002534 	293 	93 	64 	64 
002535 	293 	93 	64 	64 
002536 	293 	93 	64 	64 
002537 	293 	93 	64 	64 
002538 	293 	93 	64 	64 
002539 	293 	93 	64 	64 
002540 	293 	93 	64 	64 
002541 	293 	93 	64 	64 
002542 	293 	93 	64 	64 
002543 	293 	93 	64 	64 
002544 	293 	93 	64 	64 
002545 	293 	93 	64 	64 
002546 	293 	93 	64 	64 
002547 	293 	93 	64 	64 
002548 	293 	93 	64 	64 
002549 	293 	93 	64 	64 
002550 	300 	93 	63 	64 
002551 	300 	93 	63 	64 
002552 	300 	93 	63 	64 
002553 	300 	93 	63 	64 
002554 	300 	93 	63 	64 
002555 	293 	93 	64 	64 
002556 	293 	93 	64 	64 
002557 	293 	93 	64 	64 
002558 	293 	93 	64 	64 
002559 	293 	93 	64 	64 
002560 	293 	93 	64 	64 
002561 	293 	93 	64 	64 
002562 	293 	93 	64 	64 
002563 	293 	93 	64 	64 
002564 	293 	93 	64 	64 
002565 	293 	93 	64 	64 
002566 	293 	93 	64 	64 
002567 	293 	93 	64 	64 
002568 	293 	93 	64 	64 
