Identity  : 	id10292
Reference : 	KgY2xhg4Tqk
Offset    : 	-1
FV Conf   : 	18.804
ASD Conf  : 	6.556

FRAME 	X 	Y 	W 	H 
001451 	174 	115 	91 	91 
001452 	174 	115 	91 	91 
001453 	174 	115 	91 	91 
001454 	174 	115 	91 	91 
001455 	174 	115 	91 	91 
001456 	174 	105 	91 	91 
001457 	174 	105 	91 	91 
001458 	174 	105 	91 	91 
001459 	174 	105 	91 	91 
001460 	174 	105 	91 	91 
001461 	184 	115 	91 	91 
001462 	184 	115 	91 	91 
001463 	184 	115 	91 	91 
001464 	184 	115 	91 	91 
001465 	184 	115 	91 	91 
001466 	184 	115 	91 	91 
001467 	185 	102 	109 	109 
001468 	185 	102 	109 	109 
001469 	185 	102 	109 	109 
001470 	185 	102 	109 	109 
001471 	185 	102 	109 	109 
001472 	185 	102 	109 	109 
001473 	185 	102 	109 	109 
001474 	185 	102 	109 	109 
001475 	185 	102 	109 	109 
001476 	185 	102 	109 	109 
001477 	185 	102 	109 	109 
001478 	185 	102 	109 	109 
001479 	184 	115 	91 	91 
001480 	184 	115 	91 	91 
001481 	185 	102 	109 	109 
001482 	184 	115 	91 	91 
001483 	184 	125 	91 	90 
001484 	184 	125 	91 	90 
001485 	184 	125 	91 	90 
001486 	184 	115 	91 	91 
001487 	184 	115 	91 	91 
001488 	184 	115 	91 	91 
001489 	184 	115 	91 	91 
001490 	184 	115 	91 	91 
001491 	185 	102 	109 	109 
001492 	185 	102 	109 	109 
001493 	185 	102 	109 	109 
001494 	194 	115 	91 	91 
001495 	194 	115 	91 	91 
001496 	185 	102 	109 	109 
001497 	185 	102 	109 	109 
001498 	185 	102 	109 	109 
001499 	185 	102 	109 	109 
001500 	194 	115 	91 	91 
001501 	185 	102 	109 	109 
001502 	185 	102 	109 	109 
001503 	185 	102 	109 	109 
001504 	185 	102 	109 	109 
001505 	185 	102 	109 	109 
001506 	185 	102 	109 	109 
001507 	185 	102 	109 	109 
001508 	185 	102 	109 	109 
001509 	185 	102 	109 	109 
001510 	185 	102 	109 	109 
001511 	185 	102 	109 	109 
001512 	185 	102 	109 	109 
001513 	185 	102 	109 	109 
001514 	185 	102 	109 	109 
001515 	194 	115 	91 	91 
001516 	194 	115 	91 	91 
001517 	194 	115 	91 	91 
001518 	194 	115 	91 	91 
001519 	194 	115 	91 	91 
001520 	185 	114 	109 	109 
001521 	185 	114 	109 	109 
001522 	185 	114 	109 	109 
001523 	185 	114 	109 	109 
001524 	185 	114 	109 	109 
001525 	185 	114 	109 	109 
001526 	185 	114 	109 	109 
001527 	185 	114 	109 	109 
001528 	184 	115 	91 	91 
001529 	184 	115 	91 	91 
001530 	184 	115 	91 	91 
001531 	184 	115 	91 	91 
001532 	184 	115 	91 	91 
001533 	185 	102 	109 	109 
001534 	184 	115 	91 	91 
001535 	184 	115 	91 	91 
001536 	184 	115 	91 	91 
001537 	184 	115 	91 	91 
001538 	184 	115 	91 	91 
001539 	174 	115 	91 	91 
001540 	174 	115 	91 	91 
001541 	174 	115 	91 	91 
001542 	174 	125 	91 	90 
001543 	174 	125 	91 	90 
001544 	174 	125 	91 	90 
001545 	174 	125 	91 	90 
001546 	164 	125 	91 	90 
001547 	164 	125 	91 	90 
001548 	164 	125 	91 	90 
001549 	164 	125 	91 	90 
001550 	164 	115 	91 	91 
001551 	164 	115 	91 	91 
001552 	164 	115 	91 	91 
001553 	164 	115 	91 	91 
001554 	164 	115 	91 	91 
001555 	164 	105 	91 	91 
001556 	164 	105 	91 	91 
001557 	164 	105 	91 	91 
001558 	150 	90 	108 	109 
001559 	154 	105 	91 	91 
001560 	154 	105 	91 	91 
001561 	154 	105 	91 	91 
001562 	154 	105 	91 	91 
001563 	154 	115 	91 	91 
001564 	154 	115 	91 	91 
001565 	154 	115 	91 	91 
001566 	154 	115 	91 	91 
001567 	154 	115 	91 	91 
001568 	150 	102 	108 	109 
