Identity  : 	id10292
Reference : 	KgY2xhg4Tqk
Offset    : 	-1
FV Conf   : 	20.892
ASD Conf  : 	6.713

FRAME 	X 	Y 	W 	H 
008123 	204 	115 	91 	91 
008124 	204 	115 	91 	91 
008125 	204 	115 	91 	91 
008126 	204 	115 	91 	91 
008127 	204 	115 	91 	91 
008128 	204 	115 	91 	91 
008129 	204 	115 	91 	91 
008130 	204 	115 	91 	91 
008131 	204 	115 	91 	91 
008132 	204 	115 	91 	91 
008133 	204 	115 	91 	91 
008134 	204 	115 	91 	91 
008135 	194 	115 	91 	91 
008136 	194 	115 	91 	91 
008137 	194 	115 	91 	91 
008138 	184 	115 	91 	91 
008139 	184 	115 	91 	91 
008140 	184 	115 	91 	91 
008141 	174 	115 	91 	91 
008142 	174 	115 	91 	91 
008143 	174 	115 	91 	91 
008144 	161 	114 	109 	109 
008145 	164 	115 	91 	91 
008146 	164 	115 	91 	91 
008147 	164 	115 	91 	91 
008148 	164 	115 	91 	91 
008149 	164 	115 	91 	91 
008150 	164 	115 	91 	91 
008151 	164 	115 	91 	91 
008152 	164 	125 	91 	90 
008153 	164 	125 	91 	90 
008154 	164 	115 	91 	91 
008155 	164 	115 	91 	91 
008156 	164 	115 	91 	91 
008157 	164 	115 	91 	91 
008158 	164 	115 	91 	91 
008159 	154 	115 	91 	91 
008160 	154 	115 	91 	91 
008161 	154 	115 	91 	91 
008162 	154 	115 	91 	91 
008163 	154 	115 	91 	91 
008164 	154 	115 	91 	91 
008165 	154 	115 	91 	91 
008166 	154 	115 	91 	91 
008167 	154 	115 	91 	91 
008168 	154 	115 	91 	91 
008169 	154 	115 	91 	91 
008170 	154 	115 	91 	91 
008171 	164 	115 	91 	91 
008172 	164 	115 	91 	91 
008173 	164 	115 	91 	91 
008174 	174 	115 	91 	91 
008175 	174 	115 	91 	91 
008176 	174 	115 	91 	91 
008177 	174 	115 	91 	91 
008178 	184 	115 	91 	91 
008179 	184 	115 	91 	91 
008180 	184 	115 	91 	91 
008181 	184 	125 	91 	90 
008182 	184 	115 	91 	91 
008183 	184 	115 	91 	91 
008184 	184 	115 	91 	91 
008185 	184 	115 	91 	91 
008186 	184 	115 	91 	91 
008187 	194 	115 	91 	91 
008188 	194 	115 	91 	91 
008189 	194 	115 	91 	91 
008190 	194 	115 	91 	91 
008191 	194 	115 	91 	91 
008192 	185 	102 	109 	109 
008193 	185 	102 	109 	109 
008194 	185 	102 	109 	109 
008195 	185 	102 	109 	109 
008196 	184 	115 	91 	91 
008197 	184 	115 	91 	91 
008198 	184 	115 	91 	91 
008199 	184 	115 	91 	91 
008200 	184 	115 	91 	91 
008201 	184 	115 	91 	91 
008202 	184 	115 	91 	91 
008203 	184 	115 	91 	91 
008204 	184 	115 	91 	91 
008205 	184 	115 	91 	91 
008206 	184 	115 	91 	91 
008207 	184 	115 	91 	91 
008208 	173 	102 	109 	109 
008209 	174 	115 	91 	91 
008210 	174 	115 	91 	91 
008211 	174 	115 	91 	91 
008212 	174 	115 	91 	91 
008213 	174 	115 	91 	91 
008214 	174 	115 	91 	91 
008215 	174 	115 	91 	91 
008216 	174 	115 	91 	91 
008217 	174 	115 	91 	91 
008218 	174 	115 	91 	91 
008219 	174 	115 	91 	91 
008220 	174 	115 	91 	91 
008221 	174 	115 	91 	91 
008222 	174 	115 	91 	91 
008223 	174 	115 	91 	91 
008224 	174 	115 	91 	91 
008225 	174 	115 	91 	91 
008226 	174 	105 	91 	91 
008227 	174 	105 	91 	91 
008228 	174 	105 	91 	91 
008229 	174 	105 	91 	91 
008230 	174 	105 	91 	91 
008231 	174 	115 	91 	91 
008232 	174 	115 	91 	91 
008233 	174 	115 	91 	91 
008234 	174 	115 	91 	91 
008235 	174 	115 	91 	91 
008236 	174 	115 	91 	91 
008237 	164 	115 	91 	91 
008238 	164 	115 	91 	91 
008239 	164 	115 	91 	91 
008240 	174 	105 	91 	91 
008241 	174 	105 	91 	91 
008242 	174 	115 	91 	91 
008243 	174 	115 	91 	91 
008244 	174 	115 	91 	91 
008245 	164 	115 	91 	91 
008246 	164 	115 	91 	91 
008247 	164 	115 	91 	91 
008248 	164 	115 	91 	91 
008249 	164 	115 	91 	91 
008250 	164 	115 	91 	91 
008251 	164 	115 	91 	91 
008252 	164 	115 	91 	91 
008253 	164 	115 	91 	91 
008254 	164 	115 	91 	91 
008255 	154 	115 	91 	91 
008256 	154 	125 	91 	90 
008257 	154 	125 	91 	90 
008258 	154 	115 	91 	91 
008259 	156 	118 	91 	91 
008260 	159 	120 	91 	90 
008261 	162 	122 	91 	90 
008262 	164 	125 	91 	90 
008263 	164 	125 	91 	90 
008264 	164 	125 	91 	90 
008265 	164 	115 	91 	91 
008266 	164 	115 	91 	91 
008267 	164 	115 	91 	91 
008268 	164 	115 	91 	91 
008269 	164 	115 	91 	91 
008270 	164 	115 	91 	91 
008271 	164 	115 	91 	91 
008272 	164 	115 	91 	91 
008273 	164 	115 	91 	91 
008274 	164 	115 	91 	91 
008275 	164 	115 	91 	91 
008276 	164 	115 	91 	91 
008277 	164 	115 	91 	91 
008278 	164 	115 	91 	91 
008279 	150 	102 	108 	109 
008280 	154 	105 	91 	91 
008281 	154 	105 	91 	91 
008282 	154 	105 	91 	91 
008283 	154 	105 	91 	91 
008284 	154 	105 	91 	91 
008285 	154 	115 	91 	91 
008286 	154 	105 	91 	91 
008287 	154 	105 	91 	91 
008288 	154 	105 	91 	91 
008289 	154 	105 	91 	91 
008290 	164 	105 	91 	91 
008291 	164 	105 	91 	91 
008292 	164 	105 	91 	91 
008293 	164 	105 	91 	91 
008294 	164 	105 	91 	91 
008295 	164 	105 	91 	91 
008296 	164 	105 	91 	91 
008297 	164 	105 	91 	91 
008298 	164 	105 	91 	91 
008299 	164 	105 	91 	91 
008300 	164 	105 	91 	91 
008301 	164 	105 	91 	91 
008302 	164 	105 	91 	91 
008303 	164 	105 	91 	91 
008304 	164 	105 	91 	91 
008305 	164 	105 	91 	91 
008306 	174 	105 	91 	91 
008307 	174 	105 	91 	91 
008308 	174 	105 	91 	91 
008309 	174 	105 	91 	91 
008310 	174 	105 	91 	91 
008311 	174 	105 	91 	91 
008312 	174 	105 	91 	91 
008313 	174 	105 	91 	91 
008314 	174 	105 	91 	91 
008315 	174 	105 	91 	91 
008316 	174 	105 	91 	91 
008317 	174 	105 	91 	91 
008318 	174 	105 	91 	91 
008319 	174 	105 	91 	91 
008320 	174 	105 	91 	91 
008321 	174 	105 	91 	91 
008322 	174 	105 	91 	91 
008323 	174 	105 	91 	91 
008324 	174 	105 	91 	91 
008325 	174 	105 	91 	91 
008326 	174 	105 	91 	91 
008327 	174 	105 	91 	91 
008328 	164 	105 	91 	91 
008329 	164 	105 	91 	91 
