Identity  : 	id10297
Reference : 	31XtFWtF7Sc
Offset    : 	-1
FV Conf   : 	15.237
ASD Conf  : 	6.041

FRAME 	X 	Y 	W 	H 
005955 	180 	80 	130 	130 
005956 	180 	80 	130 	130 
005957 	180 	80 	130 	130 
005958 	180 	80 	130 	130 
005959 	180 	80 	130 	130 
005960 	180 	80 	130 	130 
005961 	180 	80 	130 	130 
005962 	165 	80 	130 	130 
005963 	165 	80 	130 	130 
005964 	165 	80 	130 	130 
005965 	165 	80 	130 	130 
005966 	165 	80 	130 	130 
005967 	165 	80 	130 	130 
005968 	165 	80 	130 	130 
005969 	180 	66 	130 	130 
005970 	180 	66 	130 	130 
005971 	180 	66 	130 	130 
005972 	180 	66 	130 	130 
005973 	180 	66 	130 	130 
005974 	180 	66 	130 	130 
005975 	180 	66 	130 	130 
005976 	180 	66 	130 	130 
005977 	180 	66 	130 	130 
005978 	180 	66 	130 	130 
005979 	180 	66 	130 	130 
005980 	180 	66 	130 	130 
005981 	180 	66 	130 	130 
005982 	180 	66 	130 	130 
005983 	180 	66 	130 	130 
005984 	180 	66 	130 	130 
005985 	180 	66 	130 	130 
005986 	180 	66 	130 	130 
005987 	180 	66 	130 	130 
005988 	180 	66 	130 	130 
005989 	180 	66 	130 	130 
005990 	180 	66 	130 	130 
005991 	180 	66 	130 	130 
005992 	180 	66 	130 	130 
005993 	180 	66 	130 	130 
005994 	180 	66 	130 	130 
005995 	180 	66 	130 	130 
005996 	180 	66 	130 	130 
005997 	194 	66 	130 	130 
005998 	180 	66 	130 	130 
005999 	194 	66 	130 	130 
006000 	194 	66 	130 	130 
006001 	180 	66 	130 	130 
006002 	194 	66 	130 	130 
006003 	194 	66 	130 	130 
006004 	180 	66 	130 	130 
006005 	180 	66 	130 	130 
006006 	180 	66 	130 	130 
006007 	180 	66 	130 	130 
006008 	180 	66 	130 	130 
006009 	180 	66 	130 	130 
006010 	180 	66 	130 	130 
006011 	180 	66 	130 	130 
006012 	180 	66 	130 	130 
006013 	194 	66 	130 	130 
006014 	194 	66 	130 	130 
006015 	194 	66 	130 	130 
006016 	194 	66 	130 	130 
006017 	194 	66 	130 	130 
006018 	194 	66 	130 	130 
006019 	194 	66 	130 	130 
006020 	194 	66 	130 	130 
006021 	194 	66 	130 	130 
006022 	194 	66 	130 	130 
006023 	197 	90 	109 	109 
006024 	197 	90 	109 	109 
006025 	197 	90 	109 	109 
006026 	197 	90 	109 	109 
006027 	197 	90 	109 	109 
006028 	197 	90 	109 	109 
006029 	197 	90 	109 	109 
006030 	197 	90 	109 	109 
006031 	197 	90 	109 	109 
006032 	197 	90 	109 	109 
006033 	197 	90 	109 	109 
006034 	197 	90 	109 	109 
006035 	197 	90 	109 	109 
006036 	197 	90 	109 	109 
006037 	197 	90 	109 	109 
006038 	197 	90 	109 	109 
006039 	197 	90 	109 	109 
006040 	197 	90 	109 	109 
006041 	197 	90 	109 	109 
006042 	197 	90 	109 	109 
006043 	197 	90 	109 	109 
006044 	197 	90 	109 	109 
006045 	197 	90 	109 	109 
006046 	197 	90 	109 	109 
006047 	197 	90 	109 	109 
006048 	197 	90 	109 	109 
006049 	194 	80 	130 	130 
006050 	209 	90 	109 	109 
006051 	209 	90 	109 	109 
006052 	208 	80 	130 	130 
006053 	208 	80 	130 	130 
006054 	208 	80 	130 	130 
006055 	209 	90 	109 	109 
006056 	209 	90 	109 	109 
006057 	209 	90 	109 	109 
006058 	209 	90 	109 	109 
006059 	209 	90 	109 	109 
006060 	194 	80 	130 	130 
006061 	194 	80 	130 	130 
006062 	209 	90 	109 	109 
006063 	209 	90 	109 	109 
006064 	209 	90 	109 	109 
006065 	209 	90 	109 	109 
006066 	194 	80 	130 	130 
006067 	194 	80 	130 	130 
006068 	209 	90 	109 	109 
006069 	194 	80 	130 	130 
006070 	209 	90 	109 	109 
006071 	209 	90 	109 	109 
006072 	209 	90 	109 	109 
006073 	209 	90 	109 	109 
006074 	209 	90 	109 	109 
006075 	194 	80 	130 	130 
006076 	194 	80 	130 	130 
006077 	194 	80 	130 	130 
006078 	194 	80 	130 	130 
006079 	197 	90 	109 	109 
006080 	197 	90 	109 	109 
006081 	194 	80 	130 	130 
006082 	194 	80 	130 	130 
006083 	194 	80 	130 	130 
006084 	194 	80 	130 	130 
006085 	194 	80 	130 	130 
006086 	194 	80 	130 	130 
006087 	194 	80 	130 	130 
006088 	194 	80 	130 	130 
006089 	194 	80 	130 	130 
006090 	209 	90 	109 	109 
006091 	194 	80 	130 	130 
006092 	194 	80 	130 	130 
006093 	194 	80 	130 	130 
006094 	194 	80 	130 	130 
006095 	194 	80 	130 	130 
006096 	194 	80 	130 	130 
006097 	194 	80 	130 	130 
006098 	194 	80 	130 	130 
006099 	194 	80 	130 	130 
006100 	209 	90 	109 	109 
006101 	194 	80 	130 	130 
006102 	194 	80 	130 	130 
006103 	194 	80 	130 	130 
006104 	194 	80 	130 	130 
006105 	194 	80 	130 	130 
006106 	194 	94 	130 	130 
006107 	194 	94 	130 	130 
006108 	194 	94 	130 	130 
006109 	194 	94 	130 	130 
006110 	197 	102 	109 	109 
006111 	180 	94 	130 	130 
006112 	180 	94 	130 	130 
006113 	180 	94 	130 	130 
006114 	197 	102 	109 	109 
006115 	197 	102 	109 	109 
006116 	197 	102 	109 	109 
006117 	197 	102 	109 	109 
006118 	180 	94 	130 	130 
006119 	180 	94 	130 	130 
006120 	180 	94 	130 	130 
006121 	180 	94 	130 	130 
006122 	180 	94 	130 	130 
006123 	197 	102 	109 	109 
006124 	180 	94 	130 	130 
006125 	180 	94 	130 	130 
006126 	180 	94 	130 	130 
006127 	180 	94 	130 	130 
006128 	180 	94 	130 	130 
006129 	180 	94 	130 	130 
006130 	180 	80 	130 	130 
006131 	194 	80 	130 	130 
006132 	194 	80 	130 	130 
006133 	194 	80 	130 	130 
006134 	194 	80 	130 	130 
006135 	194 	80 	130 	130 
006136 	194 	80 	130 	130 
006137 	194 	80 	130 	130 
006138 	194 	80 	130 	130 
006139 	194 	80 	130 	130 
006140 	194 	80 	130 	130 
006141 	209 	90 	109 	109 
006142 	194 	66 	130 	130 
006143 	208 	66 	130 	130 
006144 	208 	66 	130 	130 
006145 	208 	80 	130 	130 
