Identity  : 	id10297
Reference : 	31XtFWtF7Sc
Offset    : 	-1
FV Conf   : 	15.165
ASD Conf  : 	8.163

FRAME 	X 	Y 	W 	H 
010322 	224 	75 	91 	91 
010323 	224 	75 	91 	91 
010324 	224 	75 	91 	91 
010325 	224 	75 	91 	91 
010326 	224 	75 	91 	91 
010327 	224 	75 	91 	91 
010328 	224 	75 	91 	91 
010329 	224 	75 	91 	91 
010330 	224 	75 	91 	91 
010331 	224 	75 	91 	91 
010332 	224 	75 	91 	91 
010333 	224 	65 	91 	91 
010334 	224 	65 	91 	91 
010335 	224 	65 	91 	91 
010336 	224 	65 	91 	91 
010337 	224 	65 	91 	91 
010338 	224 	55 	91 	91 
010339 	224 	55 	91 	91 
010340 	224 	55 	91 	91 
010341 	224 	55 	91 	91 
010342 	224 	55 	91 	91 
010343 	214 	55 	91 	91 
010344 	214 	55 	91 	91 
010345 	214 	55 	91 	91 
010346 	214 	55 	91 	91 
010347 	214 	55 	91 	91 
010348 	214 	55 	91 	91 
010349 	214 	55 	91 	91 
010350 	214 	55 	91 	91 
010351 	214 	55 	91 	91 
010352 	204 	55 	91 	91 
010353 	204 	55 	91 	91 
010354 	204 	55 	91 	91 
010355 	204 	55 	91 	91 
010356 	204 	55 	91 	91 
010357 	204 	55 	91 	91 
010358 	204 	55 	91 	91 
010359 	204 	55 	91 	91 
010360 	204 	55 	91 	91 
010361 	204 	55 	91 	91 
010362 	204 	65 	91 	91 
010363 	204 	55 	91 	91 
010364 	204 	55 	91 	91 
010365 	204 	55 	91 	91 
010366 	204 	55 	91 	91 
010367 	197 	43 	109 	108 
010368 	204 	55 	91 	91 
010369 	204 	55 	91 	91 
010370 	204 	55 	91 	91 
010371 	204 	55 	91 	91 
010372 	204 	55 	91 	91 
010373 	214 	55 	91 	91 
010374 	204 	55 	91 	91 
010375 	204 	55 	91 	91 
010376 	197 	43 	109 	108 
010377 	204 	55 	91 	91 
010378 	204 	55 	91 	91 
010379 	214 	55 	91 	91 
010380 	204 	55 	91 	91 
010381 	204 	55 	91 	91 
010382 	214 	55 	91 	91 
010383 	214 	55 	91 	91 
010384 	214 	55 	91 	91 
010385 	214 	55 	91 	91 
010386 	214 	55 	91 	91 
010387 	214 	55 	91 	91 
010388 	214 	55 	91 	91 
010389 	204 	55 	91 	91 
010390 	214 	55 	91 	91 
010391 	214 	55 	91 	91 
010392 	214 	55 	91 	91 
010393 	214 	55 	91 	91 
010394 	214 	55 	91 	91 
010395 	214 	55 	91 	91 
010396 	209 	43 	109 	108 
010397 	214 	55 	91 	91 
010398 	214 	55 	91 	91 
010399 	214 	55 	91 	91 
010400 	214 	55 	91 	91 
010401 	214 	55 	91 	91 
010402 	214 	55 	91 	91 
010403 	214 	55 	91 	91 
010404 	214 	55 	91 	91 
010405 	214 	45 	91 	91 
010406 	214 	45 	91 	91 
010407 	214 	45 	91 	91 
010408 	214 	45 	91 	91 
010409 	214 	55 	91 	91 
010410 	204 	55 	91 	91 
010411 	214 	55 	91 	91 
010412 	214 	55 	91 	91 
010413 	214 	55 	91 	91 
010414 	214 	55 	91 	91 
010415 	214 	55 	91 	91 
010416 	214 	55 	91 	91 
010417 	214 	55 	91 	91 
010418 	214 	55 	91 	91 
010419 	204 	55 	91 	91 
010420 	214 	55 	91 	91 
010421 	214 	65 	91 	91 
010422 	214 	65 	91 	91 
010423 	214 	65 	91 	91 
010424 	214 	65 	91 	91 
010425 	214 	65 	91 	91 
010426 	214 	65 	91 	91 
010427 	214 	75 	91 	91 
010428 	214 	75 	91 	91 
010429 	214 	75 	91 	91 
010430 	214 	65 	91 	91 
