Identity  : 	id10297
Reference : 	31XtFWtF7Sc
Offset    : 	-1
FV Conf   : 	14.126
ASD Conf  : 	8.343

FRAME 	X 	Y 	W 	H 
007228 	244 	75 	90 	91 
007229 	244 	75 	90 	91 
007230 	244 	75 	90 	91 
007231 	244 	75 	90 	91 
007232 	244 	75 	90 	91 
007233 	244 	75 	90 	91 
007234 	244 	75 	90 	91 
007235 	244 	75 	90 	91 
007236 	244 	75 	90 	91 
007237 	244 	75 	90 	91 
007238 	244 	75 	90 	91 
007239 	244 	75 	90 	91 
007240 	244 	75 	90 	91 
007241 	244 	75 	90 	91 
007242 	244 	75 	90 	91 
007243 	244 	65 	90 	91 
007244 	244 	65 	90 	91 
007245 	244 	65 	90 	91 
007246 	244 	65 	90 	91 
007247 	244 	65 	90 	91 
007248 	234 	65 	90 	91 
007249 	234 	65 	90 	91 
007250 	234 	65 	90 	91 
007251 	234 	65 	90 	91 
007252 	234 	65 	90 	91 
007253 	234 	65 	90 	91 
007254 	234 	55 	90 	91 
007255 	234 	55 	90 	91 
007256 	234 	55 	90 	91 
007257 	234 	55 	90 	91 
007258 	234 	65 	90 	91 
007259 	234 	65 	90 	91 
007260 	221 	54 	109 	109 
007261 	224 	75 	91 	91 
007262 	224 	65 	91 	91 
007263 	228 	79 	76 	76 
007264 	228 	79 	76 	76 
007265 	214 	75 	91 	91 
007266 	220 	79 	75 	76 
007267 	220 	79 	75 	76 
007268 	220 	79 	75 	76 
007269 	220 	79 	75 	76 
007270 	220 	79 	75 	76 
007271 	220 	79 	75 	76 
007272 	220 	79 	75 	76 
007273 	220 	79 	75 	76 
007274 	214 	75 	91 	91 
007275 	214 	75 	91 	91 
007276 	220 	79 	75 	76 
007277 	220 	79 	75 	76 
007278 	220 	79 	75 	76 
007279 	214 	75 	91 	91 
007280 	204 	75 	91 	91 
007281 	211 	79 	76 	76 
007282 	211 	79 	76 	76 
007283 	211 	79 	76 	76 
007284 	211 	79 	76 	76 
007285 	211 	79 	76 	76 
007286 	204 	75 	91 	91 
007287 	211 	79 	76 	76 
007288 	204 	75 	91 	91 
007289 	204 	75 	91 	91 
007290 	204 	75 	91 	91 
007291 	204 	75 	91 	91 
007292 	204 	75 	91 	91 
007293 	204 	75 	91 	91 
007294 	204 	75 	91 	91 
007295 	204 	75 	91 	91 
007296 	204 	75 	91 	91 
007297 	204 	75 	91 	91 
007298 	211 	87 	76 	76 
007299 	211 	87 	76 	76 
007300 	211 	87 	76 	76 
007301 	211 	87 	76 	76 
007302 	211 	87 	76 	76 
007303 	204 	85 	91 	91 
007304 	204 	85 	91 	91 
007305 	204 	85 	91 	91 
007306 	204 	85 	91 	91 
007307 	211 	87 	76 	76 
007308 	211 	87 	76 	76 
007309 	211 	87 	76 	76 
007310 	211 	87 	76 	76 
007311 	204 	75 	91 	91 
007312 	204 	75 	91 	91 
007313 	204 	75 	91 	91 
007314 	204 	75 	91 	91 
007315 	204 	75 	91 	91 
007316 	204 	75 	91 	91 
007317 	204 	75 	91 	91 
007318 	204 	75 	91 	91 
007319 	204 	75 	91 	91 
007320 	204 	75 	91 	91 
007321 	204 	75 	91 	91 
007322 	204 	75 	91 	91 
007323 	220 	87 	75 	76 
007324 	220 	87 	75 	76 
007325 	220 	87 	75 	76 
007326 	204 	75 	91 	91 
007327 	204 	75 	91 	91 
007328 	211 	87 	76 	76 
007329 	211 	87 	76 	76 
007330 	211 	87 	76 	76 
007331 	211 	87 	76 	76 
007332 	211 	87 	76 	76 
007333 	204 	75 	91 	91 
007334 	204 	75 	91 	91 
007335 	220 	87 	75 	76 
007336 	220 	87 	75 	76 
007337 	220 	87 	75 	76 
007338 	220 	87 	75 	76 
007339 	220 	87 	75 	76 
007340 	220 	87 	75 	76 
007341 	220 	87 	75 	76 
007342 	220 	87 	75 	76 
007343 	220 	87 	75 	76 
007344 	220 	87 	75 	76 
007345 	214 	75 	91 	91 
007346 	214 	75 	91 	91 
007347 	214 	75 	91 	91 
007348 	214 	75 	91 	91 
007349 	214 	75 	91 	91 
007350 	214 	75 	91 	91 
007351 	214 	75 	91 	91 
007352 	214 	75 	91 	91 
007353 	214 	75 	91 	91 
007354 	214 	75 	91 	91 
007355 	214 	75 	91 	91 
007356 	214 	75 	91 	91 
