Identity  : 	id10288
Reference : 	FIxC_PNJNkc
Offset    : 	0
FV Conf   : 	20.760
ASD Conf  : 	5.283

FRAME 	X 	Y 	W 	H 
004794 	237 	80 	130 	130 
004795 	237 	80 	130 	130 
004796 	237 	80 	130 	130 
004797 	226 	80 	143 	143 
004798 	216 	79 	156 	156 
004799 	216 	79 	156 	156 
004800 	216 	79 	156 	156 
004801 	216 	79 	156 	156 
004802 	237 	94 	130 	130 
004803 	216 	79 	156 	156 
004804 	216 	79 	156 	156 
004805 	216 	79 	156 	156 
004806 	216 	79 	156 	156 
004807 	216 	79 	156 	156 
004808 	216 	79 	156 	156 
004809 	216 	62 	156 	155 
004810 	216 	62 	156 	155 
004811 	216 	62 	156 	155 
004812 	197 	53 	187 	187 
004813 	197 	53 	187 	187 
004814 	199 	62 	155 	155 
004815 	199 	62 	155 	155 
004816 	199 	62 	155 	155 
004817 	199 	62 	155 	155 
004818 	199 	62 	155 	155 
004819 	199 	79 	155 	156 
004820 	216 	62 	156 	155 
004821 	216 	62 	156 	155 
004822 	216 	62 	156 	155 
004823 	216 	62 	156 	155 
004824 	216 	62 	156 	155 
004825 	216 	62 	156 	155 
004826 	216 	62 	156 	155 
004827 	216 	62 	156 	155 
004828 	216 	62 	156 	155 
004829 	216 	62 	156 	155 
004830 	216 	62 	156 	155 
004831 	216 	62 	156 	155 
004832 	216 	62 	156 	155 
004833 	216 	62 	156 	155 
004834 	216 	62 	156 	155 
004835 	197 	53 	187 	187 
004836 	197 	53 	187 	187 
004837 	216 	79 	156 	156 
004838 	216 	79 	156 	156 
004839 	216 	79 	156 	156 
004840 	216 	96 	156 	156 
004841 	216 	96 	156 	156 
004842 	216 	113 	156 	156 
004843 	216 	113 	156 	156 
004844 	197 	95 	187 	186 
004845 	197 	95 	187 	186 
004846 	197 	95 	187 	186 
004847 	216 	96 	156 	156 
004848 	216 	96 	156 	156 
004849 	216 	79 	156 	156 
004850 	216 	79 	156 	156 
004851 	216 	62 	156 	155 
004852 	216 	62 	156 	155 
004853 	216 	62 	156 	155 
004854 	216 	62 	156 	155 
004855 	216 	62 	156 	155 
004856 	216 	62 	156 	155 
004857 	216 	62 	156 	155 
004858 	223 	68 	147 	147 
004859 	230 	74 	139 	138 
004860 	237 	80 	130 	130 
004861 	237 	73 	130 	130 
004862 	237 	66 	130 	130 
004863 	237 	66 	130 	130 
004864 	197 	12 	187 	187 
004865 	233 	27 	156 	156 
004866 	197 	12 	187 	187 
004867 	197 	12 	187 	187 
004868 	197 	12 	187 	187 
004869 	237 	51 	130 	130 
004870 	237 	66 	130 	130 
004871 	237 	66 	130 	130 
004872 	237 	66 	130 	130 
004873 	237 	66 	130 	130 
004874 	216 	44 	156 	156 
004875 	237 	51 	130 	130 
004876 	197 	12 	187 	187 
004877 	197 	12 	187 	187 
004878 	197 	12 	187 	187 
004879 	197 	12 	187 	187 
004880 	216 	44 	156 	156 
004881 	216 	44 	156 	156 
004882 	223 	66 	130 	130 
004883 	223 	66 	130 	130 
004884 	223 	66 	130 	130 
004885 	199 	44 	155 	156 
004886 	199 	44 	155 	156 
004887 	199 	44 	155 	156 
004888 	199 	44 	155 	156 
004889 	199 	44 	155 	156 
004890 	199 	44 	155 	156 
004891 	199 	44 	155 	156 
004892 	199 	62 	155 	155 
004893 	199 	62 	155 	155 
004894 	199 	62 	155 	155 
004895 	199 	62 	155 	155 
004896 	199 	44 	155 	156 
004897 	199 	44 	155 	156 
004898 	199 	27 	155 	156 
004899 	199 	27 	155 	156 
004900 	199 	44 	155 	156 
004901 	199 	44 	155 	156 
004902 	199 	44 	155 	156 
004903 	199 	62 	155 	155 
004904 	199 	62 	155 	155 
004905 	199 	62 	155 	155 
004906 	199 	62 	155 	155 
004907 	199 	62 	155 	155 
004908 	199 	62 	155 	155 
004909 	199 	44 	155 	156 
004910 	199 	44 	155 	156 
004911 	199 	62 	155 	155 
