Identity  : 	id10306
Reference : 	5jsUg3uxG-E
Offset    : 	-2
FV Conf   : 	18.105
ASD Conf  : 	7.134

FRAME 	X 	Y 	W 	H 
002511 	223 	37 	130 	130 
002512 	223 	37 	130 	130 
002513 	223 	37 	130 	130 
002514 	223 	37 	130 	130 
002515 	223 	37 	130 	130 
002516 	223 	37 	130 	130 
002517 	208 	37 	130 	130 
002518 	208 	37 	130 	130 
002519 	208 	37 	130 	130 
002520 	208 	51 	130 	130 
002521 	223 	51 	130 	130 
002522 	223 	51 	130 	130 
002523 	223 	51 	130 	130 
002524 	223 	51 	130 	130 
002525 	223 	51 	130 	130 
002526 	223 	51 	130 	130 
002527 	223 	51 	130 	130 
002528 	223 	51 	130 	130 
002529 	223 	51 	130 	130 
002530 	223 	51 	130 	130 
002531 	223 	51 	130 	130 
002532 	223 	51 	130 	130 
002533 	223 	37 	130 	130 
002534 	223 	37 	130 	130 
002535 	223 	37 	130 	130 
002536 	223 	51 	130 	130 
002537 	223 	51 	130 	130 
002538 	223 	51 	130 	130 
002539 	223 	51 	130 	130 
002540 	223 	51 	130 	130 
002541 	223 	51 	130 	130 
002542 	237 	51 	130 	130 
002543 	237 	51 	130 	130 
002544 	237 	51 	130 	130 
002545 	237 	51 	130 	130 
002546 	237 	51 	130 	130 
002547 	237 	51 	130 	130 
002548 	237 	51 	130 	130 
002549 	237 	51 	130 	130 
002550 	237 	51 	130 	130 
002551 	237 	51 	130 	130 
002552 	237 	51 	130 	130 
002553 	237 	51 	130 	130 
002554 	237 	51 	130 	130 
002555 	237 	51 	130 	130 
002556 	237 	51 	130 	130 
002557 	237 	51 	130 	130 
002558 	237 	51 	130 	130 
002559 	237 	51 	130 	130 
002560 	237 	51 	130 	130 
002561 	237 	51 	130 	130 
002562 	237 	51 	130 	130 
002563 	237 	51 	130 	130 
002564 	237 	51 	130 	130 
002565 	237 	51 	130 	130 
002566 	223 	51 	130 	130 
002567 	237 	51 	130 	130 
002568 	237 	51 	130 	130 
002569 	237 	51 	130 	130 
002570 	237 	51 	130 	130 
002571 	237 	51 	130 	130 
002572 	237 	51 	130 	130 
002573 	237 	51 	130 	130 
002574 	237 	51 	130 	130 
002575 	237 	51 	130 	130 
002576 	237 	51 	130 	130 
002577 	237 	51 	130 	130 
002578 	237 	51 	130 	130 
002579 	237 	51 	130 	130 
002580 	237 	51 	130 	130 
002581 	237 	51 	130 	130 
002582 	237 	51 	130 	130 
002583 	223 	51 	130 	130 
002584 	223 	51 	130 	130 
002585 	223 	51 	130 	130 
002586 	223 	37 	130 	130 
002587 	223 	37 	130 	130 
002588 	223 	37 	130 	130 
002589 	223 	37 	130 	130 
002590 	223 	23 	130 	130 
002591 	223 	23 	130 	130 
002592 	223 	23 	130 	130 
002593 	223 	23 	130 	130 
002594 	223 	23 	130 	130 
002595 	223 	23 	130 	130 
002596 	223 	23 	130 	130 
002597 	223 	23 	130 	130 
002598 	223 	23 	130 	130 
002599 	223 	23 	130 	130 
002600 	223 	37 	130 	130 
002601 	223 	37 	130 	130 
002602 	223 	37 	130 	130 
002603 	223 	37 	130 	130 
002604 	223 	37 	130 	130 
002605 	223 	37 	130 	130 
002606 	223 	37 	130 	130 
002607 	223 	37 	130 	130 
002608 	223 	37 	130 	130 
002609 	223 	37 	130 	130 
002610 	223 	37 	130 	130 
002611 	223 	37 	130 	130 
002612 	223 	37 	130 	130 
002613 	223 	37 	130 	130 
002614 	223 	37 	130 	130 
002615 	223 	37 	130 	130 
002616 	223 	37 	130 	130 
002617 	223 	37 	130 	130 
002618 	223 	37 	130 	130 
002619 	223 	37 	130 	130 
002620 	223 	37 	130 	130 
002621 	223 	37 	130 	130 
002622 	223 	37 	130 	130 
002623 	223 	37 	130 	130 
002624 	223 	37 	130 	130 
002625 	223 	37 	130 	130 
002626 	223 	37 	130 	130 
002627 	223 	37 	130 	130 
002628 	223 	37 	130 	130 
002629 	223 	37 	130 	130 
002630 	223 	37 	130 	130 
002631 	223 	37 	130 	130 
002632 	223 	37 	130 	130 
002633 	223 	37 	130 	130 
002634 	223 	37 	130 	130 
002635 	223 	37 	130 	130 
002636 	223 	37 	130 	130 
002637 	223 	37 	130 	130 
002638 	223 	37 	130 	130 
002639 	223 	37 	130 	130 
002640 	223 	51 	130 	130 
002641 	223 	51 	130 	130 
002642 	208 	51 	130 	130 
002643 	208 	51 	130 	130 
002644 	208 	51 	130 	130 
002645 	208 	51 	130 	130 
002646 	208 	51 	130 	130 
002647 	208 	51 	130 	130 
002648 	208 	51 	130 	130 
002649 	208 	51 	130 	130 
002650 	208 	66 	130 	130 
002651 	208 	66 	130 	130 
002652 	208 	51 	130 	130 
002653 	208 	51 	130 	130 
002654 	208 	51 	130 	130 
002655 	208 	51 	130 	130 
002656 	208 	51 	130 	130 
002657 	208 	51 	130 	130 
002658 	208 	51 	130 	130 
002659 	208 	51 	130 	130 
002660 	208 	51 	130 	130 
002661 	208 	51 	130 	130 
002662 	208 	51 	130 	130 
002663 	208 	51 	130 	130 
002664 	208 	51 	130 	130 
002665 	208 	51 	130 	130 
002666 	208 	51 	130 	130 
002667 	208 	51 	130 	130 
002668 	208 	51 	130 	130 
002669 	208 	51 	130 	130 
002670 	208 	51 	130 	130 
002671 	208 	51 	130 	130 
002672 	208 	51 	130 	130 
002673 	208 	51 	130 	130 
002674 	208 	51 	130 	130 
002675 	208 	51 	130 	130 
002676 	208 	51 	130 	130 
002677 	208 	51 	130 	130 
002678 	208 	51 	130 	130 
002679 	208 	51 	130 	130 
002680 	208 	51 	130 	130 
002681 	208 	51 	130 	130 
002682 	208 	51 	130 	130 
002683 	208 	51 	130 	130 
002684 	223 	51 	130 	130 
002685 	223 	51 	130 	130 
002686 	223 	51 	130 	130 
002687 	223 	51 	130 	130 
002688 	223 	51 	130 	130 
002689 	223 	51 	130 	130 
002690 	223 	51 	130 	130 
002691 	223 	51 	130 	130 
002692 	223 	51 	130 	130 
002693 	223 	51 	130 	130 
002694 	223 	51 	130 	130 
002695 	223 	51 	130 	130 
002696 	223 	51 	130 	130 
002697 	223 	51 	130 	130 
002698 	223 	51 	130 	130 
002699 	223 	51 	130 	130 
002700 	208 	51 	130 	130 
002701 	208 	51 	130 	130 
002702 	208 	51 	130 	130 
002703 	208 	51 	130 	130 
002704 	208 	51 	130 	130 
002705 	208 	51 	130 	130 
002706 	208 	51 	130 	130 
002707 	208 	51 	130 	130 
002708 	208 	51 	130 	130 
002709 	208 	51 	130 	130 
002710 	208 	51 	130 	130 
002711 	208 	51 	130 	130 
002712 	208 	51 	130 	130 
002713 	208 	51 	130 	130 
002714 	208 	51 	130 	130 
002715 	208 	51 	130 	130 
002716 	208 	51 	130 	130 
002717 	208 	51 	130 	130 
002718 	208 	51 	130 	130 
002719 	208 	51 	130 	130 
002720 	208 	51 	130 	130 
002721 	208 	51 	130 	130 
002722 	208 	51 	130 	130 
002723 	208 	51 	130 	130 
002724 	208 	51 	130 	130 
002725 	223 	66 	130 	130 
002726 	223 	66 	130 	130 
002727 	223 	51 	130 	130 
002728 	223 	51 	130 	130 
002729 	223 	66 	130 	130 
002730 	233 	66 	109 	109 
002731 	223 	66 	130 	130 
002732 	223 	66 	130 	130 
002733 	223 	66 	130 	130 
002734 	223 	51 	130 	130 
002735 	223 	51 	130 	130 
002736 	223 	51 	130 	130 
002737 	223 	51 	130 	130 
002738 	223 	51 	130 	130 
002739 	223 	51 	130 	130 
002740 	223 	51 	130 	130 
002741 	223 	51 	130 	130 
002742 	223 	51 	130 	130 
002743 	223 	51 	130 	130 
002744 	223 	51 	130 	130 
002745 	223 	51 	130 	130 
002746 	223 	51 	130 	130 
002747 	223 	51 	130 	130 
002748 	223 	51 	130 	130 
002749 	223 	51 	130 	130 
002750 	223 	51 	130 	130 
002751 	223 	51 	130 	130 
002752 	223 	51 	130 	130 
002753 	223 	51 	130 	130 
002754 	223 	51 	130 	130 
002755 	223 	51 	130 	130 
002756 	223 	51 	130 	130 
002757 	223 	51 	130 	130 
002758 	223 	51 	130 	130 
002759 	223 	51 	130 	130 
002760 	223 	51 	130 	130 
002761 	223 	51 	130 	130 
