Identity  : 	id10293
Reference : 	vD3qGRbmXws
Offset    : 	-1
FV Conf   : 	22.498
ASD Conf  : 	6.551

FRAME 	X 	Y 	W 	H 
000322 	393 	65 	91 	91 
000323 	393 	65 	91 	91 
000324 	393 	65 	91 	91 
000325 	393 	65 	91 	91 
000326 	393 	65 	91 	91 
000327 	393 	65 	91 	91 
000328 	393 	65 	91 	91 
000329 	393 	65 	91 	91 
000330 	393 	65 	91 	91 
000331 	393 	65 	91 	91 
000332 	393 	65 	91 	91 
000333 	393 	65 	91 	91 
000334 	393 	65 	91 	91 
000335 	393 	65 	91 	91 
000336 	393 	65 	91 	91 
000337 	393 	65 	91 	91 
000338 	393 	65 	91 	91 
000339 	393 	65 	91 	91 
000340 	393 	65 	91 	91 
000341 	393 	65 	91 	91 
000342 	393 	65 	91 	91 
000343 	393 	65 	91 	91 
000344 	393 	65 	91 	91 
000345 	393 	65 	91 	91 
000346 	393 	65 	91 	91 
000347 	393 	65 	91 	91 
000348 	393 	65 	91 	91 
000349 	393 	65 	91 	91 
000350 	393 	65 	91 	91 
000351 	393 	65 	91 	91 
000352 	393 	65 	91 	91 
000353 	393 	65 	91 	91 
000354 	393 	65 	91 	91 
000355 	393 	65 	91 	91 
000356 	393 	65 	91 	91 
000357 	393 	65 	91 	91 
000358 	393 	65 	91 	91 
000359 	393 	65 	91 	91 
000360 	393 	65 	91 	91 
000361 	383 	65 	91 	91 
000362 	383 	65 	91 	91 
000363 	383 	65 	91 	91 
000364 	383 	55 	91 	91 
000365 	383 	55 	91 	91 
000366 	383 	55 	91 	91 
000367 	383 	55 	91 	91 
000368 	383 	55 	91 	91 
000369 	373 	55 	91 	91 
000370 	373 	55 	91 	91 
000371 	373 	55 	91 	91 
000372 	373 	55 	91 	91 
000373 	373 	55 	91 	91 
000374 	373 	55 	91 	91 
000375 	373 	55 	91 	91 
000376 	373 	55 	91 	91 
000377 	373 	55 	91 	91 
000378 	373 	55 	91 	91 
000379 	373 	55 	91 	91 
000380 	373 	55 	91 	91 
000381 	363 	55 	91 	91 
000382 	363 	55 	91 	91 
000383 	363 	55 	91 	91 
000384 	363 	55 	91 	91 
000385 	363 	55 	91 	91 
000386 	363 	55 	91 	91 
000387 	377 	71 	76 	75 
000388 	373 	55 	91 	91 
000389 	373 	65 	91 	91 
000390 	373 	65 	91 	91 
000391 	373 	55 	91 	91 
000392 	383 	55 	91 	91 
000393 	383 	55 	91 	91 
000394 	383 	55 	91 	91 
000395 	393 	55 	91 	91 
000396 	393 	55 	91 	91 
000397 	393 	55 	91 	91 
000398 	403 	55 	91 	91 
000399 	403 	55 	91 	91 
000400 	403 	55 	91 	91 
000401 	403 	55 	91 	91 
000402 	403 	55 	91 	91 
000403 	403 	55 	91 	91 
000404 	403 	55 	91 	91 
000405 	403 	55 	91 	91 
000406 	403 	55 	91 	91 
000407 	403 	55 	91 	91 
000408 	393 	45 	91 	91 
000409 	393 	45 	91 	91 
000410 	393 	45 	91 	91 
000411 	393 	45 	91 	91 
000412 	393 	45 	91 	91 
000413 	393 	55 	91 	91 
000414 	393 	55 	91 	91 
000415 	393 	55 	91 	91 
000416 	393 	55 	91 	91 
000417 	393 	55 	91 	91 
000418 	393 	55 	91 	91 
000419 	393 	55 	91 	91 
000420 	393 	55 	91 	91 
000421 	393 	55 	91 	91 
000422 	393 	55 	91 	91 
000423 	393 	55 	91 	91 
000424 	393 	55 	91 	91 
000425 	393 	55 	91 	91 
000426 	393 	55 	91 	91 
000427 	393 	55 	91 	91 
000428 	393 	55 	91 	91 
000429 	393 	55 	91 	91 
000430 	393 	55 	91 	91 
000431 	393 	55 	91 	91 
000432 	393 	55 	91 	91 
000433 	393 	55 	91 	91 
000434 	393 	55 	91 	91 
000435 	393 	55 	91 	91 
000436 	393 	55 	91 	91 
000437 	393 	55 	91 	91 
000438 	393 	55 	91 	91 
000439 	393 	55 	91 	91 
000440 	393 	55 	91 	91 
000441 	393 	55 	91 	91 
000442 	393 	55 	91 	91 
000443 	393 	55 	91 	91 
000444 	393 	55 	91 	91 
000445 	393 	55 	91 	91 
000446 	393 	55 	91 	91 
000447 	393 	55 	91 	91 
000448 	393 	55 	91 	91 
000449 	393 	55 	91 	91 
000450 	393 	55 	91 	91 
000451 	393 	55 	91 	91 
000452 	393 	55 	91 	91 
000453 	393 	55 	91 	91 
000454 	393 	55 	91 	91 
000455 	393 	55 	91 	91 
000456 	393 	55 	91 	91 
000457 	393 	55 	91 	91 
000458 	393 	55 	91 	91 
000459 	393 	55 	91 	91 
000460 	393 	55 	91 	91 
000461 	393 	55 	91 	91 
000462 	393 	55 	91 	91 
000463 	393 	55 	91 	91 
000464 	393 	55 	91 	91 
000465 	393 	55 	91 	91 
000466 	393 	55 	91 	91 
000467 	393 	55 	91 	91 
000468 	393 	55 	91 	91 
000469 	393 	55 	91 	91 
000470 	393 	55 	91 	91 
000471 	393 	55 	91 	91 
000472 	393 	55 	91 	91 
000473 	393 	55 	91 	91 
000474 	393 	55 	91 	91 
000475 	393 	55 	91 	91 
000476 	393 	55 	91 	91 
000477 	393 	55 	91 	91 
000478 	393 	55 	91 	91 
000479 	393 	55 	91 	91 
000480 	393 	55 	91 	91 
000481 	393 	55 	91 	91 
000482 	393 	55 	91 	91 
000483 	393 	55 	91 	91 
000484 	393 	65 	91 	91 
000485 	393 	65 	91 	91 
000486 	393 	65 	91 	91 
000487 	393 	65 	91 	91 
000488 	393 	65 	91 	91 
000489 	393 	65 	91 	91 
000490 	393 	65 	91 	91 
000491 	393 	65 	91 	91 
000492 	393 	65 	91 	91 
000493 	393 	65 	91 	91 
000494 	393 	65 	91 	91 
000495 	393 	65 	91 	91 
000496 	393 	65 	91 	91 
000497 	393 	65 	91 	91 
000498 	393 	65 	91 	91 
000499 	393 	65 	91 	91 
000500 	393 	65 	91 	91 
000501 	393 	65 	91 	91 
000502 	393 	65 	91 	91 
000503 	393 	65 	91 	91 
000504 	393 	65 	91 	91 
000505 	393 	65 	91 	91 
000506 	393 	65 	91 	91 
000507 	393 	65 	91 	91 
000508 	393 	65 	91 	91 
000509 	393 	65 	91 	91 
000510 	393 	65 	91 	91 
000511 	393 	65 	91 	91 
000512 	393 	65 	91 	91 
000513 	393 	65 	91 	91 
000514 	393 	65 	91 	91 
000515 	393 	65 	91 	91 
000516 	393 	65 	91 	91 
000517 	393 	65 	91 	91 
000518 	393 	65 	91 	91 
000519 	393 	65 	91 	91 
000520 	393 	65 	91 	91 
000521 	393 	65 	91 	91 
000522 	393 	65 	91 	91 
000523 	393 	65 	91 	91 
000524 	393 	65 	91 	91 
000525 	393 	65 	91 	91 
000526 	393 	65 	91 	91 
000527 	393 	65 	91 	91 
000528 	393 	65 	91 	91 
000529 	393 	65 	91 	91 
000530 	393 	65 	91 	91 
000531 	393 	65 	91 	91 
000532 	393 	65 	91 	91 
000533 	393 	65 	91 	91 
000534 	393 	65 	91 	91 
000535 	393 	65 	91 	91 
000536 	393 	65 	91 	91 
000537 	393 	65 	91 	91 
000538 	393 	65 	91 	91 
000539 	393 	65 	91 	91 
000540 	393 	65 	91 	91 
000541 	393 	55 	91 	91 
000542 	393 	55 	91 	91 
000543 	383 	55 	91 	91 
000544 	383 	55 	91 	91 
000545 	383 	55 	91 	91 
000546 	383 	55 	91 	91 
000547 	383 	55 	91 	91 
000548 	393 	55 	91 	91 
000549 	393 	55 	91 	91 
000550 	393 	55 	91 	91 
000551 	393 	55 	91 	91 
000552 	383 	55 	91 	91 
000553 	383 	55 	91 	91 
000554 	383 	55 	91 	91 
000555 	383 	55 	91 	91 
000556 	383 	55 	91 	91 
000557 	383 	55 	91 	91 
000558 	383 	55 	91 	91 
000559 	383 	55 	91 	91 
000560 	383 	55 	91 	91 
000561 	383 	55 	91 	91 
000562 	383 	55 	91 	91 
000563 	383 	55 	91 	91 
000564 	383 	55 	91 	91 
000565 	383 	55 	91 	91 
000566 	383 	55 	91 	91 
000567 	383 	55 	91 	91 
000568 	383 	55 	91 	91 
000569 	383 	55 	91 	91 
000570 	383 	55 	91 	91 
000571 	383 	55 	91 	91 
000572 	383 	55 	91 	91 
000573 	383 	55 	91 	91 
000574 	383 	55 	91 	91 
000575 	383 	55 	91 	91 
000576 	383 	55 	91 	91 
000577 	383 	55 	91 	91 
000578 	383 	55 	91 	91 
000579 	383 	55 	91 	91 
000580 	383 	55 	91 	91 
000581 	383 	55 	91 	91 
000582 	383 	55 	91 	91 
000583 	383 	55 	91 	91 
000584 	393 	55 	91 	91 
000585 	393 	55 	91 	91 
000586 	393 	55 	91 	91 
000587 	393 	55 	91 	91 
000588 	393 	55 	91 	91 
000589 	393 	55 	91 	91 
000590 	393 	55 	91 	91 
000591 	393 	55 	91 	91 
000592 	393 	55 	91 	91 
000593 	393 	55 	91 	91 
000594 	393 	55 	91 	91 
000595 	393 	55 	91 	91 
000596 	393 	55 	91 	91 
000597 	393 	55 	91 	91 
000598 	393 	55 	91 	91 
000599 	393 	55 	91 	91 
000600 	393 	55 	91 	91 
000601 	393 	55 	91 	91 
000602 	393 	55 	91 	91 
000603 	393 	55 	91 	91 
000604 	393 	55 	91 	91 
000605 	393 	55 	91 	91 
000606 	393 	55 	91 	91 
000607 	393 	55 	91 	91 
000608 	393 	55 	91 	91 
000609 	410 	71 	76 	75 
000610 	410 	71 	76 	75 
000611 	410 	71 	76 	75 
000612 	410 	71 	76 	75 
000613 	410 	71 	76 	75 
000614 	393 	55 	91 	91 
000615 	393 	55 	91 	91 
000616 	393 	55 	91 	91 
000617 	410 	71 	76 	75 
000618 	410 	71 	76 	75 
000619 	410 	71 	76 	75 
000620 	393 	55 	91 	91 
000621 	393 	55 	91 	91 
000622 	393 	55 	91 	91 
000623 	393 	55 	91 	91 
000624 	393 	55 	91 	91 
000625 	393 	55 	91 	91 
000626 	393 	55 	91 	91 
000627 	393 	55 	91 	91 
000628 	393 	55 	91 	91 
000629 	393 	55 	91 	91 
000630 	393 	55 	91 	91 
000631 	393 	55 	91 	91 
000632 	393 	55 	91 	91 
000633 	393 	55 	91 	91 
000634 	393 	55 	91 	91 
000635 	393 	55 	91 	91 
000636 	393 	55 	91 	91 
000637 	393 	55 	91 	91 
000638 	383 	55 	91 	91 
000639 	383 	55 	91 	91 
000640 	383 	55 	91 	91 
000641 	383 	55 	91 	91 
000642 	383 	55 	91 	91 
000643 	383 	55 	91 	91 
000644 	383 	55 	91 	91 
000645 	383 	55 	91 	91 
000646 	383 	55 	91 	91 
000647 	383 	55 	91 	91 
000648 	383 	55 	91 	91 
000649 	383 	55 	91 	91 
000650 	383 	55 	91 	91 
000651 	383 	55 	91 	91 
000652 	383 	55 	91 	91 
000653 	383 	55 	91 	91 
000654 	383 	55 	91 	91 
000655 	383 	55 	91 	91 
000656 	383 	55 	91 	91 
000657 	383 	55 	91 	91 
000658 	383 	55 	91 	91 
000659 	393 	55 	91 	91 
000660 	393 	55 	91 	91 
000661 	393 	55 	91 	91 
000662 	393 	55 	91 	91 
000663 	393 	55 	91 	91 
000664 	393 	55 	91 	91 
000665 	393 	55 	91 	91 
000666 	393 	55 	91 	91 
000667 	393 	55 	91 	91 
000668 	393 	55 	91 	91 
000669 	393 	55 	91 	91 
000670 	393 	55 	91 	91 
000671 	393 	55 	91 	91 
000672 	393 	55 	91 	91 
000673 	393 	55 	91 	91 
000674 	403 	55 	91 	91 
000675 	403 	55 	91 	91 
000676 	403 	55 	91 	91 
000677 	403 	55 	91 	91 
000678 	403 	55 	91 	91 
000679 	403 	55 	91 	91 
000680 	403 	55 	91 	91 
000681 	403 	55 	91 	91 
000682 	403 	55 	91 	91 
000683 	403 	55 	91 	91 
000684 	403 	55 	91 	91 
000685 	403 	55 	91 	91 
000686 	413 	55 	91 	91 
000687 	413 	55 	91 	91 
000688 	413 	55 	91 	91 
000689 	403 	55 	91 	91 
000690 	403 	55 	91 	91 
000691 	403 	55 	91 	91 
000692 	413 	55 	91 	91 
000693 	413 	55 	91 	91 
000694 	413 	55 	91 	91 
000695 	413 	55 	91 	91 
000696 	413 	55 	91 	91 
000697 	413 	55 	91 	91 
000698 	413 	55 	91 	91 
000699 	413 	55 	91 	91 
000700 	413 	55 	91 	91 
000701 	413 	55 	91 	91 
000702 	413 	55 	91 	91 
000703 	413 	55 	91 	91 
000704 	413 	55 	91 	91 
000705 	413 	55 	91 	91 
000706 	413 	55 	91 	91 
000707 	413 	55 	91 	91 
000708 	413 	55 	91 	91 
000709 	413 	55 	91 	91 
000710 	413 	55 	91 	91 
000711 	413 	55 	91 	91 
000712 	403 	55 	91 	91 
000713 	403 	55 	91 	91 
000714 	403 	55 	91 	91 
000715 	403 	55 	91 	91 
000716 	403 	55 	91 	91 
000717 	403 	55 	91 	91 
000718 	403 	55 	91 	91 
000719 	403 	55 	91 	91 
000720 	393 	55 	91 	91 
000721 	393 	55 	91 	91 
000722 	393 	55 	91 	91 
000723 	393 	55 	91 	91 
000724 	383 	55 	91 	91 
000725 	383 	55 	91 	91 
