Identity  : 	id10293
Reference : 	vD3qGRbmXws
Offset    : 	-1
FV Conf   : 	22.777
ASD Conf  : 	6.271

FRAME 	X 	Y 	W 	H 
002530 	427 	79 	76 	76 
002531 	427 	79 	76 	76 
002532 	427 	79 	76 	76 
002533 	427 	79 	76 	76 
002534 	427 	79 	76 	76 
002535 	427 	79 	76 	76 
002536 	427 	79 	76 	76 
002537 	427 	79 	76 	76 
002538 	427 	79 	76 	76 
002539 	427 	79 	76 	76 
002540 	427 	79 	76 	76 
002541 	427 	79 	76 	76 
002542 	423 	65 	91 	91 
002543 	423 	65 	91 	91 
002544 	423 	65 	91 	91 
002545 	423 	65 	91 	91 
002546 	423 	65 	91 	91 
002547 	423 	65 	91 	91 
002548 	423 	65 	91 	91 
002549 	423 	65 	91 	91 
002550 	435 	79 	76 	76 
002551 	435 	79 	76 	76 
002552 	423 	65 	91 	91 
002553 	433 	65 	91 	91 
002554 	423 	65 	91 	91 
002555 	423 	65 	91 	91 
002556 	423 	65 	91 	91 
002557 	423 	65 	91 	91 
002558 	423 	65 	91 	91 
002559 	423 	65 	91 	91 
002560 	423 	65 	91 	91 
002561 	413 	65 	91 	91 
002562 	413 	65 	91 	91 
002563 	413 	65 	91 	91 
002564 	413 	65 	91 	91 
002565 	413 	65 	91 	91 
002566 	413 	65 	91 	91 
002567 	413 	65 	91 	91 
002568 	413 	65 	91 	91 
002569 	403 	65 	91 	91 
002570 	403 	65 	91 	91 
002571 	403 	65 	91 	91 
002572 	403 	65 	91 	91 
002573 	403 	65 	91 	91 
002574 	403 	65 	91 	91 
002575 	403 	65 	91 	91 
002576 	403 	65 	91 	91 
002577 	403 	65 	91 	91 
002578 	403 	65 	91 	91 
002579 	413 	65 	91 	91 
002580 	403 	65 	91 	91 
002581 	403 	65 	91 	91 
002582 	403 	65 	91 	91 
002583 	403 	65 	91 	91 
002584 	403 	65 	91 	91 
002585 	403 	65 	91 	91 
002586 	403 	65 	91 	91 
002587 	403 	65 	91 	91 
002588 	403 	65 	91 	91 
002589 	393 	65 	91 	91 
002590 	393 	65 	91 	91 
002591 	393 	65 	91 	91 
002592 	393 	65 	91 	91 
002593 	393 	65 	91 	91 
002594 	393 	65 	91 	91 
002595 	393 	65 	91 	91 
002596 	393 	65 	91 	91 
002597 	393 	65 	91 	91 
002598 	393 	65 	91 	91 
002599 	393 	65 	91 	91 
002600 	388 	54 	109 	109 
002601 	388 	54 	109 	109 
002602 	403 	65 	91 	91 
002603 	393 	65 	91 	91 
002604 	388 	54 	109 	109 
002605 	393 	65 	91 	91 
002606 	403 	65 	91 	91 
002607 	403 	65 	91 	91 
002608 	403 	65 	91 	91 
002609 	403 	65 	91 	91 
002610 	403 	65 	91 	91 
002611 	403 	65 	91 	91 
002612 	403 	65 	91 	91 
002613 	403 	65 	91 	91 
002614 	403 	65 	91 	91 
002615 	403 	65 	91 	91 
002616 	403 	65 	91 	91 
002617 	403 	65 	91 	91 
002618 	403 	65 	91 	91 
002619 	403 	65 	91 	91 
002620 	393 	65 	91 	91 
002621 	393 	75 	91 	91 
002622 	393 	75 	91 	91 
002623 	393 	75 	91 	91 
002624 	393 	75 	91 	91 
002625 	376 	66 	109 	109 
002626 	383 	75 	91 	91 
002627 	383 	75 	91 	91 
002628 	383 	75 	91 	91 
002629 	383 	75 	91 	91 
002630 	383 	75 	91 	91 
002631 	383 	75 	91 	91 
002632 	383 	75 	91 	91 
002633 	373 	75 	91 	91 
002634 	373 	75 	91 	91 
002635 	373 	75 	91 	91 
002636 	373 	65 	91 	91 
002637 	383 	75 	91 	91 
002638 	383 	75 	91 	91 
002639 	383 	75 	91 	91 
002640 	383 	75 	91 	91 
002641 	383 	75 	91 	91 
002642 	383 	75 	91 	91 
002643 	383 	75 	91 	91 
002644 	383 	75 	91 	91 
002645 	383 	75 	91 	91 
002646 	383 	75 	91 	91 
002647 	383 	75 	91 	91 
002648 	383 	75 	91 	91 
002649 	383 	65 	91 	91 
002650 	383 	65 	91 	91 
002651 	383 	65 	91 	91 
002652 	383 	75 	91 	91 
002653 	383 	75 	91 	91 
002654 	383 	65 	91 	91 
002655 	383 	65 	91 	91 
002656 	383 	65 	91 	91 
002657 	383 	65 	91 	91 
002658 	383 	65 	91 	91 
002659 	383 	65 	91 	91 
002660 	383 	65 	91 	91 
002661 	383 	65 	91 	91 
002662 	383 	65 	91 	91 
002663 	383 	65 	91 	91 
002664 	383 	65 	91 	91 
002665 	383 	65 	91 	91 
002666 	383 	75 	91 	91 
002667 	383 	75 	91 	91 
002668 	383 	75 	91 	91 
002669 	383 	75 	91 	91 
002670 	383 	75 	91 	91 
002671 	383 	75 	91 	91 
002672 	383 	75 	91 	91 
002673 	383 	75 	91 	91 
002674 	383 	75 	91 	91 
002675 	383 	75 	91 	91 
002676 	383 	75 	91 	91 
002677 	383 	75 	91 	91 
002678 	383 	75 	91 	91 
002679 	383 	75 	91 	91 
002680 	383 	75 	91 	91 
002681 	393 	75 	91 	91 
002682 	383 	75 	91 	91 
002683 	383 	65 	91 	91 
002684 	383 	75 	91 	91 
002685 	383 	65 	91 	91 
002686 	393 	75 	91 	91 
002687 	393 	75 	91 	91 
002688 	393 	65 	91 	91 
002689 	393 	65 	91 	91 
002690 	393 	65 	91 	91 
002691 	393 	65 	91 	91 
002692 	393 	65 	91 	91 
002693 	393 	65 	91 	91 
002694 	393 	65 	91 	91 
002695 	393 	65 	91 	91 
002696 	393 	65 	91 	91 
002697 	393 	65 	91 	91 
002698 	393 	65 	91 	91 
002699 	393 	65 	91 	91 
002700 	393 	65 	91 	91 
002701 	393 	65 	91 	91 
002702 	393 	65 	91 	91 
002703 	393 	65 	91 	91 
002704 	383 	65 	91 	91 
002705 	383 	65 	91 	91 
002706 	393 	65 	91 	91 
002707 	393 	65 	91 	91 
002708 	393 	65 	91 	91 
002709 	393 	65 	91 	91 
002710 	393 	65 	91 	91 
002711 	393 	65 	91 	91 
002712 	393 	65 	91 	91 
002713 	383 	65 	91 	91 
002714 	383 	65 	91 	91 
002715 	383 	65 	91 	91 
002716 	383 	65 	91 	91 
002717 	383 	65 	91 	91 
002718 	383 	65 	91 	91 
002719 	383 	65 	91 	91 
002720 	383 	65 	91 	91 
002721 	383 	65 	91 	91 
002722 	383 	65 	91 	91 
002723 	383 	65 	91 	91 
002724 	383 	65 	91 	91 
002725 	383 	65 	91 	91 
002726 	383 	65 	91 	91 
002727 	383 	65 	91 	91 
002728 	383 	65 	91 	91 
002729 	383 	65 	91 	91 
002730 	383 	65 	91 	91 
002731 	383 	65 	91 	91 
002732 	383 	65 	91 	91 
002733 	383 	65 	91 	91 
002734 	383 	65 	91 	91 
002735 	383 	65 	91 	91 
002736 	383 	65 	91 	91 
002737 	383 	65 	91 	91 
002738 	383 	65 	91 	91 
002739 	383 	65 	91 	91 
002740 	383 	65 	91 	91 
002741 	383 	65 	91 	91 
002742 	393 	65 	91 	91 
002743 	393 	65 	91 	91 
002744 	393 	65 	91 	91 
002745 	393 	65 	91 	91 
002746 	393 	55 	91 	91 
002747 	393 	55 	91 	91 
002748 	393 	55 	91 	91 
002749 	393 	45 	91 	91 
002750 	403 	55 	91 	91 
002751 	393 	55 	91 	91 
002752 	393 	55 	91 	91 
002753 	393 	55 	91 	91 
002754 	393 	55 	91 	91 
002755 	393 	55 	91 	91 
002756 	393 	55 	91 	91 
002757 	393 	55 	91 	91 
002758 	393 	55 	91 	91 
002759 	393 	55 	91 	91 
002760 	393 	55 	91 	91 
002761 	393 	55 	91 	91 
002762 	393 	55 	91 	91 
002763 	393 	55 	91 	91 
002764 	393 	55 	91 	91 
002765 	393 	55 	91 	91 
002766 	393 	55 	91 	91 
002767 	393 	55 	91 	91 
002768 	393 	55 	91 	91 
002769 	393 	55 	91 	91 
002770 	393 	65 	91 	91 
002771 	403 	65 	91 	91 
002772 	403 	65 	91 	91 
002773 	403 	65 	91 	91 
002774 	403 	65 	91 	91 
002775 	403 	65 	91 	91 
002776 	403 	65 	91 	91 
002777 	393 	65 	91 	91 
002778 	393 	65 	91 	91 
002779 	393 	65 	91 	91 
002780 	393 	65 	91 	91 
002781 	393 	65 	91 	91 
002782 	393 	65 	91 	91 
002783 	393 	65 	91 	91 
002784 	393 	65 	91 	91 
002785 	393 	65 	91 	91 
002786 	393 	55 	91 	91 
002787 	403 	55 	91 	91 
002788 	403 	55 	91 	91 
002789 	403 	55 	91 	91 
002790 	403 	55 	91 	91 
002791 	403 	55 	91 	91 
002792 	413 	55 	91 	91 
002793 	413 	55 	91 	91 
002794 	413 	55 	91 	91 
002795 	423 	55 	91 	91 
002796 	423 	55 	91 	91 
002797 	423 	55 	91 	91 
002798 	423 	55 	91 	91 
002799 	423 	55 	91 	91 
002800 	423 	55 	91 	91 
002801 	423 	55 	91 	91 
002802 	423 	55 	91 	91 
002803 	423 	55 	91 	91 
002804 	423 	55 	91 	91 
002805 	423 	55 	91 	91 
002806 	423 	55 	91 	91 
002807 	413 	55 	91 	91 
002808 	413 	55 	91 	91 
002809 	413 	55 	91 	91 
002810 	413 	55 	91 	91 
002811 	413 	55 	91 	91 
002812 	413 	55 	91 	91 
002813 	413 	55 	91 	91 
002814 	413 	65 	91 	91 
002815 	413 	55 	91 	91 
002816 	413 	65 	91 	91 
002817 	413 	65 	91 	91 
002818 	413 	65 	91 	91 
002819 	413 	65 	91 	91 
002820 	413 	65 	91 	91 
002821 	413 	65 	91 	91 
002822 	413 	65 	91 	91 
002823 	413 	65 	91 	91 
002824 	413 	65 	91 	91 
002825 	413 	65 	91 	91 
002826 	413 	65 	91 	91 
002827 	413 	65 	91 	91 
002828 	413 	65 	91 	91 
002829 	413 	65 	91 	91 
002830 	413 	65 	91 	91 
002831 	413 	65 	91 	91 
002832 	413 	65 	91 	91 
002833 	413 	65 	91 	91 
002834 	413 	65 	91 	91 
002835 	413 	65 	91 	91 
