Identity  : 	id10276
Reference : 	5WOZXLMujwY
Offset    : 	-1
FV Conf   : 	12.882
ASD Conf  : 	7.115

FRAME 	X 	Y 	W 	H 
003322 	433 	85 	91 	91 
003323 	433 	85 	91 	91 
003324 	433 	85 	91 	91 
003325 	433 	85 	91 	91 
003326 	433 	85 	91 	91 
003327 	433 	85 	91 	91 
003328 	433 	85 	91 	91 
003329 	433 	95 	91 	91 
003330 	433 	85 	91 	91 
003331 	433 	95 	91 	91 
003332 	433 	95 	91 	91 
003333 	424 	78 	109 	109 
003334 	424 	78 	109 	109 
003335 	424 	78 	109 	109 
003336 	424 	78 	109 	109 
003337 	433 	95 	91 	91 
003338 	433 	95 	91 	91 
003339 	433 	95 	91 	91 
003340 	433 	95 	91 	91 
003341 	433 	95 	91 	91 
003342 	433 	95 	91 	91 
003343 	433 	95 	91 	91 
003344 	433 	95 	91 	91 
003345 	433 	95 	91 	91 
003346 	433 	95 	91 	91 
003347 	433 	95 	91 	91 
003348 	433 	95 	91 	91 
003349 	433 	95 	91 	91 
003350 	433 	95 	91 	91 
003351 	433 	95 	91 	91 
003352 	433 	95 	91 	91 
003353 	433 	95 	91 	91 
003354 	433 	95 	91 	91 
003355 	433 	95 	91 	91 
003356 	433 	95 	91 	91 
003357 	433 	95 	91 	91 
003358 	433 	95 	91 	91 
003359 	433 	95 	91 	91 
003360 	433 	95 	91 	91 
003361 	433 	95 	91 	91 
003362 	433 	95 	91 	91 
003363 	433 	95 	91 	91 
003364 	433 	95 	91 	91 
003365 	433 	95 	91 	91 
003366 	433 	95 	91 	91 
003367 	433 	95 	91 	91 
003368 	433 	95 	91 	91 
003369 	433 	95 	91 	91 
003370 	433 	95 	91 	91 
003371 	433 	95 	91 	91 
003372 	433 	95 	91 	91 
003373 	433 	95 	91 	91 
003374 	433 	95 	91 	91 
003375 	433 	95 	91 	91 
003376 	433 	95 	91 	91 
003377 	433 	95 	91 	91 
003378 	433 	95 	91 	91 
003379 	433 	95 	91 	91 
003380 	433 	95 	91 	91 
003381 	433 	95 	91 	91 
003382 	433 	95 	91 	91 
003383 	433 	95 	91 	91 
003384 	433 	95 	91 	91 
003385 	433 	95 	91 	91 
003386 	433 	95 	91 	91 
003387 	433 	95 	91 	91 
003388 	433 	95 	91 	91 
003389 	433 	95 	91 	91 
003390 	433 	95 	91 	91 
003391 	433 	95 	91 	91 
003392 	433 	95 	91 	91 
003393 	433 	95 	91 	91 
003394 	433 	95 	91 	91 
003395 	433 	95 	91 	91 
003396 	433 	95 	91 	91 
003397 	433 	95 	91 	91 
003398 	433 	95 	91 	91 
003399 	433 	95 	91 	91 
003400 	433 	95 	91 	91 
003401 	433 	95 	91 	91 
003402 	433 	95 	91 	91 
003403 	433 	95 	91 	91 
003404 	433 	95 	91 	91 
003405 	433 	95 	91 	91 
003406 	433 	95 	91 	91 
003407 	433 	95 	91 	91 
003408 	433 	95 	91 	91 
003409 	433 	95 	91 	91 
003410 	433 	95 	91 	91 
003411 	433 	95 	91 	91 
003412 	433 	95 	91 	91 
003413 	433 	95 	91 	91 
003414 	433 	95 	91 	91 
003415 	433 	85 	91 	91 
003416 	443 	85 	90 	91 
003417 	443 	85 	90 	91 
003418 	443 	85 	90 	91 
003419 	443 	85 	90 	91 
003420 	443 	85 	90 	91 
003421 	443 	85 	90 	91 
003422 	443 	85 	90 	91 
003423 	443 	75 	90 	91 
003424 	443 	75 	90 	91 
003425 	443 	75 	90 	91 
003426 	443 	75 	90 	91 
003427 	443 	85 	90 	91 
003428 	443 	85 	90 	91 
003429 	453 	85 	90 	91 
003430 	453 	85 	90 	91 
003431 	453 	85 	90 	91 
003432 	436 	66 	109 	109 
003433 	443 	75 	90 	91 
003434 	443 	75 	90 	91 
003435 	443 	85 	90 	91 
003436 	424 	66 	109 	109 
003437 	424 	66 	109 	109 
003438 	433 	75 	91 	91 
003439 	433 	75 	91 	91 
003440 	433 	75 	91 	91 
003441 	433 	75 	91 	91 
003442 	433 	75 	91 	91 
003443 	433 	75 	91 	91 
003444 	433 	75 	91 	91 
003445 	433 	75 	91 	91 
003446 	433 	75 	91 	91 
003447 	433 	75 	91 	91 
003448 	433 	75 	91 	91 
003449 	433 	75 	91 	91 
003450 	433 	75 	91 	91 
003451 	433 	85 	91 	91 
003452 	433 	85 	91 	91 
003453 	433 	75 	91 	91 
003454 	433 	75 	91 	91 
003455 	433 	75 	91 	91 
003456 	433 	85 	91 	91 
003457 	433 	75 	91 	91 
003458 	433 	75 	91 	91 
003459 	433 	75 	91 	91 
003460 	433 	75 	91 	91 
003461 	433 	85 	91 	91 
003462 	433 	85 	91 	91 
003463 	433 	85 	91 	91 
003464 	433 	85 	91 	91 
003465 	433 	85 	91 	91 
003466 	433 	85 	91 	91 
003467 	433 	85 	91 	91 
003468 	433 	85 	91 	91 
003469 	433 	85 	91 	91 
003470 	433 	85 	91 	91 
003471 	433 	85 	91 	91 
003472 	433 	85 	91 	91 
003473 	433 	85 	91 	91 
003474 	433 	85 	91 	91 
003475 	433 	75 	91 	91 
003476 	433 	75 	91 	91 
003477 	433 	75 	91 	91 
003478 	433 	75 	91 	91 
003479 	433 	75 	91 	91 
003480 	433 	75 	91 	91 
003481 	433 	85 	91 	91 
003482 	433 	85 	91 	91 
003483 	433 	85 	91 	91 
003484 	433 	85 	91 	91 
003485 	433 	85 	91 	91 
003486 	433 	85 	91 	91 
003487 	423 	85 	91 	91 
003488 	423 	75 	91 	91 
003489 	423 	75 	91 	91 
003490 	433 	75 	91 	91 
003491 	433 	65 	91 	91 
003492 	433 	65 	91 	91 
003493 	433 	65 	91 	91 
003494 	433 	65 	91 	91 
003495 	433 	65 	91 	91 
003496 	433 	65 	91 	91 
003497 	433 	65 	91 	91 
003498 	433 	65 	91 	91 
003499 	433 	65 	91 	91 
003500 	443 	65 	90 	91 
003501 	443 	65 	90 	91 
003502 	443 	65 	90 	91 
003503 	443 	65 	90 	91 
003504 	443 	65 	90 	91 
003505 	443 	65 	90 	91 
003506 	443 	65 	90 	91 
003507 	443 	65 	90 	91 
003508 	443 	65 	90 	91 
003509 	443 	65 	90 	91 
003510 	443 	65 	90 	91 
003511 	443 	65 	90 	91 
003512 	443 	75 	90 	91 
003513 	443 	75 	90 	91 
003514 	443 	75 	90 	91 
003515 	433 	75 	91 	91 
003516 	433 	75 	91 	91 
003517 	433 	75 	91 	91 
003518 	433 	75 	91 	91 
003519 	433 	75 	91 	91 
003520 	433 	75 	91 	91 
003521 	433 	85 	91 	91 
003522 	433 	85 	91 	91 
003523 	433 	85 	91 	91 
003524 	412 	66 	109 	109 
003525 	412 	66 	109 	109 
003526 	412 	66 	109 	109 
003527 	412 	66 	109 	109 
003528 	412 	66 	109 	109 
003529 	412 	66 	109 	109 
003530 	423 	75 	91 	91 
003531 	423 	75 	91 	91 
003532 	423 	75 	91 	91 
003533 	423 	75 	91 	91 
003534 	412 	66 	109 	109 
003535 	423 	75 	91 	91 
003536 	412 	66 	109 	109 
003537 	412 	66 	109 	109 
003538 	433 	75 	91 	91 
003539 	433 	75 	91 	91 
003540 	433 	75 	91 	91 
003541 	433 	75 	91 	91 
003542 	433 	75 	91 	91 
003543 	433 	75 	91 	91 
003544 	433 	75 	91 	91 
003545 	433 	75 	91 	91 
003546 	433 	75 	91 	91 
003547 	433 	75 	91 	91 
003548 	433 	75 	91 	91 
003549 	433 	75 	91 	91 
003550 	433 	75 	91 	91 
003551 	433 	75 	91 	91 
003552 	433 	75 	91 	91 
003553 	433 	75 	91 	91 
003554 	433 	75 	91 	91 
003555 	433 	75 	91 	91 
003556 	412 	66 	109 	109 
003557 	412 	66 	109 	109 
003558 	412 	66 	109 	109 
003559 	412 	66 	109 	109 
003560 	412 	66 	109 	109 
003561 	433 	85 	91 	91 
003562 	433 	85 	91 	91 
003563 	433 	85 	91 	91 
003564 	423 	75 	91 	91 
003565 	423 	75 	91 	91 
003566 	423 	75 	91 	91 
003567 	423 	75 	91 	91 
003568 	423 	75 	91 	91 
003569 	423 	75 	91 	91 
003570 	423 	75 	91 	91 
003571 	423 	75 	91 	91 
003572 	423 	75 	91 	91 
003573 	423 	75 	91 	91 
003574 	433 	75 	91 	91 
003575 	423 	75 	91 	91 
003576 	423 	75 	91 	91 
003577 	423 	75 	91 	91 
003578 	423 	75 	91 	91 
003579 	423 	75 	91 	91 
003580 	423 	75 	91 	91 
003581 	423 	75 	91 	91 
003582 	423 	75 	91 	91 
003583 	423 	75 	91 	91 
003584 	412 	66 	109 	109 
003585 	423 	85 	91 	91 
003586 	412 	66 	109 	109 
003587 	412 	66 	109 	109 
003588 	412 	66 	109 	109 
003589 	412 	66 	109 	109 
003590 	412 	66 	109 	109 
003591 	412 	66 	109 	109 
003592 	423 	85 	91 	91 
003593 	423 	85 	91 	91 
003594 	423 	75 	91 	91 
003595 	423 	85 	91 	91 
003596 	423 	85 	91 	91 
003597 	423 	85 	91 	91 
003598 	423 	85 	91 	91 
003599 	423 	85 	91 	91 
003600 	423 	85 	91 	91 
003601 	423 	85 	91 	91 
003602 	423 	85 	91 	91 
003603 	423 	85 	91 	91 
003604 	423 	85 	91 	91 
003605 	423 	85 	91 	91 
003606 	423 	85 	91 	91 
003607 	423 	85 	91 	91 
003608 	423 	85 	91 	91 
003609 	423 	85 	91 	91 
003610 	423 	85 	91 	91 
003611 	423 	85 	91 	91 
003612 	423 	85 	91 	91 
003613 	423 	75 	91 	91 
003614 	423 	75 	91 	91 
003615 	412 	66 	109 	109 
003616 	412 	66 	109 	109 
003617 	423 	75 	91 	91 
