Identity  : 	id10297
Reference : 	utAY0zpsv1U
Offset    : 	-2
FV Conf   : 	19.926
ASD Conf  : 	8.410

FRAME 	X 	Y 	W 	H 
000198 	216 	113 	156 	156 
000199 	216 	113 	156 	156 
000200 	216 	113 	156 	156 
000201 	197 	115 	187 	187 
000202 	216 	113 	156 	156 
000203 	216 	113 	156 	156 
000204 	216 	113 	156 	156 
000205 	216 	113 	156 	156 
000206 	216 	113 	156 	156 
000207 	216 	113 	156 	156 
000208 	216 	113 	156 	156 
000209 	216 	113 	156 	156 
000210 	199 	113 	155 	156 
000211 	199 	113 	155 	156 
000212 	177 	95 	187 	186 
000213 	199 	96 	155 	156 
000214 	199 	113 	155 	156 
000215 	216 	113 	156 	156 
000216 	233 	113 	156 	156 
000217 	233 	113 	156 	156 
000218 	216 	113 	156 	156 
000219 	216 	113 	156 	156 
000220 	216 	113 	156 	156 
000221 	216 	113 	156 	156 
000222 	216 	113 	156 	156 
000223 	216 	113 	156 	156 
000224 	197 	95 	187 	186 
000225 	233 	113 	156 	156 
000226 	218 	115 	187 	187 
000227 	197 	95 	187 	186 
000228 	216 	113 	156 	156 
000229 	197 	95 	187 	186 
000230 	216 	113 	156 	156 
000231 	233 	113 	156 	156 
000232 	216 	113 	156 	156 
000233 	216 	113 	156 	156 
000234 	216 	113 	156 	156 
000235 	216 	113 	156 	156 
000236 	216 	113 	156 	156 
000237 	216 	113 	156 	156 
000238 	216 	113 	156 	156 
000239 	216 	113 	156 	156 
000240 	216 	113 	156 	156 
000241 	216 	113 	156 	156 
000242 	216 	113 	156 	156 
000243 	216 	113 	156 	156 
000244 	233 	113 	156 	156 
000245 	233 	113 	156 	156 
000246 	218 	115 	187 	187 
000247 	233 	113 	156 	156 
000248 	218 	95 	187 	186 
000249 	218 	95 	187 	186 
000250 	233 	113 	156 	156 
000251 	218 	95 	187 	186 
000252 	233 	113 	156 	156 
000253 	250 	113 	156 	156 
000254 	250 	113 	156 	156 
000255 	250 	113 	156 	156 
000256 	250 	113 	156 	156 
000257 	218 	95 	187 	186 
000258 	233 	113 	156 	156 
000259 	233 	113 	156 	156 
000260 	233 	113 	156 	156 
000261 	233 	113 	156 	156 
000262 	233 	113 	156 	156 
000263 	233 	113 	156 	156 
000264 	218 	95 	187 	186 
000265 	233 	113 	156 	156 
000266 	233 	113 	156 	156 
000267 	233 	113 	156 	156 
000268 	233 	113 	156 	156 
000269 	233 	113 	156 	156 
000270 	233 	113 	156 	156 
000271 	233 	113 	156 	156 
000272 	233 	113 	156 	156 
000273 	233 	113 	156 	156 
000274 	233 	113 	156 	156 
000275 	233 	113 	156 	156 
000276 	233 	113 	156 	156 
000277 	233 	113 	156 	156 
000278 	233 	113 	156 	156 
000279 	233 	113 	156 	156 
000280 	233 	113 	156 	156 
000281 	218 	95 	187 	186 
000282 	233 	113 	156 	156 
000283 	233 	113 	156 	156 
000284 	218 	115 	187 	187 
000285 	218 	115 	187 	187 
000286 	218 	115 	187 	187 
000287 	218 	115 	187 	187 
000288 	233 	113 	156 	156 
000289 	233 	113 	156 	156 
000290 	233 	113 	156 	156 
000291 	233 	113 	156 	156 
000292 	233 	113 	156 	156 
000293 	233 	113 	156 	156 
000294 	233 	113 	156 	156 
000295 	233 	113 	156 	156 
000296 	233 	113 	156 	156 
000297 	233 	113 	156 	156 
000298 	218 	115 	187 	187 
000299 	218 	115 	187 	187 
000300 	216 	130 	156 	156 
000301 	216 	130 	156 	156 
000302 	216 	130 	156 	156 
000303 	197 	115 	187 	187 
000304 	216 	113 	156 	156 
000305 	216 	113 	156 	156 
000306 	216 	113 	156 	156 
000307 	218 	95 	187 	186 
000308 	218 	95 	187 	186 
000309 	218 	95 	187 	186 
000310 	216 	113 	156 	156 
000311 	216 	113 	156 	156 
000312 	216 	113 	156 	156 
000313 	216 	113 	156 	156 
000314 	216 	113 	156 	156 
000315 	233 	113 	156 	156 
000316 	233 	113 	156 	156 
000317 	218 	115 	187 	187 
000318 	218 	115 	187 	187 
000319 	239 	115 	186 	187 
000320 	250 	130 	156 	156 
000321 	250 	130 	156 	156 
000322 	250 	130 	156 	156 
000323 	250 	130 	156 	156 
000324 	250 	130 	156 	156 
000325 	250 	130 	156 	156 
000326 	250 	130 	156 	156 
000327 	250 	130 	156 	156 
000328 	250 	130 	156 	156 
000329 	239 	115 	186 	187 
000330 	250 	113 	156 	156 
000331 	250 	113 	156 	156 
000332 	233 	113 	156 	156 
000333 	233 	113 	156 	156 
000334 	233 	113 	156 	156 
000335 	218 	115 	187 	187 
000336 	233 	130 	156 	156 
000337 	216 	130 	156 	156 
000338 	216 	130 	156 	156 
000339 	216 	130 	156 	156 
000340 	197 	115 	187 	187 
000341 	197 	115 	187 	187 
000342 	216 	113 	156 	156 
000343 	216 	113 	156 	156 
000344 	216 	113 	156 	156 
000345 	216 	113 	156 	156 
000346 	216 	113 	156 	156 
000347 	216 	113 	156 	156 
000348 	197 	95 	187 	186 
000349 	197 	95 	187 	186 
000350 	197 	95 	187 	186 
000351 	197 	95 	187 	186 
000352 	197 	95 	187 	186 
000353 	197 	95 	187 	186 
000354 	197 	95 	187 	186 
000355 	197 	95 	187 	186 
000356 	197 	95 	187 	186 
000357 	197 	95 	187 	186 
000358 	197 	95 	187 	186 
000359 	197 	95 	187 	186 
000360 	197 	95 	187 	186 
000361 	197 	95 	187 	186 
000362 	197 	95 	187 	186 
000363 	197 	95 	187 	186 
000364 	216 	113 	156 	156 
000365 	216 	113 	156 	156 
000366 	216 	113 	156 	156 
000367 	197 	115 	187 	187 
000368 	216 	130 	156 	156 
000369 	197 	115 	187 	187 
000370 	199 	130 	155 	156 
000371 	199 	130 	155 	156 
000372 	197 	115 	187 	187 
000373 	197 	115 	187 	187 
000374 	197 	115 	187 	187 
000375 	197 	115 	187 	187 
000376 	199 	113 	155 	156 
000377 	199 	113 	155 	156 
000378 	199 	113 	155 	156 
000379 	177 	95 	187 	186 
000380 	181 	113 	156 	156 
000381 	181 	113 	156 	156 
000382 	199 	113 	155 	156 
000383 	199 	113 	155 	156 
000384 	199 	113 	155 	156 
000385 	199 	113 	155 	156 
000386 	199 	113 	155 	156 
000387 	199 	113 	155 	156 
000388 	199 	113 	155 	156 
000389 	199 	113 	155 	156 
000390 	216 	113 	156 	156 
000391 	216 	113 	156 	156 
000392 	216 	113 	156 	156 
000393 	216 	113 	156 	156 
000394 	216 	113 	156 	156 
000395 	216 	96 	156 	156 
000396 	216 	96 	156 	156 
000397 	216 	96 	156 	156 
000398 	216 	96 	156 	156 
000399 	216 	96 	156 	156 
000400 	199 	96 	155 	156 
000401 	199 	96 	155 	156 
000402 	199 	96 	155 	156 
000403 	199 	96 	155 	156 
000404 	199 	96 	155 	156 
000405 	199 	113 	155 	156 
000406 	199 	113 	155 	156 
000407 	199 	113 	155 	156 
000408 	199 	113 	155 	156 
000409 	199 	113 	155 	156 
000410 	199 	113 	155 	156 
000411 	199 	113 	155 	156 
000412 	199 	113 	155 	156 
000413 	199 	113 	155 	156 
000414 	199 	113 	155 	156 
000415 	199 	113 	155 	156 
000416 	199 	113 	155 	156 
000417 	199 	113 	155 	156 
000418 	199 	113 	155 	156 
000419 	199 	113 	155 	156 
000420 	199 	113 	155 	156 
000421 	199 	113 	155 	156 
000422 	199 	113 	155 	156 
000423 	199 	130 	155 	156 
000424 	199 	130 	155 	156 
000425 	199 	130 	155 	156 
000426 	199 	130 	155 	156 
000427 	199 	130 	155 	156 
000428 	199 	130 	155 	156 
000429 	197 	115 	187 	187 
000430 	216 	130 	156 	156 
000431 	216 	130 	156 	156 
000432 	199 	130 	155 	156 
000433 	216 	130 	156 	156 
000434 	216 	130 	156 	156 
000435 	216 	130 	156 	156 
000436 	216 	130 	156 	156 
000437 	216 	130 	156 	156 
000438 	216 	130 	156 	156 
000439 	216 	113 	156 	156 
000440 	216 	113 	156 	156 
000441 	216 	113 	156 	156 
000442 	216 	113 	156 	156 
000443 	216 	130 	156 	156 
000444 	216 	130 	156 	156 
000445 	216 	130 	156 	156 
000446 	216 	130 	156 	156 
000447 	216 	130 	156 	156 
000448 	216 	130 	156 	156 
000449 	216 	130 	156 	156 
000450 	216 	130 	156 	156 
000451 	216 	130 	156 	156 
000452 	199 	130 	155 	156 
000453 	199 	130 	155 	156 
000454 	199 	130 	155 	156 
000455 	199 	130 	155 	156 
000456 	199 	130 	155 	156 
000457 	199 	130 	155 	156 
000458 	199 	130 	155 	156 
000459 	199 	130 	155 	156 
000460 	197 	115 	187 	187 
000461 	199 	130 	155 	156 
000462 	199 	130 	155 	156 
000463 	199 	130 	155 	156 
000464 	199 	130 	155 	156 
000465 	199 	130 	155 	156 
000466 	199 	130 	155 	156 
000467 	199 	130 	155 	156 
000468 	199 	130 	155 	156 
000469 	197 	115 	187 	187 
000470 	199 	130 	155 	156 
000471 	199 	130 	155 	156 
000472 	199 	130 	155 	156 
000473 	199 	130 	155 	156 
000474 	199 	130 	155 	156 
000475 	199 	148 	155 	155 
000476 	199 	148 	155 	155 
000477 	199 	130 	155 	156 
000478 	199 	130 	155 	156 
000479 	199 	130 	155 	156 
000480 	199 	130 	155 	156 
000481 	199 	130 	155 	156 
000482 	199 	130 	155 	156 
000483 	199 	130 	155 	156 
000484 	199 	130 	155 	156 
000485 	199 	130 	155 	156 
000486 	199 	130 	155 	156 
000487 	199 	130 	155 	156 
000488 	199 	130 	155 	156 
000489 	177 	115 	187 	187 
000490 	199 	130 	155 	156 
000491 	199 	130 	155 	156 
000492 	199 	130 	155 	156 
000493 	199 	130 	155 	156 
000494 	216 	130 	156 	156 
000495 	216 	130 	156 	156 
000496 	216 	130 	156 	156 
000497 	216 	130 	156 	156 
000498 	216 	130 	156 	156 
000499 	216 	130 	156 	156 
000500 	197 	136 	187 	187 
000501 	197 	136 	187 	187 
000502 	177 	136 	187 	187 
000503 	177 	115 	187 	187 
000504 	177 	136 	187 	187 
000505 	199 	130 	155 	156 
000506 	199 	148 	155 	155 
000507 	177 	136 	187 	187 
000508 	177 	136 	187 	187 
000509 	199 	148 	155 	155 
000510 	199 	130 	155 	156 
000511 	199 	130 	155 	156 
000512 	197 	115 	187 	187 
000513 	197 	115 	187 	187 
000514 	197 	115 	187 	187 
000515 	216 	130 	156 	156 
000516 	216 	130 	156 	156 
000517 	197 	115 	187 	187 
000518 	197 	115 	187 	187 
000519 	218 	136 	187 	187 
000520 	218 	136 	187 	187 
000521 	233 	148 	156 	155 
000522 	218 	136 	187 	187 
000523 	218 	136 	187 	187 
000524 	218 	136 	187 	187 
000525 	233 	130 	156 	156 
000526 	218 	136 	187 	187 
000527 	233 	130 	156 	156 
000528 	233 	130 	156 	156 
000529 	233 	130 	156 	156 
000530 	218 	115 	187 	187 
000531 	218 	115 	187 	187 
000532 	233 	113 	156 	156 
000533 	233 	113 	156 	156 
000534 	218 	95 	187 	186 
000535 	218 	95 	187 	186 
000536 	216 	113 	156 	156 
000537 	216 	113 	156 	156 
000538 	216 	113 	156 	156 
000539 	216 	113 	156 	156 
000540 	216 	113 	156 	156 
000541 	216 	113 	156 	156 
000542 	216 	113 	156 	156 
000543 	216 	113 	156 	156 
000544 	216 	113 	156 	156 
000545 	216 	113 	156 	156 
000546 	216 	113 	156 	156 
000547 	216 	113 	156 	156 
000548 	197 	95 	187 	186 
000549 	197 	95 	187 	186 
000550 	197 	95 	187 	186 
000551 	197 	95 	187 	186 
000552 	197 	95 	187 	186 
000553 	197 	95 	187 	186 
000554 	197 	95 	187 	186 
000555 	197 	95 	187 	186 
000556 	218 	95 	187 	186 
000557 	188 	89 	224 	224 
000558 	188 	89 	224 	224 
000559 	218 	115 	187 	187 
000560 	218 	115 	187 	187 
000561 	218 	115 	187 	187 
000562 	188 	114 	224 	224 
000563 	218 	136 	187 	187 
000564 	218 	136 	187 	187 
000565 	218 	136 	187 	187 
000566 	218 	136 	187 	187 
000567 	218 	136 	187 	187 
000568 	218 	136 	187 	187 
000569 	218 	136 	187 	187 
000570 	218 	136 	187 	187 
000571 	218 	136 	187 	187 
000572 	218 	136 	187 	187 
000573 	218 	115 	187 	187 
000574 	218 	115 	187 	187 
000575 	218 	115 	187 	187 
000576 	218 	115 	187 	187 
000577 	218 	115 	187 	187 
000578 	218 	115 	187 	187 
000579 	218 	115 	187 	187 
000580 	218 	115 	187 	187 
000581 	218 	115 	187 	187 
000582 	218 	115 	187 	187 
000583 	218 	115 	187 	187 
000584 	218 	115 	187 	187 
000585 	218 	115 	187 	187 
000586 	218 	115 	187 	187 
000587 	218 	115 	187 	187 
000588 	218 	115 	187 	187 
000589 	218 	115 	187 	187 
000590 	218 	115 	187 	187 
000591 	218 	115 	187 	187 
000592 	218 	115 	187 	187 
000593 	218 	115 	187 	187 
000594 	218 	115 	187 	187 
000595 	218 	115 	187 	187 
000596 	218 	115 	187 	187 
000597 	218 	115 	187 	187 
000598 	218 	115 	187 	187 
000599 	218 	115 	187 	187 
000600 	218 	115 	187 	187 
000601 	197 	115 	187 	187 
000602 	197 	115 	187 	187 
000603 	197 	115 	187 	187 
000604 	197 	115 	187 	187 
000605 	197 	115 	187 	187 
000606 	197 	115 	187 	187 
000607 	197 	115 	187 	187 
000608 	197 	115 	187 	187 
000609 	197 	115 	187 	187 
000610 	197 	115 	187 	187 
000611 	197 	115 	187 	187 
000612 	216 	130 	156 	156 
000613 	216 	130 	156 	156 
000614 	216 	130 	156 	156 
000615 	216 	130 	156 	156 
000616 	216 	130 	156 	156 
000617 	216 	130 	156 	156 
000618 	218 	115 	187 	187 
000619 	218 	115 	187 	187 
000620 	218 	115 	187 	187 
000621 	218 	115 	187 	187 
000622 	233 	113 	156 	156 
000623 	233 	113 	156 	156 
000624 	233 	113 	156 	156 
000625 	233 	113 	156 	156 
000626 	250 	113 	156 	156 
000627 	250 	113 	156 	156 
000628 	250 	113 	156 	156 
000629 	239 	115 	186 	187 
000630 	239 	95 	186 	186 
000631 	267 	113 	156 	156 
000632 	267 	113 	156 	156 
000633 	267 	113 	156 	156 
000634 	267 	113 	156 	156 
000635 	267 	113 	156 	156 
000636 	239 	115 	186 	187 
000637 	239 	115 	186 	187 
000638 	239 	95 	186 	186 
000639 	250 	113 	156 	156 
000640 	250 	113 	156 	156 
000641 	250 	113 	156 	156 
000642 	218 	95 	187 	186 
000643 	218 	95 	187 	186 
000644 	218 	95 	187 	186 
000645 	218 	95 	187 	186 
000646 	218 	95 	187 	186 
000647 	197 	95 	187 	186 
000648 	197 	95 	187 	186 
000649 	197 	95 	187 	186 
000650 	197 	95 	187 	186 
000651 	197 	95 	187 	186 
000652 	197 	95 	187 	186 
000653 	197 	95 	187 	186 
000654 	216 	113 	156 	156 
000655 	216 	113 	156 	156 
000656 	216 	113 	156 	156 
000657 	216 	113 	156 	156 
000658 	218 	115 	187 	187 
000659 	218 	115 	187 	187 
000660 	218 	115 	187 	187 
000661 	218 	115 	187 	187 
000662 	218 	115 	187 	187 
000663 	233 	113 	156 	156 
000664 	218 	95 	187 	186 
000665 	218 	95 	187 	186 
000666 	250 	113 	156 	156 
