Identity  : 	id10283
Reference : 	H4mDLFeGpLU
Offset    : 	-1
FV Conf   : 	10.983
ASD Conf  : 	7.498

FRAME 	X 	Y 	W 	H 
002221 	144 	75 	91 	91 
002222 	144 	75 	91 	91 
002223 	144 	75 	91 	91 
002224 	144 	75 	91 	91 
002225 	144 	75 	91 	91 
002226 	144 	75 	91 	91 
002227 	144 	75 	91 	91 
002228 	144 	75 	91 	91 
002229 	144 	75 	91 	91 
002230 	144 	75 	91 	91 
002231 	144 	75 	91 	91 
002232 	144 	75 	91 	91 
002233 	144 	75 	91 	91 
002234 	144 	75 	91 	91 
002235 	144 	75 	91 	91 
002236 	144 	75 	91 	91 
002237 	144 	75 	91 	91 
002238 	144 	75 	91 	91 
002239 	144 	75 	91 	91 
002240 	144 	75 	91 	91 
002241 	144 	75 	91 	91 
002242 	144 	75 	91 	91 
002243 	144 	75 	91 	91 
002244 	144 	75 	91 	91 
002245 	144 	75 	91 	91 
002246 	144 	75 	91 	91 
002247 	144 	75 	91 	91 
002248 	144 	75 	91 	91 
002249 	144 	75 	91 	91 
002250 	144 	75 	91 	91 
002251 	144 	75 	91 	91 
002252 	144 	75 	91 	91 
002253 	144 	75 	91 	91 
002254 	144 	75 	91 	91 
002255 	144 	75 	91 	91 
002256 	144 	75 	91 	91 
002257 	144 	75 	91 	91 
002258 	144 	75 	91 	91 
002259 	144 	75 	91 	91 
002260 	144 	75 	91 	91 
002261 	144 	75 	91 	91 
002262 	144 	75 	91 	91 
002263 	144 	75 	91 	91 
002264 	144 	75 	91 	91 
002265 	144 	75 	91 	91 
002266 	144 	75 	91 	91 
002267 	144 	75 	91 	91 
002268 	144 	75 	91 	91 
002269 	144 	75 	91 	91 
002270 	144 	75 	91 	91 
002271 	144 	75 	91 	91 
002272 	144 	75 	91 	91 
002273 	144 	75 	91 	91 
002274 	144 	75 	91 	91 
002275 	144 	75 	91 	91 
002276 	144 	75 	91 	91 
002277 	144 	75 	91 	91 
002278 	144 	75 	91 	91 
002279 	144 	75 	91 	91 
002280 	144 	75 	91 	91 
002281 	144 	75 	91 	91 
002282 	144 	75 	91 	91 
002283 	144 	75 	91 	91 
002284 	144 	75 	91 	91 
002285 	144 	75 	91 	91 
002286 	144 	75 	91 	91 
002287 	154 	75 	91 	91 
002288 	154 	75 	91 	91 
002289 	154 	75 	91 	91 
002290 	154 	75 	91 	91 
002291 	138 	66 	108 	109 
002292 	138 	66 	108 	109 
002293 	138 	66 	108 	109 
002294 	154 	75 	91 	91 
002295 	154 	75 	91 	91 
002296 	154 	75 	91 	91 
002297 	154 	75 	91 	91 
002298 	138 	66 	108 	109 
002299 	138 	66 	108 	109 
002300 	138 	66 	108 	109 
002301 	144 	75 	91 	91 
002302 	144 	75 	91 	91 
002303 	144 	75 	91 	91 
002304 	138 	66 	108 	109 
002305 	138 	66 	108 	109 
002306 	138 	66 	108 	109 
002307 	138 	66 	108 	109 
002308 	144 	75 	91 	91 
002309 	144 	75 	91 	91 
002310 	144 	75 	91 	91 
002311 	144 	75 	91 	91 
002312 	144 	75 	91 	91 
002313 	154 	75 	91 	91 
002314 	150 	66 	108 	109 
002315 	150 	66 	108 	109 
002316 	150 	66 	108 	109 
002317 	150 	66 	108 	109 
002318 	150 	66 	108 	109 
002319 	150 	66 	108 	109 
002320 	150 	66 	108 	109 
002321 	150 	66 	108 	109 
002322 	150 	66 	108 	109 
002323 	150 	66 	108 	109 
002324 	150 	66 	108 	109 
002325 	150 	66 	108 	109 
002326 	150 	66 	108 	109 
002327 	150 	66 	108 	109 
002328 	150 	66 	108 	109 
002329 	150 	66 	108 	109 
002330 	150 	66 	108 	109 
002331 	150 	66 	108 	109 
002332 	150 	66 	108 	109 
002333 	154 	75 	91 	91 
002334 	138 	66 	108 	109 
002335 	138 	66 	108 	109 
002336 	138 	66 	108 	109 
002337 	138 	66 	108 	109 
002338 	138 	66 	108 	109 
002339 	138 	66 	108 	109 
002340 	138 	66 	108 	109 
002341 	138 	66 	108 	109 
002342 	138 	66 	108 	109 
002343 	138 	66 	108 	109 
002344 	138 	66 	108 	109 
002345 	138 	66 	108 	109 
002346 	138 	66 	108 	109 
002347 	138 	66 	108 	109 
002348 	138 	66 	108 	109 
002349 	138 	66 	108 	109 
002350 	138 	66 	108 	109 
002351 	138 	66 	108 	109 
002352 	138 	66 	108 	109 
002353 	154 	75 	91 	91 
002354 	154 	75 	91 	91 
002355 	154 	75 	91 	91 
002356 	154 	75 	91 	91 
002357 	154 	75 	91 	91 
002358 	150 	66 	108 	109 
002359 	154 	75 	91 	91 
002360 	154 	75 	91 	91 
002361 	154 	75 	91 	91 
002362 	154 	75 	91 	91 
002363 	154 	75 	91 	91 
002364 	154 	75 	91 	91 
002365 	154 	75 	91 	91 
002366 	154 	75 	91 	91 
002367 	154 	75 	91 	91 
002368 	154 	75 	91 	91 
002369 	138 	66 	108 	109 
002370 	138 	66 	108 	109 
002371 	138 	66 	108 	109 
002372 	138 	66 	108 	109 
002373 	138 	66 	108 	109 
002374 	138 	66 	108 	109 
002375 	144 	75 	91 	91 
002376 	144 	75 	91 	91 
002377 	138 	66 	108 	109 
002378 	144 	75 	91 	91 
002379 	144 	75 	91 	91 
002380 	144 	75 	91 	91 
002381 	144 	75 	91 	91 
002382 	144 	75 	91 	91 
002383 	144 	75 	91 	91 
002384 	138 	66 	108 	109 
002385 	138 	66 	108 	109 
002386 	144 	75 	91 	91 
002387 	144 	75 	91 	91 
002388 	144 	75 	91 	91 
002389 	138 	66 	108 	109 
002390 	138 	66 	108 	109 
002391 	138 	66 	108 	109 
002392 	138 	66 	108 	109 
002393 	138 	66 	108 	109 
002394 	138 	66 	108 	109 
002395 	154 	75 	91 	91 
002396 	154 	75 	91 	91 
002397 	154 	75 	91 	91 
002398 	154 	75 	91 	91 
002399 	154 	75 	91 	91 
002400 	154 	75 	91 	91 
002401 	150 	66 	108 	109 
002402 	150 	66 	108 	109 
002403 	150 	66 	108 	109 
002404 	164 	75 	91 	91 
002405 	164 	75 	91 	91 
002406 	161 	66 	109 	109 
002407 	161 	66 	109 	109 
002408 	161 	66 	109 	109 
002409 	161 	66 	109 	109 
002410 	164 	75 	91 	91 
002411 	164 	75 	91 	91 
002412 	164 	75 	91 	91 
002413 	164 	75 	91 	91 
002414 	150 	66 	108 	109 
002415 	164 	75 	91 	91 
002416 	150 	66 	108 	109 
002417 	150 	66 	108 	109 
002418 	150 	66 	108 	109 
002419 	150 	66 	108 	109 
002420 	150 	66 	108 	109 
002421 	150 	66 	108 	109 
002422 	150 	66 	108 	109 
002423 	150 	66 	108 	109 
002424 	150 	66 	108 	109 
002425 	150 	66 	108 	109 
002426 	150 	66 	108 	109 
002427 	150 	66 	108 	109 
002428 	154 	75 	91 	91 
002429 	150 	66 	108 	109 
002430 	150 	66 	108 	109 
002431 	150 	66 	108 	109 
002432 	150 	66 	108 	109 
002433 	150 	66 	108 	109 
002434 	150 	66 	108 	109 
002435 	150 	66 	108 	109 
002436 	150 	66 	108 	109 
002437 	150 	66 	108 	109 
002438 	150 	66 	108 	109 
002439 	150 	66 	108 	109 
002440 	150 	66 	108 	109 
002441 	150 	66 	108 	109 
002442 	150 	66 	108 	109 
002443 	150 	66 	108 	109 
002444 	150 	66 	108 	109 
002445 	164 	75 	91 	91 
002446 	164 	75 	91 	91 
002447 	161 	66 	109 	109 
002448 	161 	66 	109 	109 
002449 	161 	66 	109 	109 
002450 	161 	66 	109 	109 
002451 	161 	66 	109 	109 
002452 	161 	66 	109 	109 
002453 	161 	66 	109 	109 
002454 	161 	66 	109 	109 
002455 	164 	75 	91 	91 
002456 	164 	75 	91 	91 
002457 	164 	75 	91 	91 
002458 	164 	75 	91 	91 
002459 	164 	75 	91 	91 
002460 	164 	75 	91 	91 
002461 	164 	75 	91 	91 
002462 	150 	66 	108 	109 
002463 	150 	66 	108 	109 
002464 	150 	66 	108 	109 
002465 	150 	66 	108 	109 
002466 	150 	66 	108 	109 
002467 	150 	66 	108 	109 
002468 	150 	66 	108 	109 
002469 	150 	66 	108 	109 
002470 	150 	66 	108 	109 
002471 	150 	66 	108 	109 
002472 	150 	66 	108 	109 
002473 	150 	66 	108 	109 
002474 	150 	66 	108 	109 
002475 	150 	66 	108 	109 
002476 	150 	66 	108 	109 
002477 	150 	66 	108 	109 
002478 	150 	66 	108 	109 
002479 	150 	66 	108 	109 
002480 	150 	66 	108 	109 
002481 	150 	66 	108 	109 
002482 	150 	66 	108 	109 
002483 	150 	66 	108 	109 
002484 	150 	66 	108 	109 
002485 	150 	66 	108 	109 
002486 	154 	75 	91 	91 
002487 	150 	66 	108 	109 
002488 	150 	66 	108 	109 
002489 	150 	66 	108 	109 
002490 	150 	66 	108 	109 
002491 	150 	66 	108 	109 
002492 	150 	66 	108 	109 
002493 	150 	66 	108 	109 
002494 	150 	66 	108 	109 
002495 	150 	66 	108 	109 
002496 	150 	66 	108 	109 
002497 	150 	66 	108 	109 
002498 	150 	66 	108 	109 
