Identity  : 	id10283
Reference : 	H4mDLFeGpLU
Offset    : 	-1
FV Conf   : 	11.804
ASD Conf  : 	8.190

FRAME 	X 	Y 	W 	H 
002742 	150 	66 	108 	109 
002743 	150 	66 	108 	109 
002744 	150 	66 	108 	109 
002745 	150 	66 	108 	109 
002746 	150 	66 	108 	109 
002747 	150 	66 	108 	109 
002748 	150 	66 	108 	109 
002749 	150 	66 	108 	109 
002750 	150 	66 	108 	109 
002751 	150 	66 	108 	109 
002752 	150 	66 	108 	109 
002753 	150 	66 	108 	109 
002754 	150 	66 	108 	109 
002755 	150 	66 	108 	109 
002756 	150 	66 	108 	109 
002757 	150 	66 	108 	109 
002758 	150 	66 	108 	109 
002759 	150 	66 	108 	109 
002760 	150 	66 	108 	109 
002761 	150 	66 	108 	109 
002762 	150 	66 	108 	109 
002763 	150 	66 	108 	109 
002764 	150 	66 	108 	109 
002765 	150 	66 	108 	109 
002766 	150 	66 	108 	109 
002767 	150 	66 	108 	109 
002768 	150 	66 	108 	109 
002769 	150 	66 	108 	109 
002770 	150 	66 	108 	109 
002771 	150 	66 	108 	109 
002772 	150 	66 	108 	109 
002773 	150 	66 	108 	109 
002774 	150 	66 	108 	109 
002775 	150 	66 	108 	109 
002776 	150 	66 	108 	109 
002777 	150 	66 	108 	109 
002778 	150 	66 	108 	109 
002779 	154 	75 	91 	91 
002780 	154 	75 	91 	91 
002781 	154 	75 	91 	91 
002782 	154 	75 	91 	91 
002783 	154 	75 	91 	91 
002784 	154 	75 	91 	91 
002785 	154 	75 	91 	91 
002786 	154 	75 	91 	91 
002787 	154 	75 	91 	91 
002788 	154 	75 	91 	91 
002789 	154 	75 	91 	91 
002790 	154 	75 	91 	91 
002791 	154 	65 	91 	91 
002792 	154 	75 	91 	91 
002793 	154 	75 	91 	91 
002794 	154 	75 	91 	91 
002795 	154 	75 	91 	91 
002796 	150 	66 	108 	109 
002797 	150 	66 	108 	109 
002798 	150 	66 	108 	109 
002799 	150 	66 	108 	109 
002800 	150 	66 	108 	109 
002801 	150 	66 	108 	109 
002802 	150 	66 	108 	109 
002803 	150 	66 	108 	109 
002804 	150 	66 	108 	109 
002805 	150 	66 	108 	109 
002806 	150 	66 	108 	109 
002807 	150 	66 	108 	109 
002808 	150 	66 	108 	109 
002809 	150 	66 	108 	109 
002810 	150 	66 	108 	109 
002811 	150 	66 	108 	109 
002812 	150 	66 	108 	109 
002813 	150 	66 	108 	109 
002814 	150 	66 	108 	109 
002815 	150 	66 	108 	109 
002816 	150 	66 	108 	109 
002817 	150 	66 	108 	109 
002818 	150 	66 	108 	109 
002819 	150 	66 	108 	109 
002820 	150 	66 	108 	109 
002821 	150 	66 	108 	109 
002822 	154 	65 	91 	91 
002823 	154 	65 	91 	91 
002824 	154 	65 	91 	91 
002825 	154 	65 	91 	91 
002826 	154 	65 	91 	91 
002827 	154 	65 	91 	91 
002828 	154 	65 	91 	91 
002829 	154 	65 	91 	91 
002830 	154 	65 	91 	91 
002831 	154 	65 	91 	91 
002832 	154 	65 	91 	91 
002833 	154 	65 	91 	91 
002834 	154 	65 	91 	91 
002835 	154 	65 	91 	91 
002836 	154 	65 	91 	91 
002837 	154 	65 	91 	91 
002838 	154 	65 	91 	91 
002839 	150 	54 	108 	109 
002840 	150 	54 	108 	109 
002841 	150 	54 	108 	109 
002842 	150 	54 	108 	109 
002843 	150 	54 	108 	109 
002844 	154 	65 	91 	91 
002845 	154 	65 	91 	91 
002846 	154 	65 	91 	91 
002847 	144 	65 	91 	91 
002848 	144 	65 	91 	91 
002849 	144 	65 	91 	91 
002850 	144 	65 	91 	91 
002851 	138 	66 	108 	109 
002852 	138 	66 	108 	109 
002853 	138 	66 	108 	109 
002854 	138 	66 	108 	109 
002855 	138 	66 	108 	109 
002856 	138 	66 	108 	109 
002857 	138 	66 	108 	109 
002858 	138 	66 	108 	109 
002859 	138 	66 	108 	109 
002860 	138 	66 	108 	109 
002861 	138 	66 	108 	109 
002862 	138 	66 	108 	109 
002863 	138 	66 	108 	109 
002864 	138 	66 	108 	109 
002865 	138 	66 	108 	109 
002866 	138 	66 	108 	109 
002867 	138 	66 	108 	109 
002868 	138 	66 	108 	109 
002869 	138 	66 	108 	109 
002870 	138 	66 	108 	109 
002871 	138 	66 	108 	109 
002872 	154 	75 	91 	91 
002873 	154 	75 	91 	91 
002874 	154 	75 	91 	91 
002875 	154 	75 	91 	91 
002876 	150 	66 	108 	109 
002877 	150 	66 	108 	109 
002878 	150 	66 	108 	109 
002879 	150 	66 	108 	109 
002880 	150 	66 	108 	109 
002881 	150 	66 	108 	109 
002882 	164 	75 	91 	91 
002883 	150 	66 	108 	109 
002884 	150 	66 	108 	109 
002885 	150 	66 	108 	109 
002886 	150 	66 	108 	109 
002887 	150 	66 	108 	109 
002888 	150 	66 	108 	109 
002889 	150 	66 	108 	109 
002890 	150 	66 	108 	109 
002891 	150 	66 	108 	109 
002892 	150 	66 	108 	109 
002893 	150 	66 	108 	109 
002894 	150 	66 	108 	109 
002895 	150 	66 	108 	109 
002896 	150 	66 	108 	109 
002897 	150 	66 	108 	109 
002898 	150 	66 	108 	109 
002899 	150 	66 	108 	109 
002900 	150 	66 	108 	109 
002901 	150 	66 	108 	109 
002902 	150 	66 	108 	109 
002903 	150 	66 	108 	109 
002904 	150 	66 	108 	109 
002905 	150 	66 	108 	109 
002906 	150 	66 	108 	109 
002907 	154 	75 	91 	91 
002908 	154 	75 	91 	91 
002909 	154 	75 	91 	91 
002910 	154 	75 	91 	91 
002911 	154 	75 	91 	91 
002912 	154 	75 	91 	91 
002913 	138 	66 	108 	109 
002914 	138 	66 	108 	109 
002915 	138 	66 	108 	109 
002916 	138 	66 	108 	109 
002917 	138 	66 	108 	109 
002918 	138 	66 	108 	109 
002919 	138 	66 	108 	109 
002920 	138 	66 	108 	109 
002921 	138 	66 	108 	109 
002922 	138 	66 	108 	109 
002923 	154 	75 	91 	91 
002924 	150 	66 	108 	109 
002925 	150 	66 	108 	109 
002926 	161 	66 	109 	109 
002927 	161 	66 	109 	109 
002928 	174 	75 	91 	91 
002929 	173 	66 	109 	109 
002930 	173 	66 	109 	109 
002931 	173 	66 	109 	109 
002932 	173 	66 	109 	109 
002933 	184 	75 	91 	91 
002934 	184 	75 	91 	91 
002935 	184 	75 	91 	91 
002936 	184 	75 	91 	91 
002937 	173 	66 	109 	109 
002938 	184 	75 	91 	91 
002939 	184 	75 	91 	91 
002940 	184 	75 	91 	91 
002941 	184 	75 	91 	91 
002942 	184 	75 	91 	91 
002943 	173 	66 	109 	109 
002944 	184 	75 	91 	91 
002945 	173 	66 	109 	109 
002946 	173 	66 	109 	109 
002947 	173 	66 	109 	109 
002948 	173 	66 	109 	109 
002949 	173 	66 	109 	109 
002950 	184 	75 	91 	91 
002951 	173 	66 	109 	109 
002952 	173 	66 	109 	109 
002953 	173 	66 	109 	109 
002954 	173 	66 	109 	109 
002955 	174 	75 	91 	91 
002956 	174 	75 	91 	91 
002957 	174 	75 	91 	91 
002958 	161 	66 	109 	109 
002959 	161 	66 	109 	109 
002960 	161 	66 	109 	109 
002961 	161 	66 	109 	109 
002962 	164 	75 	91 	91 
002963 	164 	75 	91 	91 
002964 	164 	75 	91 	91 
002965 	164 	75 	91 	91 
002966 	164 	75 	91 	91 
002967 	164 	75 	91 	91 
002968 	164 	75 	91 	91 
002969 	164 	75 	91 	91 
002970 	164 	75 	91 	91 
002971 	161 	66 	109 	109 
002972 	164 	75 	91 	91 
002973 	164 	75 	91 	91 
002974 	161 	66 	109 	109 
002975 	164 	75 	91 	91 
002976 	161 	66 	109 	109 
002977 	161 	66 	109 	109 
002978 	161 	66 	109 	109 
002979 	161 	66 	109 	109 
002980 	164 	75 	91 	91 
002981 	164 	75 	91 	91 
002982 	164 	75 	91 	91 
002983 	164 	75 	91 	91 
002984 	164 	75 	91 	91 
002985 	164 	75 	91 	91 
002986 	164 	75 	91 	91 
002987 	164 	75 	91 	91 
002988 	164 	75 	91 	91 
002989 	164 	75 	91 	91 
002990 	164 	75 	91 	91 
002991 	164 	75 	91 	91 
002992 	164 	75 	91 	91 
002993 	164 	75 	91 	91 
002994 	164 	75 	91 	91 
002995 	164 	75 	91 	91 
002996 	164 	75 	91 	91 
002997 	150 	66 	108 	109 
002998 	150 	66 	108 	109 
002999 	150 	66 	108 	109 
003000 	150 	66 	108 	109 
003001 	150 	66 	108 	109 
003002 	150 	66 	108 	109 
003003 	150 	66 	108 	109 
003004 	150 	66 	108 	109 
003005 	150 	66 	108 	109 
003006 	150 	66 	108 	109 
003007 	150 	66 	108 	109 
003008 	154 	75 	91 	91 
003009 	150 	66 	108 	109 
003010 	154 	75 	91 	91 
003011 	154 	75 	91 	91 
003012 	150 	66 	108 	109 
003013 	154 	75 	91 	91 
003014 	154 	75 	91 	91 
003015 	154 	75 	91 	91 
003016 	150 	78 	108 	109 
003017 	154 	75 	91 	91 
003018 	154 	75 	91 	91 
003019 	154 	75 	91 	91 
003020 	154 	75 	91 	91 
003021 	154 	75 	91 	91 
003022 	138 	66 	108 	109 
003023 	138 	66 	108 	109 
003024 	138 	66 	108 	109 
003025 	138 	66 	108 	109 
003026 	138 	66 	108 	109 
003027 	138 	66 	108 	109 
003028 	144 	85 	91 	91 
003029 	144 	85 	91 	91 
003030 	144 	85 	91 	91 
003031 	144 	85 	91 	91 
003032 	144 	75 	91 	91 
003033 	138 	66 	108 	109 
003034 	138 	66 	108 	109 
003035 	138 	66 	108 	109 
003036 	138 	66 	108 	109 
003037 	144 	85 	91 	91 
003038 	144 	85 	91 	91 
003039 	144 	85 	91 	91 
003040 	144 	85 	91 	91 
003041 	144 	85 	91 	91 
003042 	144 	85 	91 	91 
003043 	138 	66 	108 	109 
003044 	138 	66 	108 	109 
003045 	138 	66 	108 	109 
003046 	138 	66 	108 	109 
003047 	138 	66 	108 	109 
003048 	138 	66 	108 	109 
003049 	138 	66 	108 	109 
003050 	138 	66 	108 	109 
003051 	138 	66 	108 	109 
003052 	154 	75 	91 	91 
003053 	150 	66 	108 	109 
003054 	150 	66 	108 	109 
003055 	150 	66 	108 	109 
003056 	150 	66 	108 	109 
003057 	150 	66 	108 	109 
003058 	150 	66 	108 	109 
003059 	150 	66 	108 	109 
003060 	150 	66 	108 	109 
003061 	150 	66 	108 	109 
003062 	150 	66 	108 	109 
003063 	150 	66 	108 	109 
003064 	164 	65 	91 	91 
003065 	164 	65 	91 	91 
003066 	164 	65 	91 	91 
003067 	164 	75 	91 	91 
003068 	161 	66 	109 	109 
003069 	161 	66 	109 	109 
003070 	161 	66 	109 	109 
003071 	161 	66 	109 	109 
003072 	161 	66 	109 	109 
003073 	161 	66 	109 	109 
003074 	161 	66 	109 	109 
003075 	161 	66 	109 	109 
003076 	161 	66 	109 	109 
003077 	161 	66 	109 	109 
003078 	174 	75 	91 	91 
003079 	174 	75 	91 	91 
003080 	161 	66 	109 	109 
003081 	161 	66 	109 	109 
003082 	161 	66 	109 	109 
003083 	161 	66 	109 	109 
003084 	161 	66 	109 	109 
003085 	161 	66 	109 	109 
003086 	161 	66 	109 	109 
003087 	161 	66 	109 	109 
003088 	161 	66 	109 	109 
003089 	161 	66 	109 	109 
003090 	161 	66 	109 	109 
003091 	161 	66 	109 	109 
003092 	161 	66 	109 	109 
003093 	161 	66 	109 	109 
003094 	161 	66 	109 	109 
003095 	164 	75 	91 	91 
003096 	164 	75 	91 	91 
003097 	164 	75 	91 	91 
003098 	164 	75 	91 	91 
003099 	150 	66 	108 	109 
003100 	150 	66 	108 	109 
003101 	150 	66 	108 	109 
003102 	150 	66 	108 	109 
003103 	150 	66 	108 	109 
003104 	150 	66 	108 	109 
003105 	150 	66 	108 	109 
003106 	150 	66 	108 	109 
003107 	150 	66 	108 	109 
003108 	154 	75 	91 	91 
003109 	154 	75 	91 	91 
003110 	154 	75 	91 	91 
003111 	154 	75 	91 	91 
003112 	138 	66 	108 	109 
003113 	138 	66 	108 	109 
003114 	138 	66 	108 	109 
003115 	138 	66 	108 	109 
003116 	144 	75 	91 	91 
003117 	138 	66 	108 	109 
003118 	138 	66 	108 	109 
003119 	154 	75 	91 	91 
003120 	154 	75 	91 	91 
003121 	154 	75 	91 	91 
003122 	154 	75 	91 	91 
003123 	154 	75 	91 	91 
003124 	154 	75 	91 	91 
003125 	154 	75 	91 	91 
003126 	154 	75 	91 	91 
003127 	154 	75 	91 	91 
003128 	150 	66 	108 	109 
003129 	150 	66 	108 	109 
003130 	150 	66 	108 	109 
003131 	150 	66 	108 	109 
003132 	150 	66 	108 	109 
003133 	150 	66 	108 	109 
003134 	154 	75 	91 	91 
003135 	154 	75 	91 	91 
003136 	154 	75 	91 	91 
003137 	154 	75 	91 	91 
003138 	154 	75 	91 	91 
003139 	154 	75 	91 	91 
003140 	150 	78 	108 	109 
003141 	150 	78 	108 	109 
003142 	150 	78 	108 	109 
003143 	150 	78 	108 	109 
003144 	150 	78 	108 	109 
003145 	150 	78 	108 	109 
003146 	150 	78 	108 	109 
003147 	150 	78 	108 	109 
003148 	164 	75 	91 	91 
003149 	164 	75 	91 	91 
003150 	161 	66 	109 	109 
003151 	161 	66 	109 	109 
003152 	161 	66 	109 	109 
003153 	161 	66 	109 	109 
003154 	174 	75 	91 	91 
003155 	174 	75 	91 	91 
003156 	174 	75 	91 	91 
003157 	174 	75 	91 	91 
003158 	161 	66 	109 	109 
003159 	174 	75 	91 	91 
003160 	174 	75 	91 	91 
003161 	161 	66 	109 	109 
003162 	161 	66 	109 	109 
003163 	161 	66 	109 	109 
003164 	161 	66 	109 	109 
003165 	161 	66 	109 	109 
003166 	161 	66 	109 	109 
003167 	161 	66 	109 	109 
003168 	164 	75 	91 	91 
003169 	164 	75 	91 	91 
003170 	164 	75 	91 	91 
003171 	164 	75 	91 	91 
003172 	164 	75 	91 	91 
003173 	164 	75 	91 	91 
003174 	164 	75 	91 	91 
003175 	164 	75 	91 	91 
003176 	164 	75 	91 	91 
003177 	164 	75 	91 	91 
003178 	164 	75 	91 	91 
003179 	150 	66 	108 	109 
003180 	150 	66 	108 	109 
003181 	150 	66 	108 	109 
003182 	150 	66 	108 	109 
003183 	154 	75 	91 	91 
003184 	154 	75 	91 	91 
003185 	154 	75 	91 	91 
003186 	154 	75 	91 	91 
003187 	154 	75 	91 	91 
003188 	154 	75 	91 	91 
003189 	154 	75 	91 	91 
003190 	154 	75 	91 	91 
