Identity  : 	id10283
Reference : 	uA1E_38TuTw
Offset    : 	-2
FV Conf   : 	17.932
ASD Conf  : 	7.604

FRAME 	X 	Y 	W 	H 
003095 	388 	78 	109 	109 
003096 	388 	78 	109 	109 
003097 	388 	78 	109 	109 
003098 	388 	78 	109 	109 
003099 	388 	78 	109 	109 
003100 	388 	78 	109 	109 
003101 	388 	78 	109 	109 
003102 	388 	78 	109 	109 
003103 	388 	78 	109 	109 
003104 	388 	78 	109 	109 
003105 	388 	78 	109 	109 
003106 	388 	78 	109 	109 
003107 	388 	78 	109 	109 
003108 	388 	78 	109 	109 
003109 	388 	78 	109 	109 
003110 	388 	78 	109 	109 
003111 	388 	78 	109 	109 
003112 	388 	78 	109 	109 
003113 	388 	78 	109 	109 
003114 	388 	78 	109 	109 
003115 	388 	78 	109 	109 
003116 	388 	78 	109 	109 
003117 	388 	78 	109 	109 
003118 	388 	78 	109 	109 
003119 	388 	78 	109 	109 
003120 	388 	78 	109 	109 
003121 	388 	78 	109 	109 
003122 	388 	78 	109 	109 
003123 	388 	78 	109 	109 
003124 	388 	78 	109 	109 
003125 	388 	78 	109 	109 
003126 	388 	78 	109 	109 
003127 	388 	78 	109 	109 
003128 	388 	78 	109 	109 
003129 	388 	78 	109 	109 
003130 	388 	78 	109 	109 
003131 	376 	78 	109 	109 
003132 	366 	80 	130 	130 
003133 	366 	80 	130 	130 
003134 	366 	80 	130 	130 
003135 	366 	80 	130 	130 
003136 	380 	80 	130 	130 
003137 	380 	80 	130 	130 
003138 	380 	80 	130 	130 
003139 	380 	80 	130 	130 
003140 	380 	80 	130 	130 
003141 	380 	80 	130 	130 
003142 	380 	80 	130 	130 
003143 	380 	80 	130 	130 
003144 	380 	80 	130 	130 
003145 	380 	80 	130 	130 
003146 	400 	90 	109 	109 
003147 	390 	85 	120 	120 
003148 	380 	80 	130 	130 
003149 	380 	80 	130 	130 
003150 	388 	90 	109 	109 
003151 	388 	90 	109 	109 
003152 	376 	90 	109 	109 
003153 	376 	90 	109 	109 
003154 	376 	90 	109 	109 
003155 	376 	90 	109 	109 
003156 	388 	90 	109 	109 
003157 	380 	80 	130 	130 
003158 	380 	80 	130 	130 
003159 	380 	80 	130 	130 
003160 	380 	80 	130 	130 
003161 	380 	80 	130 	130 
003162 	380 	80 	130 	130 
003163 	380 	80 	130 	130 
003164 	380 	80 	130 	130 
003165 	380 	80 	130 	130 
003166 	380 	80 	130 	130 
003167 	380 	80 	130 	130 
003168 	380 	80 	130 	130 
003169 	388 	90 	109 	109 
003170 	388 	90 	109 	109 
003171 	388 	90 	109 	109 
003172 	388 	90 	109 	109 
003173 	380 	80 	130 	130 
003174 	380 	80 	130 	130 
003175 	380 	80 	130 	130 
003176 	388 	90 	109 	109 
003177 	388 	90 	109 	109 
003178 	388 	90 	109 	109 
003179 	388 	90 	109 	109 
003180 	388 	90 	109 	109 
003181 	388 	90 	109 	109 
003182 	388 	90 	109 	109 
003183 	388 	90 	109 	109 
003184 	388 	90 	109 	109 
003185 	388 	90 	109 	109 
003186 	388 	90 	109 	109 
003187 	388 	90 	109 	109 
003188 	388 	90 	109 	109 
003189 	388 	90 	109 	109 
003190 	388 	90 	109 	109 
003191 	388 	90 	109 	109 
003192 	380 	80 	130 	130 
003193 	380 	80 	130 	130 
003194 	380 	80 	130 	130 
003195 	380 	80 	130 	130 
003196 	380 	80 	130 	130 
003197 	400 	78 	109 	109 
003198 	400 	78 	109 	109 
003199 	400 	78 	109 	109 
003200 	400 	78 	109 	109 
003201 	400 	78 	109 	109 
003202 	400 	78 	109 	109 
003203 	400 	90 	109 	109 
003204 	380 	80 	130 	130 
003205 	380 	80 	130 	130 
003206 	380 	80 	130 	130 
003207 	380 	80 	130 	130 
003208 	400 	90 	109 	109 
003209 	400 	90 	109 	109 
003210 	400 	90 	109 	109 
003211 	400 	90 	109 	109 
003212 	400 	90 	109 	109 
003213 	400 	90 	109 	109 
003214 	400 	90 	109 	109 
003215 	400 	90 	109 	109 
003216 	400 	90 	109 	109 
003217 	400 	90 	109 	109 
003218 	400 	90 	109 	109 
003219 	400 	90 	109 	109 
003220 	395 	80 	130 	130 
003221 	395 	80 	130 	130 
003222 	395 	80 	130 	130 
003223 	400 	78 	109 	109 
003224 	400 	78 	109 	109 
003225 	400 	78 	109 	109 
003226 	400 	78 	109 	109 
003227 	400 	78 	109 	109 
