Identity  : 	id10297
Reference : 	0mtJFC7OJv4
Offset    : 	-2
FV Conf   : 	14.705
ASD Conf  : 	6.246

FRAME 	X 	Y 	W 	H 
003040 	203 	79 	76 	76 
003041 	195 	79 	75 	76 
003042 	195 	79 	75 	76 
003043 	194 	81 	72 	73 
003044 	192 	83 	69 	70 
003045 	191 	85 	66 	66 
003046 	190 	87 	63 	63 
003047 	186 	79 	76 	76 
003048 	197 	87 	63 	63 
003049 	195 	79 	75 	76 
003050 	203 	79 	76 	76 
003051 	203 	79 	76 	76 
003052 	203 	79 	76 	76 
003053 	203 	79 	76 	76 
003054 	203 	79 	76 	76 
003055 	203 	79 	76 	76 
003056 	203 	79 	76 	76 
003057 	203 	79 	76 	76 
003058 	203 	79 	76 	76 
003059 	203 	79 	76 	76 
003060 	195 	79 	75 	76 
003061 	197 	87 	63 	63 
003062 	197 	87 	63 	63 
003063 	186 	79 	76 	76 
003064 	190 	87 	63 	63 
003065 	186 	87 	76 	76 
003066 	186 	79 	76 	76 
003067 	195 	79 	75 	76 
003068 	195 	79 	75 	76 
003069 	203 	79 	76 	76 
003070 	203 	79 	76 	76 
003071 	199 	79 	76 	76 
003072 	194 	79 	76 	76 
003073 	190 	79 	76 	76 
003074 	186 	79 	76 	76 
003075 	178 	79 	76 	76 
003076 	178 	79 	76 	76 
003077 	178 	87 	76 	76 
003078 	178 	87 	76 	76 
003079 	178 	87 	76 	76 
003080 	182 	87 	76 	76 
003081 	186 	87 	76 	76 
003082 	190 	89 	72 	72 
003083 	193 	91 	67 	68 
003084 	197 	93 	63 	64 
003085 	195 	87 	75 	76 
003086 	195 	87 	75 	76 
003087 	195 	87 	75 	76 
003088 	195 	79 	75 	76 
003089 	195 	79 	75 	76 
003090 	197 	80 	63 	63 
003091 	197 	80 	63 	63 
003092 	197 	80 	63 	63 
003093 	195 	79 	75 	76 
003094 	195 	79 	75 	76 
003095 	195 	79 	75 	76 
003096 	195 	79 	75 	76 
003097 	197 	80 	63 	63 
003098 	186 	79 	76 	76 
003099 	186 	79 	76 	76 
003100 	197 	87 	63 	63 
003101 	197 	87 	63 	63 
003102 	197 	87 	63 	63 
003103 	197 	87 	63 	63 
003104 	186 	79 	76 	76 
003105 	186 	79 	76 	76 
003106 	178 	79 	76 	76 
003107 	178 	79 	76 	76 
003108 	178 	79 	76 	76 
003109 	178 	79 	76 	76 
003110 	178 	79 	76 	76 
003111 	178 	79 	76 	76 
003112 	178 	79 	76 	76 
003113 	178 	79 	76 	76 
003114 	178 	79 	76 	76 
003115 	178 	79 	76 	76 
003116 	178 	79 	76 	76 
003117 	178 	79 	76 	76 
003118 	178 	79 	76 	76 
003119 	186 	79 	76 	76 
003120 	186 	79 	76 	76 
003121 	186 	79 	76 	76 
003122 	186 	79 	76 	76 
003123 	186 	79 	76 	76 
003124 	186 	79 	76 	76 
003125 	186 	79 	76 	76 
003126 	186 	79 	76 	76 
003127 	186 	79 	76 	76 
003128 	186 	71 	76 	75 
003129 	186 	71 	76 	75 
003130 	186 	71 	76 	75 
003131 	197 	80 	63 	63 
003132 	197 	80 	63 	63 
003133 	195 	79 	75 	76 
003134 	195 	79 	75 	76 
003135 	195 	79 	75 	76 
003136 	195 	79 	75 	76 
003137 	195 	79 	75 	76 
003138 	195 	79 	75 	76 
003139 	195 	79 	75 	76 
003140 	197 	87 	63 	63 
003141 	195 	87 	75 	76 
003142 	195 	87 	75 	76 
003143 	195 	79 	75 	76 
003144 	195 	79 	75 	76 
003145 	195 	79 	75 	76 
003146 	195 	79 	75 	76 
003147 	195 	79 	75 	76 
003148 	195 	79 	75 	76 
003149 	195 	79 	75 	76 
003150 	195 	79 	75 	76 
003151 	195 	79 	75 	76 
003152 	195 	87 	75 	76 
003153 	195 	87 	75 	76 
003154 	197 	93 	63 	64 
003155 	195 	96 	75 	75 
003156 	195 	96 	75 	75 
003157 	195 	104 	75 	76 
003158 	195 	104 	75 	76 
003159 	195 	104 	75 	76 
003160 	195 	96 	75 	75 
003161 	195 	96 	75 	75 
003162 	195 	96 	75 	75 
003163 	184 	85 	91 	91 
003164 	195 	87 	75 	76 
003165 	186 	96 	76 	75 
003166 	186 	96 	76 	75 
003167 	186 	87 	76 	76 
003168 	186 	87 	76 	76 
003169 	186 	87 	76 	76 
003170 	186 	87 	76 	76 
003171 	186 	87 	76 	76 
003172 	186 	87 	76 	76 
003173 	186 	87 	76 	76 
003174 	186 	87 	76 	76 
003175 	186 	79 	76 	76 
003176 	186 	79 	76 	76 
003177 	186 	79 	76 	76 
003178 	186 	87 	76 	76 
003179 	186 	87 	76 	76 
003180 	186 	87 	76 	76 
003181 	186 	87 	76 	76 
003182 	186 	87 	76 	76 
003183 	186 	87 	76 	76 
003184 	186 	87 	76 	76 
003185 	186 	87 	76 	76 
003186 	186 	87 	76 	76 
003187 	186 	87 	76 	76 
003188 	186 	87 	76 	76 
003189 	186 	87 	76 	76 
003190 	186 	87 	76 	76 
003191 	186 	87 	76 	76 
003192 	186 	87 	76 	76 
003193 	186 	87 	76 	76 
003194 	186 	87 	76 	76 
003195 	186 	96 	76 	75 
003196 	186 	96 	76 	75 
003197 	197 	100 	63 	64 
003198 	195 	96 	75 	75 
003199 	186 	96 	76 	75 
003200 	184 	85 	91 	91 
003201 	195 	96 	75 	75 
003202 	184 	85 	91 	91 
003203 	197 	93 	63 	64 
003204 	197 	100 	63 	64 
003205 	195 	96 	75 	75 
003206 	195 	96 	75 	75 
003207 	195 	96 	75 	75 
003208 	195 	96 	75 	75 
003209 	197 	100 	63 	64 
003210 	186 	96 	76 	75 
003211 	186 	96 	76 	75 
003212 	186 	96 	76 	75 
003213 	186 	96 	76 	75 
003214 	186 	96 	76 	75 
003215 	186 	96 	76 	75 
003216 	186 	87 	76 	76 
003217 	186 	87 	76 	76 
003218 	186 	87 	76 	76 
003219 	186 	87 	76 	76 
003220 	186 	87 	76 	76 
003221 	186 	87 	76 	76 
003222 	186 	87 	76 	76 
003223 	186 	87 	76 	76 
003224 	184 	85 	91 	91 
003225 	184 	85 	91 	91 
003226 	186 	87 	76 	76 
003227 	186 	87 	76 	76 
003228 	186 	87 	76 	76 
003229 	186 	87 	76 	76 
003230 	186 	87 	76 	76 
003231 	184 	85 	91 	91 
003232 	184 	85 	91 	91 
003233 	184 	85 	91 	91 
003234 	184 	85 	91 	91 
003235 	184 	85 	91 	91 
003236 	195 	96 	75 	75 
003237 	195 	96 	75 	75 
003238 	195 	96 	75 	75 
003239 	184 	85 	91 	91 
003240 	195 	96 	75 	75 
003241 	184 	85 	91 	91 
003242 	195 	96 	75 	75 
003243 	195 	96 	75 	75 
003244 	195 	96 	75 	75 
003245 	195 	96 	75 	75 
003246 	195 	96 	75 	75 
003247 	195 	96 	75 	75 
003248 	195 	96 	75 	75 
003249 	195 	96 	75 	75 
003250 	195 	96 	75 	75 
003251 	195 	96 	75 	75 
003252 	184 	85 	91 	91 
003253 	184 	85 	91 	91 
003254 	186 	96 	76 	75 
003255 	186 	96 	76 	75 
003256 	186 	96 	76 	75 
003257 	186 	96 	76 	75 
003258 	184 	85 	91 	91 
003259 	184 	85 	91 	91 
003260 	195 	87 	75 	76 
003261 	195 	87 	75 	76 
003262 	195 	87 	75 	76 
003263 	195 	87 	75 	76 
003264 	195 	87 	75 	76 
003265 	195 	79 	75 	76 
003266 	195 	87 	75 	76 
003267 	195 	87 	75 	76 
003268 	195 	87 	75 	76 
003269 	195 	87 	75 	76 
003270 	195 	87 	75 	76 
003271 	195 	87 	75 	76 
003272 	195 	87 	75 	76 
003273 	195 	87 	75 	76 
003274 	195 	87 	75 	76 
003275 	195 	87 	75 	76 
003276 	195 	87 	75 	76 
003277 	195 	87 	75 	76 
003278 	195 	87 	75 	76 
003279 	195 	87 	75 	76 
003280 	195 	87 	75 	76 
003281 	195 	87 	75 	76 
003282 	195 	87 	75 	76 
003283 	195 	87 	75 	76 
003284 	195 	87 	75 	76 
003285 	195 	87 	75 	76 
003286 	195 	87 	75 	76 
003287 	195 	87 	75 	76 
003288 	195 	87 	75 	76 
003289 	195 	96 	75 	75 
003290 	186 	96 	76 	75 
003291 	186 	96 	76 	75 
003292 	184 	85 	91 	91 
003293 	197 	93 	63 	64 
003294 	186 	87 	76 	76 
003295 	186 	87 	76 	76 
003296 	186 	87 	76 	76 
003297 	186 	87 	76 	76 
003298 	186 	87 	76 	76 
003299 	186 	87 	76 	76 
