Identity  : 	id10274
Reference : 	L9q6XabEpEI
Offset    : 	0
FV Conf   : 	16.874
ASD Conf  : 	8.829

FRAME 	X 	Y 	W 	H 
002988 	174 	75 	91 	91 
002989 	161 	66 	109 	109 
002990 	161 	66 	109 	109 
002991 	161 	66 	109 	109 
002992 	161 	66 	109 	109 
002993 	161 	66 	109 	109 
002994 	161 	66 	109 	109 
002995 	164 	75 	91 	91 
002996 	164 	75 	91 	91 
002997 	164 	75 	91 	91 
002998 	164 	75 	91 	91 
002999 	174 	75 	91 	91 
003000 	174 	75 	91 	91 
003001 	174 	75 	91 	91 
003002 	174 	75 	91 	91 
003003 	174 	75 	91 	91 
003004 	174 	75 	91 	91 
003005 	161 	66 	109 	109 
003006 	174 	75 	91 	91 
003007 	161 	66 	109 	109 
003008 	174 	75 	91 	91 
003009 	161 	66 	109 	109 
003010 	174 	85 	91 	91 
003011 	174 	85 	91 	91 
003012 	174 	85 	91 	91 
003013 	174 	85 	91 	91 
003014 	161 	78 	109 	109 
003015 	161 	78 	109 	109 
003016 	161 	78 	109 	109 
003017 	174 	95 	91 	91 
003018 	184 	95 	91 	91 
003019 	184 	95 	91 	91 
003020 	184 	95 	91 	91 
003021 	184 	95 	91 	91 
003022 	184 	95 	91 	91 
003023 	184 	95 	91 	91 
003024 	184 	95 	91 	91 
003025 	184 	95 	91 	91 
003026 	184 	95 	91 	91 
003027 	184 	95 	91 	91 
003028 	186 	104 	76 	76 
003029 	184 	95 	91 	91 
003030 	184 	95 	91 	91 
003031 	184 	95 	91 	91 
003032 	184 	95 	91 	91 
003033 	184 	95 	91 	91 
003034 	184 	95 	91 	91 
003035 	184 	95 	91 	91 
003036 	184 	95 	91 	91 
003037 	184 	95 	91 	91 
003038 	184 	95 	91 	91 
003039 	184 	95 	91 	91 
003040 	184 	95 	91 	91 
003041 	173 	78 	109 	109 
003042 	173 	78 	109 	109 
003043 	173 	78 	109 	109 
003044 	173 	78 	109 	109 
003045 	173 	78 	109 	109 
003046 	173 	78 	109 	109 
003047 	173 	78 	109 	109 
003048 	173 	78 	109 	109 
003049 	173 	78 	109 	109 
003050 	173 	78 	109 	109 
003051 	173 	78 	109 	109 
003052 	173 	78 	109 	109 
003053 	184 	85 	91 	91 
003054 	184 	85 	91 	91 
003055 	173 	78 	109 	109 
003056 	173 	78 	109 	109 
003057 	184 	85 	91 	91 
003058 	184 	85 	91 	91 
003059 	184 	85 	91 	91 
003060 	184 	85 	91 	91 
003061 	184 	85 	91 	91 
003062 	184 	85 	91 	91 
003063 	194 	85 	91 	91 
003064 	194 	85 	91 	91 
003065 	194 	85 	91 	91 
003066 	194 	85 	91 	91 
003067 	194 	85 	91 	91 
003068 	194 	85 	91 	91 
003069 	194 	85 	91 	91 
003070 	194 	85 	91 	91 
003071 	194 	85 	91 	91 
003072 	194 	85 	91 	91 
003073 	173 	66 	109 	109 
003074 	173 	66 	109 	109 
003075 	173 	66 	109 	109 
003076 	173 	66 	109 	109 
003077 	173 	66 	109 	109 
003078 	173 	66 	109 	109 
003079 	184 	75 	91 	91 
003080 	173 	66 	109 	109 
003081 	184 	75 	91 	91 
003082 	184 	75 	91 	91 
003083 	173 	66 	109 	109 
003084 	173 	66 	109 	109 
003085 	173 	66 	109 	109 
003086 	173 	66 	109 	109 
003087 	173 	66 	109 	109 
003088 	184 	75 	91 	91 
003089 	184 	75 	91 	91 
003090 	184 	75 	91 	91 
003091 	184 	75 	91 	91 
003092 	184 	75 	91 	91 
003093 	184 	75 	91 	91 
003094 	184 	65 	91 	91 
003095 	194 	75 	91 	91 
003096 	194 	75 	91 	91 
003097 	194 	75 	91 	91 
003098 	194 	75 	91 	91 
003099 	194 	75 	91 	91 
003100 	194 	75 	91 	91 
003101 	194 	75 	91 	91 
003102 	194 	75 	91 	91 
003103 	194 	75 	91 	91 
003104 	204 	75 	91 	91 
003105 	204 	75 	91 	91 
003106 	214 	75 	91 	91 
003107 	214 	75 	91 	91 
003108 	214 	75 	91 	91 
003109 	214 	75 	91 	91 
003110 	214 	75 	91 	91 
003111 	214 	75 	91 	91 
003112 	209 	66 	109 	109 
003113 	209 	66 	109 	109 
003114 	209 	66 	109 	109 
003115 	209 	66 	109 	109 
003116 	209 	66 	109 	109 
003117 	209 	66 	109 	109 
003118 	209 	66 	109 	109 
003119 	224 	85 	91 	91 
003120 	224 	85 	91 	91 
003121 	224 	85 	91 	91 
003122 	224 	85 	91 	91 
003123 	224 	85 	91 	91 
003124 	224 	85 	91 	91 
003125 	224 	85 	91 	91 
003126 	224 	85 	91 	91 
003127 	224 	85 	91 	91 
003128 	224 	85 	91 	91 
003129 	224 	85 	91 	91 
003130 	224 	85 	91 	91 
003131 	224 	85 	91 	91 
003132 	224 	85 	91 	91 
003133 	224 	85 	91 	91 
003134 	224 	85 	91 	91 
003135 	209 	66 	109 	109 
003136 	209 	66 	109 	109 
003137 	209 	66 	109 	109 
003138 	209 	66 	109 	109 
003139 	224 	75 	91 	91 
003140 	224 	75 	91 	91 
003141 	224 	75 	91 	91 
003142 	224 	75 	91 	91 
003143 	224 	65 	91 	91 
003144 	221 	54 	109 	109 
003145 	221 	54 	109 	109 
003146 	221 	54 	109 	109 
003147 	221 	54 	109 	109 
003148 	234 	55 	90 	91 
003149 	233 	54 	109 	109 
003150 	244 	55 	90 	91 
003151 	244 	55 	90 	91 
003152 	244 	55 	90 	91 
003153 	254 	55 	90 	91 
003154 	254 	55 	90 	91 
003155 	254 	55 	90 	91 
003156 	254 	55 	90 	91 
003157 	254 	55 	90 	91 
003158 	254 	55 	90 	91 
003159 	264 	55 	90 	91 
003160 	264 	55 	90 	91 
003161 	264 	55 	90 	91 
003162 	264 	55 	90 	91 
003163 	264 	65 	90 	91 
003164 	264 	65 	90 	91 
003165 	264 	65 	90 	91 
003166 	264 	65 	90 	91 
003167 	264 	65 	90 	91 
003168 	264 	65 	90 	91 
