Identity  : 	id10274
Reference : 	L9q6XabEpEI
Offset    : 	0
FV Conf   : 	19.695
ASD Conf  : 	7.902

FRAME 	X 	Y 	W 	H 
004704 	204 	65 	91 	91 
004705 	204 	65 	91 	91 
004706 	204 	65 	91 	91 
004707 	204 	65 	91 	91 
004708 	185 	54 	109 	109 
004709 	185 	54 	109 	109 
004710 	204 	65 	91 	91 
004711 	204 	65 	91 	91 
004712 	204 	65 	91 	91 
004713 	204 	65 	91 	91 
004714 	204 	65 	91 	91 
004715 	204 	65 	91 	91 
004716 	204 	65 	91 	91 
004717 	197 	54 	109 	109 
004718 	197 	54 	109 	109 
004719 	214 	55 	91 	91 
004720 	224 	65 	91 	91 
004721 	224 	65 	91 	91 
004722 	234 	65 	90 	91 
004723 	244 	65 	90 	91 
004724 	244 	65 	90 	91 
004725 	244 	55 	90 	91 
004726 	245 	54 	109 	109 
004727 	245 	54 	109 	109 
004728 	254 	65 	90 	91 
004729 	254 	65 	90 	91 
004730 	264 	65 	90 	91 
004731 	264 	65 	90 	91 
004732 	264 	65 	90 	91 
004733 	264 	75 	90 	91 
004734 	264 	75 	90 	91 
004735 	264 	75 	90 	91 
004736 	264 	75 	90 	91 
004737 	264 	75 	90 	91 
004738 	264 	75 	90 	91 
004739 	264 	75 	90 	91 
004740 	264 	75 	90 	91 
004741 	264 	85 	90 	91 
004742 	264 	85 	90 	91 
004743 	264 	85 	90 	91 
004744 	264 	85 	90 	91 
004745 	264 	85 	90 	91 
004746 	264 	85 	90 	91 
004747 	264 	85 	90 	91 
004748 	264 	85 	90 	91 
004749 	264 	85 	90 	91 
004750 	264 	85 	90 	91 
004751 	264 	85 	90 	91 
004752 	264 	85 	90 	91 
004753 	264 	85 	90 	91 
004754 	264 	85 	90 	91 
004755 	264 	85 	90 	91 
004756 	264 	85 	90 	91 
004757 	264 	85 	90 	91 
004758 	264 	85 	90 	91 
004759 	264 	85 	90 	91 
004760 	264 	85 	90 	91 
004761 	264 	85 	90 	91 
004762 	264 	85 	90 	91 
004763 	264 	85 	90 	91 
004764 	264 	85 	90 	91 
004765 	264 	75 	90 	91 
004766 	257 	66 	109 	109 
004767 	257 	66 	109 	109 
004768 	257 	66 	109 	109 
004769 	257 	66 	109 	109 
004770 	257 	66 	109 	109 
004771 	257 	66 	109 	109 
004772 	264 	75 	90 	91 
004773 	257 	66 	109 	109 
004774 	257 	66 	109 	109 
004775 	264 	75 	90 	91 
004776 	257 	66 	109 	109 
004777 	257 	66 	109 	109 
004778 	257 	66 	109 	109 
004779 	245 	66 	109 	109 
004780 	245 	66 	109 	109 
004781 	245 	66 	109 	109 
004782 	245 	66 	109 	109 
004783 	245 	66 	109 	109 
004784 	245 	66 	109 	109 
004785 	264 	75 	90 	91 
004786 	264 	75 	90 	91 
004787 	257 	54 	109 	109 
004788 	257 	54 	109 	109 
004789 	274 	75 	90 	91 
004790 	274 	75 	90 	91 
004791 	269 	66 	108 	109 
004792 	269 	66 	108 	109 
004793 	284 	75 	90 	91 
004794 	284 	75 	90 	91 
004795 	284 	75 	90 	91 
004796 	281 	66 	108 	109 
004797 	281 	66 	108 	109 
004798 	281 	66 	108 	109 
004799 	294 	75 	90 	91 
004800 	294 	75 	90 	91 
004801 	294 	75 	90 	91 
004802 	293 	66 	108 	109 
004803 	293 	66 	108 	109 
004804 	293 	66 	108 	109 
004805 	293 	66 	108 	109 
004806 	293 	66 	108 	109 
004807 	293 	66 	108 	109 
004808 	304 	75 	90 	91 
004809 	304 	75 	90 	91 
004810 	304 	75 	90 	91 
004811 	293 	66 	108 	109 
004812 	293 	66 	108 	109 
004813 	293 	66 	108 	109 
004814 	294 	75 	90 	91 
004815 	294 	75 	90 	91 
004816 	281 	66 	108 	109 
004817 	281 	66 	108 	109 
004818 	284 	75 	90 	91 
004819 	269 	66 	108 	109 
004820 	274 	75 	90 	91 
004821 	257 	66 	109 	109 
004822 	264 	75 	90 	91 
004823 	254 	75 	90 	91 
004824 	244 	75 	90 	91 
004825 	234 	75 	90 	91 
004826 	234 	75 	90 	91 
004827 	234 	75 	90 	91 
004828 	224 	75 	91 	91 
004829 	224 	75 	91 	91 
004830 	234 	75 	90 	91 
004831 	234 	85 	90 	91 
004832 	234 	85 	90 	91 
004833 	233 	66 	109 	109 
004834 	233 	66 	109 	109 
004835 	244 	75 	90 	91 
004836 	244 	75 	90 	91 
004837 	233 	66 	109 	109 
004838 	244 	75 	90 	91 
004839 	244 	75 	90 	91 
004840 	244 	75 	90 	91 
004841 	244 	75 	90 	91 
004842 	245 	54 	109 	109 
004843 	245 	54 	109 	109 
004844 	254 	65 	90 	91 
004845 	254 	65 	90 	91 
004846 	254 	65 	90 	91 
004847 	254 	65 	90 	91 
004848 	254 	75 	90 	91 
004849 	254 	75 	90 	91 
004850 	254 	75 	90 	91 
004851 	254 	75 	90 	91 
004852 	264 	75 	90 	91 
004853 	264 	75 	90 	91 
004854 	257 	66 	109 	109 
004855 	257 	66 	109 	109 
004856 	257 	66 	109 	109 
004857 	245 	66 	109 	109 
004858 	254 	75 	90 	91 
004859 	245 	66 	109 	109 
004860 	244 	85 	90 	91 
004861 	244 	85 	90 	91 
004862 	245 	66 	109 	109 
004863 	245 	66 	109 	109 
004864 	245 	66 	109 	109 
004865 	245 	66 	109 	109 
004866 	257 	66 	109 	109 
004867 	264 	85 	90 	91 
004868 	254 	85 	90 	91 
004869 	245 	66 	109 	109 
004870 	257 	66 	109 	109 
004871 	257 	66 	109 	109 
004872 	257 	66 	109 	109 
004873 	257 	66 	109 	109 
004874 	264 	75 	90 	91 
004875 	257 	66 	109 	109 
004876 	257 	66 	109 	109 
004877 	264 	85 	90 	91 
004878 	264 	85 	90 	91 
004879 	264 	85 	90 	91 
004880 	264 	85 	90 	91 
004881 	254 	85 	90 	91 
004882 	254 	85 	90 	91 
004883 	254 	85 	90 	91 
004884 	254 	85 	90 	91 
004885 	254 	85 	90 	91 
004886 	254 	85 	90 	91 
004887 	254 	85 	90 	91 
