Identity  : 	id10274
Reference : 	L9q6XabEpEI
Offset    : 	0
FV Conf   : 	18.700
ASD Conf  : 	7.885

FRAME 	X 	Y 	W 	H 
003352 	197 	66 	109 	109 
003353 	197 	66 	109 	109 
003354 	197 	66 	109 	109 
003355 	197 	66 	109 	109 
003356 	209 	66 	109 	109 
003357 	209 	66 	109 	109 
003358 	209 	66 	109 	109 
003359 	197 	66 	109 	109 
003360 	197 	66 	109 	109 
003361 	204 	75 	91 	91 
003362 	185 	66 	109 	109 
003363 	185 	66 	109 	109 
003364 	194 	75 	91 	91 
003365 	173 	66 	109 	109 
003366 	173 	66 	109 	109 
003367 	173 	66 	109 	109 
003368 	173 	66 	109 	109 
003369 	173 	66 	109 	109 
003370 	185 	66 	109 	109 
003371 	185 	66 	109 	109 
003372 	204 	85 	91 	91 
003373 	214 	85 	91 	91 
003374 	214 	85 	91 	91 
003375 	214 	85 	91 	91 
003376 	214 	85 	91 	91 
003377 	214 	85 	91 	91 
003378 	197 	78 	109 	109 
003379 	204 	85 	91 	91 
003380 	204 	85 	91 	91 
003381 	204 	85 	91 	91 
003382 	204 	85 	91 	91 
003383 	204 	85 	91 	91 
003384 	197 	78 	109 	109 
003385 	214 	85 	91 	91 
003386 	214 	85 	91 	91 
003387 	214 	95 	91 	91 
003388 	214 	95 	91 	91 
003389 	197 	78 	109 	109 
003390 	197 	78 	109 	109 
003391 	197 	78 	109 	109 
003392 	197 	78 	109 	109 
003393 	197 	78 	109 	109 
003394 	214 	85 	91 	91 
003395 	214 	85 	91 	91 
003396 	214 	85 	91 	91 
003397 	214 	85 	91 	91 
003398 	214 	85 	91 	91 
003399 	214 	85 	91 	91 
003400 	214 	85 	91 	91 
003401 	214 	85 	91 	91 
003402 	214 	85 	91 	91 
003403 	214 	85 	91 	91 
003404 	214 	85 	91 	91 
003405 	197 	78 	109 	109 
003406 	197 	78 	109 	109 
003407 	197 	78 	109 	109 
003408 	197 	78 	109 	109 
003409 	197 	78 	109 	109 
003410 	197 	78 	109 	109 
003411 	214 	95 	91 	91 
003412 	214 	95 	91 	91 
003413 	214 	95 	91 	91 
003414 	214 	95 	91 	91 
003415 	214 	95 	91 	91 
003416 	214 	95 	91 	91 
003417 	197 	78 	109 	109 
003418 	197 	78 	109 	109 
003419 	214 	85 	91 	91 
003420 	197 	78 	109 	109 
003421 	214 	85 	91 	91 
003422 	214 	85 	91 	91 
003423 	214 	85 	91 	91 
003424 	214 	85 	91 	91 
003425 	214 	85 	91 	91 
003426 	214 	85 	91 	91 
003427 	214 	85 	91 	91 
003428 	214 	85 	91 	91 
003429 	214 	85 	91 	91 
003430 	214 	85 	91 	91 
003431 	214 	85 	91 	91 
003432 	214 	85 	91 	91 
003433 	214 	85 	91 	91 
003434 	214 	85 	91 	91 
003435 	214 	75 	91 	91 
003436 	209 	66 	109 	109 
003437 	224 	85 	91 	91 
003438 	224 	85 	91 	91 
003439 	224 	85 	91 	91 
003440 	224 	85 	91 	91 
003441 	234 	85 	90 	91 
003442 	244 	85 	90 	91 
003443 	254 	85 	90 	91 
003444 	254 	85 	90 	91 
003445 	245 	66 	109 	109 
003446 	257 	66 	109 	109 
003447 	257 	66 	109 	109 
003448 	257 	66 	109 	109 
003449 	257 	66 	109 	109 
003450 	257 	66 	109 	109 
003451 	257 	66 	109 	109 
003452 	257 	66 	109 	109 
003453 	257 	66 	109 	109 
003454 	257 	66 	109 	109 
003455 	257 	66 	109 	109 
003456 	274 	85 	90 	91 
003457 	274 	85 	90 	91 
003458 	269 	78 	108 	109 
003459 	269 	78 	108 	109 
003460 	269 	78 	108 	109 
003461 	274 	85 	90 	91 
003462 	274 	85 	90 	91 
003463 	274 	85 	90 	91 
003464 	274 	85 	90 	91 
003465 	269 	66 	108 	109 
