Identity  : 	id10300
Reference : 	ize_eiCFEg0
Offset    : 	0
FV Conf   : 	14.261
ASD Conf  : 	4.199

FRAME 	X 	Y 	W 	H 
000750 	194 	145 	91 	90 
000751 	194 	145 	91 	90 
000752 	194 	145 	91 	90 
000753 	185 	126 	109 	109 
000754 	194 	145 	91 	90 
000755 	185 	126 	109 	109 
000756 	194 	145 	91 	90 
000757 	194 	145 	91 	90 
000758 	194 	145 	91 	90 
000759 	194 	135 	91 	90 
000760 	185 	126 	109 	109 
000761 	194 	145 	91 	90 
000762 	194 	145 	91 	90 
000763 	185 	126 	109 	109 
000764 	194 	145 	91 	90 
000765 	194 	135 	91 	90 
000766 	194 	135 	91 	90 
000767 	173 	126 	109 	109 
000768 	173 	126 	109 	109 
000769 	173 	126 	109 	109 
000770 	173 	126 	109 	109 
000771 	173 	126 	109 	109 
000772 	173 	126 	109 	109 
000773 	173 	126 	109 	109 
000774 	151 	109 	130 	130 
000775 	151 	109 	130 	130 
000776 	151 	109 	130 	130 
000777 	151 	109 	130 	130 
000778 	151 	109 	130 	130 
000779 	151 	109 	130 	130 
000780 	151 	109 	130 	130 
000781 	151 	109 	130 	130 
000782 	151 	109 	130 	130 
000783 	151 	109 	130 	130 
000784 	151 	109 	130 	130 
000785 	151 	109 	130 	130 
000786 	151 	109 	130 	130 
000787 	151 	109 	130 	130 
000788 	151 	109 	130 	130 
000789 	151 	109 	130 	130 
000790 	151 	109 	130 	130 
000791 	151 	109 	130 	130 
000792 	151 	109 	130 	130 
000793 	161 	114 	109 	109 
000794 	161 	114 	109 	109 
000795 	161 	114 	109 	109 
000796 	151 	109 	130 	130 
000797 	151 	109 	130 	130 
000798 	151 	109 	130 	130 
000799 	151 	109 	130 	130 
000800 	151 	109 	130 	130 
000801 	151 	109 	130 	130 
000802 	151 	109 	130 	130 
000803 	151 	109 	130 	130 
000804 	151 	109 	130 	130 
000805 	151 	109 	130 	130 
000806 	173 	126 	109 	109 
000807 	173 	126 	109 	109 
000808 	173 	126 	109 	109 
000809 	173 	126 	109 	109 
000810 	165 	109 	130 	130 
000811 	165 	109 	130 	130 
000812 	173 	126 	109 	109 
000813 	173 	126 	109 	109 
000814 	173 	126 	109 	109 
000815 	173 	126 	109 	109 
000816 	173 	126 	109 	109 
000817 	173 	126 	109 	109 
000818 	173 	126 	109 	109 
000819 	173 	126 	109 	109 
000820 	151 	109 	130 	130 
000821 	151 	109 	130 	130 
000822 	151 	109 	130 	130 
000823 	161 	126 	109 	109 
000824 	151 	109 	130 	130 
000825 	151 	109 	130 	130 
000826 	173 	138 	109 	109 
000827 	173 	138 	109 	109 
000828 	173 	138 	109 	109 
000829 	173 	138 	109 	109 
000830 	165 	123 	130 	130 
000831 	165 	123 	130 	130 
000832 	165 	123 	130 	130 
000833 	165 	123 	130 	130 
000834 	165 	123 	130 	130 
000835 	165 	123 	130 	130 
000836 	165 	123 	130 	130 
000837 	173 	126 	109 	109 
000838 	173 	126 	109 	109 
000839 	173 	126 	109 	109 
000840 	173 	126 	109 	109 
000841 	173 	126 	109 	109 
000842 	173 	126 	109 	109 
000843 	173 	126 	109 	109 
000844 	173 	126 	109 	109 
000845 	173 	126 	109 	109 
000846 	173 	126 	109 	109 
000847 	173 	126 	109 	109 
000848 	173 	126 	109 	109 
000849 	173 	126 	109 	109 
000850 	173 	126 	109 	109 
000851 	173 	126 	109 	109 
000852 	173 	126 	109 	109 
000853 	173 	126 	109 	109 
000854 	173 	126 	109 	109 
000855 	173 	126 	109 	109 
000856 	173 	126 	109 	109 
000857 	173 	126 	109 	109 
000858 	173 	126 	109 	109 
000859 	173 	126 	109 	109 
000860 	173 	126 	109 	109 
000861 	151 	109 	130 	130 
000862 	151 	109 	130 	130 
000863 	173 	126 	109 	109 
