Identity  : 	id10300
Reference : 	ize_eiCFEg0
Offset    : 	0
FV Conf   : 	14.220
ASD Conf  : 	6.147

FRAME 	X 	Y 	W 	H 
001622 	161 	126 	109 	109 
001623 	173 	126 	109 	109 
001624 	173 	126 	109 	109 
001625 	194 	135 	91 	90 
001626 	194 	135 	91 	90 
001627 	194 	135 	91 	90 
001628 	194 	135 	91 	90 
001629 	194 	135 	91 	90 
001630 	194 	135 	91 	90 
001631 	185 	114 	109 	109 
001632 	194 	135 	91 	90 
001633 	165 	109 	130 	130 
001634 	173 	114 	109 	109 
001635 	173 	114 	109 	109 
001636 	173 	114 	109 	109 
001637 	161 	114 	109 	109 
001638 	161 	114 	109 	109 
001639 	161 	114 	109 	109 
001640 	161 	114 	109 	109 
001641 	161 	114 	109 	109 
001642 	161 	114 	109 	109 
001643 	161 	114 	109 	109 
001644 	161 	114 	109 	109 
001645 	161 	114 	109 	109 
001646 	161 	114 	109 	109 
001647 	161 	114 	109 	109 
001648 	161 	114 	109 	109 
001649 	161 	114 	109 	109 
001650 	161 	114 	109 	109 
001651 	161 	114 	109 	109 
001652 	161 	114 	109 	109 
001653 	161 	114 	109 	109 
001654 	161 	114 	109 	109 
001655 	161 	114 	109 	109 
001656 	161 	114 	109 	109 
001657 	161 	114 	109 	109 
001658 	161 	114 	109 	109 
001659 	161 	114 	109 	109 
001660 	161 	114 	109 	109 
001661 	161 	114 	109 	109 
001662 	161 	114 	109 	109 
001663 	161 	114 	109 	109 
001664 	161 	114 	109 	109 
001665 	161 	114 	109 	109 
001666 	137 	94 	130 	130 
001667 	137 	94 	130 	130 
001668 	150 	126 	108 	109 
001669 	137 	109 	130 	130 
001670 	150 	114 	108 	109 
001671 	137 	94 	130 	130 
001672 	150 	114 	108 	109 
001673 	150 	114 	108 	109 
001674 	137 	109 	130 	130 
001675 	138 	114 	108 	109 
001676 	137 	109 	130 	130 
001677 	137 	109 	130 	130 
001678 	137 	109 	130 	130 
001679 	150 	126 	108 	109 
001680 	150 	126 	108 	109 
001681 	150 	126 	108 	109 
001682 	150 	126 	108 	109 
001683 	150 	126 	108 	109 
001684 	150 	126 	108 	109 
001685 	150 	114 	108 	109 
001686 	164 	125 	91 	90 
001687 	161 	114 	109 	109 
001688 	161 	114 	109 	109 
001689 	161 	114 	109 	109 
001690 	161 	102 	109 	109 
001691 	161 	102 	109 	109 
001692 	161 	102 	109 	109 
001693 	161 	102 	109 	109 
001694 	161 	102 	109 	109 
001695 	161 	102 	109 	109 
001696 	161 	114 	109 	109 
001697 	161 	114 	109 	109 
001698 	161 	114 	109 	109 
001699 	161 	114 	109 	109 
001700 	161 	114 	109 	109 
001701 	161 	114 	109 	109 
001702 	161 	114 	109 	109 
001703 	161 	114 	109 	109 
001704 	161 	114 	109 	109 
001705 	161 	114 	109 	109 
001706 	161 	114 	109 	109 
001707 	161 	114 	109 	109 
001708 	161 	114 	109 	109 
001709 	161 	114 	109 	109 
001710 	161 	114 	109 	109 
001711 	161 	114 	109 	109 
001712 	161 	114 	109 	109 
001713 	161 	114 	109 	109 
001714 	161 	114 	109 	109 
001715 	161 	114 	109 	109 
001716 	161 	114 	109 	109 
001717 	161 	114 	109 	109 
001718 	161 	114 	109 	109 
001719 	161 	114 	109 	109 
001720 	161 	114 	109 	109 
001721 	161 	114 	109 	109 
001722 	161 	114 	109 	109 
001723 	161 	114 	109 	109 
001724 	161 	126 	109 	109 
001725 	150 	126 	108 	109 
001726 	150 	126 	108 	109 
001727 	137 	109 	130 	130 
001728 	137 	109 	130 	130 
001729 	137 	109 	130 	130 
001730 	122 	109 	130 	130 
001731 	122 	94 	130 	130 
001732 	122 	94 	130 	130 
001733 	122 	94 	130 	130 
001734 	122 	94 	130 	130 
001735 	122 	94 	130 	130 
001736 	122 	94 	130 	130 
001737 	122 	94 	130 	130 
001738 	122 	94 	130 	130 
001739 	122 	94 	130 	130 
001740 	122 	94 	130 	130 
001741 	122 	94 	130 	130 
001742 	122 	94 	130 	130 
