Identity  : 	id10287
Reference : 	bP0bKbQQlzc
Offset    : 	-3
FV Conf   : 	22.594
ASD Conf  : 	7.186

FRAME 	X 	Y 	W 	H 
004126 	281 	78 	108 	109 
004127 	281 	78 	108 	109 
004128 	281 	78 	108 	109 
004129 	281 	78 	108 	109 
004130 	269 	78 	108 	109 
004131 	269 	78 	108 	109 
004132 	257 	78 	109 	109 
004133 	257 	78 	109 	109 
004134 	245 	78 	109 	109 
004135 	245 	78 	109 	109 
004136 	245 	78 	109 	109 
004137 	245 	78 	109 	109 
004138 	245 	78 	109 	109 
004139 	245 	78 	109 	109 
004140 	245 	78 	109 	109 
004141 	245 	78 	109 	109 
004142 	245 	78 	109 	109 
004143 	245 	78 	109 	109 
004144 	245 	78 	109 	109 
004145 	245 	78 	109 	109 
004146 	245 	78 	109 	109 
004147 	245 	78 	109 	109 
004148 	245 	78 	109 	109 
004149 	245 	78 	109 	109 
004150 	245 	78 	109 	109 
004151 	245 	78 	109 	109 
004152 	245 	78 	109 	109 
004153 	237 	66 	130 	130 
004154 	257 	78 	109 	109 
004155 	257 	78 	109 	109 
004156 	257 	78 	109 	109 
004157 	257 	78 	109 	109 
004158 	257 	78 	109 	109 
004159 	257 	78 	109 	109 
004160 	257 	78 	109 	109 
004161 	257 	78 	109 	109 
004162 	257 	78 	109 	109 
004163 	274 	85 	90 	91 
004164 	274 	85 	90 	91 
004165 	274 	85 	90 	91 
004166 	269 	78 	108 	109 
004167 	269 	78 	108 	109 
004168 	269 	78 	108 	109 
004169 	269 	78 	108 	109 
004170 	269 	78 	108 	109 
004171 	284 	95 	90 	91 
004172 	284 	95 	90 	91 
004173 	284 	95 	90 	91 
004174 	284 	95 	90 	91 
004175 	284 	95 	90 	91 
004176 	284 	95 	90 	91 
004177 	269 	90 	108 	109 
004178 	269 	90 	108 	109 
004179 	269 	90 	108 	109 
004180 	269 	78 	108 	109 
004181 	269 	78 	108 	109 
004182 	274 	85 	90 	91 
004183 	274 	85 	90 	91 
004184 	257 	78 	109 	109 
004185 	257 	66 	109 	109 
004186 	257 	66 	109 	109 
004187 	257 	66 	109 	109 
004188 	257 	66 	109 	109 
004189 	257 	66 	109 	109 
004190 	257 	78 	109 	109 
004191 	257 	66 	109 	109 
004192 	257 	66 	109 	109 
004193 	257 	66 	109 	109 
004194 	257 	66 	109 	109 
004195 	257 	78 	109 	109 
004196 	257 	78 	109 	109 
004197 	274 	85 	90 	91 
004198 	257 	78 	109 	109 
004199 	274 	85 	90 	91 
004200 	251 	66 	130 	130 
004201 	269 	78 	108 	109 
004202 	269 	78 	108 	109 
004203 	269 	78 	108 	109 
004204 	269 	78 	108 	109 
004205 	269 	78 	108 	109 
004206 	269 	78 	108 	109 
004207 	269 	78 	108 	109 
004208 	269 	78 	108 	109 
004209 	269 	78 	108 	109 
004210 	269 	78 	108 	109 
004211 	269 	78 	108 	109 
004212 	269 	78 	108 	109 
004213 	269 	78 	108 	109 
004214 	257 	78 	109 	109 
004215 	257 	78 	109 	109 
004216 	257 	66 	109 	109 
004217 	257 	66 	109 	109 
004218 	257 	66 	109 	109 
004219 	257 	66 	109 	109 
004220 	257 	66 	109 	109 
004221 	274 	85 	90 	91 
004222 	274 	85 	90 	91 
004223 	274 	85 	90 	91 
004224 	257 	78 	109 	109 
004225 	257 	78 	109 	109 
004226 	257 	78 	109 	109 
004227 	274 	95 	90 	91 
004228 	274 	95 	90 	91 
004229 	274 	95 	90 	91 
004230 	274 	95 	90 	91 
004231 	269 	78 	108 	109 
004232 	269 	78 	108 	109 
004233 	269 	78 	108 	109 
004234 	274 	95 	90 	91 
004235 	274 	95 	90 	91 
004236 	269 	90 	108 	109 
004237 	269 	78 	108 	109 
004238 	269 	78 	108 	109 
004239 	269 	78 	108 	109 
004240 	257 	78 	109 	109 
004241 	257 	78 	109 	109 
004242 	257 	78 	109 	109 
004243 	257 	78 	109 	109 
004244 	257 	66 	109 	109 
004245 	237 	66 	130 	130 
004246 	245 	78 	109 	109 
004247 	245 	78 	109 	109 
004248 	245 	78 	109 	109 
004249 	245 	78 	109 	109 
004250 	245 	78 	109 	109 
004251 	245 	78 	109 	109 
004252 	245 	78 	109 	109 
004253 	245 	66 	109 	109 
004254 	257 	66 	109 	109 
004255 	251 	51 	130 	130 
004256 	269 	54 	108 	109 
004257 	269 	54 	108 	109 
004258 	269 	54 	108 	109 
004259 	269 	54 	108 	109 
004260 	269 	66 	108 	109 
004261 	269 	66 	108 	109 
004262 	269 	66 	108 	109 
004263 	269 	66 	108 	109 
004264 	269 	66 	108 	109 
004265 	269 	66 	108 	109 
004266 	269 	66 	108 	109 
004267 	269 	66 	108 	109 
004268 	269 	66 	108 	109 
004269 	257 	66 	109 	109 
004270 	257 	78 	109 	109 
004271 	257 	78 	109 	109 
004272 	257 	78 	109 	109 
004273 	257 	78 	109 	109 
004274 	257 	78 	109 	109 
004275 	257 	78 	109 	109 
004276 	257 	78 	109 	109 
004277 	257 	78 	109 	109 
004278 	257 	78 	109 	109 
004279 	257 	78 	109 	109 
004280 	257 	78 	109 	109 
004281 	257 	78 	109 	109 
004282 	257 	78 	109 	109 
004283 	269 	78 	108 	109 
004284 	269 	78 	108 	109 
004285 	269 	78 	108 	109 
004286 	269 	78 	108 	109 
004287 	269 	78 	108 	109 
004288 	269 	78 	108 	109 
004289 	269 	78 	108 	109 
004290 	269 	78 	108 	109 
004291 	269 	78 	108 	109 
004292 	269 	78 	108 	109 
004293 	284 	85 	90 	91 
004294 	284 	85 	90 	91 
004295 	281 	78 	108 	109 
004296 	281 	78 	108 	109 
004297 	281 	78 	108 	109 
004298 	281 	78 	108 	109 
004299 	281 	78 	108 	109 
004300 	281 	78 	108 	109 
004301 	281 	78 	108 	109 
004302 	281 	78 	108 	109 
004303 	281 	78 	108 	109 
004304 	281 	78 	108 	109 
004305 	281 	78 	108 	109 
004306 	281 	78 	108 	109 
004307 	281 	78 	108 	109 
004308 	281 	78 	108 	109 
004309 	281 	78 	108 	109 
004310 	281 	78 	108 	109 
004311 	281 	78 	108 	109 
004312 	284 	85 	90 	91 
004313 	284 	85 	90 	91 
004314 	284 	85 	90 	91 
004315 	269 	78 	108 	109 
004316 	269 	78 	108 	109 
004317 	269 	78 	108 	109 
004318 	274 	85 	90 	91 
004319 	269 	78 	108 	109 
004320 	274 	85 	90 	91 
004321 	269 	78 	108 	109 
004322 	269 	78 	108 	109 
004323 	269 	78 	108 	109 
004324 	269 	78 	108 	109 
004325 	269 	78 	108 	109 
004326 	269 	78 	108 	109 
004327 	269 	78 	108 	109 
004328 	269 	78 	108 	109 
004329 	269 	78 	108 	109 
004330 	269 	78 	108 	109 
004331 	269 	78 	108 	109 
004332 	269 	78 	108 	109 
004333 	269 	78 	108 	109 
004334 	269 	78 	108 	109 
004335 	269 	78 	108 	109 
004336 	269 	78 	108 	109 
004337 	269 	78 	108 	109 
004338 	269 	78 	108 	109 
004339 	269 	78 	108 	109 
004340 	274 	85 	90 	91 
004341 	274 	85 	90 	91 
004342 	274 	85 	90 	91 
004343 	274 	85 	90 	91 
004344 	274 	85 	90 	91 
004345 	274 	85 	90 	91 
004346 	274 	85 	90 	91 
004347 	274 	85 	90 	91 
004348 	274 	85 	90 	91 
004349 	274 	85 	90 	91 
004350 	274 	85 	90 	91 
004351 	251 	66 	130 	130 
004352 	251 	66 	130 	130 
004353 	251 	66 	130 	130 
004354 	251 	66 	130 	130 
004355 	251 	66 	130 	130 
004356 	251 	66 	130 	130 
004357 	257 	78 	109 	109 
004358 	257 	78 	109 	109 
004359 	257 	78 	109 	109 
004360 	257 	78 	109 	109 
004361 	257 	78 	109 	109 
004362 	257 	78 	109 	109 
004363 	257 	78 	109 	109 
004364 	251 	66 	130 	130 
004365 	269 	78 	108 	109 
004366 	269 	78 	108 	109 
004367 	269 	78 	108 	109 
004368 	269 	78 	108 	109 
004369 	269 	78 	108 	109 
004370 	281 	78 	108 	109 
004371 	281 	78 	108 	109 
004372 	281 	78 	108 	109 
004373 	281 	78 	108 	109 
004374 	281 	78 	108 	109 
004375 	281 	78 	108 	109 
004376 	281 	78 	108 	109 
004377 	281 	78 	108 	109 
004378 	281 	78 	108 	109 
004379 	281 	78 	108 	109 
004380 	281 	78 	108 	109 
004381 	281 	78 	108 	109 
004382 	281 	78 	108 	109 
004383 	281 	78 	108 	109 
004384 	281 	78 	108 	109 
004385 	281 	78 	108 	109 
004386 	281 	78 	108 	109 
004387 	281 	78 	108 	109 
004388 	281 	78 	108 	109 
004389 	281 	78 	108 	109 
004390 	281 	78 	108 	109 
004391 	281 	78 	108 	109 
004392 	281 	78 	108 	109 
004393 	281 	78 	108 	109 
004394 	281 	78 	108 	109 
004395 	281 	78 	108 	109 
004396 	281 	78 	108 	109 
004397 	281 	78 	108 	109 
004398 	281 	78 	108 	109 
004399 	281 	78 	108 	109 
004400 	281 	66 	108 	109 
004401 	284 	75 	90 	91 
004402 	269 	66 	108 	109 
004403 	269 	66 	108 	109 
004404 	269 	66 	108 	109 
004405 	269 	66 	108 	109 
004406 	269 	66 	108 	109 
004407 	269 	66 	108 	109 
004408 	269 	66 	108 	109 
004409 	269 	66 	108 	109 
004410 	274 	85 	90 	91 
004411 	274 	85 	90 	91 
004412 	274 	85 	90 	91 
004413 	257 	78 	109 	109 
004414 	257 	78 	109 	109 
004415 	257 	78 	109 	109 
004416 	257 	78 	109 	109 
004417 	257 	78 	109 	109 
004418 	257 	78 	109 	109 
004419 	245 	78 	109 	109 
004420 	245 	90 	109 	109 
004421 	245 	90 	109 	109 
004422 	245 	90 	109 	109 
004423 	245 	90 	109 	109 
004424 	245 	90 	109 	109 
004425 	245 	90 	109 	109 
004426 	249 	94 	109 	109 
004427 	253 	98 	109 	109 
004428 	257 	102 	109 	109 
004429 	257 	102 	109 	109 
004430 	263 	106 	103 	103 
004431 	268 	111 	96 	97 
004432 	274 	115 	90 	91 
004433 	274 	115 	90 	91 
004434 	266 	102 	100 	100 
004435 	257 	90 	109 	109 
004436 	257 	90 	109 	109 
004437 	257 	102 	109 	109 
004438 	257 	102 	109 	109 
004439 	257 	102 	109 	109 
004440 	257 	102 	109 	109 
004441 	257 	102 	109 	109 
004442 	257 	102 	109 	109 
004443 	257 	102 	109 	109 
004444 	257 	90 	109 	109 
004445 	269 	90 	108 	109 
004446 	269 	90 	108 	109 
004447 	269 	90 	108 	109 
004448 	269 	78 	108 	109 
004449 	269 	78 	108 	109 
004450 	269 	78 	108 	109 
004451 	269 	78 	108 	109 
004452 	269 	66 	108 	109 
004453 	269 	66 	108 	109 
004454 	274 	75 	90 	91 
004455 	257 	66 	109 	109 
