Identity  : 	id10300
Reference : 	AytdA2W0Y_M
Offset    : 	0
FV Conf   : 	15.710
ASD Conf  : 	7.466

FRAME 	X 	Y 	W 	H 
002171 	161 	102 	109 	109 
002172 	161 	102 	109 	109 
002173 	161 	102 	109 	109 
002174 	161 	102 	109 	109 
002175 	161 	102 	109 	109 
002176 	161 	102 	109 	109 
002177 	161 	102 	109 	109 
002178 	161 	102 	109 	109 
002179 	161 	102 	109 	109 
002180 	161 	102 	109 	109 
002181 	161 	102 	109 	109 
002182 	161 	102 	109 	109 
002183 	161 	102 	109 	109 
002184 	161 	102 	109 	109 
002185 	161 	102 	109 	109 
002186 	161 	102 	109 	109 
002187 	161 	102 	109 	109 
002188 	161 	102 	109 	109 
002189 	161 	102 	109 	109 
002190 	161 	102 	109 	109 
002191 	161 	102 	109 	109 
002192 	161 	102 	109 	109 
002193 	161 	102 	109 	109 
002194 	161 	102 	109 	109 
002195 	161 	102 	109 	109 
002196 	161 	102 	109 	109 
002197 	161 	102 	109 	109 
002198 	161 	102 	109 	109 
002199 	174 	115 	91 	91 
002200 	161 	102 	109 	109 
002201 	174 	115 	91 	91 
002202 	174 	115 	91 	91 
002203 	174 	115 	91 	91 
002204 	174 	115 	91 	91 
002205 	174 	115 	91 	91 
002206 	161 	114 	109 	109 
002207 	173 	114 	109 	109 
002208 	161 	114 	109 	109 
002209 	161 	114 	109 	109 
002210 	161 	114 	109 	109 
002211 	161 	114 	109 	109 
002212 	161 	114 	109 	109 
002213 	161 	114 	109 	109 
002214 	161 	114 	109 	109 
002215 	174 	115 	91 	91 
002216 	174 	115 	91 	91 
002217 	174 	115 	91 	91 
002218 	174 	115 	91 	91 
002219 	174 	115 	91 	91 
002220 	161 	102 	109 	109 
002221 	161 	102 	109 	109 
002222 	174 	115 	91 	91 
002223 	161 	102 	109 	109 
002224 	161 	102 	109 	109 
002225 	161 	102 	109 	109 
002226 	161 	102 	109 	109 
002227 	161 	102 	109 	109 
002228 	161 	102 	109 	109 
002229 	173 	102 	109 	109 
002230 	173 	102 	109 	109 
002231 	173 	102 	109 	109 
002232 	173 	102 	109 	109 
002233 	173 	102 	109 	109 
002234 	173 	102 	109 	109 
002235 	173 	102 	109 	109 
002236 	173 	102 	109 	109 
002237 	173 	102 	109 	109 
002238 	173 	102 	109 	109 
002239 	174 	115 	91 	91 
002240 	161 	102 	109 	109 
002241 	161 	102 	109 	109 
002242 	174 	115 	91 	91 
002243 	161 	102 	109 	109 
002244 	161 	102 	109 	109 
002245 	161 	102 	109 	109 
002246 	161 	102 	109 	109 
002247 	161 	102 	109 	109 
002248 	161 	102 	109 	109 
002249 	161 	102 	109 	109 
002250 	161 	102 	109 	109 
002251 	161 	102 	109 	109 
002252 	161 	102 	109 	109 
002253 	161 	102 	109 	109 
002254 	161 	102 	109 	109 
002255 	161 	102 	109 	109 
002256 	161 	102 	109 	109 
002257 	161 	102 	109 	109 
002258 	161 	102 	109 	109 
002259 	161 	102 	109 	109 
002260 	161 	102 	109 	109 
002261 	161 	102 	109 	109 
002262 	161 	102 	109 	109 
002263 	161 	102 	109 	109 
002264 	164 	115 	91 	91 
002265 	150 	102 	108 	109 
002266 	150 	102 	108 	109 
002267 	150 	102 	108 	109 
002268 	150 	102 	108 	109 
002269 	150 	102 	108 	109 
002270 	150 	102 	108 	109 
002271 	150 	102 	108 	109 
002272 	150 	102 	108 	109 
002273 	164 	115 	91 	91 
002274 	164 	115 	91 	91 
002275 	164 	115 	91 	91 
002276 	164 	115 	91 	91 
002277 	164 	115 	91 	91 
002278 	164 	115 	91 	91 
002279 	150 	102 	108 	109 
002280 	150 	102 	108 	109 
002281 	150 	102 	108 	109 
002282 	150 	102 	108 	109 
002283 	150 	102 	108 	109 
002284 	150 	102 	108 	109 
002285 	150 	102 	108 	109 
002286 	150 	102 	108 	109 
002287 	150 	102 	108 	109 
002288 	150 	102 	108 	109 
002289 	150 	102 	108 	109 
002290 	150 	102 	108 	109 
002291 	150 	102 	108 	109 
002292 	150 	102 	108 	109 
002293 	150 	102 	108 	109 
002294 	150 	102 	108 	109 
002295 	150 	102 	108 	109 
002296 	150 	102 	108 	109 
002297 	150 	102 	108 	109 
002298 	150 	102 	108 	109 
002299 	150 	102 	108 	109 
002300 	150 	102 	108 	109 
002301 	150 	102 	108 	109 
002302 	150 	102 	108 	109 
002303 	150 	102 	108 	109 
002304 	150 	102 	108 	109 
002305 	150 	102 	108 	109 
002306 	150 	102 	108 	109 
002307 	150 	102 	108 	109 
002308 	150 	102 	108 	109 
002309 	138 	90 	108 	109 
002310 	138 	90 	108 	109 
002311 	138 	90 	108 	109 
002312 	138 	90 	108 	109 
002313 	138 	102 	108 	109 
002314 	126 	90 	108 	109 
002315 	126 	90 	108 	109 
002316 	126 	90 	108 	109 
002317 	126 	90 	108 	109 
002318 	126 	90 	108 	109 
002319 	126 	90 	108 	109 
002320 	126 	90 	108 	109 
002321 	126 	90 	108 	109 
002322 	126 	90 	108 	109 
002323 	126 	90 	108 	109 
002324 	126 	90 	108 	109 
002325 	126 	90 	108 	109 
002326 	126 	90 	108 	109 
002327 	126 	90 	108 	109 
002328 	126 	90 	108 	109 
002329 	126 	90 	108 	109 
002330 	126 	90 	108 	109 
002331 	126 	90 	108 	109 
002332 	126 	90 	108 	109 
002333 	126 	90 	108 	109 
002334 	138 	90 	108 	109 
002335 	138 	90 	108 	109 
002336 	138 	90 	108 	109 
002337 	138 	90 	108 	109 
002338 	138 	90 	108 	109 
002339 	138 	90 	108 	109 
002340 	138 	90 	108 	109 
002341 	138 	90 	108 	109 
002342 	138 	90 	108 	109 
002343 	138 	90 	108 	109 
002344 	126 	90 	108 	109 
002345 	126 	90 	108 	109 
002346 	126 	90 	108 	109 
002347 	126 	90 	108 	109 
002348 	126 	90 	108 	109 
002349 	126 	90 	108 	109 
002350 	126 	90 	108 	109 
002351 	126 	90 	108 	109 
002352 	126 	90 	108 	109 
002353 	126 	90 	108 	109 
002354 	126 	90 	108 	109 
002355 	126 	90 	108 	109 
002356 	126 	90 	108 	109 
002357 	126 	90 	108 	109 
002358 	126 	90 	108 	109 
002359 	126 	90 	108 	109 
002360 	126 	90 	108 	109 
002361 	126 	90 	108 	109 
002362 	126 	90 	108 	109 
002363 	126 	90 	108 	109 
002364 	126 	90 	108 	109 
002365 	126 	90 	108 	109 
002366 	126 	90 	108 	109 
002367 	126 	90 	108 	109 
002368 	126 	90 	108 	109 
002369 	126 	90 	108 	109 
002370 	126 	90 	108 	109 
002371 	126 	90 	108 	109 
002372 	126 	90 	108 	109 
002373 	126 	90 	108 	109 
002374 	126 	90 	108 	109 
002375 	126 	90 	108 	109 
002376 	126 	90 	108 	109 
002377 	126 	90 	108 	109 
002378 	126 	90 	108 	109 
002379 	126 	90 	108 	109 
002380 	126 	90 	108 	109 
002381 	126 	90 	108 	109 
002382 	138 	90 	108 	109 
002383 	138 	90 	108 	109 
002384 	138 	90 	108 	109 
002385 	138 	90 	108 	109 
002386 	138 	90 	108 	109 
002387 	126 	90 	108 	109 
002388 	126 	90 	108 	109 
002389 	126 	102 	108 	109 
002390 	126 	90 	108 	109 
002391 	126 	90 	108 	109 
002392 	126 	90 	108 	109 
002393 	126 	90 	108 	109 
002394 	126 	90 	108 	109 
002395 	126 	90 	108 	109 
002396 	126 	90 	108 	109 
002397 	126 	90 	108 	109 
002398 	126 	90 	108 	109 
002399 	126 	90 	108 	109 
002400 	126 	90 	108 	109 
002401 	126 	90 	108 	109 
002402 	126 	90 	108 	109 
002403 	126 	90 	108 	109 
002404 	126 	90 	108 	109 
002405 	126 	90 	108 	109 
002406 	126 	90 	108 	109 
002407 	126 	90 	108 	109 
002408 	126 	90 	108 	109 
002409 	126 	90 	108 	109 
002410 	126 	102 	108 	109 
002411 	126 	90 	108 	109 
002412 	126 	90 	108 	109 
002413 	126 	90 	108 	109 
002414 	126 	90 	108 	109 
002415 	126 	90 	108 	109 
002416 	126 	90 	108 	109 
002417 	126 	90 	108 	109 
002418 	126 	90 	108 	109 
002419 	126 	90 	108 	109 
002420 	126 	90 	108 	109 
002421 	126 	90 	108 	109 
002422 	126 	90 	108 	109 
002423 	126 	90 	108 	109 
002424 	126 	90 	108 	109 
002425 	126 	90 	108 	109 
002426 	108 	80 	130 	130 
002427 	108 	80 	130 	130 
002428 	108 	80 	130 	130 
002429 	108 	80 	130 	130 
002430 	126 	90 	108 	109 
002431 	126 	90 	108 	109 
002432 	126 	90 	108 	109 
002433 	126 	90 	108 	109 
002434 	126 	90 	108 	109 
002435 	126 	90 	108 	109 
002436 	122 	80 	130 	130 
002437 	122 	80 	130 	130 
002438 	122 	80 	130 	130 
002439 	122 	80 	130 	130 
002440 	122 	80 	130 	130 
002441 	138 	90 	108 	109 
002442 	138 	90 	108 	109 
002443 	138 	90 	108 	109 
002444 	138 	90 	108 	109 
002445 	138 	90 	108 	109 
002446 	138 	90 	108 	109 
002447 	138 	90 	108 	109 
002448 	138 	102 	108 	109 
002449 	138 	90 	108 	109 
002450 	138 	102 	108 	109 
002451 	138 	102 	108 	109 
002452 	138 	102 	108 	109 
002453 	138 	102 	108 	109 
002454 	138 	102 	108 	109 
002455 	138 	102 	108 	109 
002456 	138 	102 	108 	109 
002457 	138 	102 	108 	109 
002458 	138 	102 	108 	109 
002459 	138 	102 	108 	109 
002460 	138 	90 	108 	109 
002461 	138 	102 	108 	109 
002462 	138 	102 	108 	109 
002463 	138 	102 	108 	109 
002464 	138 	102 	108 	109 
002465 	138 	102 	108 	109 
002466 	138 	102 	108 	109 
002467 	138 	102 	108 	109 
002468 	138 	102 	108 	109 
002469 	138 	102 	108 	109 
002470 	138 	102 	108 	109 
002471 	138 	102 	108 	109 
002472 	138 	102 	108 	109 
002473 	138 	102 	108 	109 
002474 	138 	102 	108 	109 
002475 	138 	102 	108 	109 
002476 	138 	90 	108 	109 
002477 	138 	90 	108 	109 
002478 	138 	90 	108 	109 
002479 	138 	90 	108 	109 
002480 	138 	90 	108 	109 
002481 	150 	102 	108 	109 
002482 	150 	102 	108 	109 
002483 	150 	102 	108 	109 
002484 	150 	102 	108 	109 
002485 	150 	102 	108 	109 
002486 	150 	102 	108 	109 
002487 	150 	102 	108 	109 
002488 	161 	102 	109 	109 
002489 	161 	102 	109 	109 
002490 	161 	102 	109 	109 
002491 	161 	102 	109 	109 
002492 	161 	102 	109 	109 
002493 	161 	102 	109 	109 
002494 	161 	102 	109 	109 
002495 	161 	102 	109 	109 
002496 	161 	102 	109 	109 
002497 	161 	102 	109 	109 
002498 	161 	102 	109 	109 
002499 	161 	102 	109 	109 
002500 	161 	102 	109 	109 
002501 	161 	102 	109 	109 
002502 	161 	102 	109 	109 
002503 	161 	102 	109 	109 
002504 	161 	102 	109 	109 
002505 	161 	102 	109 	109 
002506 	161 	102 	109 	109 
002507 	161 	102 	109 	109 
002508 	161 	102 	109 	109 
002509 	161 	102 	109 	109 
002510 	161 	102 	109 	109 
002511 	161 	102 	109 	109 
002512 	161 	102 	109 	109 
002513 	161 	102 	109 	109 
002514 	161 	102 	109 	109 
002515 	161 	102 	109 	109 
002516 	161 	102 	109 	109 
002517 	161 	102 	109 	109 
002518 	161 	102 	109 	109 
002519 	161 	102 	109 	109 
002520 	161 	102 	109 	109 
002521 	161 	102 	109 	109 
002522 	161 	102 	109 	109 
002523 	161 	102 	109 	109 
002524 	161 	102 	109 	109 
002525 	161 	90 	109 	109 
002526 	161 	90 	109 	109 
002527 	161 	90 	109 	109 
002528 	161 	90 	109 	109 
002529 	161 	90 	109 	109 
002530 	161 	90 	109 	109 
002531 	161 	90 	109 	109 
002532 	161 	90 	109 	109 
002533 	161 	90 	109 	109 
002534 	161 	90 	109 	109 
002535 	161 	90 	109 	109 
002536 	161 	90 	109 	109 
002537 	161 	90 	109 	109 
002538 	161 	90 	109 	109 
002539 	161 	90 	109 	109 
002540 	161 	90 	109 	109 
002541 	161 	90 	109 	109 
002542 	161 	90 	109 	109 
002543 	161 	90 	109 	109 
002544 	161 	90 	109 	109 
002545 	161 	90 	109 	109 
002546 	161 	90 	109 	109 
002547 	161 	90 	109 	109 
002548 	161 	90 	109 	109 
002549 	161 	90 	109 	109 
002550 	161 	90 	109 	109 
002551 	161 	90 	109 	109 
002552 	161 	90 	109 	109 
002553 	161 	90 	109 	109 
002554 	161 	90 	109 	109 
002555 	161 	90 	109 	109 
002556 	161 	90 	109 	109 
002557 	161 	90 	109 	109 
002558 	161 	90 	109 	109 
002559 	161 	90 	109 	109 
002560 	161 	90 	109 	109 
002561 	161 	90 	109 	109 
002562 	161 	90 	109 	109 
002563 	161 	90 	109 	109 
002564 	161 	102 	109 	109 
002565 	161 	102 	109 	109 
