Identity  : 	id10300
Reference : 	AytdA2W0Y_M
Offset    : 	0
FV Conf   : 	15.710
ASD Conf  : 	6.209

FRAME 	X 	Y 	W 	H 
002038 	150 	114 	108 	109 
002039 	154 	115 	91 	91 
002040 	150 	114 	108 	109 
002041 	150 	114 	108 	109 
002042 	150 	114 	108 	109 
002043 	150 	114 	108 	109 
002044 	150 	114 	108 	109 
002045 	150 	102 	108 	109 
002046 	150 	102 	108 	109 
002047 	150 	102 	108 	109 
002048 	150 	102 	108 	109 
002049 	150 	102 	108 	109 
002050 	150 	102 	108 	109 
002051 	150 	102 	108 	109 
002052 	150 	102 	108 	109 
002053 	150 	102 	108 	109 
002054 	150 	102 	108 	109 
002055 	150 	102 	108 	109 
002056 	150 	102 	108 	109 
002057 	150 	102 	108 	109 
002058 	150 	102 	108 	109 
002059 	150 	102 	108 	109 
002060 	150 	102 	108 	109 
002061 	150 	102 	108 	109 
002062 	150 	102 	108 	109 
002063 	150 	102 	108 	109 
002064 	150 	102 	108 	109 
002065 	150 	102 	108 	109 
002066 	150 	102 	108 	109 
002067 	150 	102 	108 	109 
002068 	150 	102 	108 	109 
002069 	150 	102 	108 	109 
002070 	150 	102 	108 	109 
002071 	150 	102 	108 	109 
002072 	150 	90 	108 	109 
002073 	150 	90 	108 	109 
002074 	150 	90 	108 	109 
002075 	138 	102 	108 	109 
002076 	138 	102 	108 	109 
002077 	138 	102 	108 	109 
002078 	138 	102 	108 	109 
002079 	138 	102 	108 	109 
002080 	138 	102 	108 	109 
002081 	138 	102 	108 	109 
002082 	138 	102 	108 	109 
002083 	138 	102 	108 	109 
002084 	138 	102 	108 	109 
002085 	138 	102 	108 	109 
002086 	138 	102 	108 	109 
002087 	138 	102 	108 	109 
002088 	138 	102 	108 	109 
002089 	144 	115 	91 	91 
002090 	138 	102 	108 	109 
002091 	138 	102 	108 	109 
002092 	138 	102 	108 	109 
002093 	138 	102 	108 	109 
002094 	138 	102 	108 	109 
002095 	138 	102 	108 	109 
002096 	138 	102 	108 	109 
002097 	138 	102 	108 	109 
002098 	138 	102 	108 	109 
002099 	138 	102 	108 	109 
002100 	138 	102 	108 	109 
002101 	144 	115 	91 	91 
002102 	138 	102 	108 	109 
002103 	138 	102 	108 	109 
002104 	122 	94 	130 	130 
002105 	122 	94 	130 	130 
002106 	138 	114 	108 	109 
002107 	138 	102 	108 	109 
002108 	138 	102 	108 	109 
002109 	138 	102 	108 	109 
002110 	138 	102 	108 	109 
002111 	138 	102 	108 	109 
002112 	138 	102 	108 	109 
002113 	138 	114 	108 	109 
002114 	138 	102 	108 	109 
002115 	144 	115 	91 	91 
002116 	138 	114 	108 	109 
002117 	138 	114 	108 	109 
002118 	138 	114 	108 	109 
002119 	138 	114 	108 	109 
002120 	138 	114 	108 	109 
002121 	138 	102 	108 	109 
002122 	138 	102 	108 	109 
002123 	138 	114 	108 	109 
002124 	138 	102 	108 	109 
002125 	138 	114 	108 	109 
002126 	138 	114 	108 	109 
002127 	138 	114 	108 	109 
002128 	138 	114 	108 	109 
002129 	138 	114 	108 	109 
002130 	154 	115 	91 	91 
002131 	150 	114 	108 	109 
002132 	150 	114 	108 	109 
002133 	150 	114 	108 	109 
002134 	150 	114 	108 	109 
002135 	164 	115 	91 	91 
002136 	161 	114 	109 	109 
002137 	161 	114 	109 	109 
002138 	161 	114 	109 	109 
002139 	161 	114 	109 	109 
002140 	161 	114 	109 	109 
002141 	161 	114 	109 	109 
002142 	161 	114 	109 	109 
002143 	161 	114 	109 	109 
002144 	161 	114 	109 	109 
002145 	161 	114 	109 	109 
002146 	161 	114 	109 	109 
002147 	161 	114 	109 	109 
002148 	173 	114 	109 	109 
002149 	173 	114 	109 	109 
002150 	173 	114 	109 	109 
002151 	173 	114 	109 	109 
002152 	173 	114 	109 	109 
002153 	173 	114 	109 	109 
002154 	173 	114 	109 	109 
002155 	173 	114 	109 	109 
002156 	173 	114 	109 	109 
002157 	173 	114 	109 	109 
002158 	173 	114 	109 	109 
002159 	174 	115 	91 	91 
002160 	161 	102 	109 	109 
002161 	161 	102 	109 	109 
002162 	161 	102 	109 	109 
002163 	161 	102 	109 	109 
