Identity  : 	id10301
Reference : 	vhzF7dhGJzI
Offset    : 	-3
FV Conf   : 	12.754
ASD Conf  : 	5.195

FRAME 	X 	Y 	W 	H 
033426 	269 	54 	108 	109 
033427 	269 	54 	108 	109 
033428 	269 	54 	108 	109 
033429 	257 	54 	109 	109 
033430 	257 	54 	109 	109 
033431 	257 	54 	109 	109 
033432 	257 	54 	109 	109 
033433 	257 	54 	109 	109 
033434 	257 	54 	109 	109 
033435 	257 	43 	109 	108 
033436 	257 	43 	109 	108 
033437 	257 	43 	109 	108 
033438 	257 	43 	109 	108 
033439 	257 	43 	109 	108 
033440 	257 	43 	109 	108 
033441 	257 	43 	109 	108 
033442 	257 	43 	109 	108 
033443 	257 	43 	109 	108 
033444 	257 	43 	109 	108 
033445 	257 	43 	109 	108 
033446 	257 	43 	109 	108 
033447 	257 	43 	109 	108 
033448 	257 	43 	109 	108 
033449 	257 	43 	109 	108 
033450 	257 	43 	109 	108 
033451 	257 	43 	109 	108 
033452 	257 	43 	109 	108 
033453 	257 	43 	109 	108 
033454 	257 	43 	109 	108 
033455 	257 	43 	109 	108 
033456 	257 	43 	109 	108 
033457 	257 	43 	109 	108 
033458 	257 	43 	109 	108 
033459 	264 	45 	90 	91 
033460 	264 	45 	90 	91 
033461 	264 	45 	90 	91 
033462 	264 	45 	90 	91 
033463 	264 	45 	90 	91 
033464 	245 	43 	109 	108 
033465 	264 	45 	90 	91 
033466 	264 	45 	90 	91 
033467 	257 	43 	109 	108 
033468 	257 	43 	109 	108 
033469 	257 	43 	109 	108 
033470 	257 	43 	109 	108 
033471 	257 	43 	109 	108 
033472 	257 	43 	109 	108 
033473 	257 	43 	109 	108 
033474 	257 	43 	109 	108 
033475 	257 	43 	109 	108 
033476 	257 	43 	109 	108 
033477 	257 	43 	109 	108 
033478 	257 	43 	109 	108 
033479 	257 	43 	109 	108 
033480 	257 	43 	109 	108 
033481 	257 	43 	109 	108 
033482 	257 	43 	109 	108 
033483 	257 	43 	109 	108 
033484 	264 	55 	90 	91 
033485 	237 	37 	130 	130 
033486 	237 	37 	130 	130 
033487 	264 	55 	90 	91 
033488 	264 	55 	90 	91 
033489 	237 	37 	130 	130 
033490 	237 	37 	130 	130 
033491 	257 	43 	109 	108 
033492 	257 	43 	109 	108 
033493 	257 	43 	109 	108 
033494 	257 	43 	109 	108 
033495 	257 	43 	109 	108 
033496 	257 	43 	109 	108 
033497 	257 	43 	109 	108 
033498 	257 	43 	109 	108 
033499 	257 	43 	109 	108 
033500 	257 	43 	109 	108 
033501 	257 	43 	109 	108 
033502 	257 	43 	109 	108 
033503 	257 	43 	109 	108 
033504 	257 	43 	109 	108 
033505 	257 	43 	109 	108 
033506 	257 	43 	109 	108 
033507 	257 	43 	109 	108 
033508 	257 	43 	109 	108 
033509 	257 	43 	109 	108 
033510 	257 	43 	109 	108 
033511 	257 	43 	109 	108 
033512 	257 	43 	109 	108 
033513 	257 	43 	109 	108 
033514 	257 	43 	109 	108 
033515 	257 	43 	109 	108 
033516 	257 	43 	109 	108 
033517 	257 	43 	109 	108 
033518 	257 	43 	109 	108 
033519 	257 	43 	109 	108 
033520 	257 	43 	109 	108 
033521 	257 	43 	109 	108 
033522 	257 	43 	109 	108 
033523 	257 	43 	109 	108 
033524 	257 	43 	109 	108 
033525 	257 	43 	109 	108 
033526 	257 	43 	109 	108 
033527 	257 	43 	109 	108 
033528 	257 	43 	109 	108 
033529 	257 	43 	109 	108 
033530 	257 	43 	109 	108 
033531 	257 	43 	109 	108 
033532 	257 	43 	109 	108 
033533 	257 	43 	109 	108 
033534 	257 	43 	109 	108 
033535 	257 	43 	109 	108 
033536 	257 	43 	109 	108 
033537 	257 	43 	109 	108 
033538 	257 	43 	109 	108 
033539 	257 	43 	109 	108 
033540 	257 	43 	109 	108 
033541 	257 	43 	109 	108 
033542 	257 	43 	109 	108 
033543 	257 	43 	109 	108 
033544 	257 	43 	109 	108 
033545 	257 	43 	109 	108 
033546 	257 	43 	109 	108 
033547 	257 	43 	109 	108 
033548 	257 	43 	109 	108 
033549 	257 	43 	109 	108 
033550 	257 	43 	109 	108 
033551 	257 	43 	109 	108 
033552 	257 	43 	109 	108 
033553 	257 	43 	109 	108 
033554 	257 	43 	109 	108 
033555 	257 	43 	109 	108 
033556 	257 	43 	109 	108 
033557 	257 	43 	109 	108 
033558 	257 	43 	109 	108 
033559 	257 	43 	109 	108 
033560 	257 	43 	109 	108 
033561 	257 	43 	109 	108 
033562 	257 	43 	109 	108 
033563 	257 	43 	109 	108 
033564 	257 	43 	109 	108 
033565 	257 	43 	109 	108 
033566 	257 	43 	109 	108 
033567 	257 	43 	109 	108 
033568 	257 	43 	109 	108 
033569 	257 	43 	109 	108 
033570 	257 	43 	109 	108 
033571 	257 	43 	109 	108 
033572 	257 	43 	109 	108 
033573 	257 	43 	109 	108 
033574 	257 	43 	109 	108 
033575 	257 	43 	109 	108 
