Identity  : 	id10301
Reference : 	vhzF7dhGJzI
Offset    : 	-3
FV Conf   : 	14.077
ASD Conf  : 	6.043

FRAME 	X 	Y 	W 	H 
026309 	280 	23 	130 	130 
026310 	280 	37 	130 	130 
026311 	280 	37 	130 	130 
026312 	281 	31 	108 	108 
026313 	281 	31 	108 	108 
026314 	281 	31 	108 	108 
026315 	281 	31 	108 	108 
026316 	266 	23 	130 	130 
026317 	266 	23 	130 	130 
026318 	266 	23 	130 	130 
026319 	266 	23 	130 	130 
026320 	251 	23 	130 	130 
026321 	251 	23 	130 	130 
026322 	251 	23 	130 	130 
026323 	251 	23 	130 	130 
026324 	251 	23 	130 	130 
026325 	251 	23 	130 	130 
026326 	251 	23 	130 	130 
026327 	251 	23 	130 	130 
026328 	257 	31 	109 	108 
026329 	251 	23 	130 	130 
026330 	251 	23 	130 	130 
026331 	251 	23 	130 	130 
026332 	251 	8 	130 	130 
026333 	251 	23 	130 	130 
026334 	251 	23 	130 	130 
026335 	251 	23 	130 	130 
026336 	251 	23 	130 	130 
026337 	251 	23 	130 	130 
026338 	251 	23 	130 	130 
026339 	257 	31 	109 	108 
026340 	257 	31 	109 	108 
026341 	257 	31 	109 	108 
026342 	237 	23 	130 	130 
026343 	237 	23 	130 	130 
026344 	237 	23 	130 	130 
026345 	237 	23 	130 	130 
026346 	237 	23 	130 	130 
026347 	237 	23 	130 	130 
026348 	237 	23 	130 	130 
026349 	237 	23 	130 	130 
026350 	237 	23 	130 	130 
026351 	237 	23 	130 	130 
026352 	237 	23 	130 	130 
026353 	237 	23 	130 	130 
026354 	237 	23 	130 	130 
026355 	237 	23 	130 	130 
026356 	237 	37 	130 	130 
026357 	237 	37 	130 	130 
026358 	237 	37 	130 	130 
026359 	237 	37 	130 	130 
026360 	237 	37 	130 	130 
026361 	237 	37 	130 	130 
026362 	237 	37 	130 	130 
026363 	237 	37 	130 	130 
026364 	251 	51 	130 	130 
026365 	251 	51 	130 	130 
026366 	251 	51 	130 	130 
026367 	251 	51 	130 	130 
026368 	251 	66 	130 	130 
026369 	251 	66 	130 	130 
026370 	251 	66 	130 	130 
026371 	251 	66 	130 	130 
026372 	251 	66 	130 	130 
026373 	251 	66 	130 	130 
026374 	251 	66 	130 	130 
026375 	251 	80 	130 	130 
026376 	251 	80 	130 	130 
026377 	257 	78 	109 	109 
026378 	257 	78 	109 	109 
026379 	257 	78 	109 	109 
026380 	257 	78 	109 	109 
026381 	257 	78 	109 	109 
026382 	251 	66 	130 	130 
026383 	251 	66 	130 	130 
026384 	251 	66 	130 	130 
026385 	251 	66 	130 	130 
026386 	251 	66 	130 	130 
026387 	251 	66 	130 	130 
026388 	251 	66 	130 	130 
026389 	251 	66 	130 	130 
026390 	251 	66 	130 	130 
026391 	251 	66 	130 	130 
026392 	251 	66 	130 	130 
026393 	251 	51 	130 	130 
026394 	251 	51 	130 	130 
026395 	251 	51 	130 	130 
026396 	251 	51 	130 	130 
026397 	251 	51 	130 	130 
026398 	251 	51 	130 	130 
026399 	251 	51 	130 	130 
026400 	251 	51 	130 	130 
026401 	251 	51 	130 	130 
026402 	251 	51 	130 	130 
026403 	251 	51 	130 	130 
026404 	251 	51 	130 	130 
026405 	251 	51 	130 	130 
026406 	251 	51 	130 	130 
026407 	251 	51 	130 	130 
026408 	251 	51 	130 	130 
026409 	251 	51 	130 	130 
026410 	251 	51 	130 	130 
026411 	251 	51 	130 	130 
026412 	251 	51 	130 	130 
026413 	251 	51 	130 	130 
026414 	251 	51 	130 	130 
