Identity  : 	id10301
Reference : 	vhzF7dhGJzI
Offset    : 	-3
FV Conf   : 	16.082
ASD Conf  : 	5.049

FRAME 	X 	Y 	W 	H 
023776 	174 	35 	91 	91 
023777 	184 	35 	91 	91 
023778 	184 	35 	91 	91 
023779 	184 	35 	91 	91 
023780 	184 	35 	91 	91 
023781 	184 	35 	91 	91 
023782 	195 	54 	75 	76 
023783 	195 	54 	75 	76 
023784 	195 	54 	75 	76 
023785 	184 	45 	91 	91 
023786 	184 	45 	91 	91 
023787 	184 	45 	91 	91 
023788 	184 	45 	91 	91 
023789 	195 	62 	75 	76 
023790 	195 	62 	75 	76 
023791 	195 	62 	75 	76 
023792 	184 	55 	91 	91 
023793 	195 	62 	75 	76 
023794 	195 	62 	75 	76 
023795 	195 	62 	75 	76 
023796 	184 	55 	91 	91 
023797 	184 	45 	91 	91 
023798 	195 	54 	75 	76 
023799 	195 	54 	75 	76 
023800 	195 	54 	75 	76 
023801 	195 	54 	75 	76 
023802 	194 	55 	91 	91 
023803 	194 	55 	91 	91 
023804 	194 	55 	91 	91 
023805 	194 	55 	91 	91 
023806 	194 	55 	91 	91 
023807 	194 	55 	91 	91 
023808 	194 	55 	91 	91 
023809 	194 	55 	91 	91 
023810 	194 	55 	91 	91 
023811 	184 	55 	91 	91 
023812 	184 	65 	91 	91 
023813 	195 	71 	75 	75 
023814 	195 	71 	75 	75 
023815 	184 	65 	91 	91 
023816 	184 	55 	91 	91 
023817 	184 	55 	91 	91 
023818 	184 	55 	91 	91 
023819 	184 	55 	91 	91 
023820 	184 	55 	91 	91 
023821 	195 	71 	75 	75 
023822 	195 	71 	75 	75 
023823 	184 	65 	91 	91 
023824 	184 	65 	91 	91 
023825 	184 	65 	91 	91 
023826 	184 	65 	91 	91 
023827 	184 	65 	91 	91 
023828 	184 	65 	91 	91 
023829 	184 	65 	91 	91 
023830 	184 	65 	91 	91 
023831 	195 	79 	75 	76 
023832 	195 	79 	75 	76 
023833 	194 	75 	91 	91 
023834 	194 	75 	91 	91 
023835 	194 	75 	91 	91 
023836 	203 	87 	76 	76 
023837 	211 	79 	76 	76 
023838 	204 	75 	91 	91 
023839 	211 	79 	76 	76 
023840 	211 	79 	76 	76 
023841 	204 	65 	91 	91 
023842 	211 	71 	76 	75 
023843 	211 	71 	76 	75 
023844 	204 	65 	91 	91 
023845 	204 	65 	91 	91 
023846 	203 	71 	76 	75 
023847 	203 	62 	76 	76 
023848 	203 	62 	76 	76 
023849 	194 	55 	91 	91 
023850 	194 	55 	91 	91 
023851 	194 	45 	91 	91 
023852 	184 	45 	91 	91 
023853 	184 	45 	91 	91 
023854 	184 	45 	91 	91 
023855 	184 	45 	91 	91 
023856 	174 	45 	91 	91 
023857 	174 	45 	91 	91 
023858 	174 	45 	91 	91 
023859 	174 	45 	91 	91 
023860 	174 	45 	91 	91 
023861 	174 	55 	91 	91 
023862 	174 	55 	91 	91 
023863 	174 	55 	91 	91 
023864 	174 	55 	91 	91 
023865 	174 	55 	91 	91 
023866 	174 	55 	91 	91 
023867 	174 	55 	91 	91 
023868 	174 	55 	91 	91 
023869 	174 	55 	91 	91 
023870 	184 	55 	91 	91 
023871 	184 	55 	91 	91 
023872 	184 	55 	91 	91 
023873 	195 	71 	75 	75 
023874 	203 	62 	76 	76 
023875 	203 	71 	76 	75 
023876 	203 	71 	76 	75 
023877 	203 	71 	76 	75 
023878 	203 	71 	76 	75 
023879 	203 	71 	76 	75 
023880 	211 	79 	76 	76 
023881 	211 	71 	76 	75 
023882 	204 	65 	91 	91 
023883 	204 	65 	91 	91 
023884 	194 	55 	91 	91 
023885 	194 	65 	91 	91 
023886 	184 	55 	91 	91 
023887 	184 	55 	91 	91 
023888 	184 	55 	91 	91 
023889 	184 	55 	91 	91 
023890 	184 	55 	91 	91 
023891 	174 	55 	91 	91 
023892 	174 	55 	91 	91 
023893 	186 	62 	76 	76 
023894 	184 	55 	91 	91 
023895 	184 	55 	91 	91 
023896 	184 	55 	91 	91 
023897 	195 	62 	75 	76 
023898 	194 	55 	91 	91 
023899 	203 	62 	76 	76 
023900 	203 	62 	76 	76 
023901 	204 	55 	91 	91 
023902 	204 	55 	91 	91 
023903 	204 	55 	91 	91 
023904 	204 	55 	91 	91 
023905 	204 	55 	91 	91 
023906 	204 	55 	91 	91 
023907 	194 	55 	91 	91 
023908 	194 	55 	91 	91 
023909 	184 	45 	91 	91 
023910 	184 	45 	91 	91 
023911 	184 	45 	91 	91 
023912 	184 	45 	91 	91 
023913 	174 	55 	91 	91 
023914 	174 	55 	91 	91 
023915 	174 	55 	91 	91 
023916 	174 	55 	91 	91 
023917 	174 	55 	91 	91 
023918 	174 	55 	91 	91 
023919 	174 	55 	91 	91 
023920 	174 	55 	91 	91 
023921 	174 	55 	91 	91 
