Identity  : 	id10292
Reference : 	0H91VC07Q3s
Offset    : 	-2
FV Conf   : 	18.035
ASD Conf  : 	6.988

FRAME 	X 	Y 	W 	H 
000532 	148 	80 	63 	63 
000533 	148 	80 	63 	63 
000534 	148 	80 	63 	63 
000535 	148 	80 	63 	63 
000536 	148 	80 	63 	63 
000537 	148 	80 	63 	63 
000538 	148 	80 	63 	63 
000539 	148 	80 	63 	63 
000540 	148 	80 	63 	63 
000541 	148 	80 	63 	63 
000542 	148 	80 	63 	63 
000543 	148 	80 	63 	63 
000544 	148 	80 	63 	63 
000545 	148 	80 	63 	63 
000546 	148 	80 	63 	63 
000547 	148 	80 	63 	63 
000548 	148 	80 	63 	63 
000549 	148 	80 	63 	63 
000550 	148 	80 	63 	63 
000551 	148 	80 	63 	63 
000552 	148 	80 	63 	63 
000553 	148 	80 	63 	63 
000554 	158 	83 	53 	53 
000555 	158 	83 	53 	53 
000556 	158 	83 	53 	53 
000557 	155 	80 	63 	63 
000558 	155 	80 	63 	63 
000559 	155 	80 	63 	63 
000560 	155 	80 	63 	63 
000561 	155 	80 	63 	63 
000562 	164 	83 	52 	53 
000563 	164 	83 	52 	53 
000564 	169 	83 	53 	53 
000565 	169 	83 	53 	53 
000566 	162 	73 	63 	63 
000567 	169 	83 	53 	53 
000568 	169 	83 	53 	53 
000569 	169 	83 	53 	53 
000570 	169 	83 	53 	53 
000571 	169 	83 	53 	53 
000572 	169 	83 	53 	53 
000573 	169 	83 	53 	53 
000574 	169 	83 	53 	53 
000575 	162 	80 	63 	63 
000576 	162 	80 	63 	63 
000577 	162 	80 	63 	63 
000578 	162 	80 	63 	63 
000579 	162 	87 	63 	63 
000580 	164 	89 	52 	53 
000581 	155 	80 	63 	63 
000582 	155 	87 	63 	63 
000583 	164 	89 	52 	53 
000584 	164 	89 	52 	53 
000585 	155 	80 	63 	63 
000586 	155 	80 	63 	63 
000587 	155 	80 	63 	63 
000588 	155 	80 	63 	63 
000589 	155 	80 	63 	63 
000590 	155 	80 	63 	63 
000591 	155 	80 	63 	63 
000592 	155 	80 	63 	63 
000593 	155 	80 	63 	63 
000594 	155 	80 	63 	63 
000595 	155 	80 	63 	63 
000596 	155 	80 	63 	63 
000597 	155 	80 	63 	63 
000598 	155 	87 	63 	63 
000599 	155 	87 	63 	63 
000600 	155 	87 	63 	63 
000601 	155 	87 	63 	63 
000602 	155 	87 	63 	63 
000603 	155 	87 	63 	63 
000604 	155 	87 	63 	63 
000605 	155 	87 	63 	63 
000606 	155 	87 	63 	63 
000607 	155 	87 	63 	63 
000608 	155 	87 	63 	63 
000609 	155 	80 	63 	63 
000610 	155 	80 	63 	63 
000611 	155 	80 	63 	63 
000612 	155 	80 	63 	63 
000613 	155 	80 	63 	63 
000614 	155 	80 	63 	63 
000615 	155 	80 	63 	63 
000616 	155 	80 	63 	63 
000617 	155 	80 	63 	63 
000618 	155 	80 	63 	63 
000619 	155 	80 	63 	63 
000620 	162 	80 	63 	63 
000621 	164 	89 	52 	53 
000622 	162 	87 	63 	63 
000623 	162 	87 	63 	63 
000624 	162 	87 	63 	63 
000625 	169 	95 	53 	53 
000626 	169 	95 	53 	53 
000627 	169 	95 	53 	53 
000628 	169 	95 	53 	53 
000629 	169 	89 	53 	53 
000630 	169 	89 	53 	53 
000631 	169 	89 	53 	53 
000632 	169 	89 	53 	53 
000633 	169 	89 	53 	53 
000634 	169 	89 	53 	53 
000635 	169 	89 	53 	53 
000636 	169 	87 	63 	63 
000637 	169 	87 	63 	63 
000638 	169 	87 	63 	63 
000639 	169 	87 	63 	63 
000640 	175 	89 	53 	53 
000641 	175 	89 	53 	53 
000642 	175 	89 	53 	53 
000643 	175 	89 	53 	53 
000644 	175 	89 	53 	53 
000645 	175 	89 	53 	53 
000646 	175 	89 	53 	53 
000647 	175 	89 	53 	53 
000648 	175 	89 	53 	53 
000649 	175 	89 	53 	53 
000650 	181 	89 	53 	53 
000651 	176 	87 	63 	63 
000652 	176 	87 	63 	63 
000653 	176 	87 	63 	63 
000654 	176 	87 	63 	63 
000655 	176 	87 	63 	63 
000656 	176 	87 	63 	63 
000657 	176 	87 	63 	63 
000658 	176 	87 	63 	63 
000659 	176 	87 	63 	63 
000660 	176 	87 	63 	63 
000661 	176 	87 	63 	63 
000662 	169 	87 	63 	63 
000663 	169 	87 	63 	63 
000664 	169 	87 	63 	63 
000665 	169 	89 	53 	53 
000666 	169 	89 	53 	53 
000667 	169 	89 	53 	53 
000668 	162 	87 	63 	63 
000669 	164 	89 	52 	53 
000670 	164 	89 	52 	53 
000671 	164 	89 	52 	53 
000672 	155 	80 	63 	63 
000673 	155 	80 	63 	63 
000674 	155 	80 	63 	63 
000675 	155 	80 	63 	63 
000676 	155 	80 	63 	63 
000677 	155 	80 	63 	63 
000678 	158 	83 	53 	53 
000679 	155 	80 	63 	63 
000680 	155 	80 	63 	63 
000681 	155 	80 	63 	63 
000682 	155 	80 	63 	63 
000683 	155 	80 	63 	63 
000684 	155 	80 	63 	63 
000685 	155 	80 	63 	63 
000686 	164 	89 	52 	53 
000687 	155 	80 	63 	63 
000688 	164 	89 	52 	53 
000689 	162 	80 	63 	63 
000690 	162 	80 	63 	63 
000691 	162 	80 	63 	63 
000692 	162 	80 	63 	63 
000693 	162 	80 	63 	63 
000694 	162 	80 	63 	63 
000695 	169 	89 	53 	53 
000696 	162 	80 	63 	63 
000697 	169 	89 	53 	53 
000698 	169 	89 	53 	53 
000699 	162 	80 	63 	63 
000700 	162 	80 	63 	63 
000701 	162 	80 	63 	63 
000702 	162 	80 	63 	63 
000703 	169 	89 	53 	53 
000704 	162 	80 	63 	63 
000705 	162 	80 	63 	63 
000706 	162 	80 	63 	63 
000707 	162 	80 	63 	63 
000708 	162 	80 	63 	63 
000709 	164 	89 	52 	53 
000710 	162 	80 	63 	63 
000711 	162 	87 	63 	63 
000712 	164 	89 	52 	53 
000713 	164 	89 	52 	53 
000714 	164 	89 	52 	53 
000715 	164 	89 	52 	53 
000716 	164 	89 	52 	53 
000717 	164 	89 	52 	53 
000718 	164 	95 	52 	53 
000719 	155 	87 	63 	63 
000720 	164 	95 	52 	53 
000721 	155 	87 	63 	63 
000722 	155 	87 	63 	63 
000723 	155 	80 	63 	63 
000724 	155 	80 	63 	63 
000725 	155 	80 	63 	63 
000726 	155 	80 	63 	63 
000727 	155 	80 	63 	63 
000728 	155 	80 	63 	63 
000729 	155 	80 	63 	63 
000730 	155 	80 	63 	63 
000731 	158 	83 	53 	53 
000732 	148 	80 	63 	63 
000733 	158 	83 	53 	53 
000734 	158 	83 	53 	53 
000735 	148 	80 	63 	63 
000736 	148 	80 	63 	63 
000737 	148 	80 	63 	63 
000738 	148 	80 	63 	63 
000739 	148 	80 	63 	63 
000740 	148 	80 	63 	63 
000741 	148 	80 	63 	63 
000742 	148 	80 	63 	63 
000743 	148 	80 	63 	63 
000744 	148 	80 	63 	63 
000745 	148 	80 	63 	63 
000746 	148 	80 	63 	63 
000747 	148 	80 	63 	63 
000748 	158 	83 	53 	53 
000749 	148 	80 	63 	63 
000750 	148 	80 	63 	63 
000751 	148 	80 	63 	63 
000752 	148 	80 	63 	63 
000753 	148 	80 	63 	63 
000754 	148 	80 	63 	63 
000755 	148 	80 	63 	63 
000756 	148 	80 	63 	63 
000757 	148 	80 	63 	63 
