Identity  : 	id10302
Reference : 	VRCidrXwd1s
Offset    : 	1
FV Conf   : 	13.431
ASD Conf  : 	5.869

FRAME 	X 	Y 	W 	H 
003045 	164 	75 	91 	91 
003046 	164 	75 	91 	91 
003047 	170 	79 	75 	76 
003048 	164 	75 	91 	91 
003049 	170 	79 	75 	76 
003050 	170 	79 	75 	76 
003051 	170 	79 	75 	76 
003052 	170 	79 	75 	76 
003053 	170 	79 	75 	76 
003054 	164 	75 	91 	91 
003055 	164 	75 	91 	91 
003056 	170 	87 	75 	76 
003057 	170 	87 	75 	76 
003058 	164 	75 	91 	91 
003059 	178 	87 	76 	76 
003060 	178 	87 	76 	76 
003061 	178 	79 	76 	76 
003062 	174 	75 	91 	91 
003063 	178 	79 	76 	76 
003064 	178 	79 	76 	76 
003065 	178 	79 	76 	76 
003066 	178 	79 	76 	76 
003067 	164 	65 	91 	91 
003068 	164 	65 	91 	91 
003069 	164 	65 	91 	91 
003070 	164 	65 	91 	91 
003071 	164 	65 	91 	91 
003072 	164 	65 	91 	91 
003073 	178 	79 	76 	76 
003074 	178 	79 	76 	76 
003075 	178 	79 	76 	76 
003076 	178 	79 	76 	76 
003077 	174 	75 	91 	91 
003078 	174 	75 	91 	91 
003079 	174 	75 	91 	91 
003080 	174 	75 	91 	91 
003081 	174 	75 	91 	91 
003082 	174 	75 	91 	91 
003083 	178 	79 	76 	76 
003084 	178 	79 	76 	76 
003085 	178 	79 	76 	76 
003086 	178 	79 	76 	76 
003087 	164 	75 	91 	91 
003088 	164 	75 	91 	91 
003089 	164 	65 	91 	91 
003090 	164 	65 	91 	91 
003091 	164 	65 	91 	91 
003092 	164 	65 	91 	91 
003093 	164 	65 	91 	91 
003094 	164 	65 	91 	91 
003095 	164 	65 	91 	91 
003096 	164 	65 	91 	91 
003097 	164 	65 	91 	91 
003098 	178 	79 	76 	76 
003099 	178 	79 	76 	76 
003100 	164 	75 	91 	91 
003101 	178 	79 	76 	76 
003102 	178 	79 	76 	76 
003103 	178 	79 	76 	76 
003104 	164 	75 	91 	91 
003105 	178 	79 	76 	76 
003106 	164 	75 	91 	91 
003107 	164 	75 	91 	91 
003108 	164 	65 	91 	91 
003109 	178 	79 	76 	76 
003110 	164 	65 	91 	91 
003111 	178 	79 	76 	76 
003112 	178 	79 	76 	76 
003113 	174 	65 	91 	91 
003114 	174 	65 	91 	91 
003115 	174 	65 	91 	91 
003116 	174 	65 	91 	91 
003117 	174 	65 	91 	91 
003118 	174 	65 	91 	91 
003119 	174 	65 	91 	91 
003120 	174 	65 	91 	91 
003121 	174 	65 	91 	91 
003122 	174 	65 	91 	91 
003123 	174 	65 	91 	91 
003124 	174 	65 	91 	91 
003125 	174 	65 	91 	91 
003126 	174 	65 	91 	91 
003127 	174 	65 	91 	91 
003128 	174 	65 	91 	91 
003129 	174 	65 	91 	91 
003130 	174 	65 	91 	91 
003131 	174 	65 	91 	91 
003132 	174 	65 	91 	91 
003133 	174 	65 	91 	91 
003134 	174 	65 	91 	91 
003135 	174 	65 	91 	91 
003136 	174 	65 	91 	91 
003137 	174 	65 	91 	91 
003138 	174 	65 	91 	91 
003139 	174 	65 	91 	91 
003140 	174 	65 	91 	91 
003141 	174 	65 	91 	91 
003142 	174 	65 	91 	91 
003143 	174 	65 	91 	91 
003144 	174 	65 	91 	91 
003145 	174 	65 	91 	91 
003146 	174 	65 	91 	91 
003147 	174 	65 	91 	91 
003148 	174 	65 	91 	91 
003149 	174 	65 	91 	91 
003150 	174 	65 	91 	91 
003151 	174 	65 	91 	91 
003152 	174 	75 	91 	91 
003153 	178 	79 	76 	76 
003154 	174 	75 	91 	91 
003155 	174 	75 	91 	91 
003156 	174 	65 	91 	91 
003157 	174 	65 	91 	91 
003158 	174 	65 	91 	91 
003159 	174 	65 	91 	91 
003160 	174 	65 	91 	91 
003161 	174 	65 	91 	91 
003162 	174 	75 	91 	91 
003163 	174 	65 	91 	91 
003164 	174 	65 	91 	91 
003165 	174 	65 	91 	91 
003166 	174 	65 	91 	91 
003167 	174 	65 	91 	91 
003168 	174 	65 	91 	91 
003169 	174 	65 	91 	91 
003170 	174 	65 	91 	91 
003171 	174 	65 	91 	91 
003172 	174 	65 	91 	91 
003173 	174 	65 	91 	91 
003174 	178 	79 	76 	76 
003175 	178 	79 	76 	76 
003176 	178 	79 	76 	76 
