Identity  : 	id10302
Reference : 	VRCidrXwd1s
Offset    : 	1
FV Conf   : 	14.370
ASD Conf  : 	4.925

FRAME 	X 	Y 	W 	H 
006933 	136 	81 	103 	104 
006934 	137 	81 	103 	104 
006935 	137 	81 	103 	104 
006936 	137 	81 	103 	104 
006937 	137 	81 	103 	104 
006938 	137 	81 	103 	104 
006939 	137 	81 	103 	104 
006940 	137 	81 	103 	104 
006941 	137 	81 	103 	103 
006942 	137 	81 	103 	103 
006943 	137 	81 	103 	103 
006944 	138 	81 	102 	103 
006945 	138 	81 	102 	103 
006946 	138 	81 	102 	103 
006947 	138 	81 	102 	103 
006948 	138 	81 	102 	103 
006949 	138 	81 	102 	103 
006950 	138 	81 	102 	103 
006951 	138 	81 	102 	103 
006952 	138 	81 	102 	103 
006953 	138 	81 	102 	103 
006954 	139 	81 	102 	103 
006955 	139 	81 	102 	103 
006956 	139 	81 	102 	103 
006957 	139 	81 	102 	103 
006958 	139 	81 	102 	103 
006959 	139 	81 	102 	103 
006960 	139 	81 	102 	103 
006961 	139 	81 	102 	102 
006962 	139 	81 	102 	102 
006963 	139 	82 	102 	102 
006964 	140 	82 	102 	102 
006965 	140 	82 	101 	102 
006966 	140 	82 	101 	102 
006967 	140 	82 	101 	102 
006968 	140 	82 	101 	102 
006969 	140 	82 	101 	102 
006970 	140 	82 	101 	102 
006971 	140 	82 	101 	102 
006972 	140 	82 	101 	102 
006973 	140 	82 	101 	102 
006974 	141 	82 	101 	102 
006975 	141 	82 	101 	102 
006976 	141 	82 	101 	102 
006977 	141 	82 	101 	102 
006978 	141 	82 	101 	102 
006979 	141 	82 	101 	102 
006980 	141 	82 	101 	102 
006981 	141 	82 	101 	101 
006982 	141 	82 	101 	101 
006983 	142 	82 	101 	101 
006984 	142 	82 	101 	101 
006985 	142 	82 	100 	101 
006986 	142 	82 	100 	101 
006987 	142 	82 	100 	101 
006988 	142 	82 	100 	101 
006989 	142 	82 	100 	101 
006990 	142 	82 	100 	101 
006991 	142 	82 	100 	101 
006992 	142 	82 	100 	101 
006993 	143 	82 	100 	101 
006994 	143 	82 	100 	101 
006995 	143 	82 	100 	101 
006996 	143 	82 	100 	101 
006997 	143 	82 	100 	101 
006998 	143 	82 	100 	101 
006999 	143 	82 	100 	101 
007000 	143 	82 	100 	101 
007001 	143 	83 	100 	100 
007002 	143 	83 	100 	100 
007003 	144 	83 	100 	100 
007004 	144 	83 	100 	100 
007005 	144 	83 	100 	100 
007006 	144 	83 	99 	100 
007007 	144 	83 	99 	100 
007008 	144 	83 	99 	100 
007009 	144 	83 	99 	100 
007010 	144 	83 	99 	100 
007011 	144 	83 	99 	100 
007012 	144 	83 	99 	100 
007013 	145 	83 	99 	100 
007014 	145 	83 	99 	100 
007015 	145 	83 	99 	100 
007016 	145 	83 	99 	100 
007017 	145 	83 	99 	100 
007018 	145 	83 	99 	100 
007019 	145 	83 	99 	100 
007020 	145 	83 	99 	100 
007021 	145 	83 	99 	99 
007022 	145 	83 	99 	99 
007023 	146 	83 	99 	99 
007024 	146 	83 	99 	99 
007025 	146 	83 	99 	99 
007026 	146 	83 	99 	99 
007027 	146 	83 	98 	99 
007028 	146 	83 	98 	99 
007029 	146 	83 	98 	99 
007030 	146 	83 	98 	99 
007031 	146 	83 	98 	99 
007032 	146 	83 	98 	99 
007033 	147 	83 	98 	99 
007034 	147 	83 	98 	99 
007035 	147 	83 	98 	99 
007036 	147 	83 	98 	99 
007037 	147 	83 	98 	99 
007038 	147 	83 	98 	99 
007039 	147 	84 	98 	99 
007040 	147 	84 	98 	99 
007041 	147 	84 	98 	98 
007042 	147 	84 	98 	98 
007043 	148 	84 	98 	98 
007044 	148 	84 	98 	98 
