Identity  : 	id10302
Reference : 	VRCidrXwd1s
Offset    : 	1
FV Conf   : 	14.436
ASD Conf  : 	6.783

FRAME 	X 	Y 	W 	H 
003649 	174 	75 	91 	91 
003650 	174 	75 	91 	91 
003651 	174 	75 	91 	91 
003652 	174 	75 	91 	91 
003653 	174 	75 	91 	91 
003654 	174 	75 	91 	91 
003655 	174 	75 	91 	91 
003656 	174 	75 	91 	91 
003657 	174 	75 	91 	91 
003658 	174 	75 	91 	91 
003659 	174 	75 	91 	91 
003660 	174 	75 	91 	91 
003661 	174 	75 	91 	91 
003662 	174 	75 	91 	91 
003663 	178 	87 	76 	76 
003664 	178 	87 	76 	76 
003665 	174 	75 	91 	91 
003666 	174 	75 	91 	91 
003667 	174 	65 	91 	91 
003668 	174 	65 	91 	91 
003669 	174 	65 	91 	91 
003670 	174 	65 	91 	91 
003671 	174 	65 	91 	91 
003672 	174 	75 	91 	91 
003673 	174 	75 	91 	91 
003674 	174 	75 	91 	91 
003675 	174 	75 	91 	91 
003676 	174 	75 	91 	91 
003677 	174 	75 	91 	91 
003678 	174 	75 	91 	91 
003679 	174 	75 	91 	91 
003680 	174 	75 	91 	91 
003681 	174 	75 	91 	91 
003682 	174 	75 	91 	91 
003683 	174 	75 	91 	91 
003684 	174 	75 	91 	91 
003685 	174 	75 	91 	91 
003686 	174 	75 	91 	91 
003687 	178 	87 	76 	76 
003688 	178 	87 	76 	76 
003689 	178 	87 	76 	76 
003690 	178 	79 	76 	76 
003691 	178 	79 	76 	76 
003692 	178 	79 	76 	76 
003693 	178 	79 	76 	76 
003694 	178 	79 	76 	76 
003695 	178 	79 	76 	76 
003696 	178 	79 	76 	76 
003697 	178 	79 	76 	76 
003698 	178 	79 	76 	76 
003699 	174 	65 	91 	91 
003700 	174 	65 	91 	91 
003701 	174 	65 	91 	91 
003702 	174 	65 	91 	91 
003703 	174 	65 	91 	91 
003704 	178 	79 	76 	76 
003705 	178 	79 	76 	76 
003706 	178 	79 	76 	76 
003707 	178 	79 	76 	76 
003708 	178 	79 	76 	76 
003709 	178 	79 	76 	76 
003710 	178 	79 	76 	76 
003711 	178 	79 	76 	76 
003712 	178 	79 	76 	76 
003713 	178 	79 	76 	76 
003714 	178 	79 	76 	76 
003715 	178 	79 	76 	76 
003716 	174 	75 	91 	91 
003717 	174 	65 	91 	91 
003718 	174 	65 	91 	91 
003719 	174 	65 	91 	91 
003720 	174 	65 	91 	91 
003721 	174 	65 	91 	91 
003722 	174 	65 	91 	91 
003723 	174 	65 	91 	91 
003724 	174 	65 	91 	91 
003725 	174 	65 	91 	91 
003726 	174 	75 	91 	91 
003727 	174 	75 	91 	91 
003728 	174 	75 	91 	91 
003729 	174 	75 	91 	91 
003730 	174 	75 	91 	91 
003731 	174 	75 	91 	91 
003732 	174 	75 	91 	91 
003733 	174 	75 	91 	91 
003734 	174 	75 	91 	91 
003735 	174 	75 	91 	91 
003736 	174 	75 	91 	91 
003737 	174 	75 	91 	91 
003738 	174 	75 	91 	91 
003739 	174 	75 	91 	91 
003740 	174 	75 	91 	91 
003741 	174 	75 	91 	91 
003742 	174 	75 	91 	91 
003743 	174 	75 	91 	91 
003744 	174 	75 	91 	91 
003745 	174 	75 	91 	91 
003746 	174 	75 	91 	91 
003747 	174 	75 	91 	91 
003748 	174 	75 	91 	91 
003749 	174 	75 	91 	91 
003750 	174 	75 	91 	91 
003751 	174 	75 	91 	91 
003752 	174 	75 	91 	91 
003753 	178 	79 	76 	76 
003754 	174 	75 	91 	91 
003755 	174 	75 	91 	91 
003756 	174 	75 	91 	91 
003757 	174 	75 	91 	91 
003758 	174 	75 	91 	91 
003759 	178 	87 	76 	76 
003760 	174 	75 	91 	91 
