Identity  : 	id10302
Reference : 	VRCidrXwd1s
Offset    : 	1
FV Conf   : 	16.283
ASD Conf  : 	6.503

FRAME 	X 	Y 	W 	H 
009147 	197 	66 	109 	109 
009148 	197 	66 	109 	109 
009149 	197 	66 	109 	109 
009150 	214 	85 	91 	91 
009151 	214 	85 	91 	91 
009152 	214 	85 	91 	91 
009153 	214 	85 	91 	91 
009154 	214 	85 	91 	91 
009155 	209 	78 	109 	109 
009156 	209 	78 	109 	109 
009157 	209 	78 	109 	109 
009158 	209 	78 	109 	109 
009159 	209 	78 	109 	109 
009160 	209 	78 	109 	109 
009161 	214 	85 	91 	91 
009162 	214 	85 	91 	91 
009163 	214 	85 	91 	91 
009164 	214 	85 	91 	91 
009165 	214 	85 	91 	91 
009166 	214 	85 	91 	91 
009167 	209 	78 	109 	109 
009168 	214 	85 	91 	91 
009169 	214 	85 	91 	91 
009170 	214 	85 	91 	91 
009171 	214 	85 	91 	91 
009172 	214 	85 	91 	91 
009173 	214 	85 	91 	91 
009174 	214 	75 	91 	91 
009175 	214 	75 	91 	91 
009176 	214 	85 	91 	91 
009177 	214 	85 	91 	91 
009178 	197 	78 	109 	109 
009179 	197 	78 	109 	109 
009180 	197 	66 	109 	109 
009181 	197 	66 	109 	109 
009182 	197 	66 	109 	109 
009183 	197 	66 	109 	109 
009184 	197 	66 	109 	109 
009185 	214 	85 	91 	91 
009186 	214 	85 	91 	91 
009187 	214 	85 	91 	91 
009188 	214 	85 	91 	91 
009189 	214 	85 	91 	91 
009190 	214 	85 	91 	91 
009191 	214 	85 	91 	91 
009192 	214 	85 	91 	91 
009193 	214 	85 	91 	91 
009194 	214 	85 	91 	91 
009195 	214 	85 	91 	91 
009196 	214 	85 	91 	91 
009197 	214 	85 	91 	91 
009198 	214 	85 	91 	91 
009199 	214 	85 	91 	91 
009200 	214 	85 	91 	91 
009201 	214 	85 	91 	91 
009202 	214 	85 	91 	91 
009203 	214 	85 	91 	91 
009204 	214 	85 	91 	91 
009205 	214 	85 	91 	91 
009206 	214 	85 	91 	91 
009207 	214 	85 	91 	91 
009208 	214 	85 	91 	91 
009209 	197 	78 	109 	109 
009210 	204 	85 	91 	91 
009211 	197 	78 	109 	109 
009212 	204 	95 	91 	91 
009213 	204 	95 	91 	91 
009214 	214 	95 	91 	91 
009215 	214 	95 	91 	91 
009216 	214 	95 	91 	91 
009217 	214 	95 	91 	91 
009218 	214 	95 	91 	91 
009219 	214 	95 	91 	91 
009220 	214 	95 	91 	91 
009221 	214 	95 	91 	91 
009222 	214 	95 	91 	91 
009223 	214 	95 	91 	91 
009224 	214 	95 	91 	91 
009225 	214 	85 	91 	91 
009226 	214 	85 	91 	91 
009227 	214 	85 	91 	91 
009228 	214 	85 	91 	91 
009229 	214 	85 	91 	91 
009230 	214 	85 	91 	91 
009231 	214 	85 	91 	91 
009232 	214 	85 	91 	91 
009233 	214 	85 	91 	91 
009234 	214 	85 	91 	91 
009235 	214 	85 	91 	91 
009236 	214 	85 	91 	91 
009237 	214 	85 	91 	91 
009238 	214 	95 	91 	91 
009239 	214 	95 	91 	91 
009240 	214 	95 	91 	91 
009241 	214 	95 	91 	91 
009242 	214 	95 	91 	91 
009243 	214 	95 	91 	91 
009244 	214 	95 	91 	91 
009245 	214 	95 	91 	91 
009246 	214 	95 	91 	91 
009247 	214 	85 	91 	91 
009248 	214 	85 	91 	91 
009249 	214 	85 	91 	91 
009250 	214 	85 	91 	91 
009251 	214 	85 	91 	91 
009252 	214 	85 	91 	91 
009253 	214 	85 	91 	91 
