Identity  : 	id10302
Reference : 	VRCidrXwd1s
Offset    : 	1
FV Conf   : 	15.315
ASD Conf  : 	5.833

FRAME 	X 	Y 	W 	H 
010127 	204 	95 	91 	91 
010128 	204 	95 	91 	91 
010129 	204 	95 	91 	91 
010130 	204 	95 	91 	91 
010131 	204 	95 	91 	91 
010132 	204 	95 	91 	91 
010133 	204 	95 	91 	91 
010134 	204 	95 	91 	91 
010135 	204 	95 	91 	91 
010136 	204 	95 	91 	91 
010137 	204 	95 	91 	91 
010138 	204 	95 	91 	91 
010139 	204 	95 	91 	91 
010140 	204 	95 	91 	91 
010141 	204 	95 	91 	91 
010142 	204 	95 	91 	91 
010143 	204 	95 	91 	91 
010144 	204 	95 	91 	91 
010145 	204 	95 	91 	91 
010146 	204 	95 	91 	91 
010147 	204 	95 	91 	91 
010148 	204 	95 	91 	91 
010149 	204 	95 	91 	91 
010150 	204 	95 	91 	91 
010151 	204 	95 	91 	91 
010152 	204 	95 	91 	91 
010153 	204 	95 	91 	91 
010154 	204 	95 	91 	91 
010155 	204 	95 	91 	91 
010156 	197 	78 	109 	109 
010157 	197 	78 	109 	109 
010158 	197 	78 	109 	109 
010159 	209 	78 	109 	109 
010160 	209 	78 	109 	109 
010161 	209 	78 	109 	109 
010162 	221 	78 	109 	109 
010163 	221 	78 	109 	109 
010164 	221 	78 	109 	109 
010165 	233 	90 	109 	109 
010166 	233 	90 	109 	109 
010167 	233 	102 	109 	109 
010168 	245 	102 	109 	109 
010169 	245 	102 	109 	109 
010170 	245 	102 	109 	109 
010171 	245 	114 	109 	109 
010172 	245 	114 	109 	109 
010173 	245 	114 	109 	109 
010174 	245 	114 	109 	109 
010175 	245 	114 	109 	109 
010176 	233 	114 	109 	109 
010177 	233 	114 	109 	109 
010178 	221 	114 	109 	109 
010179 	221 	114 	109 	109 
010180 	221 	114 	109 	109 
010181 	209 	114 	109 	109 
010182 	209 	114 	109 	109 
010183 	209 	114 	109 	109 
010184 	209 	114 	109 	109 
010185 	209 	102 	109 	109 
010186 	208 	94 	130 	130 
010187 	208 	94 	130 	130 
010188 	208 	94 	130 	130 
010189 	221 	102 	109 	109 
010190 	223 	94 	130 	130 
010191 	223 	94 	130 	130 
010192 	233 	114 	109 	109 
010193 	245 	114 	109 	109 
010194 	237 	109 	130 	130 
010195 	237 	109 	130 	130 
010196 	245 	126 	109 	109 
010197 	237 	123 	130 	130 
010198 	237 	123 	130 	130 
010199 	237 	123 	130 	130 
010200 	237 	123 	130 	130 
010201 	237 	123 	130 	130 
010202 	223 	123 	130 	130 
010203 	223 	123 	130 	130 
010204 	233 	126 	109 	109 
010205 	221 	126 	109 	109 
010206 	208 	109 	130 	130 
010207 	209 	126 	109 	109 
010208 	194 	109 	130 	130 
010209 	194 	109 	130 	130 
010210 	194 	109 	130 	130 
010211 	197 	126 	109 	109 
010212 	185 	126 	109 	109 
010213 	185 	126 	109 	109 
010214 	185 	126 	109 	109 
010215 	185 	114 	109 	109 
010216 	185 	114 	109 	109 
010217 	185 	114 	109 	109 
010218 	180 	109 	130 	130 
010219 	180 	109 	130 	130 
010220 	180 	109 	130 	130 
010221 	180 	109 	130 	130 
010222 	180 	109 	130 	130 
010223 	180 	109 	130 	130 
010224 	180 	109 	130 	130 
010225 	180 	109 	130 	130 
010226 	180 	109 	130 	130 
010227 	180 	109 	130 	130 
010228 	180 	109 	130 	130 
010229 	180 	109 	130 	130 
010230 	180 	109 	130 	130 
010231 	197 	114 	109 	109 
010232 	197 	114 	109 	109 
010233 	197 	114 	109 	109 
010234 	197 	114 	109 	109 
010235 	194 	109 	130 	130 
010236 	209 	126 	109 	109 
010237 	209 	126 	109 	109 
010238 	209 	126 	109 	109 
010239 	209 	126 	109 	109 
010240 	209 	126 	109 	109 
010241 	209 	126 	109 	109 
010242 	209 	126 	109 	109 
010243 	209 	126 	109 	109 
010244 	209 	138 	109 	109 
010245 	209 	138 	109 	109 
010246 	209 	138 	109 	109 
010247 	209 	138 	109 	109 
010248 	197 	138 	109 	109 
010249 	197 	138 	109 	109 
010250 	197 	138 	109 	109 
010251 	185 	138 	109 	109 
010252 	185 	126 	109 	109 
010253 	185 	126 	109 	109 
010254 	185 	126 	109 	109 
010255 	185 	126 	109 	109 
010256 	197 	126 	109 	109 
010257 	197 	126 	109 	109 
010258 	197 	126 	109 	109 
010259 	197 	126 	109 	109 
010260 	197 	126 	109 	109 
010261 	197 	126 	109 	109 
010262 	197 	126 	109 	109 
010263 	209 	126 	109 	109 
010264 	209 	126 	109 	109 
010265 	209 	126 	109 	109 
010266 	209 	126 	109 	109 
010267 	209 	126 	109 	109 
010268 	209 	126 	109 	109 
010269 	209 	126 	109 	109 
010270 	209 	126 	109 	109 
010271 	209 	126 	109 	109 
010272 	208 	123 	130 	130 
010273 	221 	126 	109 	109 
010274 	221 	126 	109 	109 
010275 	221 	126 	109 	109 
010276 	221 	126 	109 	109 
010277 	221 	126 	109 	109 
010278 	221 	126 	109 	109 
010279 	209 	126 	109 	109 
010280 	209 	126 	109 	109 
010281 	209 	126 	109 	109 
010282 	209 	126 	109 	109 
010283 	209 	126 	109 	109 
010284 	194 	109 	130 	130 
010285 	194 	109 	130 	130 
010286 	194 	109 	130 	130 
010287 	209 	126 	109 	109 
010288 	194 	109 	130 	130 
010289 	194 	109 	130 	130 
010290 	194 	109 	130 	130 
010291 	194 	109 	130 	130 
010292 	194 	109 	130 	130 
010293 	194 	109 	130 	130 
010294 	209 	126 	109 	109 
010295 	209 	126 	109 	109 
010296 	209 	126 	109 	109 
010297 	209 	126 	109 	109 
010298 	209 	126 	109 	109 
010299 	209 	126 	109 	109 
010300 	209 	126 	109 	109 
010301 	209 	126 	109 	109 
010302 	209 	126 	109 	109 
010303 	194 	109 	130 	130 
010304 	194 	109 	130 	130 
