Identity  : 	id10302
Reference : 	VRCidrXwd1s
Offset    : 	1
FV Conf   : 	14.327
ASD Conf  : 	8.049

FRAME 	X 	Y 	W 	H 
015182 	194 	123 	130 	130 
015183 	194 	123 	130 	130 
015184 	194 	123 	130 	130 
015185 	194 	123 	130 	130 
015186 	194 	123 	130 	130 
015187 	194 	123 	130 	130 
015188 	194 	123 	130 	130 
015189 	194 	123 	130 	130 
015190 	194 	123 	130 	130 
015191 	180 	123 	130 	130 
015192 	180 	123 	130 	130 
015193 	180 	123 	130 	130 
015194 	180 	123 	130 	130 
015195 	180 	123 	130 	130 
015196 	180 	123 	130 	130 
015197 	180 	123 	130 	130 
015198 	180 	123 	130 	130 
015199 	180 	123 	130 	130 
015200 	180 	123 	130 	130 
015201 	180 	123 	130 	130 
015202 	180 	123 	130 	130 
015203 	180 	123 	130 	130 
015204 	180 	123 	130 	130 
015205 	180 	123 	130 	130 
015206 	180 	123 	130 	130 
015207 	180 	123 	130 	130 
015208 	180 	123 	130 	130 
015209 	180 	123 	130 	130 
015210 	180 	123 	130 	130 
015211 	180 	123 	130 	130 
015212 	180 	123 	130 	130 
015213 	180 	123 	130 	130 
015214 	180 	123 	130 	130 
015215 	180 	123 	130 	130 
015216 	180 	123 	130 	130 
015217 	180 	123 	130 	130 
015218 	180 	123 	130 	130 
015219 	180 	123 	130 	130 
015220 	180 	123 	130 	130 
015221 	180 	123 	130 	130 
015222 	180 	123 	130 	130 
015223 	180 	123 	130 	130 
015224 	180 	123 	130 	130 
015225 	180 	123 	130 	130 
015226 	180 	123 	130 	130 
015227 	180 	123 	130 	130 
015228 	180 	123 	130 	130 
015229 	180 	123 	130 	130 
015230 	180 	123 	130 	130 
015231 	180 	123 	130 	130 
015232 	180 	123 	130 	130 
015233 	180 	123 	130 	130 
015234 	180 	123 	130 	130 
015235 	180 	123 	130 	130 
015236 	180 	109 	130 	130 
015237 	180 	109 	130 	130 
015238 	180 	109 	130 	130 
015239 	180 	109 	130 	130 
015240 	164 	96 	156 	156 
015241 	164 	96 	156 	156 
015242 	164 	96 	156 	156 
015243 	164 	96 	156 	156 
015244 	165 	94 	130 	130 
015245 	165 	94 	130 	130 
015246 	165 	94 	130 	130 
015247 	165 	94 	130 	130 
015248 	165 	94 	130 	130 
015249 	165 	94 	130 	130 
015250 	147 	79 	156 	156 
015251 	147 	79 	156 	156 
015252 	147 	79 	156 	156 
015253 	151 	80 	130 	130 
015254 	151 	80 	130 	130 
015255 	151 	80 	130 	130 
015256 	151 	80 	130 	130 
015257 	151 	80 	130 	130 
015258 	151 	80 	130 	130 
015259 	151 	80 	130 	130 
015260 	151 	80 	130 	130 
015261 	151 	80 	130 	130 
015262 	151 	80 	130 	130 
015263 	147 	79 	156 	156 
015264 	165 	94 	130 	130 
015265 	165 	94 	130 	130 
015266 	180 	94 	130 	130 
015267 	180 	94 	130 	130 
015268 	180 	94 	130 	130 
015269 	194 	94 	130 	130 
015270 	194 	94 	130 	130 
015271 	194 	94 	130 	130 
015272 	194 	94 	130 	130 
015273 	194 	94 	130 	130 
015274 	194 	94 	130 	130 
015275 	181 	79 	156 	156 
015276 	181 	79 	156 	156 
015277 	181 	79 	156 	156 
015278 	199 	79 	155 	156 
015279 	199 	79 	155 	156 
015280 	199 	79 	155 	156 
015281 	199 	79 	155 	156 
015282 	199 	79 	155 	156 
015283 	199 	79 	155 	156 
015284 	181 	79 	156 	156 
015285 	181 	79 	156 	156 
015286 	181 	79 	156 	156 
015287 	181 	79 	156 	156 
015288 	181 	79 	156 	156 
015289 	181 	79 	156 	156 
015290 	181 	79 	156 	156 
015291 	181 	79 	156 	156 
015292 	181 	79 	156 	156 
015293 	194 	109 	130 	130 
015294 	194 	109 	130 	130 
015295 	181 	96 	156 	156 
015296 	181 	96 	156 	156 
015297 	181 	96 	156 	156 
015298 	181 	96 	156 	156 
015299 	181 	96 	156 	156 
015300 	181 	96 	156 	156 
015301 	181 	96 	156 	156 
015302 	194 	109 	130 	130 
015303 	181 	96 	156 	156 
015304 	180 	109 	130 	130 
015305 	180 	109 	130 	130 
015306 	180 	109 	130 	130 
015307 	180 	123 	130 	130 
015308 	180 	109 	130 	130 
015309 	180 	109 	130 	130 
015310 	180 	109 	130 	130 
015311 	194 	109 	130 	130 
015312 	181 	96 	156 	156 
015313 	194 	123 	130 	130 
015314 	180 	123 	130 	130 
015315 	180 	123 	130 	130 
015316 	194 	123 	130 	130 
015317 	181 	96 	156 	156 
015318 	181 	96 	156 	156 
015319 	181 	96 	156 	156 
015320 	181 	96 	156 	156 
015321 	181 	96 	156 	156 
