Identity  : 	id10302
Reference : 	VRCidrXwd1s
Offset    : 	1
FV Conf   : 	14.769
ASD Conf  : 	6.724

FRAME 	X 	Y 	W 	H 
013048 	194 	109 	130 	130 
013049 	194 	109 	130 	130 
013050 	194 	109 	130 	130 
013051 	194 	109 	130 	130 
013052 	194 	109 	130 	130 
013053 	180 	109 	130 	130 
013054 	180 	109 	130 	130 
013055 	180 	109 	130 	130 
013056 	165 	109 	130 	130 
013057 	165 	94 	130 	130 
013058 	180 	94 	130 	130 
013059 	180 	94 	130 	130 
013060 	180 	94 	130 	130 
013061 	180 	94 	130 	130 
013062 	180 	94 	130 	130 
013063 	181 	79 	156 	156 
013064 	194 	94 	130 	130 
013065 	194 	94 	130 	130 
013066 	181 	79 	156 	156 
013067 	181 	79 	156 	156 
013068 	181 	79 	156 	156 
013069 	181 	79 	156 	156 
013070 	181 	79 	156 	156 
013071 	194 	94 	130 	130 
013072 	181 	79 	156 	156 
013073 	181 	79 	156 	156 
013074 	180 	94 	130 	130 
013075 	180 	109 	130 	130 
013076 	180 	94 	130 	130 
013077 	180 	94 	130 	130 
013078 	181 	79 	156 	156 
013079 	181 	79 	156 	156 
013080 	181 	79 	156 	156 
013081 	181 	79 	156 	156 
013082 	181 	79 	156 	156 
013083 	181 	79 	156 	156 
013084 	181 	79 	156 	156 
013085 	181 	79 	156 	156 
013086 	181 	79 	156 	156 
013087 	181 	79 	156 	156 
013088 	194 	109 	130 	130 
013089 	194 	109 	130 	130 
013090 	181 	96 	156 	156 
013091 	181 	96 	156 	156 
013092 	194 	109 	130 	130 
013093 	181 	96 	156 	156 
013094 	194 	109 	130 	130 
013095 	181 	96 	156 	156 
013096 	181 	96 	156 	156 
013097 	181 	96 	156 	156 
013098 	181 	96 	156 	156 
013099 	181 	96 	156 	156 
013100 	181 	96 	156 	156 
013101 	181 	96 	156 	156 
013102 	181 	96 	156 	156 
013103 	181 	96 	156 	156 
013104 	181 	96 	156 	156 
013105 	181 	96 	156 	156 
013106 	181 	96 	156 	156 
013107 	181 	96 	156 	156 
013108 	181 	96 	156 	156 
013109 	181 	96 	156 	156 
013110 	181 	96 	156 	156 
013111 	181 	96 	156 	156 
013112 	208 	109 	130 	130 
013113 	208 	109 	130 	130 
013114 	181 	96 	156 	156 
013115 	181 	96 	156 	156 
013116 	181 	96 	156 	156 
013117 	181 	96 	156 	156 
013118 	181 	96 	156 	156 
013119 	194 	109 	130 	130 
013120 	180 	109 	130 	130 
013121 	180 	109 	130 	130 
013122 	180 	123 	130 	130 
013123 	180 	123 	130 	130 
013124 	180 	109 	130 	130 
013125 	180 	109 	130 	130 
013126 	180 	109 	130 	130 
013127 	180 	109 	130 	130 
013128 	180 	109 	130 	130 
013129 	180 	109 	130 	130 
013130 	194 	109 	130 	130 
013131 	194 	109 	130 	130 
013132 	194 	109 	130 	130 
013133 	194 	109 	130 	130 
013134 	180 	109 	130 	130 
013135 	180 	109 	130 	130 
013136 	165 	109 	130 	130 
013137 	165 	109 	130 	130 
013138 	165 	123 	130 	130 
013139 	165 	123 	130 	130 
013140 	165 	109 	130 	130 
013141 	165 	109 	130 	130 
013142 	165 	109 	130 	130 
013143 	165 	109 	130 	130 
013144 	165 	109 	130 	130 
013145 	165 	109 	130 	130 
013146 	165 	109 	130 	130 
013147 	165 	109 	130 	130 
013148 	165 	109 	130 	130 
013149 	165 	109 	130 	130 
013150 	165 	109 	130 	130 
