Identity  : 	id10297
Reference : 	6-VE8e8RtZE
Offset    : 	-2
FV Conf   : 	14.515
ASD Conf  : 	7.449

FRAME 	X 	Y 	W 	H 
000066 	262 	114 	224 	224 
000067 	262 	114 	224 	224 
000068 	262 	114 	224 	224 
000069 	280 	115 	187 	187 
000070 	280 	115 	187 	187 
000071 	280 	115 	187 	187 
000072 	280 	115 	187 	187 
000073 	280 	115 	187 	187 
000074 	280 	115 	187 	187 
000075 	280 	115 	187 	187 
000076 	280 	115 	187 	187 
000077 	280 	115 	187 	187 
000078 	280 	115 	187 	187 
000079 	280 	115 	187 	187 
000080 	280 	115 	187 	187 
000081 	280 	115 	187 	187 
000082 	280 	115 	187 	187 
000083 	280 	115 	187 	187 
000084 	280 	115 	187 	187 
000085 	280 	115 	187 	187 
000086 	262 	89 	224 	224 
000087 	262 	89 	224 	224 
000088 	262 	89 	224 	224 
000089 	262 	89 	224 	224 
000090 	259 	115 	187 	187 
000091 	259 	115 	187 	187 
000092 	259 	115 	187 	187 
000093 	259 	115 	187 	187 
000094 	259 	115 	187 	187 
000095 	259 	115 	187 	187 
000096 	259 	115 	187 	187 
000097 	259 	115 	187 	187 
000098 	259 	115 	187 	187 
000099 	259 	115 	187 	187 
000100 	259 	115 	187 	187 
000101 	259 	115 	187 	187 
000102 	259 	115 	187 	187 
000103 	259 	115 	187 	187 
000104 	259 	115 	187 	187 
000105 	259 	115 	187 	187 
000106 	259 	115 	187 	187 
000107 	259 	115 	187 	187 
000108 	259 	115 	187 	187 
000109 	259 	115 	187 	187 
000110 	259 	115 	187 	187 
000111 	259 	115 	187 	187 
000112 	259 	115 	187 	187 
000113 	259 	115 	187 	187 
000114 	259 	115 	187 	187 
000115 	259 	115 	187 	187 
000116 	259 	115 	187 	187 
000117 	259 	115 	187 	187 
000118 	259 	115 	187 	187 
000119 	259 	115 	187 	187 
000120 	259 	115 	187 	187 
000121 	259 	115 	187 	187 
000122 	259 	115 	187 	187 
000123 	259 	115 	187 	187 
000124 	259 	115 	187 	187 
000125 	259 	115 	187 	187 
000126 	259 	115 	187 	187 
000127 	259 	115 	187 	187 
000128 	259 	115 	187 	187 
000129 	237 	89 	224 	224 
000130 	259 	115 	187 	187 
000131 	259 	115 	187 	187 
000132 	259 	115 	187 	187 
000133 	259 	115 	187 	187 
000134 	259 	115 	187 	187 
000135 	259 	115 	187 	187 
000136 	259 	115 	187 	187 
000137 	259 	115 	187 	187 
000138 	259 	115 	187 	187 
000139 	259 	115 	187 	187 
000140 	259 	115 	187 	187 
000141 	259 	115 	187 	187 
000142 	259 	115 	187 	187 
000143 	259 	115 	187 	187 
000144 	259 	115 	187 	187 
000145 	259 	115 	187 	187 
000146 	259 	115 	187 	187 
000147 	259 	115 	187 	187 
000148 	259 	115 	187 	187 
000149 	259 	115 	187 	187 
000150 	259 	115 	187 	187 
000151 	259 	115 	187 	187 
000152 	259 	115 	187 	187 
000153 	259 	115 	187 	187 
000154 	259 	115 	187 	187 
000155 	259 	115 	187 	187 
000156 	259 	115 	187 	187 
000157 	259 	115 	187 	187 
000158 	259 	115 	187 	187 
000159 	259 	115 	187 	187 
000160 	259 	115 	187 	187 
000161 	259 	115 	187 	187 
000162 	259 	115 	187 	187 
000163 	259 	115 	187 	187 
000164 	259 	115 	187 	187 
000165 	259 	115 	187 	187 
000166 	259 	115 	187 	187 
000167 	259 	115 	187 	187 
000168 	259 	115 	187 	187 
000169 	239 	115 	186 	187 
000170 	239 	115 	186 	187 
000171 	239 	115 	186 	187 
000172 	239 	115 	186 	187 
000173 	239 	115 	186 	187 
000174 	239 	115 	186 	187 
000175 	239 	115 	186 	187 
000176 	239 	115 	186 	187 
000177 	259 	115 	187 	187 
000178 	259 	115 	187 	187 
000179 	259 	115 	187 	187 
000180 	259 	115 	187 	187 
000181 	259 	115 	187 	187 
000182 	259 	115 	187 	187 
000183 	259 	115 	187 	187 
000184 	259 	115 	187 	187 
000185 	237 	89 	224 	224 
000186 	239 	115 	186 	187 
000187 	239 	115 	186 	187 
000188 	239 	115 	186 	187 
000189 	239 	115 	186 	187 
000190 	239 	115 	186 	187 
000191 	239 	115 	186 	187 
000192 	212 	89 	224 	224 
000193 	212 	89 	224 	224 
000194 	212 	89 	224 	224 
000195 	212 	89 	224 	224 
000196 	218 	95 	187 	186 
000197 	218 	95 	187 	186 
000198 	218 	115 	187 	187 
000199 	188 	89 	224 	224 
000200 	188 	89 	224 	224 
000201 	188 	89 	224 	224 
000202 	188 	89 	224 	224 
000203 	188 	89 	224 	224 
000204 	188 	89 	224 	224 
000205 	188 	89 	224 	224 
000206 	218 	115 	187 	187 
000207 	218 	115 	187 	187 
000208 	218 	115 	187 	187 
000209 	218 	115 	187 	187 
000210 	218 	95 	187 	186 
000211 	218 	95 	187 	186 
000212 	239 	95 	186 	186 
000213 	239 	95 	186 	186 
000214 	239 	95 	186 	186 
000215 	239 	95 	186 	186 
000216 	239 	95 	186 	186 
000217 	239 	95 	186 	186 
000218 	239 	95 	186 	186 
000219 	239 	95 	186 	186 
000220 	239 	95 	186 	186 
000221 	238 	95 	188 	188 
000222 	237 	95 	189 	189 
000223 	236 	94 	191 	191 
000224 	235 	94 	192 	192 
000225 	234 	94 	194 	194 
000226 	233 	94 	195 	195 
000227 	231 	93 	197 	197 
000228 	230 	93 	198 	198 
000229 	229 	93 	200 	200 
000230 	228 	93 	201 	201 
000231 	227 	92 	203 	203 
000232 	226 	92 	204 	204 
000233 	225 	92 	206 	206 
000234 	224 	92 	207 	207 
000235 	223 	91 	209 	209 
000236 	222 	91 	210 	210 
000237 	221 	91 	212 	212 
000238 	220 	91 	213 	213 
000239 	218 	90 	215 	215 
000240 	217 	90 	216 	216 
000241 	216 	90 	218 	218 
000242 	215 	90 	219 	219 
000243 	214 	89 	221 	221 
000244 	213 	89 	222 	222 
000245 	212 	89 	224 	224 
000246 	218 	89 	224 	224 
000247 	224 	89 	224 	224 
000248 	231 	89 	224 	224 
000249 	237 	89 	224 	224 
000250 	243 	89 	224 	224 
000251 	250 	89 	224 	224 
000252 	256 	89 	224 	224 
000253 	262 	89 	224 	224 
000254 	262 	89 	224 	224 
000255 	262 	89 	224 	224 
000256 	262 	89 	224 	224 
000257 	262 	89 	224 	224 
000258 	262 	89 	224 	224 
000259 	262 	89 	224 	224 
000260 	262 	89 	224 	224 
000261 	259 	115 	187 	187 
000262 	262 	89 	224 	224 
000263 	262 	89 	224 	224 
000264 	262 	89 	224 	224 
000265 	262 	89 	224 	224 
000266 	262 	89 	224 	224 
000267 	262 	89 	224 	224 
000268 	262 	89 	224 	224 
000269 	262 	89 	224 	224 
000270 	259 	95 	187 	186 
000271 	259 	95 	187 	186 
000272 	259 	95 	187 	186 
000273 	239 	95 	186 	186 
000274 	212 	64 	224 	224 
000275 	212 	64 	224 	224 
000276 	218 	95 	187 	186 
000277 	218 	95 	187 	186 
000278 	218 	95 	187 	186 
000279 	218 	95 	187 	186 
000280 	218 	95 	187 	186 
000281 	218 	95 	187 	186 
000282 	218 	95 	187 	186 
000283 	218 	95 	187 	186 
000284 	218 	95 	187 	186 
000285 	218 	95 	187 	186 
000286 	218 	95 	187 	186 
000287 	212 	89 	224 	224 
000288 	239 	115 	186 	187 
000289 	239 	115 	186 	187 
000290 	239 	115 	186 	187 
000291 	239 	115 	186 	187 
000292 	239 	115 	186 	187 
000293 	239 	115 	186 	187 
000294 	218 	115 	187 	187 
000295 	218 	115 	187 	187 
000296 	218 	115 	187 	187 
000297 	239 	115 	186 	187 
000298 	239 	115 	186 	187 
000299 	212 	114 	224 	224 
000300 	212 	114 	224 	224 
000301 	218 	115 	187 	187 
000302 	218 	115 	187 	187 
000303 	218 	115 	187 	187 
000304 	218 	115 	187 	187 
000305 	218 	115 	187 	187 
000306 	218 	115 	187 	187 
000307 	218 	115 	187 	187 
000308 	218 	115 	187 	187 
000309 	218 	115 	187 	187 
000310 	218 	115 	187 	187 
000311 	218 	115 	187 	187 
000312 	218 	115 	187 	187 
000313 	218 	115 	187 	187 
000314 	218 	115 	187 	187 
000315 	218 	115 	187 	187 
000316 	218 	115 	187 	187 
000317 	218 	115 	187 	187 
000318 	218 	115 	187 	187 
000319 	218 	115 	187 	187 
000320 	218 	115 	187 	187 
000321 	218 	115 	187 	187 
000322 	218 	115 	187 	187 
000323 	218 	115 	187 	187 
000324 	218 	115 	187 	187 
000325 	218 	115 	187 	187 
000326 	218 	115 	187 	187 
000327 	218 	115 	187 	187 
000328 	218 	115 	187 	187 
000329 	218 	115 	187 	187 
000330 	218 	115 	187 	187 
000331 	197 	115 	187 	187 
000332 	197 	115 	187 	187 
000333 	218 	115 	187 	187 
000334 	218 	115 	187 	187 
000335 	218 	115 	187 	187 
000336 	218 	115 	187 	187 
000337 	218 	115 	187 	187 
000338 	218 	115 	187 	187 
000339 	218 	115 	187 	187 
000340 	218 	115 	187 	187 
000341 	197 	115 	187 	187 
000342 	197 	115 	187 	187 
000343 	218 	115 	187 	187 
000344 	218 	115 	187 	187 
000345 	218 	115 	187 	187 
000346 	218 	115 	187 	187 
000347 	197 	115 	187 	187 
000348 	197 	115 	187 	187 
000349 	218 	115 	187 	187 
000350 	218 	115 	187 	187 
000351 	218 	115 	187 	187 
000352 	218 	95 	187 	186 
000353 	218 	95 	187 	186 
000354 	218 	95 	187 	186 
000355 	218 	95 	187 	186 
000356 	218 	95 	187 	186 
000357 	218 	95 	187 	186 
000358 	218 	95 	187 	186 
000359 	218 	95 	187 	186 
000360 	218 	95 	187 	186 
000361 	218 	95 	187 	186 
000362 	218 	95 	187 	186 
000363 	218 	95 	187 	186 
000364 	218 	95 	187 	186 
000365 	218 	95 	187 	186 
000366 	218 	95 	187 	186 
000367 	218 	95 	187 	186 
000368 	218 	95 	187 	186 
000369 	218 	95 	187 	186 
000370 	218 	95 	187 	186 
000371 	218 	95 	187 	186 
000372 	197 	95 	187 	186 
000373 	197 	95 	187 	186 
000374 	197 	95 	187 	186 
000375 	197 	95 	187 	186 
000376 	197 	95 	187 	186 
000377 	197 	95 	187 	186 
000378 	197 	95 	187 	186 
000379 	197 	95 	187 	186 
000380 	197 	95 	187 	186 
000381 	197 	95 	187 	186 
000382 	197 	95 	187 	186 
000383 	197 	115 	187 	187 
000384 	197 	115 	187 	187 
000385 	197 	115 	187 	187 
000386 	197 	115 	187 	187 
000387 	197 	115 	187 	187 
000388 	197 	115 	187 	187 
000389 	197 	115 	187 	187 
000390 	197 	115 	187 	187 
000391 	197 	115 	187 	187 
000392 	197 	115 	187 	187 
000393 	197 	115 	187 	187 
000394 	197 	115 	187 	187 
000395 	197 	115 	187 	187 
000396 	197 	115 	187 	187 
000397 	197 	115 	187 	187 
000398 	197 	115 	187 	187 
000399 	218 	115 	187 	187 
000400 	218 	115 	187 	187 
000401 	218 	115 	187 	187 
000402 	197 	115 	187 	187 
000403 	197 	115 	187 	187 
000404 	197 	115 	187 	187 
000405 	197 	115 	187 	187 
000406 	197 	115 	187 	187 
000407 	197 	115 	187 	187 
000408 	197 	115 	187 	187 
000409 	197 	115 	187 	187 
000410 	197 	115 	187 	187 
000411 	197 	115 	187 	187 
000412 	197 	115 	187 	187 
000413 	197 	115 	187 	187 
000414 	197 	115 	187 	187 
000415 	197 	115 	187 	187 
000416 	197 	115 	187 	187 
000417 	197 	115 	187 	187 
000418 	197 	115 	187 	187 
000419 	197 	115 	187 	187 
000420 	197 	115 	187 	187 
000421 	197 	115 	187 	187 
000422 	197 	115 	187 	187 
000423 	197 	115 	187 	187 
000424 	197 	115 	187 	187 
000425 	197 	115 	187 	187 
000426 	197 	115 	187 	187 
000427 	197 	115 	187 	187 
000428 	216 	130 	156 	156 
000429 	197 	115 	187 	187 
000430 	197 	115 	187 	187 
000431 	197 	115 	187 	187 
000432 	197 	115 	187 	187 
000433 	197 	115 	187 	187 
