Identity  : 	id10300
Reference : 	TMBdUkVfwOg
Offset    : 	-5
FV Conf   : 	13.714
ASD Conf  : 	8.772

FRAME 	X 	Y 	W 	H 
007444 	224 	55 	91 	91 
007445 	224 	55 	91 	91 
007446 	224 	55 	91 	91 
007447 	224 	55 	91 	91 
007448 	224 	55 	91 	91 
007449 	224 	55 	91 	91 
007450 	224 	55 	91 	91 
007451 	221 	43 	109 	108 
007452 	224 	45 	91 	91 
007453 	221 	43 	109 	108 
007454 	221 	43 	109 	108 
007455 	224 	45 	91 	91 
007456 	224 	45 	91 	91 
007457 	224 	45 	91 	91 
007458 	221 	43 	109 	108 
007459 	221 	43 	109 	108 
007460 	221 	43 	109 	108 
007461 	221 	43 	109 	108 
007462 	221 	43 	109 	108 
007463 	234 	55 	90 	91 
007464 	234 	55 	90 	91 
007465 	234 	55 	90 	91 
007466 	234 	55 	90 	91 
007467 	234 	55 	90 	91 
007468 	244 	55 	90 	91 
007469 	244 	55 	90 	91 
007470 	244 	55 	90 	91 
007471 	244 	55 	90 	91 
007472 	244 	55 	90 	91 
007473 	233 	54 	109 	109 
007474 	233 	54 	109 	109 
007475 	244 	55 	90 	91 
007476 	244 	55 	90 	91 
007477 	244 	55 	90 	91 
007478 	244 	55 	90 	91 
007479 	244 	55 	90 	91 
007480 	233 	54 	109 	109 
007481 	245 	43 	109 	108 
007482 	233 	54 	109 	109 
007483 	254 	65 	90 	91 
007484 	254 	65 	90 	91 
007485 	254 	65 	90 	91 
007486 	233 	54 	109 	109 
007487 	233 	54 	109 	109 
007488 	233 	54 	109 	109 
007489 	233 	54 	109 	109 
007490 	233 	54 	109 	109 
007491 	233 	54 	109 	109 
007492 	233 	54 	109 	109 
007493 	233 	54 	109 	109 
007494 	233 	54 	109 	109 
007495 	233 	54 	109 	109 
007496 	233 	54 	109 	109 
007497 	233 	54 	109 	109 
007498 	234 	65 	90 	91 
007499 	221 	54 	109 	109 
007500 	221 	54 	109 	109 
007501 	221 	54 	109 	109 
007502 	221 	54 	109 	109 
007503 	234 	55 	90 	91 
007504 	221 	54 	109 	109 
007505 	221 	54 	109 	109 
007506 	221 	54 	109 	109 
007507 	221 	54 	109 	109 
007508 	221 	54 	109 	109 
007509 	221 	54 	109 	109 
007510 	221 	54 	109 	109 
007511 	221 	54 	109 	109 
007512 	221 	54 	109 	109 
007513 	221 	54 	109 	109 
007514 	234 	65 	90 	91 
007515 	234 	65 	90 	91 
007516 	234 	65 	90 	91 
007517 	234 	65 	90 	91 
007518 	221 	54 	109 	109 
007519 	221 	54 	109 	109 
007520 	234 	65 	90 	91 
007521 	234 	65 	90 	91 
007522 	234 	65 	90 	91 
007523 	234 	65 	90 	91 
007524 	233 	54 	109 	109 
007525 	233 	54 	109 	109 
007526 	233 	54 	109 	109 
007527 	233 	54 	109 	109 
007528 	233 	54 	109 	109 
007529 	234 	55 	90 	91 
007530 	234 	55 	90 	91 
007531 	234 	55 	90 	91 
007532 	234 	55 	90 	91 
007533 	234 	55 	90 	91 
007534 	233 	54 	109 	109 
007535 	233 	54 	109 	109 
007536 	233 	54 	109 	109 
007537 	233 	54 	109 	109 
007538 	233 	54 	109 	109 
007539 	233 	54 	109 	109 
007540 	233 	54 	109 	109 
007541 	233 	54 	109 	109 
007542 	233 	54 	109 	109 
007543 	233 	54 	109 	109 
007544 	233 	54 	109 	109 
007545 	233 	54 	109 	109 
007546 	233 	54 	109 	109 
007547 	233 	54 	109 	109 
007548 	233 	54 	109 	109 
007549 	233 	54 	109 	109 
007550 	233 	54 	109 	109 
007551 	233 	54 	109 	109 
007552 	233 	54 	109 	109 
007553 	233 	54 	109 	109 
007554 	233 	54 	109 	109 
007555 	233 	54 	109 	109 
007556 	233 	54 	109 	109 
007557 	233 	54 	109 	109 
007558 	233 	54 	109 	109 
007559 	233 	54 	109 	109 
007560 	233 	54 	109 	109 
007561 	233 	54 	109 	109 
007562 	233 	54 	109 	109 
007563 	233 	54 	109 	109 
007564 	233 	54 	109 	109 
007565 	233 	54 	109 	109 
007566 	233 	54 	109 	109 
007567 	233 	54 	109 	109 
007568 	234 	65 	90 	91 
007569 	234 	65 	90 	91 
007570 	234 	65 	90 	91 
007571 	234 	65 	90 	91 
007572 	234 	65 	90 	91 
007573 	233 	54 	109 	109 
007574 	244 	65 	90 	91 
007575 	244 	65 	90 	91 
007576 	244 	65 	90 	91 
007577 	234 	65 	90 	91 
007578 	234 	65 	90 	91 
007579 	234 	65 	90 	91 
007580 	221 	66 	109 	109 
007581 	209 	54 	109 	109 
007582 	209 	54 	109 	109 
007583 	209 	54 	109 	109 
007584 	197 	54 	109 	109 
007585 	197 	54 	109 	109 
007586 	198 	54 	108 	108 
007587 	199 	55 	108 	108 
007588 	200 	55 	107 	107 
007589 	201 	56 	106 	106 
007590 	202 	56 	106 	106 
007591 	203 	56 	105 	105 
007592 	204 	57 	104 	104 
007593 	205 	57 	104 	104 
007594 	206 	58 	103 	103 
007595 	207 	58 	103 	103 
007596 	208 	58 	102 	102 
007597 	209 	59 	101 	101 
007598 	210 	59 	101 	101 
007599 	210 	60 	100 	100 
007600 	211 	60 	99 	99 
007601 	212 	60 	99 	99 
007602 	213 	61 	98 	98 
007603 	214 	61 	97 	97 
007604 	215 	61 	97 	97 
007605 	216 	62 	96 	96 
007606 	217 	62 	96 	96 
007607 	218 	63 	95 	95 
007608 	219 	63 	94 	94 
007609 	220 	63 	94 	94 
007610 	221 	64 	93 	93 
007611 	222 	64 	92 	92 
007612 	223 	65 	92 	92 
007613 	224 	65 	91 	91 
007614 	225 	64 	91 	91 
007615 	226 	62 	91 	91 
007616 	228 	61 	91 	91 
007617 	229 	60 	90 	91 
007618 	230 	59 	90 	91 
007619 	232 	58 	90 	91 
007620 	233 	56 	90 	91 
007621 	234 	55 	90 	91 
007622 	234 	55 	90 	91 
007623 	234 	55 	90 	91 
007624 	234 	55 	90 	91 
007625 	234 	55 	90 	91 
007626 	244 	55 	90 	91 
007627 	233 	43 	109 	108 
007628 	233 	43 	109 	108 
007629 	233 	43 	109 	108 
007630 	233 	54 	109 	109 
007631 	233 	54 	109 	109 
007632 	221 	54 	109 	109 
007633 	221 	43 	109 	108 
007634 	221 	43 	109 	108 
007635 	221 	43 	109 	108 
007636 	221 	43 	109 	108 
007637 	221 	43 	109 	108 
007638 	234 	55 	90 	91 
007639 	234 	55 	90 	91 
007640 	233 	54 	109 	109 
007641 	233 	54 	109 	109 
007642 	221 	54 	109 	109 
007643 	221 	54 	109 	109 
007644 	221 	54 	109 	109 
007645 	221 	54 	109 	109 
007646 	221 	54 	109 	109 
007647 	221 	54 	109 	109 
