Identity  : 	id10279
Reference : 	nTPJ6asPSV0
Offset    : 	-3
FV Conf   : 	13.509
ASD Conf  : 	5.571

FRAME 	X 	Y 	W 	H 
003246 	233 	79 	156 	156 
003247 	233 	79 	156 	156 
003248 	233 	79 	156 	156 
003249 	233 	79 	156 	156 
003250 	233 	79 	156 	156 
003251 	233 	79 	156 	156 
003252 	233 	79 	156 	156 
003253 	233 	79 	156 	156 
003254 	233 	79 	156 	156 
003255 	233 	79 	156 	156 
003256 	233 	79 	156 	156 
003257 	233 	79 	156 	156 
003258 	233 	79 	156 	156 
003259 	233 	79 	156 	156 
003260 	233 	79 	156 	156 
003261 	233 	79 	156 	156 
003262 	233 	79 	156 	156 
003263 	233 	79 	156 	156 
003264 	233 	79 	156 	156 
003265 	233 	79 	156 	156 
003266 	233 	96 	156 	156 
003267 	233 	96 	156 	156 
003268 	233 	96 	156 	156 
003269 	233 	96 	156 	156 
003270 	233 	96 	156 	156 
003271 	233 	96 	156 	156 
003272 	233 	96 	156 	156 
003273 	233 	96 	156 	156 
003274 	233 	96 	156 	156 
003275 	233 	113 	156 	156 
003276 	250 	113 	156 	156 
003277 	250 	113 	156 	156 
003278 	250 	113 	156 	156 
003279 	250 	113 	156 	156 
003280 	250 	113 	156 	156 
003281 	250 	113 	156 	156 
003282 	250 	113 	156 	156 
003283 	250 	113 	156 	156 
003284 	250 	113 	156 	156 
003285 	250 	113 	156 	156 
003286 	250 	113 	156 	156 
003287 	250 	113 	156 	156 
003288 	250 	113 	156 	156 
003289 	250 	113 	156 	156 
003290 	250 	113 	156 	156 
003291 	250 	113 	156 	156 
003292 	250 	113 	156 	156 
003293 	250 	96 	156 	156 
003294 	250 	96 	156 	156 
003295 	250 	96 	156 	156 
003296 	250 	96 	156 	156 
003297 	250 	96 	156 	156 
003298 	250 	96 	156 	156 
003299 	250 	96 	156 	156 
003300 	250 	96 	156 	156 
003301 	250 	96 	156 	156 
003302 	250 	96 	156 	156 
003303 	250 	96 	156 	156 
003304 	250 	96 	156 	156 
003305 	233 	96 	156 	156 
003306 	233 	96 	156 	156 
003307 	233 	96 	156 	156 
003308 	233 	96 	156 	156 
003309 	233 	96 	156 	156 
003310 	233 	96 	156 	156 
003311 	233 	96 	156 	156 
003312 	233 	96 	156 	156 
003313 	233 	96 	156 	156 
003314 	233 	96 	156 	156 
003315 	233 	96 	156 	156 
003316 	233 	96 	156 	156 
003317 	233 	96 	156 	156 
003318 	233 	96 	156 	156 
003319 	216 	96 	156 	156 
003320 	216 	96 	156 	156 
003321 	216 	96 	156 	156 
003322 	216 	96 	156 	156 
003323 	216 	96 	156 	156 
003324 	216 	96 	156 	156 
003325 	216 	96 	156 	156 
003326 	216 	96 	156 	156 
003327 	216 	96 	156 	156 
003328 	216 	96 	156 	156 
003329 	216 	96 	156 	156 
003330 	216 	96 	156 	156 
003331 	216 	96 	156 	156 
003332 	216 	113 	156 	156 
003333 	216 	113 	156 	156 
003334 	216 	113 	156 	156 
003335 	216 	113 	156 	156 
003336 	216 	113 	156 	156 
003337 	216 	113 	156 	156 
003338 	216 	113 	156 	156 
003339 	216 	113 	156 	156 
003340 	216 	113 	156 	156 
003341 	216 	113 	156 	156 
003342 	216 	113 	156 	156 
003343 	216 	113 	156 	156 
003344 	223 	123 	130 	130 
003345 	216 	96 	156 	156 
003346 	216 	96 	156 	156 
003347 	216 	96 	156 	156 
003348 	216 	96 	156 	156 
003349 	216 	96 	156 	156 
003350 	216 	96 	156 	156 
003351 	237 	109 	130 	130 
003352 	216 	96 	156 	156 
003353 	237 	109 	130 	130 
003354 	237 	109 	130 	130 
003355 	233 	96 	156 	156 
003356 	233 	96 	156 	156 
003357 	233 	96 	156 	156 
003358 	233 	96 	156 	156 
003359 	233 	96 	156 	156 
003360 	237 	123 	130 	130 
003361 	237 	123 	130 	130 
003362 	233 	113 	156 	156 
003363 	233 	113 	156 	156 
003364 	233 	113 	156 	156 
003365 	233 	113 	156 	156 
003366 	233 	113 	156 	156 
003367 	233 	113 	156 	156 
003368 	237 	123 	130 	130 
003369 	237 	123 	130 	130 
003370 	237 	123 	130 	130 
003371 	233 	113 	156 	156 
003372 	233 	113 	156 	156 
003373 	233 	113 	156 	156 
003374 	233 	113 	156 	156 
003375 	233 	113 	156 	156 
003376 	233 	113 	156 	156 
003377 	233 	113 	156 	156 
003378 	233 	113 	156 	156 
003379 	216 	113 	156 	156 
003380 	216 	113 	156 	156 
003381 	216 	113 	156 	156 
003382 	216 	113 	156 	156 
003383 	216 	113 	156 	156 
003384 	216 	113 	156 	156 
003385 	216 	113 	156 	156 
003386 	216 	113 	156 	156 
003387 	216 	113 	156 	156 
003388 	216 	113 	156 	156 
003389 	216 	113 	156 	156 
003390 	233 	113 	156 	156 
003391 	233 	130 	156 	156 
003392 	233 	130 	156 	156 
003393 	233 	130 	156 	156 
003394 	233 	130 	156 	156 
003395 	233 	113 	156 	156 
003396 	233 	113 	156 	156 
003397 	233 	113 	156 	156 
003398 	233 	113 	156 	156 
003399 	233 	113 	156 	156 
003400 	233 	113 	156 	156 
003401 	233 	113 	156 	156 
003402 	233 	113 	156 	156 
003403 	233 	113 	156 	156 
003404 	216 	113 	156 	156 
003405 	216 	130 	156 	156 
003406 	216 	130 	156 	156 
003407 	216 	130 	156 	156 
003408 	216 	130 	156 	156 
003409 	216 	130 	156 	156 
003410 	216 	130 	156 	156 
003411 	216 	130 	156 	156 
003412 	216 	130 	156 	156 
003413 	216 	130 	156 	156 
003414 	216 	130 	156 	156 
003415 	216 	130 	156 	156 
003416 	216 	130 	156 	156 
003417 	216 	130 	156 	156 
003418 	216 	130 	156 	156 
003419 	216 	130 	156 	156 
003420 	216 	130 	156 	156 
003421 	216 	130 	156 	156 
003422 	216 	130 	156 	156 
003423 	216 	130 	156 	156 
003424 	216 	130 	156 	156 
003425 	216 	130 	156 	156 
003426 	216 	130 	156 	156 
003427 	237 	152 	130 	130 
003428 	233 	130 	156 	156 
003429 	233 	130 	156 	156 
003430 	233 	130 	156 	156 
003431 	233 	130 	156 	156 
003432 	233 	130 	156 	156 
003433 	233 	130 	156 	156 
003434 	233 	130 	156 	156 
003435 	233 	130 	156 	156 
003436 	237 	137 	130 	130 
003437 	237 	137 	130 	130 
003438 	237 	137 	130 	130 
003439 	237 	137 	130 	130 
003440 	237 	137 	130 	130 
003441 	237 	137 	130 	130 
003442 	237 	137 	130 	130 
003443 	237 	137 	130 	130 
003444 	237 	137 	130 	130 
003445 	237 	137 	130 	130 
003446 	216 	113 	156 	156 
003447 	216 	113 	156 	156 
003448 	216 	113 	156 	156 
003449 	216 	113 	156 	156 
003450 	216 	113 	156 	156 
003451 	216 	130 	156 	156 
003452 	216 	130 	156 	156 
003453 	216 	130 	156 	156 
003454 	216 	130 	156 	156 
003455 	216 	130 	156 	156 
003456 	216 	130 	156 	156 
003457 	216 	130 	156 	156 
003458 	237 	137 	130 	130 
003459 	237 	137 	130 	130 
003460 	233 	130 	156 	156 
003461 	233 	130 	156 	156 
003462 	233 	130 	156 	156 
003463 	233 	130 	156 	156 
003464 	233 	130 	156 	156 
003465 	233 	130 	156 	156 
003466 	233 	130 	156 	156 
003467 	233 	130 	156 	156 
003468 	233 	130 	156 	156 
003469 	233 	130 	156 	156 
003470 	233 	130 	156 	156 
003471 	233 	130 	156 	156 
003472 	233 	130 	156 	156 
003473 	233 	130 	156 	156 
003474 	233 	130 	156 	156 
003475 	233 	130 	156 	156 
003476 	233 	130 	156 	156 
003477 	233 	130 	156 	156 
003478 	233 	130 	156 	156 
003479 	233 	130 	156 	156 
003480 	233 	113 	156 	156 
003481 	233 	113 	156 	156 
003482 	233 	113 	156 	156 
003483 	233 	113 	156 	156 
003484 	233 	113 	156 	156 
003485 	233 	113 	156 	156 
003486 	233 	113 	156 	156 
003487 	233 	113 	156 	156 
003488 	233 	113 	156 	156 
003489 	233 	113 	156 	156 
003490 	233 	113 	156 	156 
003491 	233 	113 	156 	156 
003492 	233 	113 	156 	156 
003493 	233 	113 	156 	156 
003494 	233 	113 	156 	156 
003495 	233 	130 	156 	156 
003496 	233 	130 	156 	156 
003497 	233 	130 	156 	156 
003498 	233 	130 	156 	156 
003499 	233 	130 	156 	156 
003500 	233 	130 	156 	156 
003501 	233 	113 	156 	156 
003502 	233 	113 	156 	156 
003503 	233 	113 	156 	156 
003504 	233 	113 	156 	156 
003505 	233 	113 	156 	156 
003506 	233 	113 	156 	156 
003507 	233 	113 	156 	156 
003508 	233 	113 	156 	156 
003509 	233 	113 	156 	156 
