Identity  : 	id10275
Reference : 	QjrBKqx_Xeo
Offset    : 	1
FV Conf   : 	14.676
ASD Conf  : 	5.910

FRAME 	X 	Y 	W 	H 
004665 	254 	145 	90 	90 
004666 	254 	145 	90 	90 
004667 	254 	145 	90 	90 
004668 	254 	155 	90 	90 
004669 	254 	155 	90 	90 
004670 	254 	155 	90 	90 
004671 	254 	155 	90 	90 
004672 	254 	145 	90 	90 
004673 	254 	145 	90 	90 
004674 	254 	145 	90 	90 
004675 	254 	145 	90 	90 
004676 	254 	135 	90 	90 
004677 	254 	135 	90 	90 
004678 	254 	125 	90 	90 
004679 	254 	125 	90 	90 
004680 	254 	125 	90 	90 
004681 	254 	115 	90 	91 
004682 	244 	115 	90 	91 
004683 	244 	115 	90 	91 
004684 	244 	115 	90 	91 
004685 	244 	115 	90 	91 
004686 	244 	115 	90 	91 
004687 	244 	115 	90 	91 
004688 	244 	115 	90 	91 
004689 	244 	105 	90 	91 
004690 	234 	105 	90 	91 
004691 	234 	105 	90 	91 
004692 	234 	105 	90 	91 
004693 	234 	105 	90 	91 
004694 	234 	105 	90 	91 
004695 	234 	105 	90 	91 
004696 	234 	105 	90 	91 
004697 	234 	105 	90 	91 
004698 	234 	105 	90 	91 
004699 	234 	105 	90 	91 
004700 	234 	105 	90 	91 
004701 	234 	105 	90 	91 
004702 	234 	105 	90 	91 
004703 	234 	105 	90 	91 
004704 	234 	105 	90 	91 
004705 	234 	105 	90 	91 
004706 	234 	105 	90 	91 
004707 	234 	105 	90 	91 
004708 	234 	105 	90 	91 
004709 	234 	105 	90 	91 
004710 	234 	105 	90 	91 
004711 	234 	105 	90 	91 
004712 	234 	105 	90 	91 
004713 	234 	105 	90 	91 
004714 	234 	105 	90 	91 
004715 	234 	105 	90 	91 
004716 	234 	105 	90 	91 
004717 	234 	105 	90 	91 
004718 	234 	105 	90 	91 
004719 	234 	105 	90 	91 
004720 	234 	105 	90 	91 
004721 	234 	105 	90 	91 
004722 	234 	105 	90 	91 
004723 	234 	105 	90 	91 
004724 	234 	105 	90 	91 
004725 	234 	105 	90 	91 
004726 	234 	105 	90 	91 
004727 	234 	115 	90 	91 
004728 	234 	115 	90 	91 
004729 	234 	115 	90 	91 
004730 	234 	115 	90 	91 
004731 	234 	115 	90 	91 
004732 	234 	115 	90 	91 
004733 	234 	115 	90 	91 
004734 	234 	115 	90 	91 
004735 	234 	115 	90 	91 
004736 	234 	115 	90 	91 
004737 	234 	105 	90 	91 
004738 	234 	105 	90 	91 
004739 	234 	115 	90 	91 
004740 	234 	115 	90 	91 
004741 	234 	115 	90 	91 
004742 	234 	115 	90 	91 
004743 	234 	115 	90 	91 
004744 	234 	115 	90 	91 
004745 	234 	115 	90 	91 
004746 	234 	115 	90 	91 
004747 	234 	115 	90 	91 
004748 	234 	115 	90 	91 
004749 	234 	115 	90 	91 
004750 	234 	115 	90 	91 
004751 	234 	115 	90 	91 
004752 	234 	115 	90 	91 
004753 	234 	115 	90 	91 
004754 	234 	115 	90 	91 
004755 	234 	115 	90 	91 
004756 	234 	115 	90 	91 
004757 	244 	115 	90 	91 
004758 	244 	115 	90 	91 
004759 	244 	115 	90 	91 
004760 	244 	115 	90 	91 
004761 	244 	115 	90 	91 
004762 	244 	115 	90 	91 
004763 	244 	115 	90 	91 
004764 	244 	115 	90 	91 
004765 	244 	115 	90 	91 
004766 	244 	115 	90 	91 
004767 	244 	115 	90 	91 
004768 	244 	115 	90 	91 
004769 	244 	115 	90 	91 
004770 	244 	115 	90 	91 
004771 	244 	115 	90 	91 
004772 	244 	115 	90 	91 
004773 	244 	115 	90 	91 
004774 	244 	115 	90 	91 
004775 	244 	115 	90 	91 
004776 	244 	115 	90 	91 
004777 	244 	115 	90 	91 
004778 	244 	115 	90 	91 
004779 	244 	115 	90 	91 
