Identity  : 	id10286
Reference : 	Qkll9n7U5ak
Offset    : 	-2
FV Conf   : 	13.081
ASD Conf  : 	8.210

FRAME 	X 	Y 	W 	H 
001428 	134 	55 	91 	91 
001429 	137 	62 	75 	76 
001430 	137 	62 	75 	76 
001431 	137 	62 	75 	76 
001432 	137 	62 	75 	76 
001433 	137 	62 	75 	76 
001434 	124 	65 	91 	91 
001435 	124 	65 	91 	91 
001436 	124 	65 	91 	91 
001437 	124 	65 	91 	91 
001438 	128 	62 	76 	76 
001439 	128 	62 	76 	76 
001440 	114 	55 	91 	91 
001441 	114 	55 	91 	91 
001442 	114 	55 	91 	91 
001443 	128 	54 	76 	76 
001444 	128 	46 	76 	76 
001445 	137 	46 	75 	76 
001446 	137 	46 	75 	76 
001447 	134 	35 	91 	91 
001448 	134 	35 	91 	91 
001449 	153 	54 	76 	76 
001450 	153 	54 	76 	76 
001451 	153 	54 	76 	76 
001452 	153 	54 	76 	76 
001453 	153 	54 	76 	76 
001454 	153 	54 	76 	76 
001455 	144 	55 	91 	91 
001456 	145 	54 	76 	76 
001457 	134 	55 	91 	91 
001458 	134 	55 	91 	91 
001459 	134 	55 	91 	91 
001460 	137 	54 	75 	76 
001461 	134 	55 	91 	91 
001462 	134 	55 	91 	91 
001463 	134 	55 	91 	91 
001464 	134 	55 	91 	91 
001465 	134 	55 	91 	91 
001466 	134 	55 	91 	91 
001467 	137 	62 	75 	76 
001468 	137 	62 	75 	76 
001469 	124 	55 	91 	91 
001470 	137 	62 	75 	76 
001471 	137 	62 	75 	76 
001472 	137 	62 	75 	76 
001473 	137 	62 	75 	76 
001474 	137 	62 	75 	76 
001475 	137 	62 	75 	76 
001476 	137 	62 	75 	76 
001477 	137 	62 	75 	76 
001478 	137 	62 	75 	76 
001479 	137 	62 	75 	76 
001480 	134 	55 	91 	91 
001481 	134 	55 	91 	91 
001482 	134 	55 	91 	91 
001483 	134 	55 	91 	91 
001484 	134 	55 	91 	91 
001485 	134 	55 	91 	91 
001486 	134 	55 	91 	91 
001487 	134 	55 	91 	91 
001488 	134 	55 	91 	91 
001489 	134 	55 	91 	91 
001490 	134 	55 	91 	91 
001491 	134 	55 	91 	91 
001492 	134 	55 	91 	91 
001493 	134 	55 	91 	91 
001494 	134 	55 	91 	91 
001495 	134 	55 	91 	91 
001496 	134 	55 	91 	91 
001497 	134 	55 	91 	91 
001498 	134 	55 	91 	91 
001499 	134 	55 	91 	91 
001500 	134 	55 	91 	91 
001501 	134 	55 	91 	91 
001502 	145 	62 	76 	76 
001503 	134 	55 	91 	91 
001504 	145 	62 	76 	76 
001505 	145 	62 	76 	76 
001506 	145 	62 	76 	76 
001507 	145 	62 	76 	76 
001508 	145 	62 	76 	76 
001509 	145 	62 	76 	76 
001510 	145 	62 	76 	76 
001511 	145 	62 	76 	76 
001512 	145 	62 	76 	76 
001513 	145 	62 	76 	76 
001514 	145 	62 	76 	76 
001515 	145 	62 	76 	76 
001516 	145 	62 	76 	76 
001517 	145 	62 	76 	76 
001518 	144 	55 	91 	91 
001519 	144 	55 	91 	91 
001520 	144 	55 	91 	91 
001521 	144 	55 	91 	91 
001522 	134 	55 	91 	91 
001523 	134 	55 	91 	91 
001524 	134 	55 	91 	91 
001525 	145 	62 	76 	76 
001526 	134 	55 	91 	91 
001527 	134 	55 	91 	91 
001528 	134 	55 	91 	91 
001529 	145 	71 	76 	75 
001530 	145 	71 	76 	75 
001531 	145 	71 	76 	75 
001532 	145 	71 	76 	75 
001533 	145 	71 	76 	75 
001534 	145 	71 	76 	75 
001535 	145 	71 	76 	75 
001536 	145 	71 	76 	75 
001537 	145 	62 	76 	76 
001538 	144 	55 	91 	91 
001539 	144 	55 	91 	91 
001540 	144 	55 	91 	91 
001541 	144 	55 	91 	91 
001542 	144 	55 	91 	91 
001543 	144 	55 	91 	91 
001544 	144 	55 	91 	91 
001545 	144 	55 	91 	91 
001546 	144 	55 	91 	91 
001547 	144 	55 	91 	91 
001548 	144 	55 	91 	91 
001549 	144 	55 	91 	91 
001550 	144 	55 	91 	91 
001551 	144 	55 	91 	91 
001552 	134 	55 	91 	91 
001553 	134 	55 	91 	91 
001554 	145 	62 	76 	76 
001555 	145 	62 	76 	76 
001556 	134 	55 	91 	91 
001557 	145 	62 	76 	76 
001558 	145 	62 	76 	76 
001559 	145 	62 	76 	76 
001560 	134 	45 	91 	91 
001561 	145 	54 	76 	76 
001562 	145 	54 	76 	76 
001563 	144 	45 	91 	91 
001564 	144 	45 	91 	91 
001565 	153 	54 	76 	76 
001566 	153 	54 	76 	76 
