Identity  : 	id10286
Reference : 	Qkll9n7U5ak
Offset    : 	-1
FV Conf   : 	11.221
ASD Conf  : 	7.832

FRAME 	X 	Y 	W 	H 
003475 	128 	79 	76 	76 
003476 	128 	79 	76 	76 
003477 	128 	79 	76 	76 
003478 	128 	79 	76 	76 
003479 	128 	79 	76 	76 
003480 	128 	79 	76 	76 
003481 	120 	87 	76 	76 
003482 	120 	87 	76 	76 
003483 	114 	75 	91 	91 
003484 	120 	79 	76 	76 
003485 	105 	65 	90 	91 
003486 	105 	65 	90 	91 
003487 	105 	65 	90 	91 
003488 	105 	65 	90 	91 
003489 	105 	65 	90 	91 
003490 	105 	65 	90 	91 
003491 	105 	65 	90 	91 
003492 	105 	65 	90 	91 
003493 	105 	65 	90 	91 
003494 	105 	65 	90 	91 
003495 	105 	65 	90 	91 
003496 	105 	65 	90 	91 
003497 	105 	65 	90 	91 
003498 	105 	65 	90 	91 
003499 	95 	65 	90 	91 
003500 	95 	65 	90 	91 
003501 	95 	65 	90 	91 
003502 	95 	65 	90 	91 
003503 	95 	65 	90 	91 
003504 	95 	65 	90 	91 
003505 	95 	65 	90 	91 
003506 	95 	65 	90 	91 
003507 	95 	65 	90 	91 
003508 	95 	65 	90 	91 
003509 	95 	65 	90 	91 
003510 	95 	65 	90 	91 
003511 	95 	65 	90 	91 
003512 	95 	65 	90 	91 
003513 	95 	75 	90 	91 
003514 	95 	75 	90 	91 
003515 	95 	75 	90 	91 
003516 	95 	65 	90 	91 
003517 	95 	65 	90 	91 
003518 	105 	65 	90 	91 
003519 	112 	71 	75 	75 
003520 	112 	62 	75 	76 
003521 	112 	54 	75 	76 
003522 	105 	45 	90 	91 
003523 	105 	45 	90 	91 
003524 	114 	55 	91 	91 
003525 	114 	55 	91 	91 
003526 	120 	62 	76 	76 
003527 	120 	71 	76 	75 
003528 	120 	71 	76 	75 
003529 	120 	71 	76 	75 
003530 	120 	71 	76 	75 
003531 	120 	62 	76 	76 
003532 	120 	62 	76 	76 
003533 	120 	62 	76 	76 
003534 	120 	62 	76 	76 
003535 	120 	62 	76 	76 
003536 	120 	62 	76 	76 
003537 	120 	62 	76 	76 
003538 	120 	62 	76 	76 
003539 	112 	54 	75 	76 
003540 	112 	54 	75 	76 
003541 	112 	54 	75 	76 
003542 	112 	54 	75 	76 
003543 	112 	54 	75 	76 
003544 	112 	54 	75 	76 
003545 	112 	54 	75 	76 
003546 	112 	54 	75 	76 
003547 	112 	54 	75 	76 
003548 	112 	54 	75 	76 
003549 	120 	54 	76 	76 
003550 	120 	54 	76 	76 
003551 	124 	54 	76 	76 
003552 	128 	54 	76 	76 
003553 	128 	50 	76 	76 
003554 	128 	46 	76 	76 
003555 	128 	54 	76 	76 
003556 	128 	54 	76 	76 
003557 	124 	45 	91 	91 
003558 	124 	45 	91 	91 
003559 	124 	45 	91 	91 
003560 	124 	45 	91 	91 
003561 	124 	45 	91 	91 
003562 	124 	45 	91 	91 
003563 	124 	45 	91 	91 
003564 	124 	45 	91 	91 
003565 	124 	45 	91 	91 
003566 	124 	45 	91 	91 
003567 	124 	45 	91 	91 
003568 	124 	45 	91 	91 
003569 	124 	45 	91 	91 
003570 	124 	45 	91 	91 
003571 	124 	45 	91 	91 
003572 	124 	45 	91 	91 
003573 	124 	45 	91 	91 
003574 	124 	45 	91 	91 
003575 	124 	45 	91 	91 
003576 	124 	45 	91 	91 
003577 	124 	55 	91 	91 
003578 	124 	55 	91 	91 
003579 	137 	62 	75 	76 
003580 	137 	62 	75 	76 
003581 	137 	62 	75 	76 
003582 	137 	62 	75 	76 
003583 	137 	62 	75 	76 
003584 	137 	62 	75 	76 
003585 	137 	62 	75 	76 
003586 	137 	62 	75 	76 
003587 	137 	62 	75 	76 
003588 	137 	62 	75 	76 
003589 	137 	62 	75 	76 
003590 	137 	62 	75 	76 
003591 	137 	62 	75 	76 
003592 	124 	55 	91 	91 
003593 	124 	55 	91 	91 
003594 	124 	55 	91 	91 
003595 	124 	55 	91 	91 
003596 	128 	62 	76 	76 
003597 	128 	62 	76 	76 
003598 	128 	62 	76 	76 
003599 	128 	62 	76 	76 
003600 	128 	62 	76 	76 
003601 	128 	62 	76 	76 
003602 	128 	62 	76 	76 
003603 	128 	62 	76 	76 
003604 	124 	55 	91 	91 
003605 	124 	55 	91 	91 
003606 	124 	55 	91 	91 
003607 	124 	55 	91 	91 
003608 	124 	55 	91 	91 
003609 	124 	55 	91 	91 
003610 	137 	62 	75 	76 
003611 	124 	55 	91 	91 
003612 	124 	55 	91 	91 
003613 	124 	55 	91 	91 
003614 	124 	55 	91 	91 
003615 	124 	55 	91 	91 
003616 	124 	55 	91 	91 
003617 	137 	62 	75 	76 
003618 	124 	55 	91 	91 
003619 	137 	62 	75 	76 
003620 	124 	55 	91 	91 
003621 	124 	55 	91 	91 
