Identity  : 	id10286
Reference : 	Qkll9n7U5ak
Offset    : 	-1
FV Conf   : 	13.636
ASD Conf  : 	8.294

FRAME 	X 	Y 	W 	H 
002748 	105 	65 	90 	91 
002749 	105 	65 	90 	91 
002750 	105 	65 	90 	91 
002751 	105 	65 	90 	91 
002752 	105 	65 	90 	91 
002753 	105 	65 	90 	91 
002754 	105 	65 	90 	91 
002755 	105 	65 	90 	91 
002756 	105 	65 	90 	91 
002757 	105 	65 	90 	91 
002758 	105 	65 	90 	91 
002759 	105 	65 	90 	91 
002760 	105 	65 	90 	91 
002761 	105 	65 	90 	91 
002762 	105 	65 	90 	91 
002763 	105 	65 	90 	91 
002764 	105 	65 	90 	91 
002765 	105 	65 	90 	91 
002766 	105 	65 	90 	91 
002767 	105 	65 	90 	91 
002768 	105 	65 	90 	91 
002769 	105 	65 	90 	91 
002770 	105 	65 	90 	91 
002771 	105 	65 	90 	91 
002772 	105 	65 	90 	91 
002773 	105 	65 	90 	91 
002774 	105 	65 	90 	91 
002775 	105 	65 	90 	91 
002776 	105 	65 	90 	91 
002777 	105 	65 	90 	91 
002778 	105 	65 	90 	91 
002779 	105 	65 	90 	91 
002780 	105 	65 	90 	91 
002781 	105 	65 	90 	91 
002782 	105 	65 	90 	91 
002783 	105 	65 	90 	91 
002784 	105 	65 	90 	91 
002785 	105 	65 	90 	91 
002786 	105 	65 	90 	91 
002787 	105 	65 	90 	91 
002788 	120 	71 	76 	75 
002789 	120 	71 	76 	75 
002790 	120 	79 	76 	76 
002791 	114 	75 	91 	91 
002792 	128 	79 	76 	76 
002793 	128 	79 	76 	76 
002794 	128 	79 	76 	76 
002795 	128 	79 	76 	76 
002796 	128 	79 	76 	76 
002797 	128 	79 	76 	76 
002798 	128 	79 	76 	76 
002799 	128 	79 	76 	76 
002800 	128 	79 	76 	76 
002801 	128 	79 	76 	76 
002802 	128 	79 	76 	76 
002803 	128 	79 	76 	76 
002804 	128 	79 	76 	76 
002805 	128 	79 	76 	76 
002806 	128 	79 	76 	76 
002807 	128 	79 	76 	76 
002808 	128 	79 	76 	76 
002809 	124 	75 	91 	91 
002810 	128 	79 	76 	76 
002811 	124 	75 	91 	91 
002812 	124 	75 	91 	91 
002813 	124 	75 	91 	91 
002814 	137 	71 	75 	75 
002815 	128 	79 	76 	76 
002816 	137 	71 	75 	75 
002817 	137 	71 	75 	75 
002818 	137 	71 	75 	75 
002819 	137 	71 	75 	75 
002820 	137 	71 	75 	75 
002821 	124 	65 	91 	91 
002822 	137 	71 	75 	75 
002823 	137 	71 	75 	75 
002824 	124 	65 	91 	91 
002825 	124 	65 	91 	91 
002826 	124 	65 	91 	91 
002827 	137 	71 	75 	75 
002828 	124 	65 	91 	91 
002829 	124 	65 	91 	91 
002830 	137 	71 	75 	75 
002831 	137 	71 	75 	75 
002832 	137 	71 	75 	75 
002833 	137 	71 	75 	75 
002834 	137 	71 	75 	75 
002835 	137 	71 	75 	75 
002836 	137 	71 	75 	75 
002837 	137 	71 	75 	75 
002838 	137 	71 	75 	75 
002839 	137 	71 	75 	75 
002840 	137 	62 	75 	76 
002841 	137 	62 	75 	76 
002842 	137 	71 	75 	75 
002843 	137 	71 	75 	75 
002844 	137 	71 	75 	75 
002845 	137 	71 	75 	75 
002846 	137 	71 	75 	75 
002847 	137 	71 	75 	75 
002848 	137 	71 	75 	75 
002849 	137 	71 	75 	75 
002850 	137 	71 	75 	75 
002851 	137 	71 	75 	75 
002852 	137 	71 	75 	75 
002853 	137 	71 	75 	75 
002854 	137 	71 	75 	75 
002855 	137 	71 	75 	75 
002856 	137 	71 	75 	75 
002857 	137 	71 	75 	75 
002858 	137 	71 	75 	75 
002859 	137 	71 	75 	75 
002860 	137 	71 	75 	75 
002861 	137 	71 	75 	75 
002862 	137 	71 	75 	75 
002863 	137 	71 	75 	75 
002864 	137 	71 	75 	75 
002865 	145 	62 	76 	76 
002866 	145 	62 	76 	76 
002867 	145 	62 	76 	76 
002868 	145 	62 	76 	76 
002869 	145 	62 	76 	76 
002870 	145 	62 	76 	76 
002871 	145 	62 	76 	76 
002872 	145 	62 	76 	76 
002873 	145 	62 	76 	76 
002874 	145 	62 	76 	76 
002875 	145 	62 	76 	76 
002876 	145 	62 	76 	76 
002877 	145 	62 	76 	76 
002878 	145 	62 	76 	76 
002879 	145 	62 	76 	76 
002880 	145 	62 	76 	76 
002881 	145 	62 	76 	76 
002882 	145 	62 	76 	76 
002883 	145 	62 	76 	76 
002884 	145 	62 	76 	76 
002885 	145 	62 	76 	76 
002886 	145 	62 	76 	76 
002887 	145 	62 	76 	76 
002888 	145 	62 	76 	76 
002889 	145 	62 	76 	76 
002890 	145 	62 	76 	76 
002891 	145 	62 	76 	76 
002892 	145 	62 	76 	76 
002893 	145 	62 	76 	76 
002894 	145 	62 	76 	76 
002895 	137 	71 	75 	75 
002896 	137 	71 	75 	75 
002897 	137 	71 	75 	75 
002898 	137 	71 	75 	75 
002899 	137 	71 	75 	75 
002900 	137 	62 	75 	76 
002901 	137 	62 	75 	76 
002902 	137 	62 	75 	76 
002903 	137 	62 	75 	76 
002904 	137 	62 	75 	76 
002905 	137 	62 	75 	76 
002906 	137 	62 	75 	76 
002907 	137 	62 	75 	76 
002908 	137 	62 	75 	76 
002909 	137 	62 	75 	76 
002910 	137 	62 	75 	76 
002911 	137 	62 	75 	76 
002912 	137 	62 	75 	76 
002913 	137 	62 	75 	76 
002914 	137 	62 	75 	76 
002915 	137 	62 	75 	76 
002916 	137 	62 	75 	76 
002917 	137 	62 	75 	76 
002918 	137 	62 	75 	76 
002919 	137 	62 	75 	76 
002920 	137 	62 	75 	76 
002921 	137 	62 	75 	76 
002922 	137 	62 	75 	76 
002923 	137 	62 	75 	76 
002924 	137 	62 	75 	76 
002925 	137 	62 	75 	76 
002926 	137 	62 	75 	76 
002927 	137 	62 	75 	76 
002928 	137 	62 	75 	76 
002929 	137 	62 	75 	76 
002930 	137 	62 	75 	76 
002931 	137 	62 	75 	76 
002932 	137 	62 	75 	76 
002933 	137 	62 	75 	76 
002934 	137 	62 	75 	76 
002935 	137 	62 	75 	76 
002936 	137 	62 	75 	76 
002937 	137 	62 	75 	76 
002938 	137 	62 	75 	76 
002939 	137 	62 	75 	76 
002940 	137 	62 	75 	76 
002941 	137 	62 	75 	76 
002942 	137 	62 	75 	76 
002943 	137 	62 	75 	76 
002944 	137 	62 	75 	76 
002945 	137 	62 	75 	76 
002946 	137 	62 	75 	76 
002947 	137 	62 	75 	76 
002948 	137 	62 	75 	76 
002949 	137 	62 	75 	76 
002950 	137 	62 	75 	76 
002951 	137 	62 	75 	76 
002952 	137 	62 	75 	76 
002953 	137 	62 	75 	76 
002954 	137 	62 	75 	76 
002955 	137 	62 	75 	76 
002956 	124 	55 	91 	91 
002957 	137 	62 	75 	76 
002958 	137 	62 	75 	76 
002959 	137 	62 	75 	76 
002960 	137 	62 	75 	76 
002961 	137 	62 	75 	76 
002962 	137 	62 	75 	76 
002963 	145 	62 	76 	76 
002964 	145 	62 	76 	76 
002965 	145 	62 	76 	76 
002966 	145 	62 	76 	76 
002967 	145 	62 	76 	76 
002968 	145 	62 	76 	76 
002969 	137 	62 	75 	76 
002970 	137 	62 	75 	76 
002971 	137 	62 	75 	76 
002972 	137 	62 	75 	76 
002973 	137 	62 	75 	76 
002974 	137 	62 	75 	76 
002975 	137 	62 	75 	76 
002976 	137 	62 	75 	76 
002977 	137 	62 	75 	76 
002978 	137 	62 	75 	76 
002979 	137 	62 	75 	76 
002980 	137 	62 	75 	76 
002981 	128 	62 	76 	76 
002982 	128 	62 	76 	76 
002983 	128 	62 	76 	76 
002984 	128 	62 	76 	76 
002985 	128 	62 	76 	76 
002986 	128 	62 	76 	76 
002987 	128 	62 	76 	76 
002988 	128 	62 	76 	76 
002989 	128 	62 	76 	76 
002990 	128 	62 	76 	76 
002991 	128 	62 	76 	76 
002992 	128 	62 	76 	76 
002993 	128 	62 	76 	76 
002994 	128 	62 	76 	76 
002995 	128 	62 	76 	76 
002996 	128 	62 	76 	76 
002997 	128 	62 	76 	76 
002998 	128 	62 	76 	76 
002999 	128 	62 	76 	76 
003000 	128 	62 	76 	76 
003001 	128 	62 	76 	76 
003002 	128 	62 	76 	76 
003003 	128 	62 	76 	76 
003004 	128 	62 	76 	76 
003005 	128 	62 	76 	76 
003006 	128 	62 	76 	76 
003007 	128 	62 	76 	76 
003008 	128 	62 	76 	76 
003009 	128 	62 	76 	76 
003010 	124 	55 	91 	91 
003011 	137 	62 	75 	76 
003012 	137 	62 	75 	76 
003013 	137 	62 	75 	76 
003014 	137 	62 	75 	76 
003015 	137 	62 	75 	76 
003016 	137 	62 	75 	76 
003017 	137 	62 	75 	76 
003018 	137 	62 	75 	76 
003019 	137 	62 	75 	76 
003020 	137 	62 	75 	76 
003021 	137 	62 	75 	76 
003022 	137 	62 	75 	76 
003023 	134 	55 	91 	91 
003024 	134 	55 	91 	91 
003025 	134 	55 	91 	91 
003026 	134 	55 	91 	91 
003027 	134 	55 	91 	91 
003028 	134 	55 	91 	91 
003029 	145 	62 	76 	76 
003030 	145 	71 	76 	75 
003031 	145 	71 	76 	75 
003032 	145 	71 	76 	75 
003033 	145 	71 	76 	75 
003034 	145 	71 	76 	75 
003035 	145 	71 	76 	75 
003036 	145 	71 	76 	75 
003037 	145 	71 	76 	75 
003038 	134 	65 	91 	91 
003039 	134 	65 	91 	91 
003040 	137 	71 	75 	75 
003041 	137 	71 	75 	75 
003042 	137 	62 	75 	76 
003043 	137 	62 	75 	76 
003044 	137 	62 	75 	76 
003045 	137 	62 	75 	76 
003046 	137 	62 	75 	76 
003047 	137 	62 	75 	76 
003048 	128 	54 	76 	76 
003049 	128 	54 	76 	76 
003050 	114 	45 	91 	91 
003051 	120 	46 	76 	76 
003052 	105 	35 	90 	91 
003053 	112 	46 	75 	76 
003054 	112 	46 	75 	76 
003055 	112 	46 	75 	76 
003056 	112 	46 	75 	76 
003057 	105 	35 	90 	91 
003058 	112 	46 	75 	76 
003059 	105 	35 	90 	91 
003060 	112 	54 	75 	76 
003061 	120 	54 	76 	76 
003062 	120 	54 	76 	76 
003063 	120 	54 	76 	76 
003064 	120 	54 	76 	76 
003065 	114 	55 	91 	91 
003066 	114 	55 	91 	91 
003067 	128 	54 	76 	76 
003068 	128 	54 	76 	76 
003069 	128 	54 	76 	76 
003070 	128 	54 	76 	76 
003071 	128 	54 	76 	76 
003072 	128 	54 	76 	76 
003073 	128 	54 	76 	76 
003074 	124 	55 	91 	91 
003075 	124 	55 	91 	91 
003076 	124 	45 	91 	91 
003077 	124 	45 	91 	91 
003078 	124 	45 	91 	91 
003079 	124 	45 	91 	91 
003080 	124 	45 	91 	91 
003081 	124 	55 	91 	91 
003082 	124 	55 	91 	91 
003083 	124 	55 	91 	91 
003084 	124 	55 	91 	91 
003085 	124 	55 	91 	91 
003086 	137 	62 	75 	76 
003087 	128 	62 	76 	76 
003088 	128 	62 	76 	76 
003089 	137 	62 	75 	76 
003090 	137 	62 	75 	76 
003091 	124 	55 	91 	91 
003092 	137 	62 	75 	76 
003093 	137 	62 	75 	76 
003094 	137 	62 	75 	76 
003095 	137 	62 	75 	76 
003096 	137 	62 	75 	76 
003097 	137 	62 	75 	76 
003098 	137 	62 	75 	76 
003099 	137 	62 	75 	76 
003100 	137 	62 	75 	76 
003101 	137 	62 	75 	76 
003102 	137 	62 	75 	76 
003103 	137 	62 	75 	76 
003104 	137 	62 	75 	76 
003105 	137 	71 	75 	75 
003106 	137 	71 	75 	75 
003107 	137 	71 	75 	75 
003108 	137 	71 	75 	75 
003109 	137 	71 	75 	75 
003110 	137 	71 	75 	75 
003111 	137 	71 	75 	75 
003112 	137 	71 	75 	75 
003113 	137 	62 	75 	76 
003114 	128 	62 	76 	76 
003115 	128 	62 	76 	76 
003116 	128 	62 	76 	76 
003117 	128 	62 	76 	76 
003118 	114 	65 	91 	91 
003119 	114 	65 	91 	91 
003120 	120 	62 	76 	76 
003121 	105 	55 	90 	91 
003122 	105 	55 	90 	91 
003123 	105 	55 	90 	91 
003124 	105 	55 	90 	91 
003125 	105 	55 	90 	91 
003126 	105 	55 	90 	91 
003127 	105 	55 	90 	91 
003128 	105 	55 	90 	91 
003129 	105 	55 	90 	91 
003130 	105 	55 	90 	91 
003131 	105 	55 	90 	91 
003132 	105 	55 	90 	91 
003133 	105 	55 	90 	91 
003134 	105 	65 	90 	91 
003135 	105 	65 	90 	91 
003136 	105 	65 	90 	91 
003137 	105 	65 	90 	91 
003138 	105 	65 	90 	91 
003139 	120 	79 	76 	76 
003140 	120 	79 	76 	76 
003141 	114 	75 	91 	91 
003142 	128 	87 	76 	76 
003143 	128 	79 	76 	76 
003144 	128 	87 	76 	76 
003145 	128 	87 	76 	76 
003146 	128 	87 	76 	76 
003147 	128 	87 	76 	76 
003148 	128 	87 	76 	76 
003149 	128 	87 	76 	76 
003150 	128 	87 	76 	76 
003151 	128 	87 	76 	76 
003152 	128 	87 	76 	76 
003153 	128 	87 	76 	76 
003154 	128 	87 	76 	76 
003155 	128 	87 	76 	76 
003156 	128 	87 	76 	76 
003157 	128 	87 	76 	76 
003158 	128 	87 	76 	76 
003159 	128 	87 	76 	76 
003160 	128 	87 	76 	76 
003161 	128 	87 	76 	76 
003162 	128 	87 	76 	76 
003163 	128 	87 	76 	76 
003164 	128 	87 	76 	76 
003165 	128 	87 	76 	76 
003166 	128 	87 	76 	76 
003167 	128 	87 	76 	76 
003168 	128 	87 	76 	76 
003169 	128 	87 	76 	76 
003170 	128 	87 	76 	76 
003171 	128 	87 	76 	76 
003172 	128 	87 	76 	76 
003173 	128 	79 	76 	76 
003174 	128 	79 	76 	76 
003175 	128 	71 	76 	75 
003176 	128 	71 	76 	75 
003177 	128 	71 	76 	75 
003178 	128 	71 	76 	75 
003179 	128 	71 	76 	75 
003180 	128 	71 	76 	75 
003181 	137 	71 	75 	75 
003182 	137 	71 	75 	75 
003183 	137 	71 	75 	75 
003184 	137 	62 	75 	76 
003185 	137 	62 	75 	76 
003186 	137 	62 	75 	76 
003187 	137 	62 	75 	76 
003188 	137 	62 	75 	76 
003189 	137 	62 	75 	76 
003190 	137 	62 	75 	76 
003191 	137 	62 	75 	76 
