Identity  : 	id10285
Reference : 	FUqAFZmZJ80
Offset    : 	-1
FV Conf   : 	15.835
ASD Conf  : 	6.158

FRAME 	X 	Y 	W 	H 
001714 	293 	114 	108 	109 
001715 	293 	102 	108 	109 
001716 	293 	102 	108 	109 
001717 	293 	102 	108 	109 
001718 	293 	102 	108 	109 
001719 	293 	102 	108 	109 
001720 	304 	115 	90 	91 
001721 	305 	102 	108 	109 
001722 	305 	102 	108 	109 
001723 	305 	102 	108 	109 
001724 	305 	102 	108 	109 
001725 	293 	102 	108 	109 
001726 	293 	102 	108 	109 
001727 	293 	102 	108 	109 
001728 	293 	102 	108 	109 
001729 	293 	102 	108 	109 
001730 	293 	102 	108 	109 
001731 	293 	102 	108 	109 
001732 	293 	102 	108 	109 
001733 	293 	102 	108 	109 
001734 	293 	102 	108 	109 
001735 	293 	102 	108 	109 
001736 	293 	102 	108 	109 
001737 	293 	102 	108 	109 
001738 	293 	102 	108 	109 
001739 	293 	102 	108 	109 
001740 	293 	102 	108 	109 
001741 	293 	102 	108 	109 
001742 	293 	102 	108 	109 
001743 	293 	102 	108 	109 
001744 	293 	102 	108 	109 
001745 	293 	102 	108 	109 
001746 	293 	102 	108 	109 
001747 	293 	102 	108 	109 
001748 	293 	102 	108 	109 
001749 	293 	102 	108 	109 
001750 	293 	102 	108 	109 
001751 	293 	102 	108 	109 
001752 	293 	102 	108 	109 
001753 	293 	102 	108 	109 
001754 	293 	102 	108 	109 
001755 	304 	115 	90 	91 
001756 	304 	115 	90 	91 
001757 	304 	115 	90 	91 
001758 	293 	102 	108 	109 
001759 	293 	102 	108 	109 
001760 	305 	102 	108 	109 
001761 	305 	102 	108 	109 
001762 	305 	102 	108 	109 
001763 	305 	102 	108 	109 
001764 	305 	102 	108 	109 
001765 	305 	102 	108 	109 
001766 	305 	102 	108 	109 
001767 	305 	102 	108 	109 
001768 	305 	102 	108 	109 
001769 	305 	102 	108 	109 
001770 	305 	102 	108 	109 
001771 	305 	102 	108 	109 
001772 	305 	102 	108 	109 
001773 	305 	102 	108 	109 
001774 	305 	102 	108 	109 
001775 	305 	102 	108 	109 
001776 	305 	102 	108 	109 
001777 	305 	102 	108 	109 
001778 	305 	102 	108 	109 
001779 	293 	102 	108 	109 
001780 	293 	102 	108 	109 
001781 	293 	102 	108 	109 
001782 	293 	102 	108 	109 
001783 	293 	102 	108 	109 
001784 	293 	102 	108 	109 
001785 	293 	102 	108 	109 
001786 	293 	102 	108 	109 
001787 	293 	102 	108 	109 
001788 	293 	102 	108 	109 
001789 	293 	102 	108 	109 
001790 	293 	102 	108 	109 
001791 	293 	102 	108 	109 
001792 	293 	102 	108 	109 
001793 	293 	102 	108 	109 
001794 	293 	102 	108 	109 
001795 	293 	102 	108 	109 
001796 	293 	102 	108 	109 
001797 	293 	102 	108 	109 
001798 	304 	115 	90 	91 
001799 	305 	102 	108 	109 
001800 	305 	102 	108 	109 
001801 	305 	102 	108 	109 
001802 	305 	102 	108 	109 
001803 	305 	102 	108 	109 
001804 	305 	102 	108 	109 
001805 	305 	102 	108 	109 
001806 	305 	102 	108 	109 
001807 	305 	102 	108 	109 
001808 	323 	115 	91 	91 
001809 	323 	115 	91 	91 
001810 	323 	115 	91 	91 
001811 	323 	115 	91 	91 
001812 	317 	102 	108 	109 
001813 	323 	115 	91 	91 
001814 	323 	115 	91 	91 
001815 	323 	115 	91 	91 
001816 	305 	102 	108 	109 
001817 	305 	102 	108 	109 
001818 	305 	102 	108 	109 
001819 	305 	102 	108 	109 
001820 	305 	102 	108 	109 
001821 	305 	102 	108 	109 
001822 	305 	102 	108 	109 
001823 	305 	102 	108 	109 
001824 	305 	102 	108 	109 
001825 	293 	102 	108 	109 
001826 	293 	102 	108 	109 
001827 	293 	102 	108 	109 
001828 	293 	102 	108 	109 
001829 	293 	102 	108 	109 
001830 	293 	102 	108 	109 
001831 	293 	102 	108 	109 
001832 	293 	102 	108 	109 
