Identity  : 	id10285
Reference : 	FUqAFZmZJ80
Offset    : 	0
FV Conf   : 	16.556
ASD Conf  : 	5.425

FRAME 	X 	Y 	W 	H 
006300 	281 	114 	108 	109 
006301 	281 	114 	108 	109 
006302 	281 	114 	108 	109 
006303 	281 	102 	108 	109 
006304 	281 	114 	108 	109 
006305 	281 	114 	108 	109 
006306 	281 	114 	108 	109 
006307 	281 	114 	108 	109 
006308 	294 	125 	90 	90 
006309 	293 	114 	108 	109 
006310 	293 	114 	108 	109 
006311 	293 	114 	108 	109 
006312 	293 	114 	108 	109 
006313 	293 	114 	108 	109 
006314 	293 	114 	108 	109 
006315 	305 	114 	108 	109 
006316 	305 	126 	108 	109 
006317 	305 	126 	108 	109 
006318 	305 	126 	108 	109 
006319 	305 	126 	108 	109 
006320 	305 	126 	108 	109 
006321 	305 	114 	108 	109 
006322 	305 	114 	108 	109 
006323 	305 	126 	108 	109 
006324 	305 	126 	108 	109 
006325 	305 	126 	108 	109 
006326 	305 	126 	108 	109 
006327 	305 	126 	108 	109 
006328 	305 	126 	108 	109 
006329 	305 	126 	108 	109 
006330 	305 	126 	108 	109 
006331 	305 	126 	108 	109 
006332 	305 	126 	108 	109 
006333 	317 	138 	108 	109 
006334 	317 	138 	108 	109 
006335 	317 	138 	108 	109 
006336 	317 	138 	108 	109 
006337 	317 	138 	108 	109 
006338 	317 	138 	108 	109 
006339 	317 	126 	108 	109 
006340 	317 	126 	108 	109 
006341 	333 	135 	91 	90 
006342 	333 	135 	91 	90 
006343 	329 	126 	108 	109 
006344 	329 	126 	108 	109 
006345 	329 	126 	108 	109 
006346 	341 	126 	108 	109 
006347 	341 	126 	108 	109 
006348 	341 	126 	108 	109 
006349 	341 	126 	108 	109 
006350 	341 	126 	108 	109 
006351 	343 	135 	91 	90 
006352 	343 	135 	91 	90 
006353 	329 	126 	108 	109 
006354 	329 	126 	108 	109 
006355 	329 	126 	108 	109 
006356 	329 	126 	108 	109 
006357 	329 	126 	108 	109 
006358 	329 	126 	108 	109 
006359 	329 	126 	108 	109 
006360 	329 	126 	108 	109 
006361 	329 	126 	108 	109 
006362 	329 	126 	108 	109 
006363 	309 	123 	130 	130 
006364 	317 	126 	108 	109 
006365 	317 	126 	108 	109 
006366 	333 	135 	91 	90 
006367 	333 	135 	91 	90 
006368 	333 	135 	91 	90 
006369 	333 	135 	91 	90 
006370 	333 	135 	91 	90 
006371 	333 	135 	91 	90 
006372 	317 	126 	108 	109 
006373 	317 	126 	108 	109 
006374 	317 	126 	108 	109 
006375 	317 	126 	108 	109 
006376 	317 	126 	108 	109 
006377 	317 	126 	108 	109 
006378 	317 	126 	108 	109 
006379 	317 	126 	108 	109 
006380 	317 	126 	108 	109 
006381 	317 	126 	108 	109 
006382 	317 	126 	108 	109 
006383 	317 	126 	108 	109 
006384 	317 	126 	108 	109 
006385 	317 	126 	108 	109 
006386 	323 	125 	91 	90 
006387 	323 	125 	91 	90 
006388 	305 	114 	108 	109 
006389 	305 	114 	108 	109 
006390 	305 	114 	108 	109 
006391 	305 	114 	108 	109 
006392 	305 	114 	108 	109 
006393 	305 	114 	108 	109 
006394 	305 	114 	108 	109 
006395 	317 	114 	108 	109 
006396 	317 	114 	108 	109 
006397 	317 	114 	108 	109 
006398 	329 	114 	108 	109 
006399 	329 	114 	108 	109 
006400 	329 	114 	108 	109 
