Identity  : 	id10285
Reference : 	FUqAFZmZJ80
Offset    : 	-1
FV Conf   : 	19.248
ASD Conf  : 	6.113

FRAME 	X 	Y 	W 	H 
008458 	333 	115 	91 	91 
008459 	333 	115 	91 	91 
008460 	333 	115 	91 	91 
008461 	333 	115 	91 	91 
008462 	333 	115 	91 	91 
008463 	333 	115 	91 	91 
008464 	333 	115 	91 	91 
008465 	333 	115 	91 	91 
008466 	333 	115 	91 	91 
008467 	333 	115 	91 	91 
008468 	333 	115 	91 	91 
008469 	329 	114 	108 	109 
008470 	329 	114 	108 	109 
008471 	333 	115 	91 	91 
008472 	333 	115 	91 	91 
008473 	333 	115 	91 	91 
008474 	333 	115 	91 	91 
008475 	333 	115 	91 	91 
008476 	333 	115 	91 	91 
008477 	333 	115 	91 	91 
008478 	333 	115 	91 	91 
008479 	333 	115 	91 	91 
008480 	333 	115 	91 	91 
008481 	333 	115 	91 	91 
008482 	333 	115 	91 	91 
008483 	333 	115 	91 	91 
008484 	333 	115 	91 	91 
008485 	333 	115 	91 	91 
008486 	333 	115 	91 	91 
008487 	333 	115 	91 	91 
008488 	333 	115 	91 	91 
008489 	333 	115 	91 	91 
008490 	333 	115 	91 	91 
008491 	333 	115 	91 	91 
008492 	333 	115 	91 	91 
008493 	333 	115 	91 	91 
008494 	333 	115 	91 	91 
008495 	329 	114 	108 	109 
008496 	333 	115 	91 	91 
008497 	333 	115 	91 	91 
008498 	333 	115 	91 	91 
008499 	317 	114 	108 	109 
008500 	317 	114 	108 	109 
008501 	317 	114 	108 	109 
008502 	317 	114 	108 	109 
008503 	317 	114 	108 	109 
008504 	317 	114 	108 	109 
008505 	317 	114 	108 	109 
008506 	329 	114 	108 	109 
008507 	329 	114 	108 	109 
008508 	329 	114 	108 	109 
008509 	329 	114 	108 	109 
008510 	329 	114 	108 	109 
008511 	317 	114 	108 	109 
008512 	317 	114 	108 	109 
008513 	317 	114 	108 	109 
008514 	317 	114 	108 	109 
008515 	317 	114 	108 	109 
008516 	317 	114 	108 	109 
008517 	317 	114 	108 	109 
008518 	317 	114 	108 	109 
008519 	317 	114 	108 	109 
008520 	317 	114 	108 	109 
008521 	317 	114 	108 	109 
008522 	317 	114 	108 	109 
008523 	317 	114 	108 	109 
008524 	317 	114 	108 	109 
008525 	323 	115 	91 	91 
008526 	317 	114 	108 	109 
008527 	317 	114 	108 	109 
008528 	323 	115 	91 	91 
008529 	323 	115 	91 	91 
008530 	317 	102 	108 	109 
008531 	323 	115 	91 	91 
008532 	323 	115 	91 	91 
008533 	323 	115 	91 	91 
008534 	323 	115 	91 	91 
008535 	323 	115 	91 	91 
008536 	323 	115 	91 	91 
008537 	323 	115 	91 	91 
008538 	317 	102 	108 	109 
008539 	317 	102 	108 	109 
008540 	317 	102 	108 	109 
008541 	333 	115 	91 	91 
008542 	333 	115 	91 	91 
008543 	333 	115 	91 	91 
008544 	317 	102 	108 	109 
008545 	317 	102 	108 	109 
008546 	317 	102 	108 	109 
008547 	317 	102 	108 	109 
008548 	317 	102 	108 	109 
008549 	323 	115 	91 	91 
008550 	323 	115 	91 	91 
008551 	323 	115 	91 	91 
008552 	323 	115 	91 	91 
008553 	305 	102 	108 	109 
008554 	305 	102 	108 	109 
008555 	314 	115 	90 	91 
008556 	314 	115 	90 	91 
008557 	314 	115 	90 	91 
008558 	314 	115 	90 	91 
008559 	314 	115 	90 	91 
008560 	305 	114 	108 	109 
008561 	305 	114 	108 	109 
008562 	305 	114 	108 	109 
008563 	305 	114 	108 	109 
008564 	314 	115 	90 	91 
008565 	314 	115 	90 	91 
008566 	314 	115 	90 	91 
008567 	314 	115 	90 	91 
008568 	314 	115 	90 	91 
008569 	305 	114 	108 	109 
008570 	305 	114 	108 	109 
008571 	314 	115 	90 	91 
008572 	314 	115 	90 	91 
008573 	314 	115 	90 	91 
008574 	314 	115 	90 	91 
008575 	314 	115 	90 	91 
008576 	314 	115 	90 	91 
008577 	314 	115 	90 	91 
008578 	314 	115 	90 	91 
008579 	314 	115 	90 	91 
008580 	305 	114 	108 	109 
008581 	314 	115 	90 	91 
008582 	314 	115 	90 	91 
008583 	314 	115 	90 	91 
008584 	314 	115 	90 	91 
008585 	314 	115 	90 	91 
008586 	314 	115 	90 	91 
008587 	314 	115 	90 	91 
008588 	314 	115 	90 	91 
008589 	314 	115 	90 	91 
008590 	314 	115 	90 	91 
008591 	314 	115 	90 	91 
008592 	305 	102 	108 	109 
008593 	323 	115 	91 	91 
008594 	317 	102 	108 	109 
008595 	317 	102 	108 	109 
008596 	317 	102 	108 	109 
008597 	317 	102 	108 	109 
008598 	317 	102 	108 	109 
008599 	317 	102 	108 	109 
008600 	305 	90 	108 	109 
008601 	323 	105 	91 	91 
008602 	317 	90 	108 	109 
008603 	317 	102 	108 	109 
008604 	317 	102 	108 	109 
008605 	317 	102 	108 	109 
008606 	333 	115 	91 	91 
008607 	333 	115 	91 	91 
008608 	333 	115 	91 	91 
008609 	329 	102 	108 	109 
008610 	329 	102 	108 	109 
008611 	329 	102 	108 	109 
008612 	329 	102 	108 	109 
008613 	329 	102 	108 	109 
008614 	329 	90 	108 	109 
008615 	329 	102 	108 	109 
008616 	329 	90 	108 	109 
008617 	343 	105 	91 	91 
008618 	343 	105 	91 	91 
008619 	343 	105 	91 	91 
008620 	343 	105 	91 	91 
008621 	343 	105 	91 	91 
008622 	329 	102 	108 	109 
008623 	329 	102 	108 	109 
008624 	341 	102 	108 	109 
008625 	341 	102 	108 	109 
008626 	341 	102 	108 	109 
008627 	341 	102 	108 	109 
008628 	341 	102 	108 	109 
008629 	341 	102 	108 	109 
008630 	341 	102 	108 	109 
008631 	341 	102 	108 	109 
008632 	341 	102 	108 	109 
008633 	341 	102 	108 	109 
008634 	341 	102 	108 	109 
008635 	341 	102 	108 	109 
008636 	341 	102 	108 	109 
008637 	329 	102 	108 	109 
008638 	341 	102 	108 	109 
008639 	341 	102 	108 	109 
008640 	329 	102 	108 	109 
008641 	329 	102 	108 	109 
008642 	329 	102 	108 	109 
008643 	329 	102 	108 	109 
008644 	329 	102 	108 	109 
008645 	333 	115 	91 	91 
008646 	329 	102 	108 	109 
008647 	333 	115 	91 	91 
008648 	329 	102 	108 	109 
008649 	317 	102 	108 	109 
008650 	317 	102 	108 	109 
008651 	317 	114 	108 	109 
008652 	333 	115 	91 	91 
008653 	333 	115 	91 	91 
008654 	333 	115 	91 	91 
008655 	329 	102 	108 	109 
008656 	329 	102 	108 	109 
008657 	329 	102 	108 	109 
008658 	329 	102 	108 	109 
008659 	329 	102 	108 	109 
008660 	329 	102 	108 	109 
008661 	329 	102 	108 	109 
008662 	329 	102 	108 	109 
008663 	329 	102 	108 	109 
008664 	329 	102 	108 	109 
008665 	329 	102 	108 	109 
008666 	329 	102 	108 	109 
008667 	329 	102 	108 	109 
008668 	329 	102 	108 	109 
008669 	329 	102 	108 	109 
008670 	329 	102 	108 	109 
008671 	329 	102 	108 	109 
008672 	329 	102 	108 	109 
008673 	329 	102 	108 	109 
008674 	329 	102 	108 	109 
008675 	329 	102 	108 	109 
008676 	329 	102 	108 	109 
008677 	333 	115 	91 	91 
008678 	333 	115 	91 	91 
008679 	333 	115 	91 	91 
008680 	333 	115 	91 	91 
008681 	329 	114 	108 	109 
008682 	333 	115 	91 	91 
008683 	333 	115 	91 	91 
008684 	333 	115 	91 	91 
008685 	333 	115 	91 	91 
008686 	317 	114 	108 	109 
008687 	317 	114 	108 	109 
008688 	317 	114 	108 	109 
