Identity  : 	id10285
Reference : 	FUqAFZmZJ80
Offset    : 	-1
FV Conf   : 	19.846
ASD Conf  : 	7.087

FRAME 	X 	Y 	W 	H 
016189 	317 	102 	108 	109 
016190 	317 	102 	108 	109 
016191 	317 	102 	108 	109 
016192 	317 	102 	108 	109 
016193 	317 	102 	108 	109 
016194 	317 	102 	108 	109 
016195 	333 	105 	91 	91 
016196 	333 	105 	91 	91 
016197 	329 	102 	108 	109 
016198 	333 	105 	91 	91 
016199 	333 	105 	91 	91 
016200 	333 	105 	91 	91 
016201 	333 	105 	91 	91 
016202 	333 	105 	91 	91 
016203 	333 	105 	91 	91 
016204 	333 	105 	91 	91 
016205 	317 	102 	108 	109 
016206 	317 	102 	108 	109 
016207 	317 	102 	108 	109 
016208 	317 	102 	108 	109 
016209 	317 	102 	108 	109 
016210 	317 	102 	108 	109 
016211 	317 	102 	108 	109 
016212 	317 	90 	108 	109 
016213 	317 	102 	108 	109 
016214 	317 	102 	108 	109 
016215 	317 	102 	108 	109 
016216 	317 	102 	108 	109 
016217 	317 	102 	108 	109 
016218 	317 	102 	108 	109 
016219 	317 	102 	108 	109 
016220 	317 	102 	108 	109 
016221 	323 	105 	91 	91 
016222 	323 	105 	91 	91 
016223 	323 	105 	91 	91 
016224 	305 	90 	108 	109 
016225 	305 	90 	108 	109 
016226 	305 	90 	108 	109 
016227 	305 	90 	108 	109 
016228 	305 	90 	108 	109 
016229 	305 	90 	108 	109 
016230 	305 	90 	108 	109 
016231 	305 	90 	108 	109 
016232 	305 	90 	108 	109 
016233 	305 	90 	108 	109 
016234 	305 	90 	108 	109 
016235 	305 	90 	108 	109 
016236 	305 	90 	108 	109 
016237 	305 	90 	108 	109 
016238 	314 	105 	90 	91 
016239 	305 	102 	108 	109 
016240 	305 	102 	108 	109 
016241 	305 	102 	108 	109 
016242 	305 	102 	108 	109 
016243 	305 	102 	108 	109 
016244 	305 	114 	108 	109 
016245 	305 	114 	108 	109 
016246 	305 	114 	108 	109 
016247 	305 	102 	108 	109 
016248 	305 	114 	108 	109 
016249 	305 	114 	108 	109 
016250 	305 	102 	108 	109 
016251 	305 	102 	108 	109 
016252 	305 	102 	108 	109 
016253 	305 	102 	108 	109 
016254 	305 	114 	108 	109 
016255 	305 	102 	108 	109 
016256 	305 	102 	108 	109 
016257 	305 	114 	108 	109 
016258 	305 	114 	108 	109 
016259 	305 	114 	108 	109 
016260 	305 	114 	108 	109 
016261 	305 	114 	108 	109 
016262 	305 	102 	108 	109 
016263 	305 	102 	108 	109 
016264 	305 	102 	108 	109 
016265 	323 	115 	91 	91 
016266 	305 	102 	108 	109 
016267 	305 	102 	108 	109 
016268 	305 	102 	108 	109 
016269 	305 	102 	108 	109 
016270 	323 	115 	91 	91 
016271 	317 	114 	108 	109 
016272 	317 	114 	108 	109 
016273 	323 	125 	91 	90 
016274 	323 	125 	91 	90 
016275 	317 	126 	108 	109 
016276 	317 	126 	108 	109 
016277 	317 	126 	108 	109 
016278 	317 	114 	108 	109 
016279 	317 	114 	108 	109 
016280 	317 	114 	108 	109 
016281 	317 	114 	108 	109 
016282 	317 	114 	108 	109 
016283 	317 	114 	108 	109 
016284 	317 	114 	108 	109 
016285 	317 	114 	108 	109 
016286 	317 	114 	108 	109 
016287 	317 	114 	108 	109 
016288 	317 	114 	108 	109 
016289 	317 	114 	108 	109 
016290 	305 	114 	108 	109 
016291 	305 	102 	108 	109 
016292 	305 	102 	108 	109 
016293 	305 	102 	108 	109 
016294 	305 	102 	108 	109 
016295 	305 	102 	108 	109 
016296 	305 	102 	108 	109 
016297 	305 	102 	108 	109 
016298 	305 	102 	108 	109 
016299 	305 	102 	108 	109 
016300 	305 	102 	108 	109 
016301 	305 	102 	108 	109 
016302 	305 	102 	108 	109 
016303 	305 	102 	108 	109 
016304 	305 	102 	108 	109 
016305 	305 	102 	108 	109 
016306 	305 	102 	108 	109 
016307 	305 	102 	108 	109 
016308 	305 	102 	108 	109 
016309 	305 	102 	108 	109 
016310 	305 	102 	108 	109 
016311 	305 	102 	108 	109 
016312 	305 	102 	108 	109 
016313 	305 	102 	108 	109 
016314 	305 	102 	108 	109 
016315 	305 	102 	108 	109 
016316 	305 	102 	108 	109 
016317 	314 	115 	90 	91 
016318 	314 	115 	90 	91 
016319 	314 	115 	90 	91 
016320 	305 	102 	108 	109 
016321 	305 	102 	108 	109 
016322 	305 	102 	108 	109 
016323 	305 	102 	108 	109 
016324 	305 	102 	108 	109 
016325 	305 	102 	108 	109 
016326 	305 	102 	108 	109 
016327 	305 	102 	108 	109 
016328 	314 	115 	90 	91 
016329 	305 	102 	108 	109 
016330 	305 	102 	108 	109 
016331 	305 	102 	108 	109 
016332 	305 	102 	108 	109 
016333 	305 	102 	108 	109 
016334 	305 	102 	108 	109 
016335 	305 	102 	108 	109 
016336 	305 	102 	108 	109 
016337 	305 	102 	108 	109 
016338 	305 	102 	108 	109 
016339 	305 	102 	108 	109 
016340 	305 	102 	108 	109 
016341 	305 	102 	108 	109 
016342 	305 	102 	108 	109 
016343 	305 	102 	108 	109 
016344 	305 	102 	108 	109 
016345 	305 	102 	108 	109 
016346 	305 	102 	108 	109 
016347 	305 	102 	108 	109 
016348 	305 	90 	108 	109 
016349 	305 	90 	108 	109 
016350 	305 	90 	108 	109 
016351 	305 	90 	108 	109 
016352 	305 	90 	108 	109 
016353 	305 	90 	108 	109 
016354 	305 	90 	108 	109 
016355 	305 	90 	108 	109 
