Identity  : 	id10283
Reference : 	52SYuI0cCbQ
Offset    : 	-1
FV Conf   : 	12.492
ASD Conf  : 	7.035

FRAME 	X 	Y 	W 	H 
002094 	200 	86 	130 	130 
002095 	206 	92 	130 	130 
002096 	211 	97 	130 	130 
002097 	217 	103 	130 	130 
002098 	223 	109 	130 	130 
002099 	216 	96 	156 	156 
002100 	216 	79 	156 	156 
002101 	237 	109 	130 	130 
002102 	216 	96 	156 	156 
002103 	216 	96 	156 	156 
002104 	237 	109 	130 	130 
002105 	216 	96 	156 	156 
002106 	216 	96 	156 	156 
002107 	216 	96 	156 	156 
002108 	216 	96 	156 	156 
002109 	216 	96 	156 	156 
002110 	199 	96 	155 	156 
002111 	199 	96 	155 	156 
002112 	199 	96 	155 	156 
002113 	199 	96 	155 	156 
002114 	199 	96 	155 	156 
002115 	199 	96 	155 	156 
002116 	216 	96 	156 	156 
002117 	216 	96 	156 	156 
002118 	216 	96 	156 	156 
002119 	223 	109 	130 	130 
002120 	223 	109 	130 	130 
002121 	199 	79 	155 	156 
002122 	199 	79 	155 	156 
002123 	223 	94 	130 	130 
002124 	223 	94 	130 	130 
002125 	223 	94 	130 	130 
002126 	223 	94 	130 	130 
002127 	216 	79 	156 	156 
002128 	216 	79 	156 	156 
002129 	216 	79 	156 	156 
002130 	216 	79 	156 	156 
002131 	216 	79 	156 	156 
002132 	216 	62 	156 	155 
002133 	216 	62 	156 	155 
002134 	223 	80 	130 	130 
002135 	223 	80 	130 	130 
002136 	199 	62 	155 	155 
002137 	199 	62 	155 	155 
002138 	223 	80 	130 	130 
002139 	216 	79 	156 	156 
002140 	216 	79 	156 	156 
002141 	199 	62 	155 	155 
002142 	199 	62 	155 	155 
002143 	216 	79 	156 	156 
002144 	216 	79 	156 	156 
002145 	216 	79 	156 	156 
002146 	216 	79 	156 	156 
002147 	223 	94 	130 	130 
002148 	223 	94 	130 	130 
002149 	223 	94 	130 	130 
002150 	216 	79 	156 	156 
002151 	216 	62 	156 	155 
002152 	216 	62 	156 	155 
002153 	216 	62 	156 	155 
002154 	216 	62 	156 	155 
002155 	216 	62 	156 	155 
002156 	216 	62 	156 	155 
002157 	216 	62 	156 	155 
002158 	212 	65 	147 	146 
002159 	208 	68 	137 	137 
002160 	205 	72 	128 	127 
002161 	201 	75 	118 	118 
002162 	197 	78 	109 	109 
002163 	208 	94 	130 	130 
002164 	208 	94 	130 	130 
002165 	216 	79 	156 	156 
002166 	216 	79 	156 	156 
002167 	216 	62 	156 	155 
002168 	216 	62 	156 	155 
002169 	216 	62 	156 	155 
002170 	216 	62 	156 	155 
002171 	216 	62 	156 	155 
002172 	216 	79 	156 	156 
002173 	216 	79 	156 	156 
002174 	237 	94 	130 	130 
002175 	237 	94 	130 	130 
002176 	237 	94 	130 	130 
002177 	233 	79 	156 	156 
002178 	233 	96 	156 	156 
002179 	233 	96 	156 	156 
002180 	233 	96 	156 	156 
002181 	233 	96 	156 	156 
002182 	233 	96 	156 	156 
002183 	237 	94 	130 	130 
002184 	237 	94 	130 	130 
002185 	216 	79 	156 	156 
002186 	199 	79 	155 	156 
002187 	181 	79 	156 	156 
002188 	164 	79 	156 	156 
002189 	164 	86 	143 	143 
002190 	165 	94 	130 	130 
002191 	164 	79 	156 	156 
002192 	164 	79 	156 	156 
002193 	181 	79 	156 	156 
002194 	181 	79 	156 	156 
002195 	181 	79 	156 	156 
002196 	181 	79 	156 	156 
002197 	181 	79 	156 	156 
002198 	181 	79 	156 	156 
