Identity  : 	id10303
Reference : 	LKDWhdJQFco
Offset    : 	-1
FV Conf   : 	18.506
ASD Conf  : 	6.808

FRAME 	X 	Y 	W 	H 
004537 	145 	112 	76 	76 
004538 	134 	105 	91 	91 
004539 	134 	105 	91 	91 
004540 	134 	105 	91 	91 
004541 	134 	105 	91 	91 
004542 	134 	105 	91 	91 
004543 	134 	105 	91 	91 
004544 	134 	105 	91 	91 
004545 	134 	105 	91 	91 
004546 	134 	105 	91 	91 
004547 	134 	105 	91 	91 
004548 	134 	105 	91 	91 
004549 	134 	105 	91 	91 
004550 	134 	105 	91 	91 
004551 	134 	105 	91 	91 
004552 	134 	105 	91 	91 
004553 	139 	105 	91 	91 
004554 	144 	105 	91 	91 
004555 	144 	105 	91 	91 
004556 	144 	105 	91 	91 
004557 	138 	90 	108 	109 
004558 	144 	105 	91 	91 
004559 	144 	105 	91 	91 
004560 	144 	105 	91 	91 
004561 	144 	105 	91 	91 
004562 	138 	90 	108 	109 
004563 	144 	105 	91 	91 
004564 	138 	90 	108 	109 
004565 	138 	90 	108 	109 
004566 	138 	90 	108 	109 
004567 	138 	90 	108 	109 
004568 	138 	90 	108 	109 
004569 	138 	90 	108 	109 
004570 	138 	90 	108 	109 
004571 	138 	90 	108 	109 
004572 	138 	90 	108 	109 
004573 	154 	95 	91 	91 
004574 	154 	95 	91 	91 
004575 	154 	95 	91 	91 
004576 	154 	95 	91 	91 
004577 	154 	95 	91 	91 
004578 	150 	90 	108 	109 
004579 	154 	105 	91 	91 
004580 	154 	105 	91 	91 
004581 	154 	105 	91 	91 
004582 	154 	105 	91 	91 
004583 	154 	115 	91 	91 
004584 	154 	115 	91 	91 
004585 	154 	115 	91 	91 
004586 	154 	115 	91 	91 
004587 	154 	115 	91 	91 
004588 	154 	115 	91 	91 
004589 	154 	115 	91 	91 
004590 	154 	115 	91 	91 
004591 	154 	115 	91 	91 
004592 	154 	115 	91 	91 
004593 	154 	115 	91 	91 
004594 	138 	102 	108 	109 
004595 	138 	102 	108 	109 
004596 	138 	102 	108 	109 
004597 	153 	129 	76 	75 
004598 	153 	129 	76 	75 
004599 	144 	125 	91 	90 
004600 	138 	114 	108 	109 
004601 	138 	114 	108 	109 
004602 	138 	114 	108 	109 
004603 	138 	114 	108 	109 
004604 	138 	114 	108 	109 
004605 	138 	114 	108 	109 
004606 	144 	125 	91 	90 
004607 	144 	125 	91 	90 
004608 	144 	135 	91 	90 
004609 	144 	135 	91 	90 
004610 	144 	135 	91 	90 
004611 	144 	135 	91 	90 
004612 	144 	135 	91 	90 
004613 	144 	135 	91 	90 
004614 	144 	125 	91 	90 
004615 	138 	114 	108 	109 
004616 	138 	114 	108 	109 
004617 	138 	114 	108 	109 
004618 	138 	102 	108 	109 
004619 	138 	102 	108 	109 
004620 	138 	102 	108 	109 
004621 	138 	102 	108 	109 
004622 	154 	115 	91 	91 
004623 	154 	115 	91 	91 
004624 	150 	102 	108 	109 
004625 	154 	105 	91 	91 
004626 	154 	105 	91 	91 
004627 	150 	90 	108 	109 
004628 	150 	90 	108 	109 
004629 	154 	105 	91 	91 
004630 	154 	105 	91 	91 
004631 	154 	105 	91 	91 
004632 	154 	105 	91 	91 
004633 	154 	105 	91 	91 
004634 	154 	105 	91 	91 
004635 	154 	105 	91 	91 
004636 	154 	105 	91 	91 
004637 	154 	105 	91 	91 
004638 	154 	105 	91 	91 
004639 	154 	105 	91 	91 
004640 	154 	105 	91 	91 
004641 	154 	105 	91 	91 
004642 	150 	90 	108 	109 
004643 	164 	105 	91 	91 
004644 	164 	105 	91 	91 
004645 	161 	90 	109 	109 
004646 	174 	105 	91 	91 
004647 	174 	105 	91 	91 
004648 	161 	90 	109 	109 
004649 	174 	105 	91 	91 
004650 	161 	90 	109 	109 
004651 	161 	90 	109 	109 
004652 	164 	105 	91 	91 
004653 	150 	90 	108 	109 
004654 	150 	90 	108 	109 
004655 	154 	105 	91 	91 
004656 	154 	95 	91 	91 
004657 	154 	95 	91 	91 
004658 	153 	104 	76 	76 
004659 	138 	90 	108 	109 
004660 	138 	90 	108 	109 
004661 	138 	90 	108 	109 
004662 	138 	90 	108 	109 
004663 	138 	90 	108 	109 
004664 	138 	90 	108 	109 
004665 	138 	90 	108 	109 
004666 	138 	90 	108 	109 
004667 	138 	90 	108 	109 
004668 	138 	90 	108 	109 
004669 	144 	105 	91 	91 
004670 	138 	90 	108 	109 
004671 	138 	102 	108 	109 
004672 	138 	102 	108 	109 
004673 	138 	102 	108 	109 
004674 	138 	102 	108 	109 
004675 	138 	102 	108 	109 
004676 	138 	90 	108 	109 
004677 	138 	90 	108 	109 
004678 	138 	90 	108 	109 
004679 	138 	102 	108 	109 
004680 	138 	102 	108 	109 
004681 	138 	102 	108 	109 
004682 	138 	102 	108 	109 
004683 	138 	102 	108 	109 
004684 	138 	102 	108 	109 
004685 	138 	102 	108 	109 
004686 	138 	102 	108 	109 
004687 	144 	105 	91 	91 
004688 	144 	105 	91 	91 
004689 	138 	102 	108 	109 
004690 	138 	102 	108 	109 
004691 	138 	102 	108 	109 
004692 	138 	102 	108 	109 
004693 	138 	102 	108 	109 
004694 	138 	102 	108 	109 
