Identity  : 	id10303
Reference : 	LKDWhdJQFco
Offset    : 	-1
FV Conf   : 	13.875
ASD Conf  : 	6.951

FRAME 	X 	Y 	W 	H 
012362 	137 	112 	75 	76 
012363 	137 	112 	75 	76 
012364 	137 	112 	75 	76 
012365 	137 	112 	75 	76 
012366 	137 	112 	75 	76 
012367 	137 	112 	75 	76 
012368 	137 	112 	75 	76 
012369 	137 	112 	75 	76 
012370 	137 	112 	75 	76 
012371 	136 	110 	79 	80 
012372 	136 	108 	83 	84 
012373 	135 	107 	87 	87 
012374 	134 	105 	91 	91 
012375 	134 	105 	91 	91 
012376 	134 	105 	91 	91 
012377 	134 	105 	91 	91 
012378 	145 	112 	76 	76 
012379 	144 	105 	91 	91 
012380 	144 	105 	91 	91 
012381 	138 	90 	108 	109 
012382 	138 	90 	108 	109 
012383 	138 	90 	108 	109 
012384 	138 	90 	108 	109 
012385 	138 	90 	108 	109 
012386 	154 	105 	91 	91 
012387 	154 	95 	91 	91 
012388 	150 	90 	108 	109 
012389 	154 	105 	91 	91 
012390 	154 	105 	91 	91 
012391 	154 	95 	91 	91 
012392 	154 	105 	91 	91 
012393 	154 	105 	91 	91 
012394 	150 	90 	108 	109 
012395 	150 	90 	108 	109 
012396 	150 	90 	108 	109 
012397 	150 	90 	108 	109 
012398 	150 	90 	108 	109 
012399 	150 	90 	108 	109 
012400 	150 	90 	108 	109 
012401 	150 	90 	108 	109 
012402 	150 	90 	108 	109 
012403 	150 	90 	108 	109 
012404 	138 	90 	108 	109 
012405 	154 	105 	91 	91 
012406 	138 	90 	108 	109 
012407 	138 	90 	108 	109 
012408 	138 	90 	108 	109 
012409 	138 	90 	108 	109 
012410 	144 	105 	91 	91 
012411 	144 	105 	91 	91 
012412 	144 	105 	91 	91 
012413 	145 	112 	76 	76 
012414 	145 	112 	76 	76 
012415 	145 	112 	76 	76 
012416 	145 	112 	76 	76 
012417 	145 	112 	76 	76 
012418 	145 	112 	76 	76 
012419 	145 	112 	76 	76 
012420 	145 	112 	76 	76 
012421 	145 	112 	76 	76 
012422 	145 	112 	76 	76 
012423 	145 	112 	76 	76 
012424 	134 	105 	91 	91 
012425 	134 	105 	91 	91 
012426 	134 	105 	91 	91 
012427 	134 	105 	91 	91 
012428 	134 	105 	91 	91 
012429 	134 	105 	91 	91 
012430 	134 	105 	91 	91 
012431 	134 	105 	91 	91 
012432 	134 	105 	91 	91 
012433 	134 	110 	91 	91 
012434 	134 	115 	91 	91 
012435 	137 	121 	75 	75 
012436 	137 	121 	75 	75 
012437 	137 	121 	75 	75 
012438 	136 	118 	83 	83 
012439 	134 	115 	91 	91 
012440 	134 	115 	91 	91 
012441 	134 	115 	91 	91 
012442 	134 	115 	91 	91 
012443 	134 	115 	91 	91 
012444 	134 	115 	91 	91 
012445 	134 	115 	91 	91 
012446 	134 	115 	91 	91 
012447 	134 	115 	91 	91 
012448 	134 	115 	91 	91 
012449 	134 	115 	91 	91 
012450 	134 	115 	91 	91 
012451 	134 	115 	91 	91 
012452 	134 	115 	91 	91 
012453 	126 	102 	108 	109 
012454 	126 	102 	108 	109 
012455 	126 	102 	108 	109 
012456 	126 	102 	108 	109 
012457 	138 	102 	108 	109 
012458 	138 	90 	108 	109 
012459 	138 	90 	108 	109 
012460 	138 	90 	108 	109 
012461 	154 	105 	91 	91 
012462 	150 	90 	108 	109 
012463 	150 	90 	108 	109 
012464 	150 	90 	108 	109 
012465 	150 	90 	108 	109 
012466 	164 	105 	91 	91 
012467 	164 	105 	91 	91 
012468 	164 	105 	91 	91 
012469 	164 	105 	91 	91 
012470 	161 	90 	109 	109 
012471 	161 	90 	109 	109 
012472 	161 	90 	109 	109 
012473 	161 	90 	109 	109 
012474 	161 	90 	109 	109 
012475 	164 	105 	91 	91 
012476 	164 	105 	91 	91 
012477 	164 	105 	91 	91 
012478 	150 	90 	108 	109 
012479 	150 	90 	108 	109 
012480 	150 	90 	108 	109 
012481 	150 	90 	108 	109 
012482 	150 	90 	108 	109 
012483 	150 	90 	108 	109 
012484 	150 	90 	108 	109 
012485 	150 	90 	108 	109 
012486 	150 	90 	108 	109 
012487 	150 	90 	108 	109 
