Identity  : 	id10294
Reference : 	49XYNpeN23I
Offset    : 	-1
FV Conf   : 	13.460
ASD Conf  : 	7.990

FRAME 	X 	Y 	W 	H 
012622 	216 	96 	156 	156 
012623 	216 	96 	156 	156 
012624 	216 	96 	156 	156 
012625 	216 	96 	156 	156 
012626 	216 	96 	156 	156 
012627 	216 	96 	156 	156 
012628 	216 	96 	156 	156 
012629 	216 	96 	156 	156 
012630 	216 	96 	156 	156 
012631 	216 	96 	156 	156 
012632 	216 	96 	156 	156 
012633 	216 	96 	156 	156 
012634 	216 	96 	156 	156 
012635 	216 	96 	156 	156 
012636 	197 	74 	187 	187 
012637 	197 	74 	187 	187 
012638 	197 	74 	187 	187 
012639 	197 	74 	187 	187 
012640 	233 	113 	156 	156 
012641 	233 	113 	156 	156 
012642 	233 	113 	156 	156 
012643 	233 	113 	156 	156 
012644 	233 	113 	156 	156 
012645 	233 	113 	156 	156 
012646 	233 	113 	156 	156 
012647 	233 	113 	156 	156 
012648 	218 	95 	187 	186 
012649 	233 	113 	156 	156 
012650 	233 	113 	156 	156 
012651 	218 	95 	187 	186 
012652 	218 	95 	187 	186 
012653 	218 	95 	187 	186 
012654 	218 	95 	187 	186 
012655 	250 	113 	156 	156 
012656 	239 	95 	186 	186 
012657 	239 	95 	186 	186 
012658 	239 	95 	186 	186 
012659 	239 	95 	186 	186 
012660 	239 	95 	186 	186 
012661 	239 	95 	186 	186 
012662 	239 	95 	186 	186 
012663 	267 	113 	156 	156 
012664 	267 	113 	156 	156 
012665 	267 	113 	156 	156 
012666 	267 	113 	156 	156 
012667 	267 	113 	156 	156 
012668 	267 	113 	156 	156 
012669 	267 	113 	156 	156 
012670 	267 	113 	156 	156 
012671 	267 	113 	156 	156 
012672 	267 	113 	156 	156 
012673 	267 	113 	156 	156 
012674 	267 	113 	156 	156 
012675 	267 	113 	156 	156 
012676 	267 	113 	156 	156 
012677 	239 	95 	186 	186 
012678 	239 	95 	186 	186 
012679 	239 	95 	186 	186 
012680 	239 	95 	186 	186 
012681 	250 	113 	156 	156 
012682 	250 	113 	156 	156 
012683 	250 	113 	156 	156 
012684 	250 	113 	156 	156 
012685 	218 	74 	187 	187 
012686 	218 	74 	187 	187 
012687 	218 	74 	187 	187 
012688 	218 	74 	187 	187 
012689 	218 	74 	187 	187 
012690 	218 	95 	187 	186 
012691 	218 	95 	187 	186 
012692 	218 	95 	187 	186 
012693 	197 	74 	187 	187 
012694 	197 	74 	187 	187 
012695 	197 	74 	187 	187 
012696 	197 	74 	187 	187 
012697 	197 	74 	187 	187 
012698 	197 	74 	187 	187 
012699 	197 	74 	187 	187 
012700 	197 	74 	187 	187 
012701 	197 	74 	187 	187 
012702 	197 	74 	187 	187 
012703 	197 	74 	187 	187 
012704 	197 	74 	187 	187 
012705 	197 	74 	187 	187 
012706 	197 	74 	187 	187 
012707 	197 	74 	187 	187 
012708 	197 	74 	187 	187 
012709 	197 	74 	187 	187 
012710 	197 	74 	187 	187 
012711 	197 	74 	187 	187 
012712 	197 	74 	187 	187 
012713 	197 	74 	187 	187 
012714 	216 	96 	156 	156 
012715 	216 	96 	156 	156 
012716 	216 	96 	156 	156 
012717 	216 	96 	156 	156 
012718 	216 	96 	156 	156 
012719 	197 	74 	187 	187 
012720 	177 	53 	187 	187 
012721 	177 	53 	187 	187 
012722 	199 	79 	155 	156 
012723 	177 	53 	187 	187 
012724 	177 	53 	187 	187 
012725 	199 	79 	155 	156 
012726 	177 	53 	187 	187 
012727 	199 	79 	155 	156 
