Identity  : 	id10299
Reference : 	uaPd2Ix-wSI
Offset    : 	1
FV Conf   : 	16.688
ASD Conf  : 	7.905

FRAME 	X 	Y 	W 	H 
008768 	284 	85 	90 	91 
008769 	284 	84 	90 	91 
008770 	284 	84 	90 	91 
008771 	284 	84 	90 	91 
008772 	284 	84 	90 	91 
008773 	284 	83 	90 	91 
008774 	284 	83 	90 	91 
008775 	284 	83 	90 	91 
008776 	284 	82 	90 	91 
008777 	284 	82 	90 	91 
008778 	284 	82 	90 	91 
008779 	284 	82 	90 	91 
008780 	284 	81 	90 	91 
008781 	284 	81 	90 	91 
008782 	284 	81 	90 	91 
008783 	284 	80 	90 	91 
008784 	284 	80 	90 	91 
008785 	284 	80 	90 	91 
008786 	284 	80 	90 	91 
008787 	284 	79 	90 	91 
008788 	284 	79 	90 	91 
008789 	284 	79 	90 	91 
008790 	284 	78 	90 	91 
008791 	284 	78 	90 	91 
008792 	284 	78 	90 	91 
008793 	284 	78 	90 	91 
008794 	284 	77 	90 	91 
008795 	284 	77 	90 	91 
008796 	284 	77 	90 	91 
008797 	284 	76 	90 	91 
008798 	284 	76 	90 	91 
008799 	284 	76 	90 	91 
008800 	284 	76 	90 	91 
008801 	284 	75 	90 	91 
008802 	284 	75 	90 	91 
008803 	284 	85 	90 	91 
008804 	284 	85 	90 	91 
008805 	284 	85 	90 	91 
008806 	284 	85 	90 	91 
008807 	284 	85 	90 	91 
008808 	284 	85 	90 	91 
008809 	284 	85 	90 	91 
008810 	284 	85 	90 	91 
008811 	284 	85 	90 	91 
008812 	281 	78 	108 	109 
008813 	281 	78 	108 	109 
008814 	281 	78 	108 	109 
008815 	281 	78 	108 	109 
008816 	281 	78 	108 	109 
008817 	281 	78 	108 	109 
008818 	269 	90 	108 	109 
008819 	269 	90 	108 	109 
008820 	269 	90 	108 	109 
008821 	269 	102 	108 	109 
008822 	269 	102 	108 	109 
008823 	266 	80 	130 	130 
008824 	281 	90 	108 	109 
008825 	294 	95 	90 	91 
008826 	293 	78 	108 	109 
008827 	293 	66 	108 	109 
008828 	305 	66 	108 	109 
008829 	317 	66 	108 	109 
008830 	317 	66 	108 	109 
008831 	317 	66 	108 	109 
008832 	329 	54 	108 	109 
008833 	329 	54 	108 	109 
008834 	329 	54 	108 	109 
008835 	329 	66 	108 	109 
008836 	329 	66 	108 	109 
008837 	329 	66 	108 	109 
008838 	329 	66 	108 	109 
008839 	329 	66 	108 	109 
008840 	329 	78 	108 	109 
008841 	329 	78 	108 	109 
008842 	329 	78 	108 	109 
008843 	329 	78 	108 	109 
008844 	317 	78 	108 	109 
008845 	317 	78 	108 	109 
008846 	317 	78 	108 	109 
008847 	317 	78 	108 	109 
008848 	317 	78 	108 	109 
008849 	317 	78 	108 	109 
008850 	317 	78 	108 	109 
008851 	317 	78 	108 	109 
008852 	317 	78 	108 	109 
008853 	305 	78 	108 	109 
008854 	305 	78 	108 	109 
008855 	305 	78 	108 	109 
008856 	305 	78 	108 	109 
008857 	305 	78 	108 	109 
008858 	314 	95 	90 	91 
008859 	305 	78 	108 	109 
008860 	305 	78 	108 	109 
008861 	305 	78 	108 	109 
008862 	305 	78 	108 	109 
008863 	305 	78 	108 	109 
008864 	305 	78 	108 	109 
008865 	305 	78 	108 	109 
008866 	305 	78 	108 	109 
008867 	305 	78 	108 	109 
008868 	305 	78 	108 	109 
008869 	305 	78 	108 	109 
008870 	305 	78 	108 	109 
008871 	305 	78 	108 	109 
008872 	305 	78 	108 	109 
008873 	305 	78 	108 	109 
008874 	305 	78 	108 	109 
008875 	305 	78 	108 	109 
008876 	305 	78 	108 	109 
008877 	305 	78 	108 	109 
008878 	305 	78 	108 	109 
008879 	305 	78 	108 	109 
008880 	305 	78 	108 	109 
008881 	293 	78 	108 	109 
008882 	293 	78 	108 	109 
008883 	293 	78 	108 	109 
008884 	293 	78 	108 	109 
008885 	293 	78 	108 	109 
008886 	293 	66 	108 	109 
008887 	293 	66 	108 	109 
008888 	293 	66 	108 	109 
008889 	293 	66 	108 	109 
008890 	293 	66 	108 	109 
008891 	293 	66 	108 	109 
008892 	293 	66 	108 	109 
008893 	293 	66 	108 	109 
008894 	293 	66 	108 	109 
008895 	293 	66 	108 	109 
008896 	293 	66 	108 	109 
008897 	293 	66 	108 	109 
008898 	293 	66 	108 	109 
008899 	293 	66 	108 	109 
008900 	293 	66 	108 	109 
008901 	293 	66 	108 	109 
008902 	293 	66 	108 	109 
008903 	293 	66 	108 	109 
008904 	293 	66 	108 	109 
008905 	293 	66 	108 	109 
008906 	293 	78 	108 	109 
008907 	293 	78 	108 	109 
008908 	293 	78 	108 	109 
008909 	293 	78 	108 	109 
008910 	293 	66 	108 	109 
008911 	293 	66 	108 	109 
008912 	293 	66 	108 	109 
008913 	293 	66 	108 	109 
008914 	293 	66 	108 	109 
008915 	293 	66 	108 	109 
008916 	293 	66 	108 	109 
008917 	293 	54 	108 	109 
008918 	293 	54 	108 	109 
008919 	293 	54 	108 	109 
008920 	293 	54 	108 	109 
008921 	293 	54 	108 	109 
008922 	293 	66 	108 	109 
008923 	293 	66 	108 	109 
008924 	293 	66 	108 	109 
008925 	292 	65 	107 	108 
008926 	290 	65 	106 	107 
008927 	289 	64 	104 	105 
008928 	288 	63 	103 	104 
008929 	287 	62 	102 	103 
008930 	285 	62 	101 	102 
008931 	284 	61 	100 	101 
008932 	283 	60 	98 	99 
008933 	282 	59 	97 	98 
008934 	280 	59 	96 	97 
008935 	279 	58 	95 	96 
008936 	278 	57 	94 	95 
008937 	277 	56 	92 	93 
008938 	275 	56 	91 	92 
008939 	274 	55 	90 	91 
008940 	274 	55 	90 	91 
008941 	274 	56 	90 	91 
008942 	274 	57 	90 	91 
008943 	274 	58 	90 	91 
008944 	274 	59 	90 	91 
008945 	274 	61 	90 	91 
008946 	274 	62 	90 	91 
008947 	274 	63 	90 	91 
008948 	274 	64 	90 	91 
008949 	274 	65 	90 	91 
008950 	274 	66 	90 	91 
008951 	274 	67 	90 	91 
008952 	274 	68 	90 	91 
008953 	274 	69 	90 	91 
008954 	274 	71 	90 	91 
008955 	274 	72 	90 	91 
008956 	274 	73 	90 	91 
008957 	274 	74 	90 	91 
008958 	274 	75 	90 	91 
008959 	274 	75 	90 	91 
008960 	274 	75 	90 	91 
008961 	274 	75 	90 	91 
008962 	273 	74 	90 	91 
008963 	272 	73 	90 	91 
008964 	271 	72 	90 	91 
008965 	270 	71 	90 	91 
008966 	269 	70 	90 	91 
008967 	269 	70 	90 	91 
008968 	268 	69 	90 	91 
008969 	267 	68 	90 	91 
008970 	266 	67 	90 	91 
008971 	265 	66 	90 	91 
008972 	264 	65 	90 	91 
008973 	265 	65 	90 	91 
008974 	265 	65 	90 	91 
008975 	266 	65 	90 	91 
008976 	266 	65 	90 	91 
008977 	267 	65 	90 	91 
008978 	267 	65 	90 	91 
008979 	268 	65 	90 	91 
008980 	269 	65 	90 	91 
008981 	269 	65 	90 	91 
008982 	270 	65 	90 	91 
008983 	270 	65 	90 	91 
008984 	271 	65 	90 	91 
008985 	271 	65 	90 	91 
008986 	272 	65 	90 	91 
008987 	272 	65 	90 	91 
008988 	273 	65 	90 	91 
008989 	274 	65 	90 	91 
008990 	274 	65 	90 	91 
008991 	275 	65 	90 	91 
008992 	275 	65 	90 	91 
008993 	276 	65 	90 	91 
008994 	276 	65 	90 	91 
008995 	277 	65 	90 	91 
008996 	278 	65 	90 	91 
008997 	278 	65 	90 	91 
008998 	279 	65 	90 	91 
008999 	279 	65 	90 	91 
009000 	280 	65 	90 	91 
009001 	280 	65 	90 	91 
009002 	281 	65 	90 	91 
009003 	282 	65 	90 	91 
009004 	282 	65 	90 	91 
009005 	283 	65 	90 	91 
009006 	283 	65 	90 	91 
009007 	284 	65 	90 	91 
009008 	284 	65 	90 	91 
009009 	285 	65 	90 	91 
009010 	286 	65 	90 	91 
009011 	286 	65 	90 	91 
009012 	287 	65 	90 	91 
009013 	287 	65 	90 	91 
009014 	288 	65 	90 	91 
009015 	288 	65 	90 	91 
009016 	289 	65 	90 	91 
009017 	289 	65 	90 	91 
009018 	290 	65 	90 	91 
009019 	291 	65 	90 	91 
009020 	291 	65 	90 	91 
009021 	292 	65 	90 	91 
009022 	292 	65 	90 	91 
009023 	293 	65 	90 	91 
009024 	293 	65 	90 	91 
009025 	294 	65 	90 	91 
009026 	294 	65 	90 	91 
009027 	293 	65 	90 	91 
009028 	293 	65 	90 	91 
009029 	293 	66 	90 	91 
009030 	293 	66 	90 	91 
009031 	292 	66 	90 	91 
009032 	292 	66 	90 	91 
009033 	292 	66 	90 	91 
009034 	292 	66 	90 	91 
009035 	291 	66 	90 	91 
009036 	291 	67 	90 	91 
009037 	291 	67 	90 	91 
009038 	290 	67 	90 	91 
