Identity  : 	id10275
Reference : 	LqcUAxrtYOk
Offset    : 	-2
FV Conf   : 	18.838
ASD Conf  : 	7.359

FRAME 	X 	Y 	W 	H 
000643 	156 	95 	187 	186 
000644 	177 	95 	187 	186 
000645 	177 	95 	187 	186 
000646 	199 	113 	155 	156 
000647 	197 	115 	187 	187 
000648 	216 	113 	156 	156 
000649 	233 	113 	156 	156 
000650 	233 	113 	156 	156 
000651 	218 	95 	187 	186 
000652 	218 	95 	187 	186 
000653 	218 	95 	187 	186 
000654 	233 	113 	156 	156 
000655 	233 	113 	156 	156 
000656 	233 	113 	156 	156 
000657 	218 	74 	187 	187 
000658 	218 	74 	187 	187 
000659 	218 	74 	187 	187 
000660 	218 	74 	187 	187 
000661 	218 	74 	187 	187 
000662 	218 	74 	187 	187 
000663 	218 	74 	187 	187 
000664 	216 	113 	156 	156 
000665 	216 	113 	156 	156 
000666 	216 	113 	156 	156 
000667 	199 	113 	155 	156 
000668 	199 	113 	155 	156 
000669 	181 	113 	156 	156 
000670 	181 	113 	156 	156 
000671 	181 	113 	156 	156 
000672 	156 	95 	187 	186 
000673 	156 	95 	187 	186 
000674 	156 	95 	187 	186 
000675 	156 	95 	187 	186 
000676 	156 	95 	187 	186 
000677 	156 	95 	187 	186 
000678 	156 	95 	187 	186 
000679 	156 	95 	187 	186 
000680 	156 	95 	187 	186 
000681 	156 	95 	187 	186 
000682 	156 	95 	187 	186 
000683 	156 	95 	187 	186 
000684 	156 	95 	187 	186 
000685 	156 	74 	187 	187 
000686 	156 	74 	187 	187 
000687 	156 	74 	187 	187 
000688 	156 	95 	187 	186 
000689 	156 	95 	187 	186 
000690 	156 	95 	187 	186 
000691 	156 	95 	187 	186 
000692 	156 	74 	187 	187 
000693 	156 	74 	187 	187 
000694 	156 	74 	187 	187 
000695 	156 	74 	187 	187 
000696 	156 	74 	187 	187 
000697 	156 	74 	187 	187 
000698 	156 	74 	187 	187 
000699 	156 	74 	187 	187 
000700 	156 	74 	187 	187 
000701 	156 	74 	187 	187 
000702 	156 	74 	187 	187 
000703 	156 	74 	187 	187 
000704 	156 	74 	187 	187 
000705 	156 	74 	187 	187 
000706 	156 	74 	187 	187 
000707 	156 	74 	187 	187 
000708 	156 	74 	187 	187 
000709 	156 	74 	187 	187 
000710 	156 	74 	187 	187 
000711 	156 	74 	187 	187 
000712 	156 	74 	187 	187 
000713 	156 	74 	187 	187 
000714 	156 	74 	187 	187 
000715 	156 	74 	187 	187 
000716 	156 	74 	187 	187 
000717 	156 	74 	187 	187 
000718 	156 	74 	187 	187 
000719 	156 	74 	187 	187 
000720 	156 	74 	187 	187 
000721 	156 	74 	187 	187 
000722 	156 	74 	187 	187 
000723 	156 	95 	187 	186 
000724 	156 	95 	187 	186 
000725 	156 	95 	187 	186 
000726 	156 	95 	187 	186 
000727 	156 	95 	187 	186 
000728 	156 	95 	187 	186 
000729 	156 	95 	187 	186 
000730 	156 	95 	187 	186 
000731 	156 	95 	187 	186 
000732 	156 	95 	187 	186 
000733 	156 	95 	187 	186 
000734 	138 	64 	224 	224 
000735 	138 	64 	224 	224 
000736 	138 	64 	224 	224 
000737 	138 	64 	224 	224 
000738 	156 	95 	187 	186 
000739 	156 	95 	187 	186 
000740 	177 	95 	187 	186 
000741 	177 	95 	187 	186 
000742 	177 	95 	187 	186 
000743 	177 	74 	187 	187 
000744 	177 	74 	187 	187 
000745 	177 	74 	187 	187 
000746 	177 	74 	187 	187 
000747 	177 	95 	187 	186 
000748 	177 	95 	187 	186 
000749 	156 	95 	187 	186 
000750 	156 	95 	187 	186 
000751 	156 	95 	187 	186 
