Identity  : 	id10300
Reference : 	xiFC4HwUcww
Offset    : 	-1
FV Conf   : 	13.908
ASD Conf  : 	6.606

FRAME 	X 	Y 	W 	H 
003912 	150 	90 	108 	109 
003913 	150 	90 	108 	109 
003914 	150 	90 	108 	109 
003915 	150 	90 	108 	109 
003916 	150 	90 	108 	109 
003917 	164 	105 	91 	91 
003918 	164 	105 	91 	91 
003919 	150 	102 	108 	109 
003920 	150 	102 	108 	109 
003921 	150 	102 	108 	109 
003922 	150 	102 	108 	109 
003923 	150 	102 	108 	109 
003924 	150 	102 	108 	109 
003925 	150 	102 	108 	109 
003926 	150 	102 	108 	109 
003927 	150 	102 	108 	109 
003928 	150 	102 	108 	109 
003929 	150 	102 	108 	109 
003930 	150 	102 	108 	109 
003931 	150 	102 	108 	109 
003932 	150 	102 	108 	109 
003933 	150 	102 	108 	109 
003934 	150 	102 	108 	109 
003935 	150 	102 	108 	109 
003936 	150 	102 	108 	109 
003937 	150 	102 	108 	109 
003938 	150 	102 	108 	109 
003939 	150 	102 	108 	109 
003940 	150 	102 	108 	109 
003941 	150 	102 	108 	109 
003942 	150 	102 	108 	109 
003943 	150 	102 	108 	109 
003944 	150 	102 	108 	109 
003945 	150 	102 	108 	109 
003946 	161 	102 	109 	109 
003947 	161 	102 	109 	109 
003948 	161 	102 	109 	109 
003949 	161 	102 	109 	109 
003950 	161 	102 	109 	109 
003951 	164 	115 	91 	91 
003952 	164 	115 	91 	91 
003953 	164 	115 	91 	91 
003954 	164 	115 	91 	91 
003955 	164 	115 	91 	91 
003956 	164 	115 	91 	91 
003957 	164 	115 	91 	91 
003958 	164 	115 	91 	91 
003959 	150 	102 	108 	109 
003960 	161 	102 	109 	109 
003961 	161 	102 	109 	109 
003962 	161 	102 	109 	109 
003963 	161 	102 	109 	109 
003964 	161 	102 	109 	109 
003965 	150 	102 	108 	109 
003966 	150 	102 	108 	109 
003967 	150 	102 	108 	109 
003968 	150 	102 	108 	109 
003969 	150 	102 	108 	109 
003970 	150 	102 	108 	109 
003971 	150 	102 	108 	109 
003972 	150 	102 	108 	109 
003973 	150 	102 	108 	109 
003974 	150 	102 	108 	109 
003975 	150 	102 	108 	109 
003976 	150 	102 	108 	109 
003977 	150 	102 	108 	109 
003978 	150 	90 	108 	109 
003979 	150 	90 	108 	109 
003980 	150 	90 	108 	109 
003981 	150 	90 	108 	109 
003982 	150 	90 	108 	109 
003983 	150 	90 	108 	109 
003984 	150 	90 	108 	109 
003985 	150 	90 	108 	109 
003986 	150 	90 	108 	109 
003987 	150 	90 	108 	109 
003988 	150 	90 	108 	109 
003989 	150 	90 	108 	109 
003990 	150 	90 	108 	109 
003991 	150 	90 	108 	109 
003992 	150 	90 	108 	109 
003993 	150 	90 	108 	109 
003994 	150 	90 	108 	109 
003995 	150 	90 	108 	109 
003996 	150 	90 	108 	109 
003997 	138 	90 	108 	109 
003998 	138 	90 	108 	109 
003999 	138 	90 	108 	109 
004000 	138 	90 	108 	109 
004001 	138 	90 	108 	109 
004002 	150 	90 	108 	109 
004003 	150 	90 	108 	109 
004004 	150 	102 	108 	109 
004005 	150 	90 	108 	109 
004006 	150 	90 	108 	109 
004007 	150 	90 	108 	109 
004008 	150 	102 	108 	109 
004009 	150 	102 	108 	109 
004010 	164 	105 	91 	91 
004011 	150 	102 	108 	109 
004012 	161 	102 	109 	109 
004013 	161 	102 	109 	109 
004014 	161 	102 	109 	109 
004015 	161 	102 	109 	109 
004016 	161 	102 	109 	109 
004017 	161 	102 	109 	109 
004018 	161 	102 	109 	109 
004019 	161 	102 	109 	109 
004020 	161 	102 	109 	109 
004021 	161 	102 	109 	109 
004022 	161 	102 	109 	109 
004023 	161 	102 	109 	109 
004024 	161 	102 	109 	109 
004025 	161 	102 	109 	109 
004026 	161 	102 	109 	109 
004027 	161 	102 	109 	109 
004028 	161 	102 	109 	109 
004029 	164 	115 	91 	91 
004030 	161 	102 	109 	109 
004031 	161 	102 	109 	109 
004032 	161 	102 	109 	109 
004033 	161 	102 	109 	109 
004034 	164 	115 	91 	91 
004035 	164 	115 	91 	91 
004036 	161 	102 	109 	109 
004037 	164 	115 	91 	91 
004038 	164 	115 	91 	91 
004039 	164 	115 	91 	91 
004040 	164 	115 	91 	91 
004041 	164 	115 	91 	91 
004042 	161 	102 	109 	109 
004043 	164 	115 	91 	91 
004044 	161 	102 	109 	109 
004045 	161 	102 	109 	109 
004046 	161 	102 	109 	109 
004047 	161 	102 	109 	109 
004048 	161 	102 	109 	109 
004049 	161 	102 	109 	109 
004050 	161 	102 	109 	109 
004051 	174 	115 	91 	91 
004052 	174 	115 	91 	91 
004053 	161 	102 	109 	109 
004054 	161 	102 	109 	109 
004055 	161 	102 	109 	109 
004056 	161 	102 	109 	109 
004057 	161 	102 	109 	109 
004058 	161 	102 	109 	109 
004059 	161 	102 	109 	109 
004060 	161 	102 	109 	109 
004061 	161 	102 	109 	109 
004062 	161 	102 	109 	109 
004063 	161 	102 	109 	109 
004064 	161 	102 	109 	109 
004065 	161 	102 	109 	109 
004066 	161 	102 	109 	109 
004067 	161 	102 	109 	109 
004068 	161 	102 	109 	109 
004069 	161 	102 	109 	109 
