Identity  : 	id10274
Reference : 	O9xLIdaUG-k
Offset    : 	0
FV Conf   : 	14.293
ASD Conf  : 	5.738

FRAME 	X 	Y 	W 	H 
008692 	353 	54 	108 	109 
008693 	353 	54 	108 	109 
008694 	353 	54 	108 	109 
008695 	353 	54 	108 	109 
008696 	353 	54 	108 	109 
008697 	353 	43 	108 	108 
008698 	365 	43 	108 	108 
008699 	365 	31 	108 	108 
008700 	352 	23 	130 	130 
008701 	376 	43 	109 	108 
008702 	376 	43 	109 	108 
008703 	376 	43 	109 	108 
008704 	388 	43 	109 	108 
008705 	388 	43 	109 	108 
008706 	388 	43 	109 	108 
008707 	400 	43 	109 	108 
008708 	400 	43 	109 	108 
008709 	400 	43 	109 	108 
008710 	412 	54 	109 	109 
008711 	412 	54 	109 	109 
008712 	412 	54 	109 	109 
008713 	412 	54 	109 	109 
008714 	424 	54 	109 	109 
008715 	424 	54 	109 	109 
008716 	424 	54 	109 	109 
008717 	424 	54 	109 	109 
008718 	424 	54 	109 	109 
008719 	424 	54 	109 	109 
008720 	424 	54 	109 	109 
008721 	424 	54 	109 	109 
008722 	424 	54 	109 	109 
008723 	412 	54 	109 	109 
008724 	412 	54 	109 	109 
008725 	412 	43 	109 	108 
008726 	412 	43 	109 	108 
008727 	412 	43 	109 	108 
008728 	413 	55 	91 	91 
008729 	400 	43 	109 	108 
008730 	400 	43 	109 	108 
008731 	403 	55 	91 	91 
008732 	388 	43 	109 	108 
008733 	388 	43 	109 	108 
008734 	393 	55 	91 	91 
008735 	393 	55 	91 	91 
008736 	393 	55 	91 	91 
008737 	376 	43 	109 	108 
008738 	376 	43 	109 	108 
008739 	376 	43 	109 	108 
008740 	376 	43 	109 	108 
008741 	376 	43 	109 	108 
008742 	376 	43 	109 	108 
008743 	376 	43 	109 	108 
008744 	376 	43 	109 	108 
008745 	376 	43 	109 	108 
008746 	376 	43 	109 	108 
008747 	376 	43 	109 	108 
008748 	376 	43 	109 	108 
008749 	365 	43 	108 	108 
008750 	365 	43 	108 	108 
008751 	365 	43 	108 	108 
008752 	365 	43 	108 	108 
008753 	365 	43 	108 	108 
008754 	365 	43 	108 	108 
008755 	352 	37 	130 	130 
008756 	365 	43 	108 	108 
008757 	365 	43 	108 	108 
008758 	376 	43 	109 	108 
008759 	376 	43 	109 	108 
008760 	376 	43 	109 	108 
008761 	376 	54 	109 	109 
008762 	376 	54 	109 	109 
008763 	376 	54 	109 	109 
008764 	376 	54 	109 	109 
008765 	376 	54 	109 	109 
008766 	388 	54 	109 	109 
008767 	388 	54 	109 	109 
008768 	388 	54 	109 	109 
008769 	388 	54 	109 	109 
008770 	388 	54 	109 	109 
008771 	388 	54 	109 	109 
008772 	388 	43 	109 	108 
008773 	388 	43 	109 	108 
008774 	388 	43 	109 	108 
008775 	388 	43 	109 	108 
008776 	388 	54 	109 	109 
008777 	388 	54 	109 	109 
008778 	388 	54 	109 	109 
008779 	388 	54 	109 	109 
008780 	388 	54 	109 	109 
008781 	388 	54 	109 	109 
008782 	388 	54 	109 	109 
008783 	388 	54 	109 	109 
008784 	388 	54 	109 	109 
008785 	388 	54 	109 	109 
008786 	388 	54 	109 	109 
008787 	388 	54 	109 	109 
008788 	388 	54 	109 	109 
008789 	388 	54 	109 	109 
008790 	388 	54 	109 	109 
008791 	388 	54 	109 	109 
008792 	388 	54 	109 	109 
008793 	388 	54 	109 	109 
008794 	388 	54 	109 	109 
008795 	388 	54 	109 	109 
008796 	376 	54 	109 	109 
008797 	376 	54 	109 	109 
008798 	376 	54 	109 	109 
008799 	376 	54 	109 	109 
008800 	365 	54 	108 	109 
008801 	365 	54 	108 	109 
008802 	365 	54 	108 	109 
008803 	365 	54 	108 	109 
008804 	365 	54 	108 	109 
008805 	365 	54 	108 	109 
008806 	365 	54 	108 	109 
008807 	365 	54 	108 	109 
008808 	365 	54 	108 	109 
008809 	365 	54 	108 	109 
008810 	365 	54 	108 	109 
008811 	365 	54 	108 	109 
008812 	365 	54 	108 	109 
008813 	376 	54 	109 	109 
008814 	376 	54 	109 	109 
008815 	393 	65 	91 	91 
008816 	388 	54 	109 	109 
008817 	388 	54 	109 	109 
008818 	388 	54 	109 	109 
