Identity  : 	id10306
Reference : 	QRMq4DnyM3I
Offset    : 	-1
FV Conf   : 	17.579
ASD Conf  : 	6.345

FRAME 	X 	Y 	W 	H 
000432 	343 	75 	91 	91 
000433 	343 	75 	91 	91 
000434 	343 	75 	91 	91 
000435 	343 	75 	91 	91 
000436 	343 	75 	91 	91 
000437 	343 	75 	91 	91 
000438 	343 	75 	91 	91 
000439 	343 	75 	91 	91 
000440 	343 	75 	91 	91 
000441 	343 	75 	91 	91 
000442 	343 	75 	91 	91 
000443 	343 	75 	91 	91 
000444 	343 	75 	91 	91 
000445 	333 	75 	91 	91 
000446 	333 	75 	91 	91 
000447 	333 	75 	91 	91 
000448 	333 	75 	91 	91 
000449 	333 	75 	91 	91 
000450 	333 	75 	91 	91 
000451 	333 	75 	91 	91 
000452 	333 	75 	91 	91 
000453 	333 	75 	91 	91 
000454 	333 	75 	91 	91 
000455 	333 	75 	91 	91 
000456 	333 	75 	91 	91 
000457 	333 	75 	91 	91 
000458 	343 	75 	91 	91 
000459 	333 	75 	91 	91 
000460 	343 	75 	91 	91 
000461 	343 	75 	91 	91 
000462 	343 	75 	91 	91 
000463 	343 	75 	91 	91 
000464 	343 	75 	91 	91 
000465 	343 	75 	91 	91 
000466 	343 	75 	91 	91 
000467 	333 	75 	91 	91 
000468 	333 	75 	91 	91 
000469 	333 	75 	91 	91 
000470 	343 	75 	91 	91 
000471 	343 	75 	91 	91 
000472 	333 	75 	91 	91 
000473 	333 	75 	91 	91 
000474 	333 	75 	91 	91 
000475 	333 	75 	91 	91 
000476 	333 	75 	91 	91 
000477 	333 	75 	91 	91 
000478 	333 	75 	91 	91 
000479 	333 	75 	91 	91 
000480 	333 	75 	91 	91 
000481 	333 	75 	91 	91 
000482 	333 	75 	91 	91 
000483 	333 	75 	91 	91 
000484 	333 	75 	91 	91 
000485 	333 	75 	91 	91 
000486 	333 	75 	91 	91 
000487 	333 	75 	91 	91 
000488 	333 	85 	91 	91 
000489 	333 	85 	91 	91 
000490 	333 	85 	91 	91 
000491 	333 	85 	91 	91 
000492 	333 	85 	91 	91 
000493 	333 	85 	91 	91 
000494 	333 	85 	91 	91 
000495 	333 	85 	91 	91 
000496 	333 	85 	91 	91 
000497 	333 	85 	91 	91 
000498 	333 	85 	91 	91 
000499 	333 	85 	91 	91 
000500 	333 	85 	91 	91 
000501 	333 	85 	91 	91 
000502 	333 	85 	91 	91 
000503 	333 	85 	91 	91 
000504 	333 	85 	91 	91 
000505 	333 	85 	91 	91 
000506 	333 	85 	91 	91 
000507 	333 	85 	91 	91 
000508 	333 	85 	91 	91 
000509 	333 	85 	91 	91 
000510 	333 	85 	91 	91 
000511 	333 	85 	91 	91 
000512 	333 	85 	91 	91 
000513 	333 	85 	91 	91 
000514 	333 	85 	91 	91 
000515 	323 	85 	91 	91 
000516 	323 	85 	91 	91 
000517 	323 	85 	91 	91 
000518 	323 	85 	91 	91 
000519 	323 	95 	91 	91 
000520 	323 	95 	91 	91 
000521 	323 	95 	91 	91 
000522 	323 	95 	91 	91 
000523 	323 	95 	91 	91 
000524 	323 	95 	91 	91 
000525 	323 	95 	91 	91 
000526 	323 	95 	91 	91 
000527 	323 	95 	91 	91 
000528 	323 	95 	91 	91 
000529 	323 	95 	91 	91 
000530 	323 	95 	91 	91 
000531 	323 	95 	91 	91 
000532 	323 	95 	91 	91 
000533 	323 	95 	91 	91 
000534 	323 	95 	91 	91 
000535 	323 	95 	91 	91 
000536 	323 	95 	91 	91 
000537 	323 	95 	91 	91 
000538 	323 	95 	91 	91 
000539 	323 	95 	91 	91 
000540 	323 	95 	91 	91 
000541 	323 	95 	91 	91 
000542 	323 	95 	91 	91 
000543 	323 	95 	91 	91 
000544 	323 	95 	91 	91 
000545 	323 	95 	91 	91 
000546 	323 	95 	91 	91 
000547 	323 	95 	91 	91 
000548 	323 	95 	91 	91 
000549 	323 	95 	91 	91 
000550 	323 	95 	91 	91 
000551 	323 	85 	91 	91 
000552 	323 	85 	91 	91 
000553 	323 	85 	91 	91 
000554 	323 	85 	91 	91 
000555 	323 	85 	91 	91 
000556 	323 	85 	91 	91 
000557 	323 	85 	91 	91 
000558 	323 	85 	91 	91 
000559 	323 	85 	91 	91 
000560 	323 	85 	91 	91 
000561 	323 	85 	91 	91 
000562 	323 	85 	91 	91 
000563 	323 	85 	91 	91 
000564 	323 	85 	91 	91 
000565 	323 	85 	91 	91 
000566 	323 	85 	91 	91 
000567 	323 	85 	91 	91 
000568 	323 	85 	91 	91 
000569 	323 	85 	91 	91 
000570 	323 	85 	91 	91 
000571 	327 	96 	76 	75 
000572 	327 	96 	76 	75 
000573 	327 	96 	76 	75 
000574 	323 	85 	91 	91 
000575 	323 	85 	91 	91 
000576 	323 	95 	91 	91 
000577 	323 	95 	91 	91 
000578 	323 	95 	91 	91 
000579 	323 	95 	91 	91 
000580 	323 	95 	91 	91 
000581 	323 	105 	91 	91 
000582 	323 	105 	91 	91 
000583 	323 	105 	91 	91 
000584 	333 	115 	91 	91 
000585 	333 	115 	91 	91 
000586 	333 	115 	91 	91 
000587 	333 	115 	91 	91 
000588 	333 	125 	91 	90 
000589 	344 	137 	76 	76 
000590 	344 	137 	76 	76 
000591 	344 	137 	76 	76 
000592 	344 	137 	76 	76 
000593 	344 	137 	76 	76 
000594 	344 	137 	76 	76 
000595 	344 	137 	76 	76 
000596 	344 	137 	76 	76 
000597 	344 	137 	76 	76 
000598 	344 	137 	76 	76 
000599 	333 	115 	91 	91 
000600 	333 	115 	91 	91 
000601 	333 	115 	91 	91 
000602 	333 	115 	91 	91 
000603 	333 	105 	91 	91 
000604 	323 	105 	91 	91 
000605 	323 	105 	91 	91 
000606 	323 	105 	91 	91 
000607 	323 	105 	91 	91 
000608 	323 	95 	91 	91 
000609 	323 	95 	91 	91 
000610 	323 	95 	91 	91 
