Identity  : 	id10286
Reference : 	cJ40ZqTY3dQ
Offset    : 	-1
FV Conf   : 	14.760
ASD Conf  : 	6.734

FRAME 	X 	Y 	W 	H 
005905 	280 	66 	63 	63 
005906 	269 	54 	76 	76 
005907 	273 	66 	63 	63 
005908 	273 	59 	63 	63 
005909 	266 	59 	63 	63 
005910 	266 	59 	63 	63 
005911 	259 	59 	63 	63 
005912 	252 	59 	63 	63 
005913 	252 	59 	63 	63 
005914 	245 	59 	63 	63 
005915 	245 	59 	63 	63 
005916 	245 	59 	63 	63 
005917 	245 	59 	63 	63 
005918 	245 	59 	63 	63 
005919 	245 	59 	63 	63 
005920 	245 	59 	63 	63 
005921 	245 	59 	63 	63 
005922 	245 	59 	63 	63 
005923 	245 	59 	63 	63 
005924 	245 	59 	63 	63 
005925 	245 	59 	63 	63 
005926 	245 	59 	63 	63 
005927 	245 	59 	63 	63 
005928 	245 	59 	63 	63 
005929 	245 	59 	63 	63 
005930 	245 	59 	63 	63 
005931 	236 	62 	76 	76 
005932 	236 	54 	76 	76 
005933 	236 	62 	76 	76 
005934 	238 	59 	63 	63 
005935 	238 	66 	63 	63 
005936 	228 	54 	76 	76 
005937 	228 	54 	76 	76 
005938 	228 	54 	76 	76 
005939 	228 	54 	76 	76 
005940 	238 	66 	63 	63 
005941 	238 	66 	63 	63 
005942 	238 	66 	63 	63 
005943 	238 	66 	63 	63 
005944 	238 	66 	63 	63 
005945 	238 	66 	63 	63 
005946 	238 	66 	63 	63 
005947 	238 	66 	63 	63 
005948 	238 	66 	63 	63 
005949 	238 	66 	63 	63 
005950 	238 	66 	63 	63 
005951 	238 	66 	63 	63 
005952 	238 	66 	63 	63 
005953 	238 	66 	63 	63 
005954 	238 	66 	63 	63 
005955 	238 	66 	63 	63 
005956 	238 	66 	63 	63 
005957 	238 	66 	63 	63 
005958 	238 	66 	63 	63 
005959 	238 	66 	63 	63 
005960 	238 	66 	63 	63 
005961 	238 	66 	63 	63 
005962 	238 	66 	63 	63 
005963 	238 	66 	63 	63 
005964 	238 	66 	63 	63 
005965 	238 	66 	63 	63 
005966 	238 	66 	63 	63 
005967 	238 	66 	63 	63 
005968 	238 	66 	63 	63 
005969 	238 	66 	63 	63 
005970 	238 	66 	63 	63 
005971 	228 	62 	76 	76 
005972 	228 	62 	76 	76 
005973 	238 	73 	63 	63 
005974 	238 	66 	63 	63 
005975 	238 	66 	63 	63 
005976 	238 	66 	63 	63 
005977 	238 	66 	63 	63 
005978 	238 	66 	63 	63 
005979 	238 	66 	63 	63 
005980 	238 	66 	63 	63 
005981 	238 	73 	63 	63 
005982 	236 	62 	76 	76 
005983 	236 	62 	76 	76 
005984 	245 	73 	63 	63 
005985 	245 	73 	63 	63 
005986 	245 	73 	63 	63 
005987 	245 	73 	63 	63 
005988 	245 	73 	63 	63 
005989 	245 	73 	63 	63 
005990 	245 	73 	63 	63 
005991 	245 	73 	63 	63 
005992 	245 	73 	63 	63 
005993 	245 	73 	63 	63 
005994 	245 	73 	63 	63 
005995 	245 	73 	63 	63 
005996 	245 	73 	63 	63 
005997 	245 	73 	63 	63 
005998 	245 	73 	63 	63 
005999 	245 	73 	63 	63 
006000 	245 	73 	63 	63 
006001 	245 	73 	63 	63 
006002 	245 	73 	63 	63 
006003 	245 	73 	63 	63 
006004 	245 	73 	63 	63 
006005 	245 	73 	63 	63 
006006 	245 	73 	63 	63 
006007 	245 	73 	63 	63 
006008 	245 	73 	63 	63 
006009 	245 	73 	63 	63 
006010 	245 	73 	63 	63 
006011 	245 	73 	63 	63 
006012 	245 	73 	63 	63 
006013 	245 	73 	63 	63 
006014 	245 	73 	63 	63 
006015 	245 	73 	63 	63 
006016 	245 	73 	63 	63 
006017 	245 	73 	63 	63 
006018 	245 	73 	63 	63 
006019 	245 	73 	63 	63 
006020 	245 	73 	63 	63 
006021 	245 	73 	63 	63 
006022 	245 	73 	63 	63 
006023 	245 	73 	63 	63 
006024 	245 	73 	63 	63 
006025 	245 	73 	63 	63 
006026 	245 	73 	63 	63 
006027 	245 	73 	63 	63 
006028 	245 	73 	63 	63 
006029 	245 	73 	63 	63 
006030 	245 	73 	63 	63 
006031 	245 	73 	63 	63 
006032 	245 	73 	63 	63 
006033 	245 	66 	63 	63 
006034 	236 	62 	76 	76 
006035 	238 	66 	63 	63 
006036 	238 	66 	63 	63 
006037 	238 	66 	63 	63 
006038 	236 	62 	76 	76 
006039 	236 	62 	76 	76 
006040 	236 	62 	76 	76 
006041 	236 	62 	76 	76 
006042 	236 	62 	76 	76 
006043 	236 	62 	76 	76 
006044 	236 	62 	76 	76 
006045 	236 	62 	76 	76 
006046 	236 	62 	76 	76 
006047 	236 	62 	76 	76 
006048 	238 	73 	63 	63 
006049 	238 	73 	63 	63 
006050 	238 	73 	63 	63 
006051 	238 	73 	63 	63 
006052 	238 	73 	63 	63 
006053 	238 	73 	63 	63 
006054 	238 	73 	63 	63 
006055 	228 	62 	76 	76 
006056 	231 	66 	63 	63 
006057 	231 	66 	63 	63 
006058 	231 	66 	63 	63 
006059 	231 	66 	63 	63 
006060 	231 	66 	63 	63 
006061 	228 	62 	76 	76 
006062 	228 	62 	76 	76 
006063 	228 	62 	76 	76 
006064 	228 	62 	76 	76 
006065 	228 	62 	76 	76 
006066 	238 	66 	63 	63 
006067 	238 	66 	63 	63 
006068 	238 	66 	63 	63 
006069 	238 	66 	63 	63 
006070 	238 	66 	63 	63 
006071 	238 	66 	63 	63 
006072 	238 	66 	63 	63 
006073 	231 	66 	63 	63 
006074 	228 	54 	76 	76 
006075 	238 	59 	63 	63 
006076 	236 	54 	76 	76 
006077 	236 	54 	76 	76 
006078 	236 	54 	76 	76 
006079 	245 	66 	63 	63 
006080 	245 	66 	63 	63 
006081 	252 	66 	63 	63 
006082 	259 	66 	63 	63 
006083 	259 	59 	63 	63 
006084 	252 	59 	63 	63 
006085 	252 	59 	63 	63 
006086 	252 	59 	63 	63 
006087 	252 	59 	63 	63 
006088 	259 	59 	63 	63 
006089 	267 	66 	53 	53 
006090 	266 	59 	63 	63 
006091 	266 	59 	63 	63 
006092 	266 	59 	63 	63 
006093 	266 	59 	63 	63 
006094 	266 	59 	63 	63 
006095 	273 	66 	63 	63 
006096 	273 	66 	63 	63 
006097 	273 	66 	63 	63 
006098 	273 	66 	63 	63 
006099 	273 	66 	63 	63 
006100 	273 	66 	63 	63 
006101 	273 	66 	63 	63 
006102 	273 	66 	63 	63 
006103 	273 	66 	63 	63 
006104 	273 	66 	63 	63 
006105 	273 	66 	63 	63 
006106 	273 	66 	63 	63 
006107 	266 	66 	63 	63 
006108 	266 	66 	63 	63 
006109 	266 	66 	63 	63 
006110 	259 	66 	63 	63 
006111 	259 	59 	63 	63 
006112 	259 	59 	63 	63 
006113 	262 	66 	52 	53 
006114 	259 	59 	63 	63 
006115 	259 	59 	63 	63 
006116 	259 	59 	63 	63 
006117 	252 	59 	63 	63 
006118 	252 	59 	63 	63 
006119 	252 	59 	63 	63 
006120 	252 	59 	63 	63 
006121 	252 	59 	63 	63 
