Identity  : 	id10290
Reference : 	kKQpvHl21Cg
Offset    : 	-1
FV Conf   : 	12.089
ASD Conf  : 	5.253

FRAME 	X 	Y 	W 	H 
005079 	233 	114 	109 	109 
005080 	233 	114 	109 	109 
005081 	233 	114 	109 	109 
005082 	233 	114 	109 	109 
005083 	233 	114 	109 	109 
005084 	233 	114 	109 	109 
005085 	233 	114 	109 	109 
005086 	233 	114 	109 	109 
005087 	233 	114 	109 	109 
005088 	233 	114 	109 	109 
005089 	233 	114 	109 	109 
005090 	233 	114 	109 	109 
005091 	233 	114 	109 	109 
005092 	233 	114 	109 	109 
005093 	233 	114 	109 	109 
005094 	233 	114 	109 	109 
005095 	233 	114 	109 	109 
005096 	233 	114 	109 	109 
005097 	233 	114 	109 	109 
005098 	233 	114 	109 	109 
005099 	233 	114 	109 	109 
005100 	233 	114 	109 	109 
005101 	233 	114 	109 	109 
005102 	233 	114 	109 	109 
005103 	233 	114 	109 	109 
005104 	233 	114 	109 	109 
005105 	233 	114 	109 	109 
005106 	233 	114 	109 	109 
005107 	233 	114 	109 	109 
005108 	233 	114 	109 	109 
005109 	233 	114 	109 	109 
005110 	233 	114 	109 	109 
005111 	233 	114 	109 	109 
005112 	233 	114 	109 	109 
005113 	233 	114 	109 	109 
005114 	233 	114 	109 	109 
005115 	233 	114 	109 	109 
005116 	233 	114 	109 	109 
005117 	233 	114 	109 	109 
005118 	233 	114 	109 	109 
005119 	233 	114 	109 	109 
005120 	233 	114 	109 	109 
005121 	233 	114 	109 	109 
005122 	233 	114 	109 	109 
005123 	233 	114 	109 	109 
005124 	233 	114 	109 	109 
005125 	233 	114 	109 	109 
005126 	233 	114 	109 	109 
005127 	233 	114 	109 	109 
005128 	233 	114 	109 	109 
005129 	233 	114 	109 	109 
005130 	233 	114 	109 	109 
005131 	233 	114 	109 	109 
005132 	233 	114 	109 	109 
005133 	233 	114 	109 	109 
005134 	233 	114 	109 	109 
005135 	233 	114 	109 	109 
005136 	233 	114 	109 	109 
005137 	233 	114 	109 	109 
005138 	233 	114 	109 	109 
005139 	233 	114 	109 	109 
005140 	233 	114 	109 	109 
005141 	233 	114 	109 	109 
005142 	233 	114 	109 	109 
005143 	233 	114 	109 	109 
005144 	233 	114 	109 	109 
005145 	244 	115 	90 	91 
005146 	244 	115 	90 	91 
005147 	244 	115 	90 	91 
005148 	244 	115 	90 	91 
005149 	244 	115 	90 	91 
005150 	245 	114 	109 	109 
005151 	245 	114 	109 	109 
005152 	245 	114 	109 	109 
005153 	245 	114 	109 	109 
005154 	245 	114 	109 	109 
005155 	245 	114 	109 	109 
005156 	245 	114 	109 	109 
005157 	245 	114 	109 	109 
005158 	257 	114 	109 	109 
005159 	257 	114 	109 	109 
005160 	257 	102 	109 	109 
005161 	257 	102 	109 	109 
005162 	257 	102 	109 	109 
005163 	257 	114 	109 	109 
005164 	257 	102 	109 	109 
005165 	269 	102 	108 	109 
005166 	269 	102 	108 	109 
005167 	269 	102 	108 	109 
005168 	269 	102 	108 	109 
005169 	269 	102 	108 	109 
005170 	269 	102 	108 	109 
005171 	269 	102 	108 	109 
005172 	269 	114 	108 	109 
005173 	269 	114 	108 	109 
005174 	269 	114 	108 	109 
005175 	269 	114 	108 	109 
005176 	269 	102 	108 	109 
005177 	269 	114 	108 	109 
005178 	269 	114 	108 	109 
005179 	269 	114 	108 	109 
005180 	269 	114 	108 	109 
005181 	269 	114 	108 	109 
005182 	269 	114 	108 	109 
005183 	269 	114 	108 	109 
005184 	269 	114 	108 	109 
005185 	269 	114 	108 	109 
005186 	269 	114 	108 	109 
005187 	269 	114 	108 	109 
005188 	269 	114 	108 	109 
005189 	269 	114 	108 	109 
005190 	269 	114 	108 	109 
005191 	269 	114 	108 	109 
005192 	269 	114 	108 	109 
005193 	269 	114 	108 	109 
005194 	269 	114 	108 	109 
005195 	269 	114 	108 	109 
005196 	269 	114 	108 	109 
005197 	269 	114 	108 	109 
005198 	269 	114 	108 	109 
005199 	269 	114 	108 	109 
005200 	269 	114 	108 	109 
005201 	269 	114 	108 	109 
005202 	269 	114 	108 	109 
005203 	269 	114 	108 	109 
005204 	269 	114 	108 	109 
005205 	269 	114 	108 	109 
005206 	269 	114 	108 	109 
005207 	269 	114 	108 	109 
005208 	269 	114 	108 	109 
005209 	269 	114 	108 	109 
