Identity  : 	id10283
Reference : 	arklnCzCq48
Offset    : 	0
FV Conf   : 	13.311
ASD Conf  : 	7.875

FRAME 	X 	Y 	W 	H 
005926 	154 	75 	91 	91 
005927 	154 	75 	91 	91 
005928 	154 	75 	91 	91 
005929 	154 	75 	91 	91 
005930 	154 	75 	91 	91 
005931 	154 	75 	91 	91 
005932 	154 	75 	91 	91 
005933 	154 	75 	91 	91 
005934 	154 	75 	91 	91 
005935 	154 	75 	91 	91 
005936 	154 	75 	91 	91 
005937 	154 	75 	91 	91 
005938 	154 	75 	91 	91 
005939 	154 	75 	91 	91 
005940 	154 	75 	91 	91 
005941 	154 	75 	91 	91 
005942 	154 	85 	91 	91 
005943 	154 	85 	91 	91 
005944 	154 	85 	91 	91 
005945 	138 	66 	108 	109 
005946 	144 	75 	91 	91 
005947 	144 	85 	91 	91 
005948 	144 	75 	91 	91 
005949 	144 	85 	91 	91 
005950 	144 	75 	91 	91 
005951 	138 	66 	108 	109 
005952 	138 	66 	108 	109 
005953 	144 	85 	91 	91 
005954 	144 	85 	91 	91 
005955 	144 	75 	91 	91 
005956 	144 	75 	91 	91 
005957 	144 	85 	91 	91 
005958 	144 	85 	91 	91 
005959 	144 	85 	91 	91 
005960 	144 	75 	91 	91 
005961 	144 	75 	91 	91 
005962 	144 	85 	91 	91 
005963 	144 	85 	91 	91 
005964 	144 	85 	91 	91 
005965 	144 	85 	91 	91 
005966 	144 	85 	91 	91 
005967 	144 	85 	91 	91 
005968 	144 	85 	91 	91 
005969 	144 	85 	91 	91 
005970 	144 	85 	91 	91 
005971 	144 	85 	91 	91 
005972 	144 	85 	91 	91 
005973 	144 	85 	91 	91 
005974 	134 	85 	91 	91 
005975 	134 	85 	91 	91 
005976 	134 	85 	91 	91 
005977 	134 	85 	91 	91 
005978 	134 	85 	91 	91 
005979 	134 	85 	91 	91 
005980 	124 	85 	91 	91 
005981 	124 	85 	91 	91 
005982 	124 	85 	91 	91 
005983 	124 	85 	91 	91 
005984 	124 	85 	91 	91 
005985 	134 	85 	91 	91 
005986 	134 	85 	91 	91 
005987 	134 	85 	91 	91 
005988 	134 	85 	91 	91 
005989 	144 	75 	91 	91 
005990 	144 	75 	91 	91 
005991 	144 	85 	91 	91 
005992 	154 	75 	91 	91 
005993 	154 	85 	91 	91 
005994 	154 	85 	91 	91 
005995 	164 	85 	91 	91 
005996 	164 	75 	91 	91 
005997 	161 	66 	109 	109 
005998 	161 	66 	109 	109 
005999 	161 	66 	109 	109 
006000 	164 	85 	91 	91 
006001 	174 	75 	91 	91 
006002 	174 	75 	91 	91 
006003 	161 	66 	109 	109 
006004 	164 	85 	91 	91 
006005 	164 	75 	91 	91 
006006 	164 	75 	91 	91 
006007 	164 	75 	91 	91 
006008 	164 	75 	91 	91 
006009 	164 	75 	91 	91 
006010 	164 	75 	91 	91 
006011 	164 	75 	91 	91 
006012 	164 	75 	91 	91 
006013 	150 	66 	108 	109 
006014 	150 	66 	108 	109 
006015 	150 	66 	108 	109 
006016 	150 	66 	108 	109 
006017 	154 	75 	91 	91 
006018 	154 	75 	91 	91 
006019 	154 	75 	91 	91 
006020 	154 	75 	91 	91 
006021 	154 	75 	91 	91 
006022 	154 	75 	91 	91 
006023 	154 	75 	91 	91 
006024 	138 	66 	108 	109 
006025 	138 	66 	108 	109 
006026 	144 	75 	91 	91 
006027 	144 	75 	91 	91 
006028 	138 	66 	108 	109 
006029 	144 	75 	91 	91 
006030 	144 	75 	91 	91 
006031 	144 	75 	91 	91 
006032 	144 	75 	91 	91 
006033 	144 	75 	91 	91 
006034 	138 	66 	108 	109 
006035 	138 	66 	108 	109 
006036 	138 	66 	108 	109 
006037 	138 	66 	108 	109 
006038 	138 	66 	108 	109 
006039 	138 	66 	108 	109 
006040 	138 	66 	108 	109 
006041 	144 	75 	91 	91 
006042 	144 	85 	91 	91 
006043 	126 	66 	108 	109 
006044 	126 	66 	108 	109 
006045 	126 	66 	108 	109 
006046 	126 	66 	108 	109 
006047 	126 	66 	108 	109 
006048 	126 	66 	108 	109 
006049 	126 	66 	108 	109 
006050 	126 	66 	108 	109 
006051 	126 	66 	108 	109 
006052 	134 	85 	91 	91 
006053 	134 	85 	91 	91 
006054 	134 	75 	91 	91 
006055 	134 	75 	91 	91 
006056 	134 	75 	91 	91 
006057 	144 	75 	91 	91 
006058 	144 	75 	91 	91 
006059 	144 	75 	91 	91 
006060 	144 	75 	91 	91 
006061 	144 	75 	91 	91 
006062 	144 	75 	91 	91 
006063 	134 	75 	91 	91 
006064 	134 	75 	91 	91 
006065 	134 	75 	91 	91 
006066 	134 	85 	91 	91 
006067 	134 	85 	91 	91 
006068 	134 	85 	91 	91 
006069 	134 	85 	91 	91 
006070 	134 	85 	91 	91 
006071 	134 	85 	91 	91 
006072 	134 	85 	91 	91 
006073 	134 	85 	91 	91 
006074 	134 	85 	91 	91 
006075 	134 	85 	91 	91 
006076 	134 	85 	91 	91 
006077 	144 	85 	91 	91 
006078 	144 	85 	91 	91 
006079 	144 	85 	91 	91 
006080 	144 	85 	91 	91 
006081 	144 	85 	91 	91 
006082 	144 	85 	91 	91 
006083 	144 	85 	91 	91 
006084 	144 	85 	91 	91 
006085 	144 	85 	91 	91 
006086 	144 	85 	91 	91 
006087 	144 	85 	91 	91 
006088 	144 	85 	91 	91 
006089 	144 	85 	91 	91 
006090 	144 	85 	91 	91 
006091 	144 	85 	91 	91 
006092 	144 	85 	91 	91 
006093 	144 	85 	91 	91 
006094 	144 	85 	91 	91 
006095 	144 	85 	91 	91 
006096 	144 	85 	91 	91 
006097 	144 	85 	91 	91 
006098 	144 	85 	91 	91 
006099 	144 	85 	91 	91 
006100 	144 	85 	91 	91 
006101 	144 	85 	91 	91 
006102 	144 	85 	91 	91 
006103 	144 	85 	91 	91 
006104 	144 	85 	91 	91 
006105 	144 	85 	91 	91 
006106 	144 	85 	91 	91 
006107 	144 	85 	91 	91 
006108 	144 	85 	91 	91 
006109 	144 	85 	91 	91 
006110 	144 	85 	91 	91 
006111 	144 	85 	91 	91 
006112 	144 	85 	91 	91 
006113 	144 	85 	91 	91 
006114 	144 	85 	91 	91 
006115 	144 	85 	91 	91 
006116 	144 	85 	91 	91 
006117 	144 	85 	91 	91 
006118 	144 	85 	91 	91 
006119 	144 	85 	91 	91 
006120 	144 	85 	91 	91 
006121 	144 	85 	91 	91 
006122 	134 	85 	91 	91 
006123 	134 	85 	91 	91 
006124 	134 	85 	91 	91 
006125 	134 	85 	91 	91 
006126 	134 	85 	91 	91 
006127 	134 	85 	91 	91 
006128 	134 	85 	91 	91 
006129 	134 	85 	91 	91 
006130 	134 	85 	91 	91 
006131 	134 	85 	91 	91 
006132 	134 	85 	91 	91 
006133 	134 	85 	91 	91 
006134 	134 	85 	91 	91 
006135 	134 	85 	91 	91 
006136 	134 	85 	91 	91 
006137 	134 	85 	91 	91 
006138 	134 	85 	91 	91 
006139 	134 	85 	91 	91 
006140 	134 	85 	91 	91 
006141 	134 	85 	91 	91 
006142 	134 	85 	91 	91 
006143 	134 	85 	91 	91 
006144 	134 	85 	91 	91 
006145 	134 	85 	91 	91 
006146 	134 	85 	91 	91 
006147 	134 	85 	91 	91 
006148 	134 	85 	91 	91 
006149 	134 	85 	91 	91 
006150 	134 	85 	91 	91 
006151 	144 	85 	91 	91 
006152 	144 	85 	91 	91 
006153 	144 	85 	91 	91 
006154 	144 	85 	91 	91 
006155 	144 	85 	91 	91 
006156 	144 	85 	91 	91 
006157 	144 	85 	91 	91 
006158 	144 	85 	91 	91 
006159 	144 	85 	91 	91 
006160 	144 	85 	91 	91 
006161 	144 	85 	91 	91 
006162 	144 	85 	91 	91 
006163 	144 	85 	91 	91 
006164 	144 	85 	91 	91 
006165 	144 	85 	91 	91 
006166 	144 	85 	91 	91 
006167 	144 	85 	91 	91 
006168 	144 	85 	91 	91 
006169 	144 	85 	91 	91 
006170 	144 	85 	91 	91 
006171 	144 	85 	91 	91 
006172 	144 	85 	91 	91 
006173 	144 	85 	91 	91 
006174 	144 	85 	91 	91 
006175 	144 	85 	91 	91 
006176 	144 	85 	91 	91 
006177 	144 	85 	91 	91 
006178 	144 	85 	91 	91 
006179 	144 	85 	91 	91 
006180 	144 	85 	91 	91 
006181 	154 	85 	91 	91 
006182 	144 	85 	91 	91 
006183 	144 	85 	91 	91 
006184 	144 	85 	91 	91 
006185 	144 	85 	91 	91 
006186 	144 	85 	91 	91 
006187 	144 	85 	91 	91 
006188 	144 	85 	91 	91 
006189 	144 	85 	91 	91 
006190 	144 	85 	91 	91 
006191 	144 	85 	91 	91 
006192 	134 	85 	91 	91 
006193 	134 	85 	91 	91 
006194 	134 	85 	91 	91 
006195 	134 	85 	91 	91 
006196 	134 	85 	91 	91 
006197 	134 	85 	91 	91 
006198 	134 	85 	91 	91 
006199 	134 	85 	91 	91 
006200 	134 	85 	91 	91 
006201 	134 	85 	91 	91 
006202 	134 	85 	91 	91 
006203 	144 	85 	91 	91 
006204 	144 	85 	91 	91 
006205 	144 	85 	91 	91 
006206 	144 	85 	91 	91 
006207 	144 	85 	91 	91 
006208 	144 	85 	91 	91 
006209 	144 	85 	91 	91 
006210 	144 	85 	91 	91 
006211 	144 	85 	91 	91 
006212 	154 	85 	91 	91 
006213 	154 	85 	91 	91 
006214 	154 	85 	91 	91 
006215 	154 	85 	91 	91 
006216 	154 	85 	91 	91 
006217 	154 	85 	91 	91 
006218 	154 	85 	91 	91 
006219 	154 	85 	91 	91 
006220 	154 	85 	91 	91 
006221 	154 	85 	91 	91 
006222 	154 	85 	91 	91 
006223 	154 	85 	91 	91 
006224 	154 	85 	91 	91 
006225 	154 	85 	91 	91 
006226 	144 	85 	91 	91 
006227 	144 	85 	91 	91 
006228 	144 	85 	91 	91 
006229 	144 	95 	91 	91 
006230 	144 	95 	91 	91 
006231 	144 	95 	91 	91 
006232 	144 	95 	91 	91 
006233 	144 	95 	91 	91 
006234 	144 	95 	91 	91 
006235 	144 	95 	91 	91 
006236 	144 	95 	91 	91 
006237 	144 	95 	91 	91 
006238 	144 	95 	91 	91 
006239 	144 	95 	91 	91 
006240 	144 	95 	91 	91 
006241 	144 	95 	91 	91 
006242 	144 	95 	91 	91 
006243 	144 	95 	91 	91 
006244 	144 	95 	91 	91 
006245 	144 	95 	91 	91 
006246 	144 	95 	91 	91 
006247 	144 	95 	91 	91 
006248 	144 	95 	91 	91 
006249 	144 	95 	91 	91 
006250 	144 	95 	91 	91 
006251 	144 	95 	91 	91 
006252 	144 	95 	91 	91 
006253 	144 	95 	91 	91 
006254 	144 	95 	91 	91 
006255 	144 	95 	91 	91 
006256 	144 	95 	91 	91 
006257 	144 	95 	91 	91 
006258 	144 	85 	91 	91 
006259 	138 	78 	108 	109 
006260 	144 	95 	91 	91 
006261 	144 	95 	91 	91 
006262 	144 	95 	91 	91 
006263 	144 	95 	91 	91 
006264 	144 	95 	91 	91 
006265 	144 	95 	91 	91 
006266 	144 	95 	91 	91 
006267 	144 	95 	91 	91 
006268 	144 	95 	91 	91 
006269 	144 	95 	91 	91 
006270 	144 	95 	91 	91 
006271 	144 	95 	91 	91 
006272 	144 	85 	91 	91 
006273 	144 	85 	91 	91 
006274 	144 	95 	91 	91 
006275 	144 	95 	91 	91 
006276 	144 	95 	91 	91 
006277 	144 	95 	91 	91 
006278 	144 	95 	91 	91 
006279 	144 	95 	91 	91 
006280 	144 	95 	91 	91 
006281 	144 	85 	91 	91 
006282 	144 	85 	91 	91 
006283 	134 	85 	91 	91 
006284 	134 	85 	91 	91 
006285 	134 	85 	91 	91 
006286 	134 	85 	91 	91 
006287 	134 	85 	91 	91 
006288 	134 	85 	91 	91 
006289 	134 	85 	91 	91 
006290 	134 	85 	91 	91 
006291 	134 	85 	91 	91 
006292 	134 	85 	91 	91 
006293 	124 	85 	91 	91 
006294 	124 	85 	91 	91 
006295 	124 	85 	91 	91 
006296 	124 	85 	91 	91 
006297 	124 	85 	91 	91 
006298 	124 	85 	91 	91 
006299 	124 	85 	91 	91 
006300 	124 	85 	91 	91 
006301 	124 	85 	91 	91 
006302 	124 	85 	91 	91 
006303 	124 	85 	91 	91 
006304 	124 	85 	91 	91 
006305 	124 	85 	91 	91 
006306 	124 	85 	91 	91 
006307 	124 	85 	91 	91 
006308 	124 	85 	91 	91 
006309 	124 	85 	91 	91 
006310 	124 	85 	91 	91 
006311 	124 	85 	91 	91 
006312 	124 	85 	91 	91 
006313 	124 	85 	91 	91 
006314 	124 	85 	91 	91 
006315 	124 	85 	91 	91 
006316 	124 	85 	91 	91 
006317 	124 	85 	91 	91 
006318 	124 	85 	91 	91 
006319 	124 	85 	91 	91 
006320 	124 	85 	91 	91 
006321 	124 	85 	91 	91 
006322 	124 	85 	91 	91 
006323 	124 	85 	91 	91 
006324 	124 	85 	91 	91 
006325 	124 	85 	91 	91 
006326 	124 	85 	91 	91 
006327 	124 	85 	91 	91 
006328 	124 	85 	91 	91 
006329 	124 	85 	91 	91 
006330 	124 	85 	91 	91 
006331 	124 	85 	91 	91 
006332 	124 	85 	91 	91 
006333 	124 	85 	91 	91 
006334 	124 	85 	91 	91 
006335 	124 	85 	91 	91 
006336 	124 	85 	91 	91 
006337 	124 	85 	91 	91 
006338 	124 	85 	91 	91 
006339 	124 	85 	91 	91 
006340 	124 	85 	91 	91 
006341 	124 	85 	91 	91 
006342 	124 	85 	91 	91 
006343 	124 	85 	91 	91 
006344 	124 	85 	91 	91 
006345 	124 	85 	91 	91 
006346 	124 	85 	91 	91 
006347 	124 	85 	91 	91 
006348 	124 	85 	91 	91 
006349 	124 	85 	91 	91 
006350 	124 	85 	91 	91 
006351 	124 	85 	91 	91 
006352 	124 	85 	91 	91 
006353 	124 	85 	91 	91 
006354 	124 	85 	91 	91 
006355 	124 	85 	91 	91 
006356 	124 	85 	91 	91 
006357 	124 	85 	91 	91 
006358 	124 	85 	91 	91 
006359 	124 	85 	91 	91 
006360 	124 	85 	91 	91 
006361 	124 	85 	91 	91 
006362 	124 	85 	91 	91 
006363 	124 	85 	91 	91 
006364 	124 	85 	91 	91 
006365 	124 	85 	91 	91 
006366 	124 	85 	91 	91 
006367 	124 	85 	91 	91 
006368 	124 	85 	91 	91 
006369 	124 	85 	91 	91 
006370 	124 	85 	91 	91 
006371 	124 	85 	91 	91 
006372 	124 	85 	91 	91 
006373 	124 	85 	91 	91 
006374 	134 	85 	91 	91 
006375 	134 	85 	91 	91 
006376 	134 	85 	91 	91 
006377 	134 	85 	91 	91 
006378 	134 	85 	91 	91 
006379 	134 	85 	91 	91 
006380 	134 	85 	91 	91 
006381 	134 	85 	91 	91 
006382 	134 	85 	91 	91 
006383 	134 	85 	91 	91 
006384 	134 	85 	91 	91 
006385 	134 	85 	91 	91 
006386 	134 	85 	91 	91 
006387 	134 	85 	91 	91 
006388 	134 	85 	91 	91 
006389 	134 	85 	91 	91 
006390 	134 	85 	91 	91 
006391 	134 	85 	91 	91 
006392 	134 	85 	91 	91 
006393 	134 	85 	91 	91 
006394 	134 	85 	91 	91 
006395 	134 	85 	91 	91 
006396 	134 	85 	91 	91 
006397 	134 	85 	91 	91 
006398 	134 	85 	91 	91 
006399 	134 	85 	91 	91 
006400 	134 	95 	91 	91 
006401 	134 	85 	91 	91 
006402 	134 	95 	91 	91 
006403 	134 	85 	91 	91 
006404 	134 	85 	91 	91 
006405 	134 	85 	91 	91 
006406 	134 	85 	91 	91 
006407 	134 	85 	91 	91 
006408 	134 	85 	91 	91 
006409 	134 	85 	91 	91 
006410 	134 	85 	91 	91 
006411 	134 	85 	91 	91 
006412 	134 	85 	91 	91 
006413 	134 	85 	91 	91 
006414 	134 	85 	91 	91 
006415 	134 	85 	91 	91 
006416 	134 	85 	91 	91 
006417 	134 	85 	91 	91 
006418 	134 	85 	91 	91 
006419 	134 	85 	91 	91 
006420 	134 	85 	91 	91 
006421 	134 	85 	91 	91 
006422 	134 	85 	91 	91 
006423 	134 	85 	91 	91 
006424 	134 	85 	91 	91 
006425 	134 	85 	91 	91 
006426 	134 	85 	91 	91 
006427 	134 	85 	91 	91 
006428 	134 	85 	91 	91 
006429 	134 	85 	91 	91 
006430 	134 	85 	91 	91 
006431 	134 	85 	91 	91 
006432 	134 	85 	91 	91 
006433 	134 	85 	91 	91 
006434 	134 	85 	91 	91 
006435 	134 	85 	91 	91 
006436 	134 	85 	91 	91 
006437 	134 	85 	91 	91 
006438 	134 	85 	91 	91 
006439 	134 	85 	91 	91 
006440 	134 	85 	91 	91 
006441 	134 	85 	91 	91 
006442 	134 	85 	91 	91 
006443 	134 	85 	91 	91 
006444 	144 	85 	91 	91 
006445 	144 	85 	91 	91 
006446 	144 	85 	91 	91 
006447 	144 	85 	91 	91 
006448 	144 	85 	91 	91 
006449 	144 	85 	91 	91 
006450 	144 	85 	91 	91 
006451 	144 	85 	91 	91 
006452 	144 	85 	91 	91 
006453 	144 	85 	91 	91 
006454 	144 	85 	91 	91 
006455 	134 	85 	91 	91 
006456 	134 	85 	91 	91 
006457 	134 	85 	91 	91 
006458 	134 	85 	91 	91 
006459 	144 	85 	91 	91 
006460 	144 	85 	91 	91 
006461 	144 	85 	91 	91 
006462 	144 	85 	91 	91 
006463 	144 	85 	91 	91 
006464 	144 	85 	91 	91 
006465 	144 	85 	91 	91 
006466 	144 	85 	91 	91 
006467 	144 	85 	91 	91 
006468 	144 	85 	91 	91 
006469 	144 	85 	91 	91 
006470 	144 	85 	91 	91 
006471 	144 	85 	91 	91 
006472 	154 	85 	91 	91 
006473 	154 	85 	91 	91 
006474 	154 	85 	91 	91 
006475 	154 	85 	91 	91 
006476 	154 	85 	91 	91 
006477 	154 	85 	91 	91 
006478 	154 	85 	91 	91 
006479 	154 	85 	91 	91 
006480 	154 	85 	91 	91 
006481 	154 	85 	91 	91 
006482 	154 	85 	91 	91 
006483 	154 	85 	91 	91 
006484 	154 	85 	91 	91 
006485 	154 	85 	91 	91 
006486 	154 	85 	91 	91 
006487 	154 	85 	91 	91 
006488 	154 	85 	91 	91 
006489 	154 	85 	91 	91 
006490 	154 	85 	91 	91 
006491 	154 	85 	91 	91 
006492 	154 	85 	91 	91 
006493 	154 	85 	91 	91 
006494 	164 	75 	91 	91 
006495 	164 	75 	91 	91 
006496 	164 	75 	91 	91 
006497 	164 	75 	91 	91 
006498 	154 	85 	91 	91 
006499 	150 	66 	108 	109 
006500 	150 	66 	108 	109 
006501 	150 	66 	108 	109 
006502 	154 	85 	91 	91 
006503 	154 	85 	91 	91 
006504 	154 	85 	91 	91 
006505 	154 	85 	91 	91 
006506 	154 	85 	91 	91 
006507 	154 	85 	91 	91 
006508 	154 	85 	91 	91 
006509 	154 	85 	91 	91 
006510 	154 	85 	91 	91 
006511 	154 	85 	91 	91 
006512 	154 	85 	91 	91 
006513 	154 	85 	91 	91 
006514 	154 	85 	91 	91 
006515 	154 	85 	91 	91 
006516 	154 	85 	91 	91 
006517 	154 	85 	91 	91 
006518 	154 	85 	91 	91 
006519 	154 	85 	91 	91 
006520 	154 	85 	91 	91 
006521 	154 	85 	91 	91 
006522 	154 	85 	91 	91 
006523 	154 	85 	91 	91 
006524 	154 	85 	91 	91 
006525 	154 	85 	91 	91 
006526 	144 	85 	91 	91 
006527 	144 	85 	91 	91 
006528 	144 	85 	91 	91 
006529 	144 	85 	91 	91 
006530 	144 	85 	91 	91 
006531 	144 	85 	91 	91 
006532 	144 	85 	91 	91 
006533 	144 	85 	91 	91 
006534 	144 	85 	91 	91 
006535 	144 	85 	91 	91 
006536 	144 	85 	91 	91 
006537 	144 	85 	91 	91 
006538 	144 	85 	91 	91 
006539 	144 	85 	91 	91 
006540 	144 	85 	91 	91 
006541 	144 	85 	91 	91 
006542 	144 	85 	91 	91 
006543 	144 	85 	91 	91 
006544 	144 	85 	91 	91 
006545 	144 	85 	91 	91 
006546 	144 	85 	91 	91 
006547 	144 	85 	91 	91 
006548 	144 	85 	91 	91 
006549 	144 	85 	91 	91 
006550 	144 	85 	91 	91 
006551 	144 	85 	91 	91 
006552 	144 	85 	91 	91 
006553 	144 	85 	91 	91 
006554 	154 	85 	91 	91 
006555 	154 	85 	91 	91 
006556 	154 	85 	91 	91 
006557 	154 	85 	91 	91 
006558 	154 	85 	91 	91 
006559 	154 	85 	91 	91 
006560 	154 	85 	91 	91 
006561 	154 	85 	91 	91 
006562 	154 	85 	91 	91 
006563 	154 	85 	91 	91 
006564 	144 	85 	91 	91 
006565 	144 	85 	91 	91 
006566 	144 	85 	91 	91 
006567 	144 	85 	91 	91 
006568 	144 	85 	91 	91 
006569 	144 	85 	91 	91 
006570 	144 	85 	91 	91 
006571 	144 	85 	91 	91 
006572 	134 	85 	91 	91 
006573 	134 	85 	91 	91 
006574 	134 	85 	91 	91 
006575 	134 	85 	91 	91 
006576 	134 	85 	91 	91 
006577 	144 	85 	91 	91 
006578 	144 	85 	91 	91 
006579 	144 	85 	91 	91 
006580 	144 	85 	91 	91 
006581 	144 	85 	91 	91 
006582 	144 	85 	91 	91 
006583 	144 	85 	91 	91 
006584 	144 	85 	91 	91 
006585 	144 	85 	91 	91 
006586 	144 	85 	91 	91 
006587 	144 	85 	91 	91 
006588 	134 	85 	91 	91 
006589 	134 	85 	91 	91 
006590 	134 	85 	91 	91 
006591 	134 	85 	91 	91 
006592 	134 	85 	91 	91 
006593 	134 	85 	91 	91 
006594 	134 	85 	91 	91 
006595 	134 	85 	91 	91 
006596 	134 	85 	91 	91 
006597 	134 	85 	91 	91 
006598 	134 	85 	91 	91 
006599 	134 	85 	91 	91 
006600 	134 	85 	91 	91 
006601 	134 	85 	91 	91 
006602 	134 	85 	91 	91 
006603 	134 	85 	91 	91 
006604 	134 	85 	91 	91 
006605 	134 	85 	91 	91 
006606 	134 	85 	91 	91 
006607 	134 	85 	91 	91 
006608 	134 	85 	91 	91 
006609 	134 	85 	91 	91 
006610 	134 	85 	91 	91 
006611 	134 	85 	91 	91 
006612 	134 	85 	91 	91 
006613 	134 	85 	91 	91 
006614 	126 	66 	108 	109 
006615 	126 	66 	108 	109 
006616 	126 	66 	108 	109 
006617 	134 	85 	91 	91 
006618 	126 	66 	108 	109 
006619 	134 	85 	91 	91 
006620 	134 	85 	91 	91 
006621 	134 	85 	91 	91 
006622 	134 	85 	91 	91 
006623 	134 	85 	91 	91 
006624 	134 	85 	91 	91 
006625 	144 	85 	91 	91 
006626 	144 	85 	91 	91 
006627 	144 	85 	91 	91 
006628 	144 	85 	91 	91 
006629 	144 	85 	91 	91 
006630 	144 	85 	91 	91 
006631 	144 	85 	91 	91 
006632 	144 	85 	91 	91 
006633 	144 	85 	91 	91 
006634 	144 	85 	91 	91 
006635 	144 	85 	91 	91 
006636 	144 	85 	91 	91 
006637 	144 	85 	91 	91 
006638 	144 	85 	91 	91 
006639 	144 	85 	91 	91 
006640 	144 	85 	91 	91 
006641 	144 	85 	91 	91 
006642 	144 	85 	91 	91 
006643 	144 	85 	91 	91 
006644 	144 	85 	91 	91 
006645 	144 	85 	91 	91 
006646 	144 	85 	91 	91 
006647 	144 	85 	91 	91 
006648 	144 	85 	91 	91 
006649 	144 	85 	91 	91 
006650 	144 	85 	91 	91 
006651 	144 	85 	91 	91 
006652 	144 	85 	91 	91 
006653 	144 	85 	91 	91 
006654 	144 	85 	91 	91 
006655 	144 	85 	91 	91 
006656 	144 	85 	91 	91 
006657 	144 	85 	91 	91 
006658 	144 	85 	91 	91 
006659 	144 	85 	91 	91 
006660 	154 	85 	91 	91 
006661 	154 	85 	91 	91 
006662 	154 	85 	91 	91 
006663 	154 	85 	91 	91 
006664 	154 	85 	91 	91 
006665 	154 	85 	91 	91 
006666 	154 	85 	91 	91 
006667 	154 	85 	91 	91 
006668 	154 	85 	91 	91 
006669 	154 	85 	91 	91 
006670 	154 	85 	91 	91 
006671 	154 	85 	91 	91 
006672 	154 	85 	91 	91 
006673 	154 	85 	91 	91 
006674 	154 	85 	91 	91 
006675 	150 	66 	108 	109 
006676 	154 	85 	91 	91 
006677 	154 	85 	91 	91 
006678 	154 	85 	91 	91 
006679 	154 	85 	91 	91 
006680 	138 	78 	108 	109 
006681 	144 	85 	91 	91 
006682 	144 	85 	91 	91 
006683 	144 	85 	91 	91 
006684 	144 	85 	91 	91 
006685 	144 	85 	91 	91 
006686 	144 	85 	91 	91 
006687 	144 	75 	91 	91 
006688 	144 	75 	91 	91 
006689 	144 	75 	91 	91 
006690 	144 	75 	91 	91 
006691 	144 	75 	91 	91 
006692 	134 	75 	91 	91 
006693 	134 	75 	91 	91 
006694 	134 	85 	91 	91 
006695 	134 	85 	91 	91 
006696 	134 	85 	91 	91 
006697 	134 	85 	91 	91 
006698 	134 	85 	91 	91 
006699 	134 	85 	91 	91 
006700 	134 	85 	91 	91 
006701 	134 	85 	91 	91 
006702 	134 	85 	91 	91 
006703 	134 	85 	91 	91 
006704 	134 	85 	91 	91 
006705 	126 	78 	108 	109 
006706 	144 	85 	91 	91 
006707 	144 	85 	91 	91 
006708 	144 	85 	91 	91 
006709 	144 	85 	91 	91 
006710 	144 	85 	91 	91 
006711 	144 	85 	91 	91 
006712 	144 	85 	91 	91 
006713 	144 	85 	91 	91 
006714 	144 	85 	91 	91 
006715 	144 	85 	91 	91 
006716 	144 	85 	91 	91 
006717 	144 	85 	91 	91 
006718 	144 	85 	91 	91 
006719 	126 	78 	108 	109 
006720 	126 	78 	108 	109 
006721 	126 	78 	108 	109 
006722 	126 	78 	108 	109 
006723 	126 	78 	108 	109 
006724 	126 	78 	108 	109 
006725 	126 	78 	108 	109 
006726 	126 	78 	108 	109 
006727 	144 	85 	91 	91 
006728 	144 	85 	91 	91 
006729 	144 	85 	91 	91 
006730 	144 	85 	91 	91 
006731 	144 	85 	91 	91 
006732 	144 	85 	91 	91 
006733 	144 	85 	91 	91 
006734 	144 	85 	91 	91 
006735 	144 	85 	91 	91 
006736 	144 	85 	91 	91 
006737 	144 	85 	91 	91 
006738 	144 	85 	91 	91 
006739 	144 	85 	91 	91 
006740 	144 	85 	91 	91 
006741 	144 	85 	91 	91 
006742 	144 	85 	91 	91 
006743 	144 	85 	91 	91 
006744 	144 	85 	91 	91 
006745 	144 	85 	91 	91 
006746 	144 	85 	91 	91 
006747 	154 	85 	91 	91 
006748 	154 	85 	91 	91 
006749 	154 	85 	91 	91 
006750 	154 	85 	91 	91 
006751 	154 	85 	91 	91 
006752 	154 	85 	91 	91 
006753 	154 	85 	91 	91 
006754 	154 	85 	91 	91 
006755 	154 	85 	91 	91 
006756 	154 	85 	91 	91 
006757 	154 	85 	91 	91 
006758 	154 	85 	91 	91 
006759 	154 	85 	91 	91 
006760 	154 	85 	91 	91 
006761 	154 	85 	91 	91 
006762 	154 	85 	91 	91 
006763 	154 	85 	91 	91 
006764 	154 	75 	91 	91 
006765 	154 	75 	91 	91 
006766 	154 	75 	91 	91 
006767 	154 	75 	91 	91 
006768 	154 	75 	91 	91 
006769 	154 	75 	91 	91 
006770 	154 	75 	91 	91 
006771 	154 	85 	91 	91 
006772 	154 	85 	91 	91 
006773 	154 	85 	91 	91 
006774 	154 	85 	91 	91 
006775 	154 	85 	91 	91 
006776 	154 	85 	91 	91 
006777 	154 	85 	91 	91 
006778 	154 	85 	91 	91 
006779 	154 	85 	91 	91 
006780 	154 	85 	91 	91 
006781 	154 	85 	91 	91 
006782 	154 	85 	91 	91 
006783 	154 	85 	91 	91 
006784 	154 	85 	91 	91 
006785 	154 	85 	91 	91 
006786 	154 	85 	91 	91 
006787 	154 	85 	91 	91 
006788 	154 	85 	91 	91 
006789 	150 	78 	108 	109 
006790 	154 	85 	91 	91 
006791 	150 	78 	108 	109 
006792 	164 	85 	91 	91 
006793 	164 	85 	91 	91 
006794 	164 	85 	91 	91 
006795 	164 	85 	91 	91 
006796 	164 	85 	91 	91 
006797 	164 	85 	91 	91 
006798 	164 	85 	91 	91 
006799 	164 	85 	91 	91 
006800 	164 	85 	91 	91 
006801 	164 	95 	91 	91 
006802 	164 	95 	91 	91 
006803 	164 	85 	91 	91 
006804 	164 	95 	91 	91 
006805 	164 	95 	91 	91 
006806 	164 	85 	91 	91 
006807 	164 	85 	91 	91 
006808 	164 	85 	91 	91 
006809 	164 	85 	91 	91 
006810 	164 	85 	91 	91 
006811 	164 	85 	91 	91 
006812 	164 	85 	91 	91 
006813 	164 	85 	91 	91 
006814 	164 	95 	91 	91 
006815 	164 	85 	91 	91 
006816 	164 	95 	91 	91 
006817 	164 	85 	91 	91 
006818 	164 	95 	91 	91 
006819 	164 	85 	91 	91 
006820 	164 	85 	91 	91 
006821 	164 	85 	91 	91 
006822 	164 	85 	91 	91 
006823 	164 	85 	91 	91 
006824 	164 	85 	91 	91 
006825 	164 	85 	91 	91 
006826 	164 	85 	91 	91 
006827 	164 	85 	91 	91 
006828 	164 	85 	91 	91 
006829 	164 	85 	91 	91 
006830 	164 	85 	91 	91 
006831 	164 	85 	91 	91 
006832 	164 	85 	91 	91 
006833 	164 	85 	91 	91 
006834 	164 	85 	91 	91 
006835 	164 	85 	91 	91 
006836 	150 	78 	108 	109 
006837 	150 	78 	108 	109 
006838 	154 	85 	91 	91 
006839 	154 	85 	91 	91 
006840 	154 	85 	91 	91 
006841 	154 	85 	91 	91 
006842 	154 	95 	91 	91 
006843 	154 	85 	91 	91 
006844 	154 	85 	91 	91 
006845 	154 	85 	91 	91 
006846 	154 	85 	91 	91 
006847 	144 	85 	91 	91 
006848 	144 	85 	91 	91 
006849 	144 	95 	91 	91 
006850 	144 	95 	91 	91 
006851 	144 	95 	91 	91 
006852 	144 	95 	91 	91 
006853 	144 	95 	91 	91 
006854 	144 	95 	91 	91 
006855 	144 	95 	91 	91 
006856 	144 	85 	91 	91 
006857 	144 	85 	91 	91 
006858 	144 	85 	91 	91 
006859 	144 	85 	91 	91 
006860 	144 	85 	91 	91 
006861 	144 	85 	91 	91 
006862 	144 	85 	91 	91 
006863 	144 	85 	91 	91 
006864 	144 	85 	91 	91 
006865 	144 	85 	91 	91 
006866 	144 	85 	91 	91 
006867 	144 	85 	91 	91 
006868 	144 	85 	91 	91 
006869 	144 	85 	91 	91 
006870 	144 	85 	91 	91 
006871 	144 	85 	91 	91 
006872 	144 	85 	91 	91 
006873 	144 	85 	91 	91 
006874 	144 	85 	91 	91 
006875 	144 	85 	91 	91 
006876 	144 	85 	91 	91 
006877 	144 	85 	91 	91 
006878 	144 	85 	91 	91 
006879 	144 	85 	91 	91 
006880 	144 	85 	91 	91 
006881 	144 	85 	91 	91 
006882 	144 	85 	91 	91 
006883 	144 	85 	91 	91 
006884 	144 	85 	91 	91 
006885 	144 	85 	91 	91 
006886 	144 	85 	91 	91 
006887 	144 	75 	91 	91 
006888 	144 	75 	91 	91 
006889 	154 	75 	91 	91 
006890 	154 	75 	91 	91 
006891 	154 	75 	91 	91 
006892 	154 	75 	91 	91 
006893 	144 	75 	91 	91 
006894 	144 	75 	91 	91 
006895 	144 	75 	91 	91 
006896 	144 	75 	91 	91 
006897 	144 	75 	91 	91 
006898 	144 	75 	91 	91 
006899 	144 	75 	91 	91 
006900 	144 	75 	91 	91 
006901 	154 	75 	91 	91 
006902 	154 	75 	91 	91 
006903 	154 	75 	91 	91 
006904 	154 	75 	91 	91 
006905 	154 	75 	91 	91 
006906 	154 	75 	91 	91 
006907 	154 	85 	91 	91 
006908 	154 	85 	91 	91 
006909 	154 	85 	91 	91 
006910 	154 	85 	91 	91 
006911 	154 	85 	91 	91 
006912 	154 	85 	91 	91 
006913 	154 	85 	91 	91 
006914 	154 	75 	91 	91 
006915 	154 	75 	91 	91 
006916 	154 	75 	91 	91 
006917 	154 	75 	91 	91 
006918 	150 	66 	108 	109 
006919 	150 	66 	108 	109 
006920 	150 	66 	108 	109 
006921 	150 	66 	108 	109 
006922 	154 	75 	91 	91 
006923 	154 	75 	91 	91 
006924 	154 	75 	91 	91 
006925 	154 	75 	91 	91 
006926 	154 	75 	91 	91 
006927 	154 	65 	91 	91 
006928 	154 	65 	91 	91 
006929 	154 	75 	91 	91 
006930 	154 	75 	91 	91 
006931 	154 	75 	91 	91 
006932 	154 	75 	91 	91 
006933 	154 	85 	91 	91 
006934 	154 	85 	91 	91 
006935 	154 	75 	91 	91 
006936 	154 	75 	91 	91 
006937 	154 	75 	91 	91 
006938 	154 	75 	91 	91 
006939 	154 	85 	91 	91 
006940 	154 	85 	91 	91 
006941 	154 	85 	91 	91 
006942 	144 	85 	91 	91 
006943 	144 	85 	91 	91 
006944 	144 	85 	91 	91 
006945 	144 	85 	91 	91 
006946 	144 	85 	91 	91 
006947 	144 	85 	91 	91 
006948 	144 	85 	91 	91 
006949 	144 	85 	91 	91 
006950 	144 	85 	91 	91 
006951 	144 	85 	91 	91 
006952 	144 	85 	91 	91 
006953 	144 	85 	91 	91 
006954 	144 	85 	91 	91 
006955 	144 	85 	91 	91 
006956 	144 	85 	91 	91 
006957 	144 	85 	91 	91 
006958 	144 	85 	91 	91 
006959 	144 	85 	91 	91 
006960 	144 	85 	91 	91 
006961 	144 	85 	91 	91 
006962 	144 	85 	91 	91 
006963 	144 	85 	91 	91 
006964 	144 	85 	91 	91 
006965 	144 	85 	91 	91 
006966 	144 	85 	91 	91 
006967 	144 	85 	91 	91 
006968 	154 	85 	91 	91 
006969 	144 	85 	91 	91 
006970 	144 	85 	91 	91 
006971 	144 	85 	91 	91 
006972 	154 	85 	91 	91 
006973 	154 	85 	91 	91 
006974 	154 	85 	91 	91 
006975 	154 	85 	91 	91 
006976 	154 	85 	91 	91 
006977 	154 	85 	91 	91 
006978 	154 	85 	91 	91 
006979 	154 	85 	91 	91 
006980 	154 	85 	91 	91 
006981 	154 	85 	91 	91 
006982 	154 	85 	91 	91 
006983 	154 	85 	91 	91 
006984 	154 	85 	91 	91 
006985 	154 	85 	91 	91 
006986 	154 	85 	91 	91 
006987 	154 	85 	91 	91 
006988 	154 	85 	91 	91 
006989 	154 	85 	91 	91 
006990 	154 	85 	91 	91 
006991 	154 	85 	91 	91 
006992 	154 	85 	91 	91 
006993 	154 	75 	91 	91 
006994 	154 	75 	91 	91 
006995 	154 	75 	91 	91 
006996 	154 	85 	91 	91 
006997 	154 	85 	91 	91 
006998 	154 	85 	91 	91 
006999 	154 	85 	91 	91 
007000 	154 	85 	91 	91 
007001 	154 	85 	91 	91 
007002 	154 	75 	91 	91 
007003 	154 	85 	91 	91 
007004 	154 	85 	91 	91 
007005 	154 	85 	91 	91 
007006 	154 	85 	91 	91 
007007 	154 	85 	91 	91 
007008 	154 	85 	91 	91 
007009 	154 	85 	91 	91 
007010 	154 	85 	91 	91 
007011 	154 	85 	91 	91 
007012 	154 	85 	91 	91 
007013 	154 	85 	91 	91 
007014 	154 	85 	91 	91 
007015 	154 	85 	91 	91 
007016 	154 	85 	91 	91 
007017 	154 	85 	91 	91 
007018 	154 	85 	91 	91 
007019 	154 	85 	91 	91 
007020 	154 	85 	91 	91 
007021 	154 	85 	91 	91 
007022 	154 	85 	91 	91 
007023 	154 	85 	91 	91 
007024 	154 	85 	91 	91 
007025 	154 	85 	91 	91 
007026 	154 	85 	91 	91 
007027 	154 	85 	91 	91 
007028 	144 	85 	91 	91 
007029 	144 	85 	91 	91 
007030 	144 	85 	91 	91 
007031 	144 	85 	91 	91 
007032 	144 	85 	91 	91 
007033 	144 	85 	91 	91 
007034 	144 	85 	91 	91 
007035 	144 	85 	91 	91 
007036 	144 	85 	91 	91 
007037 	144 	85 	91 	91 
007038 	144 	85 	91 	91 
007039 	144 	85 	91 	91 
007040 	144 	85 	91 	91 
007041 	144 	85 	91 	91 
007042 	144 	85 	91 	91 
007043 	144 	85 	91 	91 
007044 	144 	85 	91 	91 
007045 	144 	85 	91 	91 
007046 	144 	85 	91 	91 
007047 	144 	85 	91 	91 
007048 	144 	85 	91 	91 
007049 	144 	85 	91 	91 
007050 	144 	85 	91 	91 
007051 	144 	85 	91 	91 
007052 	144 	85 	91 	91 
007053 	144 	85 	91 	91 
007054 	144 	85 	91 	91 
007055 	144 	85 	91 	91 
007056 	144 	85 	91 	91 
007057 	144 	85 	91 	91 
007058 	144 	85 	91 	91 
007059 	144 	85 	91 	91 
007060 	144 	85 	91 	91 
007061 	144 	85 	91 	91 
007062 	154 	85 	91 	91 
007063 	154 	85 	91 	91 
007064 	154 	85 	91 	91 
007065 	154 	85 	91 	91 
007066 	154 	85 	91 	91 
007067 	154 	85 	91 	91 
007068 	154 	85 	91 	91 
007069 	154 	85 	91 	91 
007070 	154 	85 	91 	91 
007071 	154 	85 	91 	91 
007072 	154 	85 	91 	91 
007073 	154 	85 	91 	91 
007074 	154 	85 	91 	91 
007075 	154 	85 	91 	91 
007076 	154 	85 	91 	91 
007077 	154 	85 	91 	91 
007078 	154 	85 	91 	91 
007079 	154 	85 	91 	91 
007080 	154 	85 	91 	91 
007081 	154 	85 	91 	91 
007082 	154 	85 	91 	91 
007083 	154 	85 	91 	91 
007084 	154 	85 	91 	91 
007085 	154 	85 	91 	91 
007086 	154 	75 	91 	91 
007087 	154 	85 	91 	91 
007088 	154 	75 	91 	91 
007089 	154 	75 	91 	91 
007090 	154 	75 	91 	91 
007091 	154 	75 	91 	91 
007092 	154 	75 	91 	91 
007093 	154 	75 	91 	91 
007094 	154 	75 	91 	91 
007095 	154 	75 	91 	91 
007096 	154 	75 	91 	91 
007097 	154 	75 	91 	91 
007098 	154 	75 	91 	91 
007099 	154 	75 	91 	91 
007100 	154 	75 	91 	91 
007101 	154 	75 	91 	91 
007102 	154 	75 	91 	91 
007103 	154 	75 	91 	91 
007104 	154 	85 	91 	91 
007105 	154 	85 	91 	91 
007106 	154 	85 	91 	91 
007107 	154 	85 	91 	91 
007108 	154 	85 	91 	91 
007109 	154 	85 	91 	91 
007110 	154 	85 	91 	91 
007111 	154 	85 	91 	91 
007112 	154 	85 	91 	91 
007113 	154 	85 	91 	91 
007114 	154 	85 	91 	91 
007115 	154 	85 	91 	91 
007116 	154 	85 	91 	91 
007117 	154 	85 	91 	91 
007118 	154 	85 	91 	91 
007119 	144 	85 	91 	91 
007120 	144 	85 	91 	91 
007121 	144 	85 	91 	91 
007122 	144 	85 	91 	91 
007123 	154 	85 	91 	91 
007124 	154 	85 	91 	91 
007125 	154 	85 	91 	91 
007126 	154 	85 	91 	91 
007127 	154 	85 	91 	91 
007128 	150 	66 	108 	109 
007129 	164 	85 	91 	91 
007130 	164 	85 	91 	91 
007131 	150 	66 	108 	109 
007132 	150 	66 	108 	109 
007133 	154 	85 	91 	91 
007134 	154 	85 	91 	91 
007135 	154 	85 	91 	91 
007136 	154 	85 	91 	91 
007137 	154 	85 	91 	91 
007138 	154 	85 	91 	91 
007139 	154 	85 	91 	91 
007140 	154 	85 	91 	91 
007141 	154 	85 	91 	91 
007142 	154 	85 	91 	91 
007143 	164 	85 	91 	91 
007144 	164 	85 	91 	91 
007145 	164 	85 	91 	91 
007146 	164 	85 	91 	91 
007147 	164 	85 	91 	91 
007148 	164 	85 	91 	91 
007149 	164 	85 	91 	91 
007150 	164 	85 	91 	91 
007151 	164 	75 	91 	91 
007152 	150 	66 	108 	109 
007153 	154 	75 	91 	91 
007154 	154 	75 	91 	91 
007155 	154 	75 	91 	91 
007156 	154 	75 	91 	91 
007157 	154 	75 	91 	91 
007158 	154 	75 	91 	91 
007159 	154 	85 	91 	91 
007160 	144 	85 	91 	91 
007161 	144 	85 	91 	91 
007162 	144 	85 	91 	91 
007163 	144 	85 	91 	91 
007164 	144 	85 	91 	91 
007165 	144 	85 	91 	91 
007166 	144 	85 	91 	91 
007167 	144 	85 	91 	91 
007168 	144 	85 	91 	91 
007169 	144 	85 	91 	91 
007170 	144 	85 	91 	91 
007171 	144 	85 	91 	91 
007172 	144 	85 	91 	91 
007173 	144 	85 	91 	91 
007174 	144 	85 	91 	91 
007175 	144 	85 	91 	91 
007176 	144 	85 	91 	91 
007177 	144 	85 	91 	91 
007178 	144 	85 	91 	91 
007179 	144 	85 	91 	91 
007180 	144 	85 	91 	91 
007181 	144 	85 	91 	91 
007182 	144 	85 	91 	91 
007183 	144 	85 	91 	91 
007184 	144 	85 	91 	91 
007185 	144 	85 	91 	91 
007186 	144 	85 	91 	91 
007187 	144 	85 	91 	91 
007188 	144 	85 	91 	91 
007189 	144 	85 	91 	91 
007190 	144 	85 	91 	91 
007191 	144 	85 	91 	91 
007192 	144 	85 	91 	91 
007193 	134 	85 	91 	91 
007194 	134 	85 	91 	91 
007195 	134 	85 	91 	91 
007196 	134 	85 	91 	91 
007197 	134 	85 	91 	91 
007198 	134 	85 	91 	91 
007199 	134 	85 	91 	91 
007200 	134 	85 	91 	91 
007201 	134 	85 	91 	91 
007202 	134 	85 	91 	91 
007203 	134 	85 	91 	91 
007204 	134 	85 	91 	91 
007205 	134 	85 	91 	91 
007206 	144 	85 	91 	91 
007207 	144 	85 	91 	91 
007208 	144 	85 	91 	91 
007209 	144 	85 	91 	91 
007210 	144 	85 	91 	91 
007211 	144 	85 	91 	91 
007212 	144 	85 	91 	91 
007213 	144 	75 	91 	91 
007214 	144 	75 	91 	91 
007215 	154 	75 	91 	91 
007216 	138 	78 	108 	109 
007217 	154 	85 	91 	91 
007218 	154 	75 	91 	91 
007219 	154 	75 	91 	91 
007220 	154 	75 	91 	91 
007221 	154 	75 	91 	91 
007222 	154 	75 	91 	91 
007223 	164 	75 	91 	91 
007224 	164 	75 	91 	91 
007225 	164 	75 	91 	91 
007226 	164 	75 	91 	91 
007227 	164 	75 	91 	91 
007228 	164 	75 	91 	91 
007229 	164 	75 	91 	91 
007230 	150 	66 	108 	109 
007231 	150 	66 	108 	109 
007232 	150 	66 	108 	109 
007233 	150 	66 	108 	109 
007234 	154 	75 	91 	91 
007235 	154 	75 	91 	91 
007236 	154 	75 	91 	91 
007237 	154 	75 	91 	91 
007238 	154 	75 	91 	91 
007239 	138 	78 	108 	109 
007240 	144 	85 	91 	91 
007241 	144 	85 	91 	91 
007242 	144 	85 	91 	91 
007243 	144 	85 	91 	91 
007244 	144 	85 	91 	91 
007245 	144 	85 	91 	91 
007246 	144 	85 	91 	91 
007247 	144 	85 	91 	91 
007248 	144 	85 	91 	91 
007249 	144 	85 	91 	91 
007250 	144 	85 	91 	91 
007251 	144 	85 	91 	91 
007252 	144 	75 	91 	91 
007253 	138 	66 	108 	109 
007254 	154 	75 	91 	91 
007255 	154 	75 	91 	91 
007256 	154 	85 	91 	91 
007257 	144 	85 	91 	91 
007258 	138 	78 	108 	109 
007259 	144 	85 	91 	91 
007260 	154 	85 	91 	91 
007261 	154 	85 	91 	91 
007262 	154 	85 	91 	91 
007263 	154 	85 	91 	91 
007264 	154 	85 	91 	91 
007265 	154 	85 	91 	91 
007266 	154 	85 	91 	91 
007267 	144 	85 	91 	91 
007268 	144 	85 	91 	91 
007269 	144 	85 	91 	91 
007270 	144 	85 	91 	91 
007271 	144 	85 	91 	91 
007272 	144 	85 	91 	91 
007273 	144 	85 	91 	91 
007274 	138 	78 	108 	109 
007275 	144 	85 	91 	91 
007276 	144 	85 	91 	91 
007277 	154 	85 	91 	91 
007278 	154 	85 	91 	91 
007279 	154 	85 	91 	91 
007280 	154 	85 	91 	91 
007281 	154 	85 	91 	91 
007282 	154 	85 	91 	91 
007283 	154 	85 	91 	91 
007284 	154 	85 	91 	91 
007285 	154 	85 	91 	91 
007286 	154 	85 	91 	91 
007287 	154 	85 	91 	91 
007288 	154 	85 	91 	91 
007289 	154 	75 	91 	91 
007290 	154 	85 	91 	91 
007291 	154 	85 	91 	91 
007292 	154 	85 	91 	91 
007293 	154 	85 	91 	91 
007294 	154 	85 	91 	91 
007295 	154 	85 	91 	91 
007296 	154 	85 	91 	91 
007297 	144 	85 	91 	91 
007298 	144 	85 	91 	91 
007299 	144 	85 	91 	91 
007300 	144 	85 	91 	91 
007301 	144 	85 	91 	91 
007302 	144 	85 	91 	91 
007303 	144 	85 	91 	91 
007304 	144 	85 	91 	91 
007305 	144 	85 	91 	91 
007306 	154 	85 	91 	91 
007307 	154 	85 	91 	91 
007308 	154 	85 	91 	91 
007309 	154 	75 	91 	91 
007310 	154 	75 	91 	91 
007311 	154 	75 	91 	91 
007312 	154 	75 	91 	91 
007313 	154 	75 	91 	91 
007314 	154 	75 	91 	91 
007315 	154 	75 	91 	91 
007316 	154 	75 	91 	91 
007317 	154 	75 	91 	91 
007318 	154 	75 	91 	91 
007319 	154 	75 	91 	91 
007320 	154 	75 	91 	91 
007321 	150 	66 	108 	109 
007322 	164 	85 	91 	91 
007323 	164 	75 	91 	91 
007324 	164 	75 	91 	91 
007325 	164 	75 	91 	91 
007326 	164 	75 	91 	91 
007327 	164 	75 	91 	91 
007328 	164 	75 	91 	91 
007329 	161 	66 	109 	109 
007330 	161 	66 	109 	109 
007331 	164 	75 	91 	91 
007332 	164 	75 	91 	91 
007333 	164 	75 	91 	91 
007334 	164 	75 	91 	91 
007335 	154 	75 	91 	91 
007336 	154 	75 	91 	91 
007337 	154 	75 	91 	91 
007338 	150 	66 	108 	109 
007339 	154 	75 	91 	91 
007340 	154 	75 	91 	91 
007341 	154 	75 	91 	91 
007342 	154 	75 	91 	91 
007343 	154 	75 	91 	91 
007344 	154 	75 	91 	91 
007345 	154 	75 	91 	91 
007346 	154 	75 	91 	91 
007347 	154 	75 	91 	91 
007348 	154 	85 	91 	91 
007349 	154 	85 	91 	91 
007350 	154 	85 	91 	91 
007351 	154 	85 	91 	91 
007352 	154 	75 	91 	91 
007353 	154 	75 	91 	91 
007354 	154 	75 	91 	91 
007355 	154 	75 	91 	91 
007356 	154 	85 	91 	91 
007357 	154 	75 	91 	91 
007358 	154 	85 	91 	91 
007359 	154 	85 	91 	91 
007360 	154 	75 	91 	91 
007361 	154 	85 	91 	91 
007362 	154 	85 	91 	91 
007363 	154 	85 	91 	91 
007364 	154 	85 	91 	91 
007365 	154 	75 	91 	91 
007366 	154 	75 	91 	91 
007367 	154 	75 	91 	91 
007368 	154 	75 	91 	91 
007369 	154 	75 	91 	91 
007370 	154 	75 	91 	91 
007371 	154 	75 	91 	91 
007372 	154 	75 	91 	91 
007373 	154 	75 	91 	91 
007374 	154 	85 	91 	91 
007375 	154 	85 	91 	91 
007376 	154 	85 	91 	91 
007377 	154 	85 	91 	91 
007378 	154 	85 	91 	91 
007379 	154 	85 	91 	91 
007380 	154 	85 	91 	91 
007381 	154 	85 	91 	91 
007382 	154 	85 	91 	91 
007383 	144 	85 	91 	91 
007384 	138 	66 	108 	109 
007385 	144 	75 	91 	91 
007386 	144 	85 	91 	91 
007387 	138 	66 	108 	109 
007388 	138 	66 	108 	109 
007389 	144 	85 	91 	91 
007390 	138 	66 	108 	109 
007391 	144 	85 	91 	91 
007392 	144 	75 	91 	91 
007393 	144 	75 	91 	91 
007394 	138 	66 	108 	109 
007395 	138 	66 	108 	109 
007396 	138 	66 	108 	109 
007397 	138 	66 	108 	109 
007398 	150 	66 	108 	109 
007399 	154 	75 	91 	91 
007400 	154 	75 	91 	91 
007401 	138 	66 	108 	109 
007402 	138 	66 	108 	109 
007403 	144 	75 	91 	91 
007404 	144 	75 	91 	91 
007405 	144 	75 	91 	91 
007406 	144 	75 	91 	91 
007407 	144 	75 	91 	91 
007408 	144 	75 	91 	91 
007409 	144 	75 	91 	91 
007410 	134 	85 	91 	91 
007411 	134 	85 	91 	91 
007412 	134 	85 	91 	91 
007413 	134 	85 	91 	91 
007414 	134 	85 	91 	91 
007415 	134 	85 	91 	91 
007416 	134 	85 	91 	91 
007417 	134 	85 	91 	91 
007418 	134 	85 	91 	91 
007419 	134 	85 	91 	91 
007420 	134 	85 	91 	91 
007421 	134 	85 	91 	91 
007422 	134 	85 	91 	91 
007423 	134 	85 	91 	91 
007424 	134 	85 	91 	91 
007425 	134 	85 	91 	91 
007426 	134 	85 	91 	91 
007427 	134 	85 	91 	91 
007428 	134 	85 	91 	91 
007429 	134 	85 	91 	91 
007430 	134 	85 	91 	91 
007431 	134 	85 	91 	91 
007432 	134 	85 	91 	91 
007433 	134 	85 	91 	91 
007434 	134 	85 	91 	91 
007435 	134 	85 	91 	91 
007436 	134 	85 	91 	91 
007437 	134 	85 	91 	91 
007438 	134 	85 	91 	91 
007439 	134 	85 	91 	91 
007440 	134 	85 	91 	91 
007441 	134 	85 	91 	91 
007442 	134 	85 	91 	91 
007443 	134 	85 	91 	91 
007444 	134 	85 	91 	91 
007445 	134 	85 	91 	91 
007446 	134 	85 	91 	91 
007447 	134 	85 	91 	91 
007448 	134 	85 	91 	91 
007449 	134 	85 	91 	91 
007450 	134 	85 	91 	91 
007451 	134 	85 	91 	91 
007452 	134 	85 	91 	91 
007453 	134 	85 	91 	91 
007454 	134 	85 	91 	91 
007455 	134 	95 	91 	91 
007456 	134 	95 	91 	91 
007457 	134 	95 	91 	91 
007458 	134 	95 	91 	91 
007459 	134 	85 	91 	91 
007460 	134 	85 	91 	91 
007461 	134 	85 	91 	91 
007462 	134 	85 	91 	91 
007463 	134 	85 	91 	91 
007464 	134 	85 	91 	91 
007465 	134 	85 	91 	91 
007466 	134 	85 	91 	91 
007467 	134 	85 	91 	91 
007468 	134 	85 	91 	91 
007469 	134 	85 	91 	91 
007470 	134 	85 	91 	91 
007471 	134 	85 	91 	91 
007472 	134 	85 	91 	91 
007473 	134 	85 	91 	91 
007474 	134 	85 	91 	91 
007475 	134 	85 	91 	91 
007476 	134 	85 	91 	91 
007477 	134 	85 	91 	91 
007478 	134 	85 	91 	91 
007479 	134 	85 	91 	91 
007480 	134 	85 	91 	91 
007481 	134 	85 	91 	91 
007482 	144 	85 	91 	91 
007483 	144 	85 	91 	91 
007484 	144 	85 	91 	91 
007485 	134 	85 	91 	91 
007486 	134 	85 	91 	91 
007487 	134 	85 	91 	91 
007488 	134 	85 	91 	91 
007489 	134 	85 	91 	91 
007490 	134 	85 	91 	91 
007491 	134 	85 	91 	91 
007492 	134 	85 	91 	91 
007493 	124 	85 	91 	91 
007494 	134 	85 	91 	91 
007495 	134 	85 	91 	91 
007496 	134 	85 	91 	91 
007497 	134 	85 	91 	91 
007498 	134 	85 	91 	91 
007499 	134 	85 	91 	91 
007500 	134 	85 	91 	91 
007501 	134 	85 	91 	91 
007502 	134 	85 	91 	91 
007503 	134 	85 	91 	91 
007504 	134 	85 	91 	91 
007505 	134 	85 	91 	91 
007506 	134 	85 	91 	91 
007507 	134 	85 	91 	91 
007508 	134 	85 	91 	91 
007509 	134 	85 	91 	91 
007510 	134 	85 	91 	91 
007511 	134 	85 	91 	91 
007512 	134 	85 	91 	91 
007513 	134 	85 	91 	91 
007514 	134 	85 	91 	91 
007515 	134 	85 	91 	91 
007516 	134 	85 	91 	91 
007517 	134 	85 	91 	91 
007518 	134 	85 	91 	91 
007519 	134 	85 	91 	91 
007520 	134 	85 	91 	91 
007521 	134 	85 	91 	91 
007522 	134 	85 	91 	91 
007523 	134 	85 	91 	91 
007524 	134 	85 	91 	91 
007525 	134 	85 	91 	91 
007526 	134 	85 	91 	91 
007527 	134 	85 	91 	91 
007528 	134 	85 	91 	91 
007529 	134 	85 	91 	91 
007530 	134 	85 	91 	91 
007531 	134 	85 	91 	91 
007532 	134 	85 	91 	91 
007533 	134 	85 	91 	91 
007534 	134 	85 	91 	91 
007535 	134 	85 	91 	91 
007536 	134 	85 	91 	91 
007537 	134 	85 	91 	91 
007538 	134 	85 	91 	91 
007539 	134 	85 	91 	91 
007540 	134 	85 	91 	91 
007541 	134 	85 	91 	91 
007542 	134 	85 	91 	91 
007543 	134 	85 	91 	91 
007544 	134 	85 	91 	91 
007545 	134 	85 	91 	91 
007546 	134 	85 	91 	91 
007547 	134 	85 	91 	91 
007548 	134 	85 	91 	91 
007549 	134 	85 	91 	91 
007550 	134 	85 	91 	91 
007551 	134 	85 	91 	91 
007552 	124 	85 	91 	91 
