Identity  : 	id10275
Reference : 	pV6cJibX6Ik
Offset    : 	-2
FV Conf   : 	11.700
ASD Conf  : 	7.346

FRAME 	X 	Y 	W 	H 
002314 	278 	145 	75 	76 
002315 	278 	145 	75 	76 
002316 	278 	145 	75 	76 
002317 	274 	135 	90 	90 
002318 	274 	135 	90 	90 
002319 	286 	145 	76 	76 
002320 	286 	145 	76 	76 
002321 	286 	145 	76 	76 
002322 	286 	145 	76 	76 
002323 	284 	135 	90 	90 
002324 	284 	135 	90 	90 
002325 	294 	145 	76 	76 
002326 	294 	145 	90 	90 
002327 	294 	145 	90 	90 
002328 	294 	145 	90 	90 
002329 	303 	145 	75 	76 
002330 	303 	145 	75 	76 
002331 	311 	145 	75 	76 
002332 	311 	145 	75 	76 
002333 	311 	145 	75 	76 
002334 	311 	145 	75 	76 
002335 	311 	145 	75 	76 
002336 	311 	145 	75 	76 
002337 	311 	145 	75 	76 
002338 	303 	145 	75 	76 
002339 	303 	145 	75 	76 
002340 	303 	145 	75 	76 
002341 	303 	145 	75 	76 
002342 	294 	135 	90 	90 
002343 	294 	135 	90 	90 
002344 	294 	135 	90 	90 
002345 	294 	135 	90 	90 
002346 	294 	135 	90 	90 
002347 	294 	145 	76 	76 
002348 	294 	145 	76 	76 
002349 	294 	145 	76 	76 
002350 	294 	145 	76 	76 
002351 	294 	145 	76 	76 
002352 	294 	145 	76 	76 
002353 	294 	145 	76 	76 
002354 	294 	145 	76 	76 
002355 	294 	145 	76 	76 
002356 	294 	145 	76 	76 
002357 	284 	135 	90 	90 
002358 	294 	137 	76 	76 
002359 	294 	137 	76 	76 
002360 	294 	145 	76 	76 
002361 	294 	145 	76 	76 
002362 	294 	145 	76 	76 
002363 	294 	145 	76 	76 
002364 	294 	145 	76 	76 
002365 	294 	145 	76 	76 
002366 	294 	145 	76 	76 
002367 	294 	145 	76 	76 
002368 	294 	145 	76 	76 
002369 	294 	145 	76 	76 
002370 	294 	145 	76 	76 
002371 	294 	145 	76 	76 
002372 	294 	145 	76 	76 
002373 	294 	145 	76 	76 
002374 	294 	145 	76 	76 
002375 	294 	145 	76 	76 
002376 	294 	145 	76 	76 
002377 	294 	145 	76 	76 
002378 	294 	145 	76 	76 
002379 	294 	145 	76 	76 
002380 	294 	145 	76 	76 
002381 	294 	145 	76 	76 
002382 	294 	145 	76 	76 
002383 	294 	145 	76 	76 
002384 	294 	145 	76 	76 
002385 	294 	145 	76 	76 
002386 	294 	145 	76 	76 
002387 	294 	145 	76 	76 
002388 	303 	145 	75 	76 
002389 	303 	145 	75 	76 
002390 	303 	145 	75 	76 
002391 	303 	145 	75 	76 
002392 	303 	145 	75 	76 
002393 	303 	145 	75 	76 
002394 	303 	145 	75 	76 
002395 	303 	145 	75 	76 
002396 	303 	145 	75 	76 
002397 	303 	145 	75 	76 
002398 	303 	145 	75 	76 
002399 	303 	145 	75 	76 
002400 	294 	135 	90 	90 
002401 	294 	135 	90 	90 
002402 	303 	145 	75 	76 
002403 	303 	145 	75 	76 
002404 	303 	137 	75 	76 
002405 	303 	145 	75 	76 
002406 	294 	135 	90 	90 
002407 	294 	135 	90 	90 
002408 	303 	145 	75 	76 
002409 	303 	145 	75 	76 
002410 	298 	145 	76 	76 
002411 	294 	145 	76 	76 
002412 	294 	145 	76 	76 
002413 	294 	145 	76 	76 
002414 	294 	145 	76 	76 
002415 	294 	145 	76 	76 
002416 	294 	145 	76 	76 
002417 	294 	145 	76 	76 
002418 	294 	145 	76 	76 
002419 	294 	145 	76 	76 
002420 	284 	145 	90 	90 
002421 	284 	145 	90 	90 
002422 	284 	145 	90 	90 
002423 	284 	145 	90 	90 
002424 	284 	145 	90 	90 
002425 	284 	145 	90 	90 
002426 	274 	145 	90 	90 
002427 	274 	145 	90 	90 
002428 	286 	145 	76 	76 
002429 	286 	145 	76 	76 
002430 	286 	145 	76 	76 
002431 	286 	145 	76 	76 
002432 	286 	145 	76 	76 
002433 	286 	154 	76 	75 
