Identity  : 	id10288
Reference : 	JzNVSA7eFwc
Offset    : 	-5
FV Conf   : 	20.343
ASD Conf  : 	8.492

FRAME 	X 	Y 	W 	H 
002728 	274 	85 	90 	91 
002729 	274 	85 	90 	91 
002730 	274 	85 	90 	91 
002731 	274 	85 	90 	91 
002732 	274 	85 	90 	91 
002733 	274 	85 	90 	91 
002734 	274 	85 	90 	91 
002735 	274 	85 	90 	91 
002736 	274 	85 	90 	91 
002737 	274 	85 	90 	91 
002738 	274 	85 	90 	91 
002739 	274 	85 	90 	91 
002740 	274 	85 	90 	91 
002741 	274 	85 	90 	91 
002742 	274 	85 	90 	91 
002743 	274 	85 	90 	91 
002744 	274 	85 	90 	91 
002745 	257 	78 	109 	109 
002746 	257 	78 	109 	109 
002747 	257 	78 	109 	109 
002748 	257 	78 	109 	109 
002749 	257 	78 	109 	109 
002750 	257 	78 	109 	109 
002751 	257 	78 	109 	109 
002752 	274 	95 	90 	91 
002753 	274 	95 	90 	91 
002754 	274 	95 	90 	91 
002755 	274 	95 	90 	91 
002756 	274 	95 	90 	91 
002757 	274 	95 	90 	91 
002758 	274 	95 	90 	91 
002759 	274 	95 	90 	91 
002760 	274 	95 	90 	91 
002761 	269 	90 	108 	109 
002762 	269 	90 	108 	109 
002763 	269 	90 	108 	109 
002764 	269 	90 	108 	109 
002765 	269 	90 	108 	109 
002766 	269 	90 	108 	109 
002767 	269 	90 	108 	109 
002768 	269 	90 	108 	109 
002769 	269 	90 	108 	109 
002770 	269 	90 	108 	109 
002771 	269 	90 	108 	109 
002772 	274 	95 	90 	91 
002773 	274 	95 	90 	91 
002774 	274 	95 	90 	91 
002775 	274 	95 	90 	91 
002776 	274 	95 	90 	91 
002777 	274 	95 	90 	91 
002778 	274 	95 	90 	91 
002779 	274 	95 	90 	91 
002780 	274 	95 	90 	91 
002781 	274 	95 	90 	91 
002782 	274 	95 	90 	91 
002783 	274 	95 	90 	91 
002784 	274 	95 	90 	91 
002785 	269 	78 	108 	109 
002786 	269 	78 	108 	109 
002787 	269 	78 	108 	109 
002788 	269 	78 	108 	109 
002789 	269 	78 	108 	109 
002790 	269 	78 	108 	109 
002791 	269 	78 	108 	109 
002792 	269 	78 	108 	109 
002793 	269 	78 	108 	109 
002794 	269 	78 	108 	109 
002795 	269 	78 	108 	109 
002796 	269 	78 	108 	109 
002797 	269 	78 	108 	109 
002798 	269 	78 	108 	109 
002799 	269 	78 	108 	109 
002800 	269 	78 	108 	109 
002801 	269 	78 	108 	109 
002802 	269 	78 	108 	109 
002803 	269 	78 	108 	109 
002804 	269 	78 	108 	109 
002805 	269 	78 	108 	109 
002806 	269 	78 	108 	109 
002807 	269 	78 	108 	109 
002808 	269 	78 	108 	109 
002809 	269 	78 	108 	109 
002810 	269 	78 	108 	109 
002811 	269 	78 	108 	109 
002812 	269 	78 	108 	109 
002813 	269 	78 	108 	109 
002814 	269 	78 	108 	109 
002815 	269 	78 	108 	109 
002816 	269 	78 	108 	109 
002817 	269 	78 	108 	109 
002818 	269 	78 	108 	109 
002819 	269 	78 	108 	109 
002820 	269 	78 	108 	109 
002821 	269 	78 	108 	109 
002822 	269 	78 	108 	109 
002823 	274 	85 	90 	91 
002824 	274 	85 	90 	91 
002825 	274 	85 	90 	91 
002826 	274 	85 	90 	91 
002827 	274 	85 	90 	91 
002828 	274 	85 	90 	91 
002829 	274 	85 	90 	91 
002830 	274 	85 	90 	91 
002831 	257 	78 	109 	109 
002832 	257 	78 	109 	109 
002833 	257 	78 	109 	109 
002834 	257 	78 	109 	109 
002835 	274 	95 	90 	91 
002836 	274 	85 	90 	91 
002837 	269 	78 	108 	109 
002838 	269 	78 	108 	109 
002839 	274 	85 	90 	91 
002840 	274 	85 	90 	91 
002841 	274 	85 	90 	91 
002842 	269 	78 	108 	109 
002843 	269 	78 	108 	109 
002844 	269 	78 	108 	109 
002845 	269 	78 	108 	109 
002846 	269 	78 	108 	109 
002847 	269 	78 	108 	109 
002848 	269 	78 	108 	109 
002849 	269 	78 	108 	109 
002850 	274 	85 	90 	91 
002851 	274 	85 	90 	91 
002852 	274 	85 	90 	91 
002853 	274 	95 	90 	91 
002854 	274 	95 	90 	91 
002855 	274 	95 	90 	91 
002856 	274 	85 	90 	91 
002857 	257 	78 	109 	109 
002858 	257 	78 	109 	109 
002859 	257 	78 	109 	109 
002860 	257 	78 	109 	109 
002861 	257 	78 	109 	109 
002862 	257 	78 	109 	109 
002863 	257 	78 	109 	109 
002864 	257 	78 	109 	109 
002865 	257 	78 	109 	109 
002866 	257 	78 	109 	109 
002867 	257 	78 	109 	109 
002868 	264 	85 	90 	91 
002869 	264 	85 	90 	91 
002870 	264 	85 	90 	91 
002871 	264 	85 	90 	91 
002872 	257 	78 	109 	109 
002873 	257 	78 	109 	109 
002874 	257 	78 	109 	109 
002875 	257 	78 	109 	109 
002876 	257 	78 	109 	109 
002877 	257 	78 	109 	109 
002878 	257 	78 	109 	109 
002879 	257 	78 	109 	109 
002880 	257 	78 	109 	109 
002881 	257 	78 	109 	109 
002882 	257 	78 	109 	109 
002883 	257 	78 	109 	109 
002884 	257 	78 	109 	109 
002885 	257 	78 	109 	109 
002886 	257 	78 	109 	109 
002887 	257 	78 	109 	109 
002888 	257 	78 	109 	109 
002889 	257 	78 	109 	109 
002890 	257 	78 	109 	109 
002891 	257 	78 	109 	109 
002892 	274 	85 	90 	91 
002893 	274 	85 	90 	91 
002894 	274 	85 	90 	91 
002895 	274 	85 	90 	91 
002896 	257 	78 	109 	109 
002897 	264 	85 	90 	91 
002898 	264 	85 	90 	91 
002899 	264 	85 	90 	91 
002900 	264 	85 	90 	91 
002901 	264 	85 	90 	91 
002902 	264 	85 	90 	91 
002903 	264 	85 	90 	91 
002904 	264 	85 	90 	91 
002905 	264 	85 	90 	91 
002906 	264 	85 	90 	91 
002907 	264 	85 	90 	91 
002908 	264 	85 	90 	91 
002909 	264 	85 	90 	91 
002910 	264 	85 	90 	91 
002911 	264 	85 	90 	91 
002912 	264 	85 	90 	91 
002913 	264 	85 	90 	91 
002914 	264 	85 	90 	91 
002915 	264 	85 	90 	91 
002916 	264 	85 	90 	91 
002917 	264 	85 	90 	91 
002918 	264 	85 	90 	91 
002919 	264 	85 	90 	91 
002920 	264 	85 	90 	91 
002921 	264 	85 	90 	91 
002922 	264 	85 	90 	91 
002923 	264 	85 	90 	91 
002924 	264 	85 	90 	91 
002925 	264 	85 	90 	91 
002926 	264 	85 	90 	91 
002927 	264 	85 	90 	91 
002928 	257 	78 	109 	109 
002929 	257 	78 	109 	109 
002930 	257 	78 	109 	109 
002931 	257 	78 	109 	109 
002932 	257 	78 	109 	109 
002933 	264 	85 	90 	91 
002934 	264 	85 	90 	91 
002935 	257 	78 	109 	109 
002936 	257 	78 	109 	109 
002937 	257 	78 	109 	109 
002938 	257 	78 	109 	109 
002939 	257 	78 	109 	109 
002940 	257 	78 	109 	109 
002941 	257 	78 	109 	109 
002942 	257 	78 	109 	109 
002943 	257 	78 	109 	109 
002944 	257 	78 	109 	109 
002945 	257 	78 	109 	109 
002946 	257 	78 	109 	109 
002947 	257 	78 	109 	109 
002948 	274 	85 	90 	91 
002949 	274 	85 	90 	91 
002950 	274 	85 	90 	91 
002951 	274 	85 	90 	91 
002952 	257 	78 	109 	109 
002953 	274 	85 	90 	91 
002954 	274 	85 	90 	91 
002955 	274 	85 	90 	91 
002956 	274 	85 	90 	91 
002957 	274 	85 	90 	91 
002958 	274 	85 	90 	91 
002959 	274 	85 	90 	91 
002960 	274 	85 	90 	91 
002961 	274 	85 	90 	91 
002962 	274 	85 	90 	91 
002963 	274 	85 	90 	91 
002964 	274 	85 	90 	91 
002965 	274 	85 	90 	91 
002966 	274 	85 	90 	91 
002967 	274 	85 	90 	91 
002968 	274 	85 	90 	91 
002969 	257 	78 	109 	109 
002970 	257 	78 	109 	109 
002971 	257 	78 	109 	109 
002972 	257 	78 	109 	109 
002973 	264 	85 	90 	91 
002974 	264 	85 	90 	91 
002975 	264 	85 	90 	91 
002976 	264 	85 	90 	91 
002977 	264 	85 	90 	91 
002978 	264 	85 	90 	91 
002979 	264 	85 	90 	91 
002980 	264 	85 	90 	91 
002981 	264 	85 	90 	91 
002982 	264 	85 	90 	91 
002983 	264 	85 	90 	91 
002984 	264 	85 	90 	91 
002985 	264 	75 	90 	91 
002986 	264 	75 	90 	91 
002987 	264 	75 	90 	91 
002988 	257 	66 	109 	109 
002989 	257 	66 	109 	109 
002990 	257 	66 	109 	109 
002991 	257 	66 	109 	109 
002992 	257 	66 	109 	109 
002993 	257 	66 	109 	109 
002994 	257 	66 	109 	109 
002995 	257 	66 	109 	109 
002996 	264 	85 	90 	91 
002997 	257 	66 	109 	109 
002998 	264 	85 	90 	91 
002999 	264 	85 	90 	91 
003000 	264 	85 	90 	91 
003001 	264 	85 	90 	91 
003002 	257 	78 	109 	109 
003003 	264 	85 	90 	91 
003004 	257 	78 	109 	109 
003005 	257 	78 	109 	109 
003006 	257 	78 	109 	109 
003007 	257 	78 	109 	109 
003008 	257 	78 	109 	109 
003009 	257 	78 	109 	109 
003010 	274 	85 	90 	91 
003011 	274 	85 	90 	91 
003012 	274 	85 	90 	91 
003013 	274 	85 	90 	91 
003014 	274 	85 	90 	91 
003015 	257 	78 	109 	109 
003016 	257 	78 	109 	109 
003017 	257 	78 	109 	109 
003018 	257 	78 	109 	109 
003019 	257 	78 	109 	109 
003020 	257 	78 	109 	109 
003021 	257 	78 	109 	109 
003022 	257 	78 	109 	109 
003023 	257 	78 	109 	109 
003024 	257 	78 	109 	109 
003025 	257 	78 	109 	109 
003026 	257 	78 	109 	109 
003027 	257 	78 	109 	109 
003028 	257 	78 	109 	109 
003029 	257 	78 	109 	109 
003030 	257 	78 	109 	109 
003031 	257 	78 	109 	109 
003032 	257 	78 	109 	109 
003033 	257 	78 	109 	109 
003034 	257 	78 	109 	109 
003035 	257 	78 	109 	109 
003036 	257 	78 	109 	109 
003037 	257 	78 	109 	109 
003038 	257 	78 	109 	109 
003039 	257 	78 	109 	109 
003040 	257 	78 	109 	109 
003041 	274 	95 	90 	91 
003042 	274 	95 	90 	91 
003043 	274 	95 	90 	91 
003044 	274 	95 	90 	91 
003045 	274 	95 	90 	91 
003046 	269 	90 	108 	109 
003047 	284 	95 	90 	91 
003048 	284 	95 	90 	91 
003049 	284 	95 	90 	91 
003050 	269 	90 	108 	109 
003051 	269 	90 	108 	109 
003052 	269 	90 	108 	109 
003053 	269 	90 	108 	109 
003054 	269 	90 	108 	109 
003055 	269 	90 	108 	109 
003056 	269 	90 	108 	109 
003057 	274 	95 	90 	91 
003058 	274 	95 	90 	91 
003059 	274 	95 	90 	91 
003060 	257 	90 	109 	109 
003061 	257 	90 	109 	109 
003062 	264 	95 	90 	91 
003063 	264 	95 	90 	91 
003064 	264 	95 	90 	91 
003065 	264 	95 	90 	91 
003066 	264 	95 	90 	91 
003067 	264 	95 	90 	91 
003068 	264 	95 	90 	91 
003069 	264 	95 	90 	91 
003070 	257 	90 	109 	109 
003071 	257 	90 	109 	109 
003072 	257 	90 	109 	109 
003073 	264 	95 	90 	91 
003074 	257 	90 	109 	109 
003075 	257 	90 	109 	109 
003076 	264 	95 	90 	91 
003077 	257 	90 	109 	109 
003078 	257 	90 	109 	109 
003079 	274 	95 	90 	91 
003080 	274 	95 	90 	91 
003081 	274 	95 	90 	91 
003082 	257 	90 	109 	109 
003083 	257 	90 	109 	109 
003084 	257 	90 	109 	109 
003085 	257 	90 	109 	109 
003086 	264 	95 	90 	91 
003087 	264 	95 	90 	91 
003088 	264 	95 	90 	91 
003089 	264 	95 	90 	91 
003090 	264 	95 	90 	91 
003091 	264 	95 	90 	91 
003092 	264 	95 	90 	91 
003093 	264 	95 	90 	91 
003094 	264 	95 	90 	91 
003095 	264 	95 	90 	91 
003096 	264 	95 	90 	91 
003097 	264 	95 	90 	91 
003098 	264 	95 	90 	91 
003099 	264 	95 	90 	91 
003100 	264 	95 	90 	91 
003101 	264 	95 	90 	91 
003102 	264 	95 	90 	91 
003103 	264 	95 	90 	91 
003104 	264 	95 	90 	91 
003105 	264 	95 	90 	91 
003106 	264 	95 	90 	91 
003107 	264 	95 	90 	91 
003108 	264 	95 	90 	91 
003109 	264 	95 	90 	91 
003110 	264 	95 	90 	91 
003111 	257 	78 	109 	109 
003112 	257 	78 	109 	109 
003113 	257 	78 	109 	109 
003114 	257 	78 	109 	109 
003115 	257 	78 	109 	109 
003116 	257 	78 	109 	109 
003117 	257 	78 	109 	109 
003118 	257 	78 	109 	109 
003119 	257 	78 	109 	109 
003120 	264 	95 	90 	91 
003121 	264 	95 	90 	91 
003122 	257 	78 	109 	109 
003123 	257 	78 	109 	109 
003124 	257 	78 	109 	109 
003125 	257 	78 	109 	109 
003126 	257 	78 	109 	109 
003127 	257 	78 	109 	109 
003128 	274 	85 	90 	91 
003129 	274 	85 	90 	91 
003130 	274 	85 	90 	91 
003131 	274 	85 	90 	91 
003132 	274 	85 	90 	91 
003133 	274 	85 	90 	91 
003134 	274 	85 	90 	91 
003135 	274 	85 	90 	91 
003136 	274 	85 	90 	91 
003137 	274 	85 	90 	91 
003138 	274 	85 	90 	91 
003139 	274 	85 	90 	91 
003140 	274 	85 	90 	91 
003141 	274 	85 	90 	91 
003142 	257 	78 	109 	109 
003143 	257 	78 	109 	109 
003144 	257 	66 	109 	109 
003145 	257 	66 	109 	109 
003146 	257 	66 	109 	109 
003147 	257 	66 	109 	109 
003148 	257 	66 	109 	109 
003149 	264 	75 	90 	91 
003150 	264 	85 	90 	91 
003151 	264 	85 	90 	91 
003152 	264 	85 	90 	91 
003153 	264 	85 	90 	91 
003154 	264 	85 	90 	91 
003155 	264 	85 	90 	91 
003156 	264 	85 	90 	91 
003157 	264 	85 	90 	91 
003158 	264 	85 	90 	91 
003159 	264 	85 	90 	91 
003160 	257 	78 	109 	109 
003161 	257 	78 	109 	109 
003162 	257 	78 	109 	109 
003163 	264 	85 	90 	91 
003164 	264 	85 	90 	91 
003165 	264 	85 	90 	91 
003166 	264 	85 	90 	91 
003167 	264 	85 	90 	91 
003168 	264 	85 	90 	91 
003169 	264 	85 	90 	91 
003170 	264 	85 	90 	91 
003171 	264 	85 	90 	91 
003172 	264 	85 	90 	91 
003173 	264 	85 	90 	91 
003174 	264 	85 	90 	91 
003175 	264 	85 	90 	91 
003176 	264 	85 	90 	91 
003177 	264 	85 	90 	91 
003178 	264 	85 	90 	91 
003179 	264 	85 	90 	91 
003180 	264 	85 	90 	91 
003181 	264 	85 	90 	91 
003182 	264 	85 	90 	91 
003183 	264 	85 	90 	91 
003184 	257 	78 	109 	109 
003185 	257 	78 	109 	109 
003186 	257 	78 	109 	109 
003187 	257 	78 	109 	109 
003188 	257 	78 	109 	109 
003189 	257 	78 	109 	109 
003190 	257 	78 	109 	109 
003191 	274 	85 	90 	91 
003192 	257 	78 	109 	109 
003193 	257 	78 	109 	109 
003194 	274 	85 	90 	91 
003195 	274 	85 	90 	91 
003196 	274 	85 	90 	91 
003197 	274 	85 	90 	91 
003198 	274 	85 	90 	91 
003199 	257 	78 	109 	109 
003200 	264 	85 	90 	91 
003201 	257 	78 	109 	109 
003202 	264 	85 	90 	91 
003203 	264 	85 	90 	91 
003204 	264 	85 	90 	91 
003205 	257 	78 	109 	109 
003206 	264 	85 	90 	91 
003207 	264 	85 	90 	91 
003208 	264 	85 	90 	91 
003209 	264 	85 	90 	91 
003210 	264 	85 	90 	91 
003211 	264 	85 	90 	91 
003212 	264 	85 	90 	91 
003213 	264 	85 	90 	91 
003214 	264 	85 	90 	91 
003215 	264 	85 	90 	91 
003216 	264 	85 	90 	91 
003217 	264 	85 	90 	91 
003218 	264 	85 	90 	91 
003219 	264 	85 	90 	91 
003220 	264 	85 	90 	91 
003221 	264 	85 	90 	91 
003222 	264 	85 	90 	91 
003223 	264 	85 	90 	91 
003224 	264 	85 	90 	91 
003225 	264 	85 	90 	91 
003226 	264 	85 	90 	91 
003227 	264 	85 	90 	91 
003228 	264 	85 	90 	91 
003229 	264 	85 	90 	91 
003230 	264 	85 	90 	91 
003231 	264 	85 	90 	91 
003232 	264 	85 	90 	91 
003233 	264 	85 	90 	91 
003234 	264 	85 	90 	91 
003235 	264 	85 	90 	91 
003236 	264 	85 	90 	91 
003237 	264 	85 	90 	91 
003238 	264 	85 	90 	91 
003239 	264 	85 	90 	91 
003240 	264 	85 	90 	91 
003241 	264 	85 	90 	91 
003242 	264 	85 	90 	91 
003243 	264 	85 	90 	91 
003244 	264 	85 	90 	91 
003245 	264 	85 	90 	91 
003246 	264 	85 	90 	91 
003247 	264 	85 	90 	91 
003248 	264 	85 	90 	91 
003249 	264 	85 	90 	91 
003250 	264 	85 	90 	91 
003251 	257 	78 	109 	109 
003252 	257 	78 	109 	109 
003253 	257 	78 	109 	109 
003254 	257 	78 	109 	109 
003255 	274 	95 	90 	91 
003256 	274 	95 	90 	91 
003257 	274 	95 	90 	91 
003258 	274 	95 	90 	91 
003259 	274 	95 	90 	91 
003260 	264 	95 	90 	91 
003261 	264 	95 	90 	91 
003262 	264 	95 	90 	91 
003263 	264 	95 	90 	91 
003264 	264 	95 	90 	91 
003265 	264 	95 	90 	91 
003266 	264 	95 	90 	91 
003267 	264 	95 	90 	91 
003268 	264 	95 	90 	91 
003269 	264 	95 	90 	91 
003270 	254 	95 	90 	91 
003271 	254 	95 	90 	91 
003272 	254 	95 	90 	91 
003273 	254 	95 	90 	91 
003274 	254 	95 	90 	91 
003275 	264 	95 	90 	91 
003276 	264 	85 	90 	91 
003277 	264 	85 	90 	91 
003278 	257 	78 	109 	109 
003279 	257 	78 	109 	109 
003280 	264 	85 	90 	91 
003281 	257 	78 	109 	109 
003282 	264 	95 	90 	91 
003283 	264 	95 	90 	91 
003284 	264 	95 	90 	91 
003285 	264 	95 	90 	91 
003286 	264 	95 	90 	91 
003287 	264 	95 	90 	91 
003288 	264 	95 	90 	91 
003289 	264 	95 	90 	91 
003290 	264 	95 	90 	91 
003291 	264 	95 	90 	91 
003292 	264 	95 	90 	91 
003293 	264 	95 	90 	91 
003294 	264 	95 	90 	91 
003295 	264 	95 	90 	91 
003296 	245 	78 	109 	109 
003297 	245 	78 	109 	109 
003298 	245 	78 	109 	109 
003299 	264 	95 	90 	91 
003300 	264 	95 	90 	91 
003301 	264 	95 	90 	91 
003302 	264 	95 	90 	91 
003303 	264 	95 	90 	91 
003304 	264 	85 	90 	91 
003305 	264 	85 	90 	91 
003306 	264 	85 	90 	91 
003307 	264 	85 	90 	91 
003308 	264 	85 	90 	91 
003309 	264 	85 	90 	91 
003310 	264 	85 	90 	91 
003311 	264 	85 	90 	91 
003312 	264 	85 	90 	91 
003313 	264 	85 	90 	91 
003314 	264 	85 	90 	91 
003315 	264 	85 	90 	91 
003316 	264 	85 	90 	91 
003317 	245 	78 	109 	109 
003318 	245 	78 	109 	109 
003319 	245 	78 	109 	109 
003320 	245 	78 	109 	109 
003321 	245 	78 	109 	109 
003322 	245 	78 	109 	109 
003323 	245 	78 	109 	109 
003324 	245 	78 	109 	109 
003325 	245 	78 	109 	109 
003326 	245 	78 	109 	109 
003327 	245 	78 	109 	109 
003328 	264 	95 	90 	91 
003329 	264 	95 	90 	91 
003330 	257 	78 	109 	109 
003331 	257 	78 	109 	109 
003332 	257 	78 	109 	109 
003333 	257 	78 	109 	109 
003334 	257 	78 	109 	109 
003335 	257 	78 	109 	109 
003336 	257 	78 	109 	109 
003337 	257 	78 	109 	109 
003338 	257 	78 	109 	109 
003339 	257 	78 	109 	109 
003340 	257 	78 	109 	109 
003341 	257 	78 	109 	109 
003342 	264 	85 	90 	91 
003343 	264 	85 	90 	91 
003344 	264 	85 	90 	91 
003345 	264 	85 	90 	91 
003346 	264 	85 	90 	91 
