Identity  : 	id10276
Reference : 	AeZoMAJ4Ejs
Offset    : 	1
FV Conf   : 	21.175
ASD Conf  : 	5.883

FRAME 	X 	Y 	W 	H 
001419 	329 	102 	108 	109 
001420 	329 	102 	108 	109 
001421 	329 	102 	108 	109 
001422 	329 	102 	108 	109 
001423 	329 	90 	108 	109 
001424 	329 	90 	108 	109 
001425 	329 	90 	108 	109 
001426 	329 	90 	108 	109 
001427 	329 	90 	108 	109 
001428 	329 	90 	108 	109 
001429 	329 	90 	108 	109 
001430 	329 	90 	108 	109 
001431 	329 	90 	108 	109 
001432 	329 	102 	108 	109 
001433 	329 	90 	108 	109 
001434 	329 	90 	108 	109 
001435 	329 	90 	108 	109 
001436 	329 	90 	108 	109 
001437 	329 	90 	108 	109 
001438 	329 	90 	108 	109 
001439 	329 	90 	108 	109 
001440 	329 	90 	108 	109 
001441 	329 	90 	108 	109 
001442 	341 	102 	108 	109 
001443 	341 	102 	108 	109 
001444 	341 	102 	108 	109 
001445 	341 	102 	108 	109 
001446 	341 	102 	108 	109 
001447 	341 	102 	108 	109 
001448 	341 	102 	108 	109 
001449 	341 	102 	108 	109 
001450 	341 	102 	108 	109 
001451 	341 	102 	108 	109 
001452 	341 	90 	108 	109 
001453 	341 	90 	108 	109 
001454 	341 	102 	108 	109 
001455 	341 	102 	108 	109 
001456 	341 	102 	108 	109 
001457 	341 	102 	108 	109 
001458 	341 	102 	108 	109 
001459 	341 	102 	108 	109 
001460 	341 	102 	108 	109 
001461 	341 	102 	108 	109 
001462 	341 	90 	108 	109 
001463 	341 	90 	108 	109 
001464 	341 	90 	108 	109 
001465 	341 	90 	108 	109 
001466 	341 	90 	108 	109 
001467 	341 	90 	108 	109 
001468 	341 	90 	108 	109 
001469 	341 	90 	108 	109 
001470 	341 	90 	108 	109 
001471 	341 	90 	108 	109 
001472 	341 	102 	108 	109 
001473 	341 	102 	108 	109 
001474 	341 	102 	108 	109 
001475 	341 	102 	108 	109 
001476 	341 	102 	108 	109 
001477 	341 	102 	108 	109 
001478 	341 	102 	108 	109 
001479 	341 	102 	108 	109 
001480 	341 	102 	108 	109 
001481 	341 	102 	108 	109 
001482 	341 	102 	108 	109 
001483 	341 	102 	108 	109 
001484 	341 	102 	108 	109 
001485 	341 	102 	108 	109 
001486 	341 	102 	108 	109 
001487 	341 	102 	108 	109 
001488 	341 	102 	108 	109 
001489 	341 	102 	108 	109 
001490 	341 	102 	108 	109 
001491 	341 	102 	108 	109 
001492 	341 	102 	108 	109 
001493 	341 	102 	108 	109 
001494 	341 	102 	108 	109 
001495 	341 	102 	108 	109 
001496 	341 	102 	108 	109 
001497 	341 	102 	108 	109 
001498 	341 	102 	108 	109 
001499 	341 	102 	108 	109 
001500 	341 	102 	108 	109 
001501 	341 	102 	108 	109 
001502 	341 	102 	108 	109 
001503 	341 	102 	108 	109 
001504 	341 	102 	108 	109 
001505 	341 	102 	108 	109 
001506 	341 	102 	108 	109 
001507 	341 	102 	108 	109 
001508 	341 	102 	108 	109 
001509 	341 	102 	108 	109 
001510 	341 	102 	108 	109 
001511 	341 	102 	108 	109 
001512 	341 	102 	108 	109 
001513 	341 	102 	108 	109 
001514 	341 	102 	108 	109 
001515 	341 	102 	108 	109 
001516 	341 	102 	108 	109 
001517 	341 	102 	108 	109 
001518 	341 	102 	108 	109 
001519 	341 	102 	108 	109 
001520 	341 	102 	108 	109 
001521 	341 	102 	108 	109 
001522 	341 	102 	108 	109 
001523 	341 	102 	108 	109 
001524 	341 	102 	108 	109 
001525 	341 	102 	108 	109 
001526 	341 	102 	108 	109 
001527 	341 	102 	108 	109 
001528 	329 	102 	108 	109 
001529 	329 	102 	108 	109 
001530 	329 	102 	108 	109 
001531 	329 	102 	108 	109 
001532 	329 	102 	108 	109 
001533 	329 	102 	108 	109 
001534 	329 	102 	108 	109 
001535 	329 	102 	108 	109 
001536 	329 	102 	108 	109 
001537 	329 	102 	108 	109 
001538 	329 	102 	108 	109 
001539 	329 	102 	108 	109 
001540 	329 	102 	108 	109 
001541 	329 	102 	108 	109 
001542 	329 	102 	108 	109 
001543 	329 	102 	108 	109 
001544 	329 	102 	108 	109 
001545 	329 	102 	108 	109 
001546 	329 	102 	108 	109 
001547 	329 	102 	108 	109 
001548 	329 	102 	108 	109 
001549 	329 	102 	108 	109 
001550 	329 	102 	108 	109 
001551 	329 	102 	108 	109 
001552 	329 	102 	108 	109 
001553 	329 	102 	108 	109 
001554 	329 	102 	108 	109 
001555 	329 	102 	108 	109 
001556 	329 	102 	108 	109 
001557 	329 	102 	108 	109 
001558 	329 	102 	108 	109 
001559 	329 	102 	108 	109 
001560 	329 	102 	108 	109 
001561 	329 	102 	108 	109 
001562 	329 	102 	108 	109 
001563 	329 	102 	108 	109 
001564 	329 	102 	108 	109 
001565 	329 	90 	108 	109 
001566 	329 	90 	108 	109 
001567 	329 	90 	108 	109 
001568 	329 	90 	108 	109 
001569 	329 	90 	108 	109 
001570 	329 	90 	108 	109 
001571 	329 	90 	108 	109 
001572 	329 	90 	108 	109 
001573 	329 	90 	108 	109 
001574 	329 	90 	108 	109 
001575 	329 	90 	108 	109 
001576 	329 	90 	108 	109 
001577 	329 	90 	108 	109 
001578 	329 	90 	108 	109 
001579 	329 	102 	108 	109 
001580 	329 	102 	108 	109 
001581 	329 	102 	108 	109 
001582 	329 	102 	108 	109 
001583 	329 	102 	108 	109 
001584 	329 	102 	108 	109 
001585 	341 	102 	108 	109 
001586 	341 	102 	108 	109 
001587 	341 	102 	108 	109 
001588 	341 	102 	108 	109 
001589 	341 	102 	108 	109 
001590 	341 	102 	108 	109 
001591 	341 	102 	108 	109 
001592 	341 	102 	108 	109 
001593 	341 	102 	108 	109 
001594 	341 	90 	108 	109 
001595 	341 	90 	108 	109 
001596 	341 	90 	108 	109 
001597 	341 	90 	108 	109 
001598 	341 	90 	108 	109 
001599 	341 	90 	108 	109 
001600 	341 	90 	108 	109 
001601 	341 	90 	108 	109 
001602 	341 	90 	108 	109 
001603 	341 	90 	108 	109 
001604 	341 	90 	108 	109 
001605 	341 	90 	108 	109 
001606 	341 	90 	108 	109 
001607 	341 	90 	108 	109 
001608 	341 	90 	108 	109 
001609 	341 	90 	108 	109 
001610 	341 	90 	108 	109 
001611 	341 	90 	108 	109 
001612 	341 	90 	108 	109 
001613 	341 	102 	108 	109 
001614 	329 	90 	108 	109 
001615 	329 	90 	108 	109 
001616 	329 	90 	108 	109 
001617 	329 	90 	108 	109 
001618 	329 	90 	108 	109 
001619 	329 	90 	108 	109 
001620 	329 	90 	108 	109 
001621 	329 	90 	108 	109 
001622 	329 	90 	108 	109 
001623 	329 	90 	108 	109 
001624 	329 	90 	108 	109 
001625 	329 	90 	108 	109 
001626 	329 	90 	108 	109 
001627 	329 	90 	108 	109 
001628 	329 	90 	108 	109 
001629 	329 	90 	108 	109 
001630 	329 	90 	108 	109 
001631 	329 	90 	108 	109 
001632 	329 	90 	108 	109 
001633 	329 	90 	108 	109 
001634 	329 	90 	108 	109 
001635 	329 	90 	108 	109 
001636 	329 	90 	108 	109 
001637 	329 	90 	108 	109 
001638 	329 	90 	108 	109 
001639 	329 	90 	108 	109 
001640 	329 	90 	108 	109 
001641 	329 	90 	108 	109 
001642 	329 	90 	108 	109 
001643 	329 	90 	108 	109 
001644 	329 	90 	108 	109 
001645 	329 	90 	108 	109 
001646 	329 	90 	108 	109 
001647 	329 	90 	108 	109 
001648 	329 	90 	108 	109 
001649 	329 	90 	108 	109 
001650 	329 	90 	108 	109 
001651 	329 	90 	108 	109 
001652 	329 	90 	108 	109 
001653 	329 	90 	108 	109 
001654 	329 	90 	108 	109 
001655 	329 	90 	108 	109 
001656 	329 	90 	108 	109 
001657 	329 	90 	108 	109 
001658 	329 	90 	108 	109 
001659 	329 	90 	108 	109 
001660 	329 	90 	108 	109 
001661 	329 	90 	108 	109 
001662 	329 	90 	108 	109 
001663 	329 	90 	108 	109 
001664 	329 	90 	108 	109 
001665 	329 	90 	108 	109 
001666 	329 	90 	108 	109 
001667 	329 	90 	108 	109 
001668 	329 	90 	108 	109 
001669 	323 	80 	130 	130 
001670 	323 	80 	130 	130 
001671 	323 	80 	130 	130 
001672 	323 	80 	130 	130 
001673 	323 	80 	130 	130 
001674 	323 	80 	130 	130 
001675 	323 	80 	130 	130 
001676 	323 	80 	130 	130 
001677 	323 	80 	130 	130 
001678 	323 	80 	130 	130 
001679 	341 	90 	108 	109 
001680 	341 	90 	108 	109 
001681 	341 	90 	108 	109 
001682 	341 	90 	108 	109 
001683 	341 	90 	108 	109 
001684 	341 	90 	108 	109 
001685 	341 	90 	108 	109 
001686 	341 	90 	108 	109 
001687 	341 	90 	108 	109 
001688 	341 	90 	108 	109 
001689 	341 	90 	108 	109 
001690 	341 	90 	108 	109 
001691 	341 	90 	108 	109 
001692 	341 	90 	108 	109 
001693 	341 	90 	108 	109 
001694 	341 	90 	108 	109 
001695 	341 	90 	108 	109 
001696 	341 	90 	108 	109 
001697 	341 	90 	108 	109 
001698 	341 	90 	108 	109 
001699 	341 	90 	108 	109 
001700 	341 	90 	108 	109 
001701 	341 	90 	108 	109 
001702 	341 	90 	108 	109 
001703 	341 	90 	108 	109 
001704 	341 	90 	108 	109 
001705 	341 	90 	108 	109 
001706 	341 	78 	108 	109 
001707 	341 	78 	108 	109 
001708 	341 	78 	108 	109 
001709 	341 	78 	108 	109 
001710 	341 	78 	108 	109 
001711 	341 	78 	108 	109 
001712 	341 	78 	108 	109 
001713 	341 	78 	108 	109 
001714 	341 	78 	108 	109 
001715 	341 	78 	108 	109 
001716 	341 	78 	108 	109 
001717 	341 	78 	108 	109 
001718 	341 	78 	108 	109 
001719 	341 	78 	108 	109 
001720 	341 	78 	108 	109 
001721 	353 	78 	108 	109 
001722 	353 	78 	108 	109 
