Identity  : 	id10276
Reference : 	AeZoMAJ4Ejs
Offset    : 	1
FV Conf   : 	21.175
ASD Conf  : 	6.460

FRAME 	X 	Y 	W 	H 
003816 	317 	90 	108 	109 
003817 	329 	78 	108 	109 
003818 	329 	90 	108 	109 
003819 	329 	90 	108 	109 
003820 	329 	90 	108 	109 
003821 	329 	90 	108 	109 
003822 	329 	90 	108 	109 
003823 	329 	78 	108 	109 
003824 	329 	90 	108 	109 
003825 	329 	90 	108 	109 
003826 	329 	78 	108 	109 
003827 	329 	78 	108 	109 
003828 	329 	90 	108 	109 
003829 	333 	95 	91 	91 
003830 	329 	90 	108 	109 
003831 	329 	90 	108 	109 
003832 	329 	90 	108 	109 
003833 	329 	90 	108 	109 
003834 	317 	90 	108 	109 
003835 	317 	90 	108 	109 
003836 	329 	90 	108 	109 
003837 	329 	90 	108 	109 
003838 	329 	90 	108 	109 
003839 	329 	90 	108 	109 
003840 	329 	90 	108 	109 
003841 	329 	90 	108 	109 
003842 	329 	90 	108 	109 
003843 	329 	90 	108 	109 
003844 	329 	90 	108 	109 
003845 	329 	90 	108 	109 
003846 	329 	90 	108 	109 
003847 	329 	90 	108 	109 
003848 	329 	90 	108 	109 
003849 	333 	95 	91 	91 
003850 	329 	90 	108 	109 
003851 	329 	90 	108 	109 
003852 	329 	90 	108 	109 
003853 	329 	90 	108 	109 
003854 	329 	90 	108 	109 
003855 	329 	90 	108 	109 
003856 	329 	90 	108 	109 
003857 	329 	90 	108 	109 
003858 	329 	90 	108 	109 
003859 	329 	90 	108 	109 
003860 	341 	90 	108 	109 
003861 	343 	95 	91 	91 
003862 	341 	90 	108 	109 
003863 	341 	90 	108 	109 
003864 	341 	90 	108 	109 
003865 	341 	90 	108 	109 
003866 	341 	90 	108 	109 
003867 	341 	90 	108 	109 
003868 	341 	90 	108 	109 
003869 	341 	90 	108 	109 
003870 	353 	90 	108 	109 
003871 	353 	90 	108 	109 
003872 	337 	80 	130 	130 
003873 	341 	78 	108 	109 
003874 	341 	78 	108 	109 
003875 	341 	78 	108 	109 
003876 	341 	78 	108 	109 
003877 	341 	78 	108 	109 
003878 	341 	78 	108 	109 
003879 	341 	78 	108 	109 
003880 	341 	78 	108 	109 
003881 	341 	78 	108 	109 
003882 	341 	78 	108 	109 
003883 	341 	90 	108 	109 
003884 	341 	90 	108 	109 
003885 	341 	90 	108 	109 
003886 	341 	90 	108 	109 
003887 	341 	90 	108 	109 
003888 	341 	90 	108 	109 
003889 	329 	90 	108 	109 
003890 	329 	90 	108 	109 
003891 	329 	90 	108 	109 
003892 	329 	90 	108 	109 
003893 	329 	90 	108 	109 
003894 	329 	90 	108 	109 
003895 	329 	90 	108 	109 
003896 	329 	90 	108 	109 
003897 	329 	90 	108 	109 
003898 	329 	90 	108 	109 
003899 	329 	90 	108 	109 
003900 	329 	90 	108 	109 
003901 	329 	90 	108 	109 
003902 	329 	90 	108 	109 
003903 	329 	90 	108 	109 
003904 	329 	90 	108 	109 
003905 	329 	90 	108 	109 
003906 	329 	90 	108 	109 
003907 	329 	90 	108 	109 
003908 	329 	90 	108 	109 
003909 	329 	90 	108 	109 
003910 	329 	90 	108 	109 
003911 	329 	90 	108 	109 
003912 	329 	90 	108 	109 
003913 	329 	90 	108 	109 
003914 	329 	90 	108 	109 
003915 	329 	90 	108 	109 
003916 	329 	90 	108 	109 
003917 	329 	90 	108 	109 
003918 	329 	90 	108 	109 
003919 	329 	90 	108 	109 
003920 	329 	90 	108 	109 
003921 	329 	90 	108 	109 
003922 	329 	90 	108 	109 
003923 	329 	90 	108 	109 
003924 	329 	90 	108 	109 
003925 	329 	90 	108 	109 
003926 	329 	90 	108 	109 
003927 	329 	90 	108 	109 
003928 	329 	90 	108 	109 
003929 	329 	90 	108 	109 
003930 	329 	90 	108 	109 
003931 	329 	90 	108 	109 
003932 	329 	90 	108 	109 
003933 	329 	90 	108 	109 
003934 	329 	90 	108 	109 
003935 	329 	90 	108 	109 
003936 	329 	90 	108 	109 
003937 	329 	90 	108 	109 
003938 	329 	90 	108 	109 
003939 	329 	90 	108 	109 
003940 	329 	90 	108 	109 
003941 	329 	90 	108 	109 
003942 	329 	90 	108 	109 
003943 	329 	90 	108 	109 
003944 	329 	90 	108 	109 
003945 	329 	90 	108 	109 
003946 	329 	90 	108 	109 
003947 	329 	90 	108 	109 
003948 	329 	90 	108 	109 
003949 	329 	90 	108 	109 
003950 	329 	90 	108 	109 
003951 	329 	90 	108 	109 
003952 	329 	90 	108 	109 
003953 	329 	78 	108 	109 
003954 	329 	90 	108 	109 
003955 	329 	90 	108 	109 
003956 	329 	90 	108 	109 
003957 	329 	90 	108 	109 
003958 	329 	90 	108 	109 
003959 	329 	90 	108 	109 
003960 	329 	90 	108 	109 
003961 	329 	90 	108 	109 
003962 	329 	78 	108 	109 
003963 	329 	78 	108 	109 
003964 	329 	78 	108 	109 
003965 	329 	78 	108 	109 
003966 	329 	78 	108 	109 
003967 	329 	78 	108 	109 
003968 	329 	78 	108 	109 
003969 	329 	78 	108 	109 
003970 	329 	78 	108 	109 
003971 	329 	78 	108 	109 
003972 	329 	78 	108 	109 
003973 	329 	78 	108 	109 
003974 	329 	78 	108 	109 
003975 	329 	78 	108 	109 
003976 	329 	78 	108 	109 
003977 	329 	78 	108 	109 
003978 	329 	78 	108 	109 
003979 	329 	78 	108 	109 
003980 	329 	90 	108 	109 
003981 	329 	90 	108 	109 
003982 	329 	90 	108 	109 
003983 	329 	78 	108 	109 
003984 	329 	78 	108 	109 
003985 	329 	78 	108 	109 
003986 	329 	78 	108 	109 
003987 	329 	78 	108 	109 
003988 	329 	78 	108 	109 
003989 	323 	66 	130 	130 
003990 	323 	66 	130 	130 
003991 	323 	66 	130 	130 
003992 	323 	66 	130 	130 
003993 	323 	66 	130 	130 
003994 	341 	66 	108 	109 
003995 	341 	66 	108 	109 
003996 	341 	66 	108 	109 
003997 	341 	66 	108 	109 
003998 	341 	66 	108 	109 
003999 	341 	66 	108 	109 
004000 	337 	66 	130 	130 
004001 	337 	66 	130 	130 
004002 	337 	66 	130 	130 
004003 	353 	66 	108 	109 
004004 	353 	66 	108 	109 
004005 	353 	66 	108 	109 
004006 	353 	66 	108 	109 
004007 	365 	66 	108 	109 
004008 	365 	66 	108 	109 
004009 	365 	66 	108 	109 
004010 	365 	66 	108 	109 
004011 	365 	66 	108 	109 
004012 	365 	66 	108 	109 
004013 	365 	66 	108 	109 
004014 	376 	66 	109 	109 
004015 	376 	66 	109 	109 
004016 	376 	66 	109 	109 
004017 	376 	66 	109 	109 
004018 	376 	66 	109 	109 
004019 	376 	66 	109 	109 
004020 	376 	66 	109 	109 
004021 	366 	51 	130 	130 
004022 	376 	54 	109 	109 
004023 	376 	54 	109 	109 
004024 	388 	54 	109 	109 
004025 	388 	54 	109 	109 
004026 	380 	51 	130 	130 
004027 	380 	51 	130 	130 
