Identity  : 	id10276
Reference : 	AeZoMAJ4Ejs
Offset    : 	0
FV Conf   : 	21.670
ASD Conf  : 	6.905

FRAME 	X 	Y 	W 	H 
006594 	329 	90 	108 	109 
006595 	329 	90 	108 	109 
006596 	329 	90 	108 	109 
006597 	329 	90 	108 	109 
006598 	329 	90 	108 	109 
006599 	329 	90 	108 	109 
006600 	329 	90 	108 	109 
006601 	329 	90 	108 	109 
006602 	329 	90 	108 	109 
006603 	329 	90 	108 	109 
006604 	329 	90 	108 	109 
006605 	329 	90 	108 	109 
006606 	329 	90 	108 	109 
006607 	329 	90 	108 	109 
006608 	329 	90 	108 	109 
006609 	329 	90 	108 	109 
006610 	329 	90 	108 	109 
006611 	329 	90 	108 	109 
006612 	329 	90 	108 	109 
006613 	329 	90 	108 	109 
006614 	329 	90 	108 	109 
006615 	329 	90 	108 	109 
006616 	329 	90 	108 	109 
006617 	329 	90 	108 	109 
006618 	329 	90 	108 	109 
006619 	329 	90 	108 	109 
006620 	329 	90 	108 	109 
006621 	329 	90 	108 	109 
006622 	329 	90 	108 	109 
006623 	329 	90 	108 	109 
006624 	329 	90 	108 	109 
006625 	329 	90 	108 	109 
006626 	329 	90 	108 	109 
006627 	329 	90 	108 	109 
006628 	329 	90 	108 	109 
006629 	329 	90 	108 	109 
006630 	329 	90 	108 	109 
006631 	329 	90 	108 	109 
006632 	329 	90 	108 	109 
006633 	329 	90 	108 	109 
006634 	329 	90 	108 	109 
006635 	329 	90 	108 	109 
006636 	329 	90 	108 	109 
006637 	329 	90 	108 	109 
006638 	329 	90 	108 	109 
006639 	329 	90 	108 	109 
006640 	333 	95 	91 	91 
006641 	333 	95 	91 	91 
006642 	333 	95 	91 	91 
006643 	317 	90 	108 	109 
006644 	317 	90 	108 	109 
006645 	317 	90 	108 	109 
006646 	317 	90 	108 	109 
006647 	317 	90 	108 	109 
006648 	294 	80 	130 	130 
006649 	294 	80 	130 	130 
006650 	305 	90 	108 	109 
006651 	305 	90 	108 	109 
006652 	305 	90 	108 	109 
006653 	305 	90 	108 	109 
006654 	305 	90 	108 	109 
006655 	305 	90 	108 	109 
006656 	305 	90 	108 	109 
006657 	305 	90 	108 	109 
006658 	305 	90 	108 	109 
006659 	305 	90 	108 	109 
006660 	305 	90 	108 	109 
006661 	305 	90 	108 	109 
006662 	305 	90 	108 	109 
006663 	305 	90 	108 	109 
006664 	305 	90 	108 	109 
006665 	305 	90 	108 	109 
006666 	305 	90 	108 	109 
006667 	305 	90 	108 	109 
006668 	305 	90 	108 	109 
006669 	294 	80 	130 	130 
006670 	317 	90 	108 	109 
006671 	317 	90 	108 	109 
006672 	317 	90 	108 	109 
006673 	317 	90 	108 	109 
006674 	317 	90 	108 	109 
006675 	309 	66 	130 	130 
006676 	329 	90 	108 	109 
006677 	329 	90 	108 	109 
006678 	329 	90 	108 	109 
006679 	329 	90 	108 	109 
006680 	329 	90 	108 	109 
006681 	341 	90 	108 	109 
006682 	341 	90 	108 	109 
006683 	341 	90 	108 	109 
006684 	341 	90 	108 	109 
006685 	341 	90 	108 	109 
006686 	341 	90 	108 	109 
006687 	341 	90 	108 	109 
006688 	341 	90 	108 	109 
006689 	341 	90 	108 	109 
006690 	341 	90 	108 	109 
006691 	341 	90 	108 	109 
006692 	341 	90 	108 	109 
006693 	341 	90 	108 	109 
006694 	341 	90 	108 	109 
006695 	343 	95 	91 	91 
006696 	329 	90 	108 	109 
006697 	329 	90 	108 	109 
006698 	329 	90 	108 	109 
006699 	329 	90 	108 	109 
006700 	333 	95 	91 	91 
006701 	317 	90 	108 	109 
006702 	317 	90 	108 	109 
006703 	317 	90 	108 	109 
006704 	317 	90 	108 	109 
006705 	317 	90 	108 	109 
006706 	317 	90 	108 	109 
006707 	317 	90 	108 	109 
006708 	317 	90 	108 	109 
006709 	317 	90 	108 	109 
006710 	317 	90 	108 	109 
006711 	317 	90 	108 	109 
006712 	317 	90 	108 	109 
006713 	317 	90 	108 	109 
006714 	317 	90 	108 	109 
006715 	317 	90 	108 	109 
006716 	317 	90 	108 	109 
006717 	317 	90 	108 	109 
006718 	317 	90 	108 	109 
006719 	317 	90 	108 	109 
006720 	317 	90 	108 	109 
006721 	317 	90 	108 	109 
006722 	317 	90 	108 	109 
006723 	317 	90 	108 	109 
006724 	317 	90 	108 	109 
006725 	317 	90 	108 	109 
006726 	317 	90 	108 	109 
006727 	317 	90 	108 	109 
006728 	317 	90 	108 	109 
006729 	317 	90 	108 	109 
006730 	317 	90 	108 	109 
006731 	317 	90 	108 	109 
006732 	317 	90 	108 	109 
006733 	309 	80 	130 	130 
006734 	333 	95 	91 	91 
006735 	329 	90 	108 	109 
006736 	329 	90 	108 	109 
006737 	333 	95 	91 	91 
006738 	333 	95 	91 	91 
006739 	333 	95 	91 	91 
006740 	317 	90 	108 	109 
006741 	317 	90 	108 	109 
006742 	317 	90 	108 	109 
006743 	317 	90 	108 	109 
006744 	317 	90 	108 	109 
006745 	317 	90 	108 	109 
006746 	317 	90 	108 	109 
006747 	317 	90 	108 	109 
006748 	317 	90 	108 	109 
006749 	317 	90 	108 	109 
006750 	317 	90 	108 	109 
006751 	317 	90 	108 	109 
006752 	317 	90 	108 	109 
006753 	317 	90 	108 	109 
006754 	317 	90 	108 	109 
006755 	317 	90 	108 	109 
006756 	317 	90 	108 	109 
006757 	317 	90 	108 	109 
006758 	317 	90 	108 	109 
006759 	317 	90 	108 	109 
006760 	317 	90 	108 	109 
006761 	317 	90 	108 	109 
006762 	317 	90 	108 	109 
006763 	317 	90 	108 	109 
006764 	317 	90 	108 	109 
006765 	317 	90 	108 	109 
006766 	317 	90 	108 	109 
006767 	317 	90 	108 	109 
006768 	317 	90 	108 	109 
006769 	329 	90 	108 	109 
006770 	329 	90 	108 	109 
006771 	329 	90 	108 	109 
