Identity  : 	id10309
Reference : 	qFrRfhWombs
Offset    : 	-2
FV Conf   : 	14.951
ASD Conf  : 	7.030

FRAME 	X 	Y 	W 	H 
000840 	383 	85 	91 	91 
000841 	383 	85 	91 	91 
000842 	383 	85 	91 	91 
000843 	383 	85 	91 	91 
000844 	383 	85 	91 	91 
000845 	383 	85 	91 	91 
000846 	383 	85 	91 	91 
000847 	383 	85 	91 	91 
000848 	383 	85 	91 	91 
000849 	376 	78 	109 	109 
000850 	376 	78 	109 	109 
000851 	376 	78 	109 	109 
000852 	376 	78 	109 	109 
000853 	383 	85 	91 	91 
000854 	383 	85 	91 	91 
000855 	376 	66 	109 	109 
000856 	376 	66 	109 	109 
000857 	376 	66 	109 	109 
000858 	376 	66 	109 	109 
000859 	376 	66 	109 	109 
000860 	376 	66 	109 	109 
000861 	376 	66 	109 	109 
000862 	376 	66 	109 	109 
000863 	376 	66 	109 	109 
000864 	376 	66 	109 	109 
000865 	376 	66 	109 	109 
000866 	376 	66 	109 	109 
000867 	383 	85 	91 	91 
000868 	383 	85 	91 	91 
000869 	383 	85 	91 	91 
000870 	393 	85 	91 	91 
000871 	393 	85 	91 	91 
000872 	393 	85 	91 	91 
000873 	393 	85 	91 	91 
000874 	393 	85 	91 	91 
000875 	393 	85 	91 	91 
000876 	393 	85 	91 	91 
000877 	393 	85 	91 	91 
000878 	393 	85 	91 	91 
000879 	393 	85 	91 	91 
000880 	393 	85 	91 	91 
000881 	393 	85 	91 	91 
000882 	393 	85 	91 	91 
000883 	376 	66 	109 	109 
000884 	376 	66 	109 	109 
000885 	376 	66 	109 	109 
000886 	376 	66 	109 	109 
000887 	376 	66 	109 	109 
000888 	376 	66 	109 	109 
000889 	376 	66 	109 	109 
000890 	376 	66 	109 	109 
000891 	376 	66 	109 	109 
000892 	393 	75 	91 	91 
000893 	376 	66 	109 	109 
000894 	376 	66 	109 	109 
000895 	393 	75 	91 	91 
000896 	393 	75 	91 	91 
000897 	393 	75 	91 	91 
000898 	393 	75 	91 	91 
000899 	393 	75 	91 	91 
000900 	393 	75 	91 	91 
000901 	393 	85 	91 	91 
000902 	393 	85 	91 	91 
000903 	393 	85 	91 	91 
000904 	393 	85 	91 	91 
000905 	393 	85 	91 	91 
000906 	393 	85 	91 	91 
000907 	393 	85 	91 	91 
000908 	393 	85 	91 	91 
000909 	393 	85 	91 	91 
000910 	393 	85 	91 	91 
000911 	393 	75 	91 	91 
000912 	393 	75 	91 	91 
000913 	393 	75 	91 	91 
000914 	393 	75 	91 	91 
000915 	393 	75 	91 	91 
000916 	393 	75 	91 	91 
000917 	393 	75 	91 	91 
000918 	393 	75 	91 	91 
000919 	393 	75 	91 	91 
000920 	393 	75 	91 	91 
000921 	393 	75 	91 	91 
000922 	393 	75 	91 	91 
000923 	393 	75 	91 	91 
000924 	393 	75 	91 	91 
000925 	393 	75 	91 	91 
000926 	393 	75 	91 	91 
000927 	393 	75 	91 	91 
000928 	393 	75 	91 	91 
000929 	393 	75 	91 	91 
000930 	393 	75 	91 	91 
000931 	393 	75 	91 	91 
000932 	393 	75 	91 	91 
000933 	393 	75 	91 	91 
000934 	393 	75 	91 	91 
000935 	393 	75 	91 	91 
000936 	393 	75 	91 	91 
000937 	393 	75 	91 	91 
000938 	393 	75 	91 	91 
000939 	393 	75 	91 	91 
000940 	393 	75 	91 	91 
000941 	393 	75 	91 	91 
000942 	393 	75 	91 	91 
000943 	393 	75 	91 	91 
000944 	393 	75 	91 	91 
000945 	393 	75 	91 	91 
000946 	393 	75 	91 	91 
000947 	393 	75 	91 	91 
000948 	393 	75 	91 	91 
000949 	393 	75 	91 	91 
000950 	393 	75 	91 	91 
000951 	393 	85 	91 	91 
000952 	376 	78 	109 	109 
000953 	376 	78 	109 	109 
000954 	383 	85 	91 	91 
000955 	383 	85 	91 	91 
000956 	365 	78 	108 	109 
000957 	365 	78 	108 	109 
000958 	373 	85 	91 	91 
000959 	373 	85 	91 	91 
000960 	373 	85 	91 	91 
000961 	373 	85 	91 	91 
000962 	383 	85 	91 	91 
000963 	383 	85 	91 	91 
000964 	383 	85 	91 	91 
000965 	393 	85 	91 	91 
000966 	393 	85 	91 	91 
000967 	393 	85 	91 	91 
000968 	393 	85 	91 	91 
000969 	376 	78 	109 	109 
000970 	383 	85 	91 	91 
000971 	383 	85 	91 	91 
000972 	383 	85 	91 	91 
000973 	376 	78 	109 	109 
000974 	393 	85 	91 	91 
000975 	393 	85 	91 	91 
000976 	403 	85 	91 	91 
000977 	403 	85 	91 	91 
000978 	413 	85 	91 	91 
000979 	413 	85 	91 	91 
000980 	403 	85 	91 	91 
000981 	403 	75 	91 	91 
000982 	403 	75 	91 	91 
000983 	403 	75 	91 	91 
000984 	403 	75 	91 	91 
000985 	403 	75 	91 	91 
000986 	403 	85 	91 	91 
000987 	403 	85 	91 	91 
000988 	388 	66 	109 	109 
000989 	393 	75 	91 	91 
000990 	393 	75 	91 	91 
000991 	376 	66 	109 	109 
000992 	376 	66 	109 	109 
000993 	383 	75 	91 	91 
000994 	383 	85 	91 	91 
000995 	383 	85 	91 	91 
000996 	383 	85 	91 	91 
000997 	383 	85 	91 	91 
000998 	383 	85 	91 	91 
000999 	383 	85 	91 	91 
001000 	383 	85 	91 	91 
001001 	383 	85 	91 	91 
001002 	383 	85 	91 	91 
001003 	383 	85 	91 	91 
001004 	383 	85 	91 	91 
001005 	383 	85 	91 	91 
001006 	376 	78 	109 	109 
001007 	393 	85 	91 	91 
001008 	393 	85 	91 	91 
001009 	393 	85 	91 	91 
001010 	393 	85 	91 	91 
001011 	393 	85 	91 	91 
001012 	393 	85 	91 	91 
001013 	393 	85 	91 	91 
001014 	393 	85 	91 	91 
001015 	393 	85 	91 	91 
001016 	393 	85 	91 	91 
001017 	393 	85 	91 	91 
001018 	393 	85 	91 	91 
001019 	393 	85 	91 	91 
001020 	393 	85 	91 	91 
001021 	393 	85 	91 	91 
001022 	393 	85 	91 	91 
001023 	388 	78 	109 	109 
001024 	388 	78 	109 	109 
001025 	393 	95 	91 	91 
001026 	393 	95 	91 	91 
001027 	393 	95 	91 	91 
001028 	393 	95 	91 	91 
001029 	393 	95 	91 	91 
001030 	393 	95 	91 	91 
001031 	393 	95 	91 	91 
001032 	393 	95 	91 	91 
001033 	393 	95 	91 	91 
001034 	388 	90 	109 	109 
001035 	388 	102 	109 	109 
001036 	388 	102 	109 	109 
001037 	393 	105 	91 	91 
001038 	393 	105 	91 	91 
001039 	393 	105 	91 	91 
001040 	393 	105 	91 	91 
001041 	393 	115 	91 	91 
001042 	393 	115 	91 	91 
001043 	393 	115 	91 	91 
001044 	393 	115 	91 	91 
001045 	393 	105 	91 	91 
001046 	383 	105 	91 	91 
001047 	383 	105 	91 	91 
001048 	383 	105 	91 	91 
001049 	376 	90 	109 	109 
001050 	393 	105 	91 	91 
001051 	393 	105 	91 	91 
001052 	393 	105 	91 	91 
001053 	402 	112 	76 	76 
001054 	403 	105 	91 	91 
001055 	403 	105 	91 	91 
001056 	403 	105 	91 	91 
001057 	403 	105 	91 	91 
001058 	403 	105 	91 	91 
001059 	403 	105 	91 	91 
001060 	403 	105 	91 	91 
001061 	403 	105 	91 	91 
001062 	403 	105 	91 	91 
001063 	403 	105 	91 	91 
001064 	403 	115 	91 	91 
001065 	393 	105 	91 	91 
001066 	393 	105 	91 	91 
001067 	376 	90 	109 	109 
001068 	383 	105 	91 	91 
001069 	383 	105 	91 	91 
001070 	383 	105 	91 	91 
001071 	383 	95 	91 	91 
001072 	383 	105 	91 	91 
001073 	383 	95 	91 	91 
001074 	383 	95 	91 	91 
001075 	383 	95 	91 	91 
001076 	383 	95 	91 	91 
001077 	383 	95 	91 	91 
001078 	383 	105 	91 	91 
001079 	383 	105 	91 	91 
001080 	383 	105 	91 	91 
001081 	383 	105 	91 	91 
001082 	383 	105 	91 	91 
001083 	383 	105 	91 	91 
001084 	383 	105 	91 	91 
001085 	383 	115 	91 	91 
001086 	383 	115 	91 	91 
001087 	376 	102 	109 	109 
001088 	393 	115 	91 	91 
001089 	393 	115 	91 	91 
001090 	393 	115 	91 	91 
001091 	393 	115 	91 	91 
001092 	393 	115 	91 	91 
001093 	393 	115 	91 	91 
001094 	393 	115 	91 	91 
001095 	393 	115 	91 	91 
001096 	393 	115 	91 	91 
001097 	393 	115 	91 	91 
001098 	393 	115 	91 	91 
001099 	393 	115 	91 	91 
001100 	393 	115 	91 	91 
001101 	393 	115 	91 	91 
001102 	393 	115 	91 	91 
001103 	393 	115 	91 	91 
001104 	393 	115 	91 	91 
001105 	393 	115 	91 	91 
