Identity  : 	id10309
Reference : 	0b1inHMAr6o
Offset    : 	-2
FV Conf   : 	14.511
ASD Conf  : 	8.478

FRAME 	X 	Y 	W 	H 
001054 	184 	55 	91 	91 
001055 	184 	55 	91 	91 
001056 	194 	55 	91 	91 
001057 	184 	55 	91 	91 
001058 	184 	55 	91 	91 
001059 	184 	55 	91 	91 
001060 	184 	55 	91 	91 
001061 	184 	55 	91 	91 
001062 	184 	55 	91 	91 
001063 	184 	55 	91 	91 
001064 	184 	55 	91 	91 
001065 	184 	55 	91 	91 
001066 	184 	55 	91 	91 
001067 	184 	55 	91 	91 
001068 	184 	55 	91 	91 
001069 	184 	55 	91 	91 
001070 	194 	55 	91 	91 
001071 	194 	55 	91 	91 
001072 	194 	55 	91 	91 
001073 	194 	55 	91 	91 
001074 	194 	55 	91 	91 
001075 	194 	45 	91 	91 
001076 	194 	45 	91 	91 
001077 	194 	45 	91 	91 
001078 	194 	45 	91 	91 
001079 	194 	45 	91 	91 
001080 	194 	45 	91 	91 
001081 	184 	45 	91 	91 
001082 	184 	45 	91 	91 
001083 	184 	45 	91 	91 
001084 	184 	45 	91 	91 
001085 	173 	43 	109 	108 
001086 	174 	55 	91 	91 
001087 	174 	55 	91 	91 
001088 	174 	55 	91 	91 
001089 	164 	65 	91 	91 
001090 	164 	65 	91 	91 
001091 	164 	65 	91 	91 
001092 	164 	55 	91 	91 
001093 	164 	55 	91 	91 
001094 	164 	55 	91 	91 
001095 	164 	55 	91 	91 
001096 	164 	55 	91 	91 
001097 	164 	55 	91 	91 
001098 	164 	55 	91 	91 
001099 	174 	45 	91 	91 
001100 	174 	45 	91 	91 
001101 	174 	55 	91 	91 
001102 	174 	55 	91 	91 
001103 	173 	54 	109 	109 
001104 	184 	65 	91 	91 
001105 	184 	65 	91 	91 
001106 	184 	65 	91 	91 
001107 	184 	65 	91 	91 
001108 	194 	65 	91 	91 
001109 	185 	54 	109 	109 
001110 	184 	65 	91 	91 
001111 	184 	55 	91 	91 
001112 	184 	55 	91 	91 
001113 	184 	55 	91 	91 
001114 	173 	43 	109 	108 
001115 	174 	55 	91 	91 
001116 	174 	55 	91 	91 
001117 	174 	55 	91 	91 
001118 	174 	55 	91 	91 
001119 	174 	55 	91 	91 
001120 	174 	55 	91 	91 
001121 	174 	45 	91 	91 
001122 	174 	45 	91 	91 
001123 	174 	45 	91 	91 
001124 	174 	45 	91 	91 
001125 	174 	45 	91 	91 
001126 	174 	45 	91 	91 
001127 	174 	55 	91 	91 
001128 	174 	55 	91 	91 
001129 	174 	55 	91 	91 
001130 	174 	55 	91 	91 
001131 	174 	55 	91 	91 
001132 	174 	55 	91 	91 
001133 	174 	45 	91 	91 
001134 	174 	45 	91 	91 
001135 	174 	45 	91 	91 
001136 	174 	45 	91 	91 
001137 	173 	43 	109 	108 
001138 	174 	55 	91 	91 
001139 	184 	55 	91 	91 
001140 	184 	55 	91 	91 
001141 	174 	55 	91 	91 
001142 	174 	55 	91 	91 
001143 	174 	45 	91 	91 
001144 	174 	45 	91 	91 
001145 	174 	45 	91 	91 
001146 	174 	45 	91 	91 
001147 	184 	45 	91 	91 
001148 	184 	45 	91 	91 
001149 	184 	45 	91 	91 
001150 	184 	45 	91 	91 
001151 	184 	55 	91 	91 
001152 	184 	55 	91 	91 
001153 	184 	55 	91 	91 
001154 	184 	55 	91 	91 
001155 	184 	55 	91 	91 
001156 	184 	55 	91 	91 
001157 	184 	55 	91 	91 
001158 	173 	43 	109 	108 
001159 	173 	43 	109 	108 
001160 	174 	55 	91 	91 
001161 	174 	55 	91 	91 
001162 	174 	55 	91 	91 
001163 	174 	55 	91 	91 
001164 	174 	55 	91 	91 
001165 	174 	45 	91 	91 
001166 	174 	45 	91 	91 
001167 	174 	45 	91 	91 
001168 	174 	45 	91 	91 
001169 	174 	45 	91 	91 
001170 	161 	31 	109 	108 
001171 	161 	31 	109 	108 
001172 	164 	45 	91 	91 
001173 	164 	45 	91 	91 
001174 	164 	45 	91 	91 
001175 	164 	45 	91 	91 
001176 	164 	45 	91 	91 
001177 	164 	35 	91 	91 
001178 	154 	35 	91 	91 
001179 	154 	35 	91 	91 
001180 	154 	35 	91 	91 
001181 	154 	35 	91 	91 
001182 	154 	35 	91 	91 
001183 	154 	35 	91 	91 
001184 	154 	35 	91 	91 
001185 	154 	35 	91 	91 
001186 	154 	35 	91 	91 
001187 	154 	35 	91 	91 
001188 	154 	35 	91 	91 
001189 	154 	35 	91 	91 
001190 	154 	35 	91 	91 
001191 	164 	35 	91 	91 
001192 	164 	35 	91 	91 
001193 	164 	35 	91 	91 
001194 	164 	35 	91 	91 
001195 	164 	35 	91 	91 
001196 	164 	35 	91 	91 
001197 	164 	35 	91 	91 
001198 	164 	35 	91 	91 
001199 	164 	35 	91 	91 
001200 	164 	35 	91 	91 
001201 	154 	35 	91 	91 
001202 	154 	35 	91 	91 
001203 	154 	35 	91 	91 
001204 	154 	35 	91 	91 
001205 	154 	35 	91 	91 
001206 	154 	35 	91 	91 
001207 	154 	35 	91 	91 
001208 	154 	35 	91 	91 
001209 	154 	35 	91 	91 
001210 	154 	35 	91 	91 
001211 	154 	35 	91 	91 
001212 	150 	31 	108 	108 
001213 	154 	45 	91 	91 
001214 	154 	45 	91 	91 
001215 	154 	45 	91 	91 
001216 	154 	55 	91 	91 
001217 	154 	45 	91 	91 
001218 	154 	45 	91 	91 
001219 	154 	45 	91 	91 
001220 	154 	35 	91 	91 
001221 	154 	35 	91 	91 
001222 	154 	35 	91 	91 
001223 	154 	35 	91 	91 
001224 	150 	31 	108 	108 
001225 	164 	45 	91 	91 
001226 	164 	45 	91 	91 
001227 	164 	45 	91 	91 
001228 	164 	45 	91 	91 
001229 	164 	45 	91 	91 
001230 	164 	45 	91 	91 
001231 	150 	31 	108 	108 
001232 	154 	35 	91 	91 
001233 	154 	35 	91 	91 
001234 	154 	35 	91 	91 
001235 	154 	35 	91 	91 
001236 	154 	35 	91 	91 
001237 	154 	35 	91 	91 
001238 	154 	35 	91 	91 
001239 	154 	35 	91 	91 
001240 	154 	35 	91 	91 
001241 	154 	35 	91 	91 
001242 	144 	35 	91 	91 
001243 	154 	35 	91 	91 
001244 	154 	35 	91 	91 
001245 	154 	35 	91 	91 
001246 	154 	35 	91 	91 
001247 	154 	35 	91 	91 
001248 	154 	35 	91 	91 
001249 	154 	35 	91 	91 
001250 	164 	35 	91 	91 
001251 	164 	35 	91 	91 
001252 	164 	35 	91 	91 
001253 	164 	35 	91 	91 
001254 	164 	35 	91 	91 
001255 	164 	35 	91 	91 
001256 	164 	35 	91 	91 
001257 	164 	35 	91 	91 
001258 	164 	35 	91 	91 
001259 	164 	35 	91 	91 
001260 	164 	35 	91 	91 
001261 	154 	35 	91 	91 
001262 	154 	35 	91 	91 
001263 	154 	35 	91 	91 
001264 	154 	35 	91 	91 
001265 	154 	35 	91 	91 
001266 	154 	35 	91 	91 
001267 	144 	35 	91 	91 
001268 	144 	35 	91 	91 
001269 	144 	35 	91 	91 
001270 	144 	35 	91 	91 
001271 	144 	35 	91 	91 
001272 	144 	45 	91 	91 
001273 	134 	55 	91 	91 
