Identity  : 	id10285
Reference : 	uArtiTSTnSU
Offset    : 	-2
FV Conf   : 	15.702
ASD Conf  : 	8.050

FRAME 	X 	Y 	W 	H 
003426 	178 	62 	76 	76 
003427 	178 	62 	76 	76 
003428 	178 	62 	76 	76 
003429 	178 	62 	76 	76 
003430 	178 	62 	76 	76 
003431 	178 	62 	76 	76 
003432 	178 	62 	76 	76 
003433 	164 	55 	91 	91 
003434 	164 	55 	91 	91 
003435 	164 	55 	91 	91 
003436 	170 	62 	75 	76 
003437 	164 	55 	91 	91 
003438 	164 	55 	91 	91 
003439 	164 	55 	91 	91 
003440 	170 	62 	75 	76 
003441 	178 	62 	76 	76 
003442 	178 	62 	76 	76 
003443 	178 	62 	76 	76 
003444 	178 	62 	76 	76 
003445 	178 	62 	76 	76 
003446 	178 	62 	76 	76 
003447 	178 	62 	76 	76 
003448 	174 	55 	91 	91 
003449 	174 	55 	91 	91 
003450 	174 	55 	91 	91 
003451 	178 	62 	76 	76 
003452 	178 	62 	76 	76 
003453 	178 	62 	76 	76 
003454 	178 	62 	76 	76 
003455 	178 	62 	76 	76 
003456 	178 	62 	76 	76 
003457 	178 	62 	76 	76 
003458 	178 	62 	76 	76 
003459 	178 	62 	76 	76 
003460 	164 	55 	91 	91 
003461 	170 	62 	75 	76 
003462 	170 	62 	75 	76 
003463 	164 	55 	91 	91 
003464 	164 	55 	91 	91 
003465 	164 	55 	91 	91 
003466 	164 	55 	91 	91 
003467 	164 	55 	91 	91 
003468 	164 	55 	91 	91 
003469 	164 	55 	91 	91 
003470 	164 	55 	91 	91 
003471 	164 	55 	91 	91 
003472 	164 	55 	91 	91 
003473 	164 	55 	91 	91 
003474 	164 	55 	91 	91 
003475 	164 	55 	91 	91 
003476 	164 	55 	91 	91 
003477 	170 	62 	75 	76 
003478 	170 	62 	75 	76 
003479 	170 	62 	75 	76 
003480 	170 	62 	75 	76 
003481 	170 	62 	75 	76 
003482 	170 	62 	75 	76 
003483 	170 	62 	75 	76 
003484 	170 	62 	75 	76 
003485 	170 	62 	75 	76 
003486 	170 	71 	75 	75 
003487 	164 	55 	91 	91 
003488 	164 	55 	91 	91 
003489 	170 	62 	75 	76 
003490 	170 	62 	75 	76 
003491 	164 	55 	91 	91 
003492 	164 	55 	91 	91 
003493 	164 	55 	91 	91 
003494 	170 	62 	75 	76 
003495 	170 	62 	75 	76 
003496 	178 	62 	76 	76 
003497 	178 	62 	76 	76 
003498 	178 	62 	76 	76 
003499 	178 	62 	76 	76 
003500 	178 	62 	76 	76 
003501 	178 	62 	76 	76 
003502 	178 	62 	76 	76 
003503 	178 	62 	76 	76 
003504 	178 	62 	76 	76 
003505 	178 	62 	76 	76 
003506 	178 	62 	76 	76 
003507 	178 	62 	76 	76 
003508 	178 	62 	76 	76 
003509 	178 	62 	76 	76 
003510 	178 	62 	76 	76 
003511 	190 	73 	63 	63 
003512 	190 	73 	63 	63 
003513 	190 	73 	63 	63 
003514 	186 	71 	76 	75 
003515 	197 	73 	63 	63 
003516 	197 	73 	63 	63 
003517 	186 	71 	76 	75 
003518 	186 	71 	76 	75 
003519 	186 	71 	76 	75 
003520 	186 	71 	76 	75 
003521 	197 	73 	63 	63 
003522 	186 	71 	76 	75 
003523 	186 	71 	76 	75 
003524 	186 	71 	76 	75 
003525 	186 	71 	76 	75 
003526 	186 	71 	76 	75 
003527 	186 	71 	76 	75 
003528 	186 	71 	76 	75 
003529 	186 	71 	76 	75 
003530 	186 	71 	76 	75 
003531 	186 	71 	76 	75 
