Identity  : 	id10285
Reference : 	uArtiTSTnSU
Offset    : 	-2
FV Conf   : 	14.535
ASD Conf  : 	7.863

FRAME 	X 	Y 	W 	H 
001277 	178 	62 	76 	76 
001278 	178 	62 	76 	76 
001279 	178 	62 	76 	76 
001280 	178 	62 	76 	76 
001281 	178 	62 	76 	76 
001282 	178 	62 	76 	76 
001283 	178 	62 	76 	76 
001284 	178 	62 	76 	76 
001285 	178 	62 	76 	76 
001286 	178 	62 	76 	76 
001287 	178 	62 	76 	76 
001288 	190 	66 	63 	63 
001289 	190 	66 	63 	63 
001290 	190 	66 	63 	63 
001291 	186 	62 	76 	76 
001292 	186 	62 	76 	76 
001293 	186 	62 	76 	76 
001294 	186 	62 	76 	76 
001295 	186 	62 	76 	76 
001296 	186 	62 	76 	76 
001297 	186 	62 	76 	76 
001298 	186 	62 	76 	76 
001299 	186 	62 	76 	76 
001300 	186 	62 	76 	76 
001301 	186 	62 	76 	76 
001302 	186 	62 	76 	76 
001303 	186 	62 	76 	76 
001304 	186 	62 	76 	76 
001305 	186 	62 	76 	76 
001306 	186 	62 	76 	76 
001307 	178 	62 	76 	76 
001308 	178 	62 	76 	76 
001309 	178 	62 	76 	76 
001310 	178 	62 	76 	76 
001311 	178 	62 	76 	76 
001312 	178 	62 	76 	76 
001313 	190 	66 	63 	63 
001314 	190 	66 	63 	63 
001315 	190 	66 	63 	63 
001316 	186 	62 	76 	76 
001317 	186 	62 	76 	76 
001318 	186 	62 	76 	76 
001319 	186 	62 	76 	76 
001320 	186 	62 	76 	76 
001321 	190 	66 	63 	63 
001322 	186 	62 	76 	76 
001323 	186 	62 	76 	76 
001324 	186 	62 	76 	76 
001325 	186 	62 	76 	76 
001326 	186 	62 	76 	76 
001327 	186 	62 	76 	76 
001328 	186 	62 	76 	76 
001329 	186 	62 	76 	76 
001330 	186 	62 	76 	76 
001331 	186 	62 	76 	76 
001332 	186 	62 	76 	76 
001333 	186 	62 	76 	76 
001334 	186 	62 	76 	76 
001335 	186 	62 	76 	76 
001336 	186 	62 	76 	76 
001337 	186 	62 	76 	76 
001338 	186 	62 	76 	76 
001339 	186 	62 	76 	76 
001340 	186 	62 	76 	76 
001341 	186 	62 	76 	76 
001342 	186 	62 	76 	76 
001343 	190 	66 	63 	63 
001344 	178 	62 	76 	76 
001345 	178 	62 	76 	76 
001346 	178 	62 	76 	76 
001347 	178 	62 	76 	76 
001348 	178 	62 	76 	76 
001349 	178 	62 	76 	76 
001350 	178 	62 	76 	76 
001351 	178 	62 	76 	76 
001352 	178 	62 	76 	76 
001353 	178 	62 	76 	76 
001354 	178 	62 	76 	76 
001355 	178 	62 	76 	76 
001356 	178 	62 	76 	76 
001357 	178 	62 	76 	76 
001358 	178 	62 	76 	76 
001359 	178 	62 	76 	76 
001360 	178 	62 	76 	76 
001361 	178 	62 	76 	76 
001362 	178 	62 	76 	76 
001363 	178 	62 	76 	76 
001364 	178 	62 	76 	76 
001365 	178 	62 	76 	76 
001366 	178 	62 	76 	76 
001367 	178 	62 	76 	76 
001368 	178 	62 	76 	76 
001369 	178 	62 	76 	76 
001370 	178 	62 	76 	76 
001371 	178 	62 	76 	76 
001372 	178 	62 	76 	76 
001373 	178 	62 	76 	76 
001374 	178 	62 	76 	76 
001375 	178 	62 	76 	76 
001376 	178 	62 	76 	76 
001377 	178 	62 	76 	76 
001378 	178 	62 	76 	76 
001379 	178 	62 	76 	76 
001380 	178 	62 	76 	76 
001381 	178 	62 	76 	76 
001382 	178 	62 	76 	76 
001383 	178 	62 	76 	76 
001384 	178 	62 	76 	76 
001385 	178 	62 	76 	76 
001386 	178 	62 	76 	76 
001387 	178 	62 	76 	76 
001388 	178 	62 	76 	76 
001389 	174 	55 	91 	91 
001390 	174 	55 	91 	91 
001391 	174 	55 	91 	91 
001392 	174 	55 	91 	91 
001393 	186 	62 	76 	76 
001394 	186 	62 	76 	76 
001395 	186 	62 	76 	76 
001396 	186 	62 	76 	76 
001397 	186 	62 	76 	76 
001398 	186 	62 	76 	76 
001399 	186 	62 	76 	76 
001400 	186 	62 	76 	76 
001401 	186 	62 	76 	76 
001402 	186 	62 	76 	76 
001403 	186 	62 	76 	76 
001404 	186 	62 	76 	76 
001405 	186 	62 	76 	76 
001406 	186 	62 	76 	76 
001407 	186 	62 	76 	76 
001408 	186 	62 	76 	76 
001409 	186 	62 	76 	76 
001410 	186 	62 	76 	76 
001411 	186 	62 	76 	76 
001412 	186 	62 	76 	76 
001413 	186 	62 	76 	76 
001414 	186 	62 	76 	76 
001415 	186 	62 	76 	76 
001416 	186 	62 	76 	76 
001417 	186 	62 	76 	76 
001418 	186 	62 	76 	76 
001419 	186 	62 	76 	76 
001420 	186 	62 	76 	76 
001421 	197 	66 	63 	63 
001422 	197 	66 	63 	63 
001423 	197 	66 	63 	63 
001424 	197 	66 	63 	63 
001425 	197 	66 	63 	63 
001426 	186 	62 	76 	76 
001427 	197 	66 	63 	63 
001428 	186 	62 	76 	76 
001429 	186 	62 	76 	76 
001430 	186 	62 	76 	76 
001431 	186 	62 	76 	76 
001432 	186 	62 	76 	76 
001433 	190 	66 	63 	63 
001434 	178 	62 	76 	76 
001435 	178 	62 	76 	76 
001436 	178 	62 	76 	76 
001437 	178 	62 	76 	76 
001438 	178 	62 	76 	76 
001439 	178 	62 	76 	76 
001440 	178 	62 	76 	76 
001441 	178 	62 	76 	76 
001442 	178 	62 	76 	76 
001443 	178 	62 	76 	76 
001444 	178 	62 	76 	76 
001445 	178 	62 	76 	76 
001446 	178 	62 	76 	76 
001447 	178 	62 	76 	76 
001448 	170 	62 	75 	76 
001449 	164 	45 	91 	91 
001450 	164 	45 	91 	91 
001451 	164 	45 	91 	91 
001452 	164 	45 	91 	91 
001453 	164 	45 	91 	91 
001454 	164 	45 	91 	91 
001455 	170 	54 	75 	76 
001456 	170 	54 	75 	76 
001457 	170 	54 	75 	76 
001458 	170 	54 	75 	76 
001459 	170 	54 	75 	76 
001460 	170 	54 	75 	76 
001461 	170 	54 	75 	76 
001462 	170 	54 	75 	76 
001463 	170 	54 	75 	76 
001464 	164 	45 	91 	91 
001465 	170 	54 	75 	76 
001466 	170 	54 	75 	76 
001467 	170 	62 	75 	76 
001468 	170 	62 	75 	76 
001469 	170 	62 	75 	76 
001470 	170 	62 	75 	76 
001471 	170 	62 	75 	76 
001472 	170 	62 	75 	76 
001473 	170 	62 	75 	76 
001474 	178 	62 	76 	76 
001475 	178 	62 	76 	76 
001476 	178 	62 	76 	76 
001477 	170 	62 	75 	76 
001478 	170 	62 	75 	76 
001479 	170 	62 	75 	76 
001480 	164 	45 	91 	91 
001481 	164 	45 	91 	91 
001482 	164 	45 	91 	91 
001483 	164 	45 	91 	91 
001484 	164 	45 	91 	91 
001485 	164 	45 	91 	91 
001486 	164 	45 	91 	91 
001487 	170 	54 	75 	76 
001488 	170 	54 	75 	76 
001489 	178 	62 	76 	76 
001490 	178 	62 	76 	76 
001491 	178 	62 	76 	76 
001492 	178 	62 	76 	76 
001493 	178 	62 	76 	76 
001494 	178 	62 	76 	76 
001495 	178 	62 	76 	76 
001496 	178 	62 	76 	76 
001497 	178 	62 	76 	76 
001498 	178 	62 	76 	76 
001499 	178 	62 	76 	76 
001500 	178 	62 	76 	76 
001501 	178 	62 	76 	76 
001502 	178 	62 	76 	76 
001503 	178 	62 	76 	76 
001504 	178 	62 	76 	76 
001505 	183 	66 	63 	63 
001506 	183 	66 	63 	63 
001507 	183 	59 	63 	63 
001508 	183 	59 	63 	63 
001509 	170 	54 	75 	76 
001510 	183 	59 	63 	63 
001511 	183 	59 	63 	63 
001512 	183 	59 	63 	63 
001513 	183 	66 	63 	63 
001514 	183 	66 	63 	63 
001515 	183 	66 	63 	63 
001516 	178 	62 	76 	76 
001517 	178 	62 	76 	76 
001518 	183 	73 	63 	63 
001519 	183 	73 	63 	63 
001520 	178 	62 	76 	76 
001521 	178 	62 	76 	76 
001522 	178 	62 	76 	76 
001523 	178 	62 	76 	76 
001524 	190 	73 	63 	63 
001525 	190 	73 	63 	63 
001526 	190 	73 	63 	63 
001527 	190 	73 	63 	63 
001528 	190 	73 	63 	63 
001529 	183 	73 	63 	63 
001530 	183 	73 	63 	63 
001531 	183 	73 	63 	63 
001532 	178 	62 	76 	76 
001533 	178 	62 	76 	76 
001534 	170 	62 	75 	76 
001535 	170 	62 	75 	76 
001536 	170 	62 	75 	76 
001537 	170 	62 	75 	76 
001538 	170 	62 	75 	76 
001539 	170 	62 	75 	76 
001540 	170 	54 	75 	76 
001541 	170 	54 	75 	76 
001542 	170 	54 	75 	76 
001543 	170 	54 	75 	76 
001544 	170 	54 	75 	76 
001545 	170 	54 	75 	76 
001546 	170 	54 	75 	76 
001547 	170 	54 	75 	76 
001548 	170 	54 	75 	76 
001549 	170 	54 	75 	76 
001550 	170 	54 	75 	76 
001551 	170 	54 	75 	76 
001552 	170 	54 	75 	76 
001553 	170 	54 	75 	76 
001554 	170 	54 	75 	76 
001555 	170 	54 	75 	76 
001556 	183 	59 	63 	63 
001557 	183 	66 	63 	63 
001558 	183 	66 	63 	63 
001559 	178 	62 	76 	76 
001560 	178 	62 	76 	76 
001561 	178 	62 	76 	76 
001562 	178 	62 	76 	76 
001563 	178 	62 	76 	76 
001564 	178 	62 	76 	76 
001565 	178 	62 	76 	76 
001566 	178 	62 	76 	76 
001567 	178 	62 	76 	76 
001568 	178 	62 	76 	76 
001569 	178 	62 	76 	76 
001570 	183 	66 	63 	63 
001571 	178 	62 	76 	76 
001572 	183 	66 	63 	63 
001573 	178 	62 	76 	76 
001574 	178 	62 	76 	76 
001575 	183 	66 	63 	63 
001576 	170 	62 	75 	76 
001577 	170 	62 	75 	76 
001578 	170 	62 	75 	76 
001579 	170 	62 	75 	76 
001580 	170 	62 	75 	76 
001581 	170 	62 	75 	76 
001582 	170 	62 	75 	76 
001583 	170 	62 	75 	76 
001584 	170 	62 	75 	76 
001585 	170 	62 	75 	76 
001586 	170 	62 	75 	76 
001587 	170 	62 	75 	76 
001588 	170 	62 	75 	76 
001589 	170 	62 	75 	76 
001590 	170 	54 	75 	76 
001591 	170 	54 	75 	76 
001592 	154 	45 	91 	91 
001593 	154 	45 	91 	91 
001594 	154 	45 	91 	91 
001595 	154 	45 	91 	91 
001596 	162 	54 	75 	76 
001597 	162 	54 	75 	76 
001598 	162 	54 	75 	76 
001599 	162 	54 	75 	76 
001600 	162 	54 	75 	76 
001601 	162 	54 	75 	76 
001602 	162 	54 	75 	76 
001603 	162 	54 	75 	76 
001604 	162 	46 	75 	76 
001605 	162 	46 	75 	76 
001606 	162 	46 	75 	76 
001607 	162 	46 	75 	76 
001608 	162 	46 	75 	76 
001609 	162 	46 	75 	76 
