Identity  : 	id10298
Reference : 	U_1vfIVOigA
Offset    : 	0
FV Conf   : 	19.812
ASD Conf  : 	7.665

FRAME 	X 	Y 	W 	H 
003343 	204 	95 	91 	91 
003344 	204 	95 	91 	91 
003345 	204 	95 	91 	91 
003346 	204 	95 	91 	91 
003347 	204 	95 	91 	91 
003348 	204 	95 	91 	91 
003349 	204 	95 	91 	91 
003350 	204 	95 	91 	91 
003351 	204 	95 	91 	91 
003352 	204 	95 	91 	91 
003353 	204 	95 	91 	91 
003354 	211 	112 	76 	76 
003355 	211 	104 	76 	76 
003356 	203 	104 	76 	76 
003357 	203 	104 	76 	76 
003358 	194 	95 	91 	91 
003359 	194 	95 	91 	91 
003360 	195 	96 	75 	75 
003361 	195 	96 	75 	75 
003362 	195 	96 	75 	75 
003363 	184 	95 	91 	91 
003364 	186 	96 	76 	75 
003365 	186 	96 	76 	75 
003366 	174 	85 	91 	91 
003367 	174 	85 	91 	91 
003368 	174 	85 	91 	91 
003369 	174 	85 	91 	91 
003370 	174 	85 	91 	91 
003371 	174 	85 	91 	91 
003372 	174 	85 	91 	91 
003373 	174 	85 	91 	91 
003374 	164 	85 	91 	91 
003375 	164 	75 	91 	91 
003376 	164 	75 	91 	91 
003377 	164 	75 	91 	91 
003378 	164 	75 	91 	91 
003379 	164 	75 	91 	91 
003380 	174 	85 	91 	91 
003381 	164 	75 	91 	91 
003382 	164 	75 	91 	91 
003383 	174 	85 	91 	91 
003384 	174 	85 	91 	91 
003385 	174 	85 	91 	91 
003386 	164 	85 	91 	91 
003387 	164 	85 	91 	91 
003388 	164 	85 	91 	91 
003389 	164 	85 	91 	91 
003390 	164 	85 	91 	91 
003391 	164 	85 	91 	91 
003392 	164 	85 	91 	91 
003393 	164 	85 	91 	91 
003394 	164 	85 	91 	91 
003395 	164 	75 	91 	91 
003396 	164 	85 	91 	91 
003397 	154 	85 	91 	91 
003398 	154 	85 	91 	91 
003399 	154 	85 	91 	91 
003400 	154 	75 	91 	91 
003401 	154 	75 	91 	91 
003402 	164 	75 	91 	91 
003403 	164 	75 	91 	91 
003404 	164 	75 	91 	91 
003405 	174 	75 	91 	91 
003406 	174 	75 	91 	91 
003407 	174 	75 	91 	91 
003408 	174 	85 	91 	91 
003409 	174 	85 	91 	91 
003410 	174 	85 	91 	91 
003411 	174 	85 	91 	91 
003412 	186 	96 	76 	75 
003413 	186 	96 	76 	75 
003414 	184 	95 	91 	91 
003415 	184 	95 	91 	91 
003416 	184 	95 	91 	91 
003417 	184 	95 	91 	91 
003418 	184 	95 	91 	91 
003419 	184 	95 	91 	91 
003420 	184 	95 	91 	91 
003421 	184 	95 	91 	91 
003422 	174 	95 	91 	91 
003423 	174 	95 	91 	91 
003424 	174 	95 	91 	91 
003425 	174 	95 	91 	91 
003426 	164 	85 	91 	91 
003427 	164 	85 	91 	91 
003428 	164 	85 	91 	91 
003429 	164 	85 	91 	91 
003430 	164 	85 	91 	91 
003431 	164 	85 	91 	91 
003432 	164 	85 	91 	91 
003433 	164 	85 	91 	91 
003434 	164 	85 	91 	91 
003435 	164 	85 	91 	91 
003436 	164 	85 	91 	91 
003437 	164 	85 	91 	91 
003438 	164 	85 	91 	91 
003439 	164 	85 	91 	91 
003440 	174 	85 	91 	91 
003441 	174 	85 	91 	91 
003442 	174 	85 	91 	91 
003443 	174 	85 	91 	91 
003444 	174 	85 	91 	91 
003445 	174 	85 	91 	91 
003446 	174 	85 	91 	91 
003447 	174 	85 	91 	91 
003448 	174 	85 	91 	91 
003449 	174 	85 	91 	91 
003450 	174 	85 	91 	91 
003451 	174 	85 	91 	91 
003452 	174 	85 	91 	91 
003453 	174 	85 	91 	91 
003454 	174 	85 	91 	91 
003455 	184 	85 	91 	91 
003456 	184 	85 	91 	91 
003457 	184 	85 	91 	91 
003458 	194 	85 	91 	91 
003459 	194 	85 	91 	91 
003460 	194 	85 	91 	91 
003461 	194 	75 	91 	91 
003462 	194 	75 	91 	91 
003463 	194 	75 	91 	91 
003464 	194 	75 	91 	91 
003465 	194 	75 	91 	91 
003466 	195 	79 	75 	76 
003467 	195 	79 	75 	76 
003468 	195 	79 	75 	76 
003469 	195 	79 	75 	76 
003470 	184 	75 	91 	91 
003471 	184 	75 	91 	91 
003472 	184 	75 	91 	91 
003473 	184 	75 	91 	91 
003474 	184 	75 	91 	91 
003475 	186 	79 	76 	76 
003476 	186 	79 	76 	76 
003477 	174 	75 	91 	91 
003478 	174 	75 	91 	91 
003479 	174 	75 	91 	91 
003480 	174 	85 	91 	91 
003481 	174 	85 	91 	91 
003482 	174 	85 	91 	91 
003483 	174 	85 	91 	91 
003484 	174 	85 	91 	91 
003485 	164 	85 	91 	91 
003486 	164 	85 	91 	91 
003487 	164 	85 	91 	91 
003488 	154 	75 	91 	91 
003489 	154 	75 	91 	91 
003490 	154 	75 	91 	91 
003491 	154 	75 	91 	91 
003492 	154 	75 	91 	91 
