Identity  : 	id10298
Reference : 	U_1vfIVOigA
Offset    : 	0
FV Conf   : 	24.571
ASD Conf  : 	8.165

FRAME 	X 	Y 	W 	H 
004087 	154 	75 	91 	91 
004088 	154 	75 	91 	91 
004089 	154 	75 	91 	91 
004090 	164 	75 	91 	91 
004091 	170 	87 	75 	76 
004092 	170 	87 	75 	76 
004093 	170 	87 	75 	76 
004094 	170 	87 	75 	76 
004095 	154 	85 	91 	91 
004096 	162 	87 	75 	76 
004097 	162 	87 	75 	76 
004098 	162 	87 	75 	76 
004099 	154 	75 	91 	91 
004100 	154 	75 	91 	91 
004101 	144 	75 	91 	91 
004102 	144 	75 	91 	91 
004103 	144 	75 	91 	91 
004104 	144 	75 	91 	91 
004105 	144 	75 	91 	91 
004106 	144 	75 	91 	91 
004107 	144 	75 	91 	91 
004108 	144 	75 	91 	91 
004109 	144 	75 	91 	91 
004110 	134 	65 	91 	91 
004111 	134 	65 	91 	91 
004112 	134 	65 	91 	91 
004113 	134 	65 	91 	91 
004114 	134 	65 	91 	91 
004115 	134 	65 	91 	91 
004116 	144 	75 	91 	91 
004117 	144 	75 	91 	91 
004118 	144 	75 	91 	91 
004119 	144 	75 	91 	91 
004120 	144 	75 	91 	91 
004121 	154 	75 	91 	91 
004122 	154 	75 	91 	91 
004123 	154 	75 	91 	91 
004124 	154 	75 	91 	91 
004125 	178 	79 	76 	76 
004126 	186 	79 	76 	76 
004127 	184 	65 	91 	91 
004128 	194 	75 	91 	91 
004129 	194 	65 	91 	91 
004130 	204 	65 	91 	91 
004131 	204 	65 	91 	91 
004132 	204 	65 	91 	91 
004133 	204 	65 	91 	91 
004134 	204 	65 	91 	91 
004135 	204 	65 	91 	91 
004136 	204 	65 	91 	91 
004137 	204 	65 	91 	91 
004138 	204 	65 	91 	91 
004139 	204 	65 	91 	91 
004140 	194 	65 	91 	91 
004141 	194 	65 	91 	91 
004142 	194 	75 	91 	91 
004143 	194 	75 	91 	91 
004144 	194 	75 	91 	91 
004145 	184 	75 	91 	91 
004146 	184 	75 	91 	91 
004147 	184 	75 	91 	91 
004148 	184 	75 	91 	91 
004149 	186 	87 	76 	76 
004150 	174 	85 	91 	91 
004151 	174 	85 	91 	91 
004152 	178 	87 	76 	76 
004153 	178 	87 	76 	76 
004154 	178 	87 	76 	76 
004155 	174 	75 	91 	91 
004156 	174 	75 	91 	91 
004157 	174 	75 	91 	91 
004158 	174 	75 	91 	91 
004159 	174 	75 	91 	91 
004160 	178 	87 	76 	76 
004161 	164 	85 	91 	91 
004162 	164 	85 	91 	91 
004163 	170 	87 	75 	76 
004164 	170 	87 	75 	76 
004165 	154 	75 	91 	91 
004166 	154 	75 	91 	91 
004167 	154 	75 	91 	91 
004168 	154 	75 	91 	91 
004169 	144 	75 	91 	91 
004170 	144 	75 	91 	91 
004171 	134 	65 	91 	91 
004172 	134 	75 	91 	91 
004173 	134 	75 	91 	91 
004174 	124 	65 	91 	91 
004175 	124 	65 	91 	91 
004176 	124 	65 	91 	91 
004177 	124 	65 	91 	91 
004178 	124 	65 	91 	91 
004179 	124 	65 	91 	91 
004180 	124 	65 	91 	91 
004181 	134 	75 	91 	91 
004182 	124 	75 	91 	91 
004183 	124 	75 	91 	91 
004184 	124 	75 	91 	91 
004185 	114 	75 	91 	91 
004186 	114 	75 	91 	91 
004187 	114 	75 	91 	91 
004188 	105 	75 	90 	91 
004189 	105 	75 	90 	91 
004190 	105 	75 	90 	91 
004191 	105 	75 	90 	91 
004192 	90 	66 	108 	109 
004193 	95 	75 	90 	91 
004194 	95 	75 	90 	91 
004195 	78 	66 	108 	109 
004196 	85 	75 	90 	91 
004197 	85 	75 	90 	91 
004198 	66 	66 	108 	109 
004199 	66 	66 	108 	109 
004200 	75 	75 	90 	91 
004201 	66 	66 	108 	109 
004202 	75 	75 	90 	91 
004203 	75 	85 	90 	91 
004204 	75 	85 	90 	91 
004205 	75 	85 	90 	91 
004206 	75 	85 	90 	91 
004207 	75 	75 	90 	91 
004208 	75 	75 	90 	91 
004209 	75 	75 	90 	91 
004210 	85 	85 	90 	91 
004211 	85 	85 	90 	91 
004212 	66 	66 	108 	109 
004213 	85 	75 	90 	91 
004214 	85 	75 	90 	91 
004215 	85 	75 	90 	91 
004216 	95 	75 	90 	91 
004217 	78 	66 	108 	109 
004218 	78 	66 	108 	109 
004219 	85 	75 	90 	91 
004220 	78 	66 	108 	109 
004221 	95 	75 	90 	91 
004222 	95 	75 	90 	91 
004223 	90 	66 	108 	109 
004224 	105 	75 	90 	91 
004225 	102 	66 	108 	109 
004226 	114 	65 	91 	91 
004227 	114 	65 	91 	91 
004228 	124 	65 	91 	91 
004229 	124 	65 	91 	91 
004230 	124 	65 	91 	91 
004231 	124 	75 	91 	91 
004232 	124 	75 	91 	91 
004233 	124 	75 	91 	91 
004234 	124 	75 	91 	91 
004235 	114 	75 	91 	91 
004236 	114 	75 	91 	91 
004237 	114 	75 	91 	91 
004238 	114 	75 	91 	91 
004239 	114 	75 	91 	91 
004240 	114 	75 	91 	91 
004241 	114 	75 	91 	91 
004242 	114 	75 	91 	91 
004243 	114 	75 	91 	91 
004244 	114 	75 	91 	91 
004245 	114 	75 	91 	91 
004246 	114 	75 	91 	91 
004247 	114 	75 	91 	91 
004248 	124 	75 	91 	91 
004249 	124 	75 	91 	91 
004250 	124 	75 	91 	91 
004251 	124 	75 	91 	91 
004252 	124 	75 	91 	91 
004253 	124 	75 	91 	91 
004254 	124 	75 	91 	91 
004255 	124 	75 	91 	91 
004256 	134 	75 	91 	91 
004257 	124 	75 	91 	91 
004258 	124 	75 	91 	91 
004259 	124 	75 	91 	91 
004260 	124 	75 	91 	91 
004261 	124 	75 	91 	91 
004262 	124 	75 	91 	91 
004263 	114 	65 	91 	91 
004264 	114 	65 	91 	91 
004265 	114 	65 	91 	91 
004266 	114 	65 	91 	91 
004267 	114 	65 	91 	91 
004268 	114 	65 	91 	91 
004269 	114 	65 	91 	91 
004270 	105 	65 	90 	91 
004271 	105 	65 	90 	91 
004272 	105 	75 	90 	91 
004273 	105 	75 	90 	91 
004274 	105 	75 	90 	91 
004275 	105 	75 	90 	91 
004276 	105 	75 	90 	91 
004277 	105 	75 	90 	91 
004278 	105 	75 	90 	91 
004279 	105 	75 	90 	91 
004280 	105 	65 	90 	91 
004281 	105 	65 	90 	91 
004282 	105 	65 	90 	91 
004283 	105 	65 	90 	91 
004284 	105 	65 	90 	91 
004285 	105 	65 	90 	91 
004286 	114 	65 	91 	91 
004287 	114 	65 	91 	91 
004288 	114 	65 	91 	91 
004289 	114 	65 	91 	91 
004290 	114 	65 	91 	91 
004291 	114 	65 	91 	91 
004292 	114 	65 	91 	91 
004293 	114 	65 	91 	91 
004294 	114 	65 	91 	91 
004295 	114 	65 	91 	91 
004296 	124 	65 	91 	91 
004297 	124 	65 	91 	91 
004298 	124 	65 	91 	91 
004299 	124 	65 	91 	91 
004300 	124 	65 	91 	91 
004301 	124 	65 	91 	91 
004302 	124 	65 	91 	91 
004303 	124 	75 	91 	91 
004304 	124 	75 	91 	91 
004305 	124 	75 	91 	91 
004306 	134 	75 	91 	91 
004307 	134 	75 	91 	91 
004308 	134 	85 	91 	91 
004309 	134 	85 	91 	91 
004310 	145 	87 	76 	76 
004311 	145 	87 	76 	76 
004312 	145 	87 	76 	76 
004313 	145 	87 	76 	76 
004314 	145 	87 	76 	76 
004315 	145 	87 	76 	76 
004316 	145 	87 	76 	76 
004317 	145 	87 	76 	76 
004318 	145 	87 	76 	76 
004319 	145 	87 	76 	76 
004320 	145 	87 	76 	76 
004321 	134 	75 	91 	91 
004322 	134 	75 	91 	91 
004323 	134 	75 	91 	91 
004324 	134 	75 	91 	91 
004325 	134 	75 	91 	91 
004326 	134 	75 	91 	91 
004327 	134 	75 	91 	91 
004328 	144 	75 	91 	91 
004329 	144 	75 	91 	91 
004330 	144 	75 	91 	91 
004331 	144 	75 	91 	91 
004332 	154 	75 	91 	91 
004333 	154 	75 	91 	91 
004334 	154 	75 	91 	91 
004335 	154 	75 	91 	91 
004336 	164 	75 	91 	91 
004337 	164 	75 	91 	91 
004338 	164 	75 	91 	91 
004339 	161 	66 	109 	109 
004340 	174 	75 	91 	91 
004341 	174 	75 	91 	91 
004342 	174 	75 	91 	91 
004343 	184 	75 	91 	91 
004344 	184 	75 	91 	91 
004345 	184 	75 	91 	91 
004346 	184 	75 	91 	91 
004347 	184 	75 	91 	91 
004348 	184 	75 	91 	91 
004349 	195 	79 	75 	76 
004350 	194 	65 	91 	91 
004351 	195 	79 	75 	76 
004352 	195 	79 	75 	76 
004353 	195 	79 	75 	76 
004354 	195 	79 	75 	76 
004355 	195 	79 	75 	76 
004356 	195 	79 	75 	76 
004357 	195 	79 	75 	76 
004358 	195 	79 	75 	76 
004359 	184 	75 	91 	91 
004360 	184 	75 	91 	91 
004361 	184 	75 	91 	91 
004362 	184 	75 	91 	91 
004363 	184 	75 	91 	91 
004364 	195 	79 	75 	76 
004365 	184 	75 	91 	91 
004366 	184 	75 	91 	91 
004367 	184 	75 	91 	91 
004368 	184 	75 	91 	91 
004369 	184 	75 	91 	91 
004370 	184 	75 	91 	91 
004371 	184 	75 	91 	91 
004372 	184 	75 	91 	91 
004373 	184 	75 	91 	91 
004374 	184 	75 	91 	91 
004375 	184 	75 	91 	91 
004376 	184 	75 	91 	91 
004377 	184 	75 	91 	91 
004378 	184 	75 	91 	91 
004379 	184 	65 	91 	91 
004380 	184 	65 	91 	91 
004381 	184 	65 	91 	91 
004382 	186 	79 	76 	76 
004383 	174 	75 	91 	91 
004384 	174 	75 	91 	91 
004385 	174 	75 	91 	91 
004386 	174 	75 	91 	91 
004387 	174 	75 	91 	91 
004388 	174 	75 	91 	91 
004389 	174 	75 	91 	91 
004390 	174 	75 	91 	91 
004391 	174 	75 	91 	91 
004392 	174 	75 	91 	91 
004393 	164 	75 	91 	91 
004394 	164 	75 	91 	91 
004395 	164 	75 	91 	91 
004396 	164 	75 	91 	91 
004397 	164 	75 	91 	91 
004398 	164 	75 	91 	91 
004399 	164 	75 	91 	91 
004400 	164 	75 	91 	91 
004401 	154 	75 	91 	91 
004402 	154 	75 	91 	91 
004403 	154 	65 	91 	91 
004404 	154 	75 	91 	91 
004405 	154 	75 	91 	91 
004406 	154 	75 	91 	91 
004407 	154 	75 	91 	91 
004408 	154 	75 	91 	91 
004409 	144 	75 	91 	91 
004410 	144 	75 	91 	91 
004411 	144 	75 	91 	91 
004412 	144 	75 	91 	91 
004413 	144 	75 	91 	91 
004414 	144 	75 	91 	91 
004415 	144 	75 	91 	91 
004416 	144 	75 	91 	91 
004417 	144 	75 	91 	91 
004418 	144 	75 	91 	91 
004419 	144 	75 	91 	91 
004420 	144 	75 	91 	91 
004421 	134 	75 	91 	91 
004422 	134 	75 	91 	91 
004423 	145 	79 	76 	76 
004424 	145 	79 	76 	76 
004425 	145 	79 	76 	76 
004426 	145 	79 	76 	76 
004427 	134 	65 	91 	91 
004428 	134 	65 	91 	91 
004429 	134 	65 	91 	91 
004430 	134 	65 	91 	91 
004431 	134 	65 	91 	91 
004432 	144 	65 	91 	91 
004433 	144 	65 	91 	91 
004434 	144 	65 	91 	91 
004435 	144 	65 	91 	91 
004436 	134 	65 	91 	91 
004437 	144 	55 	91 	91 
004438 	144 	55 	91 	91 
004439 	144 	55 	91 	91 
004440 	144 	55 	91 	91 
004441 	144 	65 	91 	91 
004442 	144 	65 	91 	91 
004443 	144 	65 	91 	91 
004444 	134 	65 	91 	91 
004445 	134 	65 	91 	91 
004446 	134 	65 	91 	91 
004447 	134 	55 	91 	91 
004448 	134 	55 	91 	91 
004449 	134 	55 	91 	91 
004450 	134 	55 	91 	91 
004451 	134 	55 	91 	91 
004452 	144 	65 	91 	91 
004453 	144 	65 	91 	91 
004454 	144 	65 	91 	91 
004455 	144 	65 	91 	91 
004456 	144 	65 	91 	91 
004457 	144 	65 	91 	91 
004458 	144 	65 	91 	91 
004459 	144 	65 	91 	91 
004460 	144 	65 	91 	91 
004461 	144 	65 	91 	91 
004462 	144 	55 	91 	91 
004463 	144 	55 	91 	91 
004464 	144 	55 	91 	91 
004465 	134 	55 	91 	91 
004466 	134 	65 	91 	91 
004467 	134 	65 	91 	91 
004468 	134 	65 	91 	91 
004469 	114 	54 	108 	109 
004470 	124 	65 	91 	91 
004471 	124 	65 	91 	91 
004472 	124 	65 	91 	91 
004473 	114 	65 	91 	91 
004474 	114 	65 	91 	91 
004475 	114 	65 	91 	91 
004476 	114 	65 	91 	91 
004477 	105 	65 	90 	91 
004478 	105 	65 	90 	91 
004479 	105 	65 	90 	91 
004480 	90 	54 	108 	109 
004481 	90 	54 	108 	109 
004482 	90 	54 	108 	109 
004483 	90 	54 	108 	109 
004484 	90 	54 	108 	109 
004485 	90 	54 	108 	109 
004486 	90 	54 	108 	109 
004487 	90 	54 	108 	109 
004488 	90 	54 	108 	109 
004489 	90 	54 	108 	109 
004490 	90 	54 	108 	109 
004491 	105 	55 	90 	91 
004492 	105 	55 	90 	91 
004493 	105 	55 	90 	91 
004494 	105 	55 	90 	91 
004495 	114 	65 	91 	91 
004496 	114 	55 	91 	91 
004497 	114 	55 	91 	91 
004498 	114 	55 	91 	91 
004499 	114 	55 	91 	91 
004500 	114 	55 	91 	91 
004501 	114 	55 	91 	91 
004502 	105 	55 	90 	91 
004503 	105 	55 	90 	91 
004504 	105 	55 	90 	91 
004505 	105 	55 	90 	91 
004506 	105 	55 	90 	91 
004507 	105 	65 	90 	91 
004508 	105 	65 	90 	91 
004509 	105 	65 	90 	91 
004510 	105 	65 	90 	91 
004511 	105 	65 	90 	91 
004512 	102 	54 	108 	109 
004513 	102 	54 	108 	109 
004514 	102 	54 	108 	109 
004515 	102 	54 	108 	109 
004516 	102 	54 	108 	109 
004517 	102 	54 	108 	109 
004518 	102 	54 	108 	109 
004519 	114 	65 	91 	91 
004520 	102 	54 	108 	109 
004521 	102 	54 	108 	109 
004522 	102 	54 	108 	109 
004523 	114 	55 	91 	91 
004524 	105 	55 	90 	91 
004525 	105 	55 	90 	91 
004526 	105 	55 	90 	91 
004527 	105 	55 	90 	91 
004528 	105 	55 	90 	91 
004529 	105 	55 	90 	91 
004530 	105 	55 	90 	91 
004531 	105 	55 	90 	91 
004532 	105 	55 	90 	91 
004533 	105 	55 	90 	91 
004534 	105 	55 	90 	91 
004535 	105 	65 	90 	91 
004536 	105 	65 	90 	91 
004537 	105 	65 	90 	91 
004538 	105 	65 	90 	91 
004539 	105 	65 	90 	91 
004540 	105 	65 	90 	91 
004541 	114 	65 	91 	91 
004542 	114 	65 	91 	91 
004543 	114 	65 	91 	91 
004544 	114 	65 	91 	91 
004545 	114 	65 	91 	91 
004546 	114 	65 	91 	91 
004547 	114 	54 	108 	109 
004548 	114 	54 	108 	109 
004549 	134 	65 	91 	91 
004550 	134 	65 	91 	91 
004551 	144 	65 	91 	91 
004552 	154 	65 	91 	91 
004553 	154 	65 	91 	91 
004554 	164 	65 	91 	91 
004555 	161 	54 	109 	109 
004556 	174 	65 	91 	91 
004557 	173 	54 	109 	109 
004558 	184 	65 	91 	91 
004559 	184 	65 	91 	91 
004560 	184 	65 	91 	91 
004561 	184 	75 	91 	91 
004562 	184 	75 	91 	91 
004563 	184 	75 	91 	91 
004564 	184 	75 	91 	91 
004565 	184 	75 	91 	91 
004566 	186 	79 	76 	76 
004567 	174 	75 	91 	91 
004568 	174 	75 	91 	91 
004569 	174 	75 	91 	91 
004570 	174 	75 	91 	91 
004571 	174 	75 	91 	91 
004572 	174 	75 	91 	91 
004573 	164 	65 	91 	91 
004574 	164 	65 	91 	91 
004575 	164 	65 	91 	91 
004576 	164 	65 	91 	91 
004577 	164 	65 	91 	91 
004578 	164 	75 	91 	91 
004579 	164 	75 	91 	91 
004580 	164 	75 	91 	91 
004581 	164 	75 	91 	91 
004582 	164 	75 	91 	91 
004583 	164 	75 	91 	91 
004584 	174 	75 	91 	91 
004585 	164 	85 	91 	91 
004586 	164 	85 	91 	91 
004587 	164 	85 	91 	91 
004588 	174 	85 	91 	91 
004589 	174 	85 	91 	91 
004590 	174 	85 	91 	91 
004591 	174 	85 	91 	91 
004592 	174 	75 	91 	91 
004593 	174 	85 	91 	91 
004594 	174 	85 	91 	91 
004595 	174 	85 	91 	91 
004596 	174 	85 	91 	91 
004597 	174 	85 	91 	91 
004598 	164 	75 	91 	91 
004599 	164 	75 	91 	91 
004600 	164 	75 	91 	91 
004601 	164 	75 	91 	91 
004602 	164 	75 	91 	91 
004603 	154 	65 	91 	91 
004604 	154 	65 	91 	91 
004605 	154 	65 	91 	91 
004606 	154 	65 	91 	91 
004607 	154 	65 	91 	91 
004608 	144 	65 	91 	91 
004609 	144 	65 	91 	91 
004610 	144 	65 	91 	91 
004611 	134 	55 	91 	91 
004612 	134 	55 	91 	91 
004613 	134 	55 	91 	91 
004614 	134 	55 	91 	91 
004615 	134 	55 	91 	91 
004616 	134 	55 	91 	91 
004617 	134 	55 	91 	91 
004618 	134 	55 	91 	91 
004619 	134 	55 	91 	91 
004620 	134 	55 	91 	91 
004621 	144 	55 	91 	91 
004622 	144 	55 	91 	91 
004623 	144 	55 	91 	91 
004624 	144 	55 	91 	91 
004625 	154 	55 	91 	91 
004626 	154 	55 	91 	91 
004627 	154 	55 	91 	91 
004628 	154 	55 	91 	91 
004629 	154 	55 	91 	91 
004630 	154 	55 	91 	91 
004631 	154 	55 	91 	91 
004632 	154 	55 	91 	91 
004633 	144 	65 	91 	91 
004634 	144 	65 	91 	91 
004635 	144 	65 	91 	91 
004636 	144 	75 	91 	91 
004637 	144 	75 	91 	91 
004638 	144 	85 	91 	91 
004639 	144 	85 	91 	91 
004640 	144 	95 	91 	91 
004641 	144 	95 	91 	91 
004642 	154 	95 	91 	91 
004643 	154 	95 	91 	91 
004644 	154 	95 	91 	91 
004645 	154 	95 	91 	91 
004646 	154 	95 	91 	91 
004647 	154 	85 	91 	91 
004648 	154 	75 	91 	91 
004649 	154 	75 	91 	91 
004650 	144 	65 	91 	91 
004651 	144 	65 	91 	91 
004652 	144 	55 	91 	91 
004653 	144 	45 	91 	91 
004654 	144 	45 	91 	91 
004655 	144 	45 	91 	91 
004656 	144 	45 	91 	91 
004657 	134 	55 	91 	91 
004658 	134 	55 	91 	91 
004659 	134 	55 	91 	91 
004660 	144 	55 	91 	91 
004661 	144 	55 	91 	91 
004662 	144 	55 	91 	91 
004663 	134 	65 	91 	91 
