Identity  : 	id10298
Reference : 	U_1vfIVOigA
Offset    : 	0
FV Conf   : 	22.131
ASD Conf  : 	7.406

FRAME 	X 	Y 	W 	H 
001189 	105 	85 	90 	91 
001190 	105 	85 	90 	91 
001191 	105 	85 	90 	91 
001192 	105 	85 	90 	91 
001193 	105 	85 	90 	91 
001194 	105 	85 	90 	91 
001195 	105 	85 	90 	91 
001196 	105 	85 	90 	91 
001197 	105 	85 	90 	91 
001198 	105 	85 	90 	91 
001199 	105 	85 	90 	91 
001200 	105 	85 	90 	91 
001201 	105 	85 	90 	91 
001202 	105 	85 	90 	91 
001203 	105 	85 	90 	91 
001204 	105 	85 	90 	91 
001205 	105 	85 	90 	91 
001206 	105 	85 	90 	91 
001207 	114 	85 	91 	91 
001208 	114 	85 	91 	91 
001209 	114 	85 	91 	91 
001210 	114 	85 	91 	91 
001211 	114 	85 	91 	91 
001212 	114 	85 	91 	91 
001213 	114 	85 	91 	91 
001214 	114 	85 	91 	91 
001215 	114 	85 	91 	91 
001216 	114 	85 	91 	91 
001217 	124 	85 	91 	91 
001218 	124 	85 	91 	91 
001219 	124 	85 	91 	91 
001220 	124 	85 	91 	91 
001221 	124 	85 	91 	91 
001222 	114 	85 	91 	91 
001223 	114 	85 	91 	91 
001224 	105 	75 	90 	91 
001225 	105 	75 	90 	91 
001226 	105 	75 	90 	91 
001227 	105 	75 	90 	91 
001228 	105 	75 	90 	91 
001229 	105 	75 	90 	91 
001230 	105 	85 	90 	91 
001231 	105 	85 	90 	91 
001232 	105 	85 	90 	91 
001233 	114 	85 	91 	91 
001234 	114 	85 	91 	91 
001235 	114 	85 	91 	91 
001236 	114 	85 	91 	91 
001237 	114 	85 	91 	91 
001238 	114 	85 	91 	91 
001239 	114 	85 	91 	91 
001240 	114 	85 	91 	91 
001241 	114 	85 	91 	91 
001242 	114 	85 	91 	91 
001243 	114 	85 	91 	91 
001244 	114 	85 	91 	91 
001245 	114 	75 	91 	91 
001246 	114 	85 	91 	91 
001247 	105 	75 	90 	91 
001248 	105 	75 	90 	91 
001249 	105 	75 	90 	91 
001250 	105 	75 	90 	91 
001251 	105 	85 	90 	91 
001252 	105 	75 	90 	91 
001253 	105 	75 	90 	91 
001254 	105 	75 	90 	91 
001255 	105 	75 	90 	91 
001256 	105 	75 	90 	91 
001257 	95 	75 	90 	91 
001258 	95 	75 	90 	91 
001259 	95 	75 	90 	91 
001260 	95 	75 	90 	91 
001261 	95 	75 	90 	91 
001262 	105 	75 	90 	91 
001263 	105 	75 	90 	91 
001264 	105 	75 	90 	91 
001265 	105 	75 	90 	91 
001266 	105 	75 	90 	91 
001267 	105 	75 	90 	91 
001268 	105 	85 	90 	91 
001269 	105 	85 	90 	91 
001270 	105 	95 	90 	91 
001271 	105 	95 	90 	91 
001272 	105 	95 	90 	91 
001273 	105 	95 	90 	91 
001274 	105 	95 	90 	91 
001275 	105 	95 	90 	91 
001276 	114 	95 	91 	91 
001277 	114 	95 	91 	91 
001278 	114 	95 	91 	91 
001279 	114 	95 	91 	91 
001280 	114 	95 	91 	91 
001281 	114 	95 	91 	91 
001282 	114 	95 	91 	91 
001283 	114 	95 	91 	91 
001284 	114 	95 	91 	91 
001285 	114 	95 	91 	91 
001286 	114 	95 	91 	91 
001287 	114 	95 	91 	91 
001288 	114 	95 	91 	91 
001289 	114 	95 	91 	91 
001290 	114 	95 	91 	91 
001291 	114 	95 	91 	91 
001292 	114 	95 	91 	91 
001293 	114 	95 	91 	91 
001294 	114 	95 	91 	91 
001295 	114 	95 	91 	91 
001296 	114 	95 	91 	91 
001297 	114 	95 	91 	91 
001298 	114 	95 	91 	91 
001299 	124 	95 	91 	91 
001300 	124 	95 	91 	91 
001301 	124 	95 	91 	91 
001302 	124 	95 	91 	91 
001303 	124 	95 	91 	91 
001304 	124 	95 	91 	91 
001305 	124 	95 	91 	91 
001306 	124 	95 	91 	91 
001307 	124 	95 	91 	91 
001308 	124 	95 	91 	91 
001309 	124 	95 	91 	91 
001310 	124 	95 	91 	91 
001311 	124 	85 	91 	91 
001312 	124 	95 	91 	91 
001313 	124 	85 	91 	91 
001314 	124 	85 	91 	91 
001315 	124 	85 	91 	91 
001316 	124 	85 	91 	91 
001317 	124 	85 	91 	91 
001318 	124 	85 	91 	91 
001319 	124 	85 	91 	91 
001320 	124 	85 	91 	91 
001321 	124 	85 	91 	91 
001322 	124 	85 	91 	91 
001323 	124 	85 	91 	91 
001324 	124 	85 	91 	91 
001325 	124 	85 	91 	91 
001326 	124 	85 	91 	91 
001327 	124 	85 	91 	91 
001328 	114 	75 	91 	91 
001329 	114 	85 	91 	91 
001330 	114 	75 	91 	91 
001331 	114 	85 	91 	91 
001332 	114 	75 	91 	91 
001333 	114 	85 	91 	91 
001334 	114 	85 	91 	91 
001335 	114 	85 	91 	91 
001336 	114 	85 	91 	91 
001337 	105 	75 	90 	91 
001338 	105 	75 	90 	91 
001339 	105 	75 	90 	91 
001340 	105 	75 	90 	91 
001341 	105 	75 	90 	91 
001342 	105 	75 	90 	91 
001343 	105 	75 	90 	91 
001344 	105 	75 	90 	91 
001345 	105 	75 	90 	91 
001346 	105 	75 	90 	91 
001347 	95 	75 	90 	91 
001348 	95 	75 	90 	91 
001349 	95 	75 	90 	91 
001350 	95 	75 	90 	91 
001351 	95 	75 	90 	91 
001352 	95 	75 	90 	91 
001353 	95 	75 	90 	91 
001354 	95 	75 	90 	91 
001355 	105 	75 	90 	91 
001356 	95 	75 	90 	91 
001357 	105 	75 	90 	91 
001358 	105 	75 	90 	91 
001359 	105 	75 	90 	91 
001360 	105 	75 	90 	91 
001361 	105 	75 	90 	91 
001362 	105 	75 	90 	91 
001363 	105 	75 	90 	91 
001364 	105 	75 	90 	91 
001365 	105 	75 	90 	91 
001366 	105 	75 	90 	91 
