Identity  : 	id10298
Reference : 	U_1vfIVOigA
Offset    : 	0
FV Conf   : 	22.131
ASD Conf  : 	7.580

FRAME 	X 	Y 	W 	H 
000955 	134 	55 	91 	91 
000956 	134 	65 	91 	91 
000957 	134 	65 	91 	91 
000958 	134 	65 	91 	91 
000959 	137 	79 	75 	76 
000960 	137 	79 	75 	76 
000961 	124 	65 	91 	91 
000962 	124 	75 	91 	91 
000963 	124 	75 	91 	91 
000964 	124 	75 	91 	91 
000965 	124 	75 	91 	91 
000966 	124 	85 	91 	91 
000967 	124 	85 	91 	91 
000968 	124 	85 	91 	91 
000969 	124 	85 	91 	91 
000970 	124 	85 	91 	91 
000971 	124 	95 	91 	91 
000972 	124 	95 	91 	91 
000973 	124 	85 	91 	91 
000974 	114 	85 	91 	91 
000975 	114 	85 	91 	91 
000976 	95 	75 	90 	91 
000977 	95 	75 	90 	91 
000978 	95 	75 	90 	91 
000979 	85 	75 	90 	91 
000980 	85 	75 	90 	91 
000981 	75 	65 	90 	91 
000982 	75 	65 	90 	91 
000983 	75 	75 	90 	91 
000984 	75 	75 	90 	91 
000985 	75 	75 	90 	91 
000986 	75 	75 	90 	91 
000987 	66 	66 	108 	109 
000988 	85 	75 	90 	91 
000989 	85 	75 	90 	91 
000990 	85 	75 	90 	91 
000991 	95 	75 	90 	91 
000992 	95 	75 	90 	91 
000993 	95 	75 	90 	91 
000994 	95 	75 	90 	91 
000995 	90 	66 	108 	109 
000996 	105 	75 	90 	91 
000997 	105 	75 	90 	91 
000998 	114 	85 	91 	91 
000999 	114 	85 	91 	91 
001000 	114 	85 	91 	91 
001001 	114 	85 	91 	91 
001002 	114 	85 	91 	91 
001003 	114 	85 	91 	91 
001004 	105 	75 	90 	91 
001005 	114 	75 	91 	91 
001006 	114 	75 	91 	91 
001007 	114 	75 	91 	91 
001008 	105 	75 	90 	91 
001009 	105 	75 	90 	91 
001010 	105 	65 	90 	91 
001011 	105 	65 	90 	91 
001012 	105 	65 	90 	91 
001013 	95 	65 	90 	91 
001014 	95 	65 	90 	91 
001015 	103 	79 	76 	76 
001016 	95 	75 	90 	91 
001017 	95 	75 	90 	91 
001018 	95 	65 	90 	91 
001019 	95 	65 	90 	91 
001020 	95 	65 	90 	91 
001021 	95 	65 	90 	91 
001022 	95 	65 	90 	91 
001023 	95 	65 	90 	91 
001024 	95 	65 	90 	91 
001025 	105 	65 	90 	91 
001026 	105 	65 	90 	91 
001027 	105 	65 	90 	91 
001028 	105 	65 	90 	91 
001029 	105 	65 	90 	91 
001030 	105 	65 	90 	91 
001031 	105 	65 	90 	91 
001032 	114 	65 	91 	91 
001033 	112 	62 	75 	76 
001034 	120 	62 	76 	76 
001035 	120 	62 	76 	76 
001036 	112 	62 	75 	76 
001037 	114 	62 	75 	76 
001038 	115 	62 	75 	76 
001039 	117 	62 	76 	76 
001040 	118 	62 	76 	76 
001041 	120 	62 	76 	76 
001042 	120 	62 	76 	76 
001043 	120 	62 	76 	76 
001044 	120 	62 	76 	76 
001045 	114 	55 	91 	91 
001046 	120 	71 	76 	75 
001047 	120 	71 	76 	75 
001048 	120 	71 	76 	75 
001049 	114 	65 	91 	91 
001050 	114 	65 	91 	91 
001051 	120 	71 	76 	75 
001052 	114 	65 	91 	91 
001053 	114 	65 	91 	91 
001054 	114 	65 	91 	91 
001055 	114 	65 	91 	91 
001056 	105 	65 	90 	91 
001057 	105 	65 	90 	91 
001058 	105 	65 	90 	91 
001059 	105 	65 	90 	91 
001060 	105 	65 	90 	91 
001061 	105 	65 	90 	91 
001062 	105 	65 	90 	91 
001063 	105 	65 	90 	91 
001064 	105 	65 	90 	91 
001065 	95 	65 	90 	91 
001066 	95 	65 	90 	91 
001067 	95 	65 	90 	91 
001068 	95 	65 	90 	91 
001069 	95 	65 	90 	91 
001070 	95 	65 	90 	91 
001071 	95 	65 	90 	91 
001072 	95 	65 	90 	91 
001073 	103 	79 	76 	76 
001074 	103 	79 	76 	76 
001075 	103 	79 	76 	76 
001076 	105 	75 	90 	91 
001077 	105 	75 	90 	91 
001078 	105 	75 	90 	91 
001079 	105 	75 	90 	91 
001080 	105 	75 	90 	91 
001081 	105 	75 	90 	91 
001082 	105 	75 	90 	91 
001083 	105 	75 	90 	91 
001084 	105 	75 	90 	91 
001085 	105 	75 	90 	91 
001086 	105 	75 	90 	91 
001087 	105 	75 	90 	91 
001088 	105 	75 	90 	91 
001089 	95 	65 	90 	91 
001090 	95 	65 	90 	91 
001091 	95 	65 	90 	91 
001092 	105 	75 	90 	91 
001093 	105 	75 	90 	91 
001094 	95 	65 	90 	91 
001095 	95 	65 	90 	91 
001096 	95 	65 	90 	91 
001097 	105 	75 	90 	91 
001098 	95 	65 	90 	91 
001099 	95 	65 	90 	91 
001100 	95 	65 	90 	91 
001101 	105 	75 	90 	91 
001102 	95 	65 	90 	91 
001103 	95 	65 	90 	91 
001104 	105 	75 	90 	91 
001105 	105 	75 	90 	91 
001106 	105 	75 	90 	91 
001107 	105 	75 	90 	91 
001108 	105 	75 	90 	91 
001109 	105 	75 	90 	91 
001110 	105 	65 	90 	91 
001111 	95 	65 	90 	91 
001112 	95 	65 	90 	91 
001113 	95 	65 	90 	91 
001114 	95 	65 	90 	91 
001115 	105 	65 	90 	91 
001116 	105 	65 	90 	91 
001117 	105 	65 	90 	91 
001118 	105 	65 	90 	91 
001119 	95 	65 	90 	91 
001120 	105 	65 	90 	91 
001121 	105 	65 	90 	91 
001122 	105 	75 	90 	91 
001123 	105 	65 	90 	91 
001124 	105 	75 	90 	91 
001125 	105 	75 	90 	91 
001126 	105 	75 	90 	91 
001127 	105 	65 	90 	91 
001128 	114 	75 	91 	91 
001129 	114 	75 	91 	91 
001130 	114 	65 	91 	91 
001131 	114 	65 	91 	91 
001132 	114 	75 	91 	91 
001133 	114 	75 	91 	91 
001134 	105 	75 	90 	91 
001135 	105 	75 	90 	91 
001136 	105 	75 	90 	91 
001137 	120 	79 	76 	76 
001138 	114 	75 	91 	91 
001139 	114 	65 	91 	91 
001140 	114 	65 	91 	91 
001141 	114 	75 	91 	91 
001142 	114 	65 	91 	91 
001143 	114 	75 	91 	91 
001144 	114 	75 	91 	91 
001145 	114 	75 	91 	91 
001146 	114 	75 	91 	91 
001147 	114 	75 	91 	91 
001148 	114 	75 	91 	91 
001149 	114 	75 	91 	91 
001150 	105 	75 	90 	91 
001151 	105 	75 	90 	91 
001152 	105 	75 	90 	91 
001153 	105 	75 	90 	91 
001154 	105 	75 	90 	91 
001155 	105 	75 	90 	91 
