Identity  : 	id10301
Reference : 	AeRSD9jIdSg
Offset    : 	-1
FV Conf   : 	13.273
ASD Conf  : 	6.265

FRAME 	X 	Y 	W 	H 
007141 	214 	45 	91 	91 
007142 	214 	45 	91 	91 
007143 	214 	45 	91 	91 
007144 	214 	45 	91 	91 
007145 	214 	45 	91 	91 
007146 	214 	45 	91 	91 
007147 	214 	45 	91 	91 
007148 	214 	45 	91 	91 
007149 	214 	45 	91 	91 
007150 	214 	45 	91 	91 
007151 	214 	45 	91 	91 
007152 	214 	45 	91 	91 
007153 	214 	45 	91 	91 
007154 	214 	45 	91 	91 
007155 	214 	45 	91 	91 
007156 	214 	45 	91 	91 
007157 	214 	45 	91 	91 
007158 	214 	45 	91 	91 
007159 	214 	45 	91 	91 
007160 	214 	45 	91 	91 
007161 	214 	45 	91 	91 
007162 	214 	45 	91 	91 
007163 	214 	45 	91 	91 
007164 	214 	45 	91 	91 
007165 	214 	45 	91 	91 
007166 	214 	45 	91 	91 
007167 	214 	45 	91 	91 
007168 	214 	35 	91 	91 
007169 	214 	35 	91 	91 
007170 	214 	35 	91 	91 
007171 	214 	35 	91 	91 
007172 	214 	35 	91 	91 
007173 	214 	35 	91 	91 
007174 	214 	35 	91 	91 
007175 	214 	35 	91 	91 
007176 	214 	35 	91 	91 
007177 	214 	35 	91 	91 
007178 	214 	35 	91 	91 
007179 	214 	35 	91 	91 
007180 	214 	35 	91 	91 
007181 	214 	35 	91 	91 
007182 	214 	35 	91 	91 
007183 	214 	35 	91 	91 
007184 	214 	35 	91 	91 
007185 	214 	35 	91 	91 
007186 	214 	35 	91 	91 
007187 	204 	35 	91 	91 
007188 	204 	35 	91 	91 
007189 	204 	35 	91 	91 
007190 	204 	35 	91 	91 
007191 	204 	35 	91 	91 
007192 	204 	45 	91 	91 
007193 	204 	45 	91 	91 
007194 	204 	45 	91 	91 
007195 	204 	45 	91 	91 
007196 	204 	45 	91 	91 
007197 	204 	45 	91 	91 
007198 	204 	45 	91 	91 
007199 	204 	45 	91 	91 
007200 	204 	45 	91 	91 
007201 	204 	35 	91 	91 
007202 	204 	35 	91 	91 
007203 	204 	35 	91 	91 
007204 	204 	35 	91 	91 
007205 	204 	35 	91 	91 
007206 	204 	35 	91 	91 
007207 	204 	35 	91 	91 
007208 	214 	35 	91 	91 
007209 	204 	35 	91 	91 
007210 	214 	35 	91 	91 
007211 	214 	35 	91 	91 
007212 	214 	35 	91 	91 
007213 	214 	35 	91 	91 
007214 	204 	35 	91 	91 
007215 	204 	35 	91 	91 
007216 	204 	35 	91 	91 
007217 	204 	35 	91 	91 
007218 	204 	35 	91 	91 
007219 	204 	35 	91 	91 
007220 	204 	35 	91 	91 
007221 	204 	35 	91 	91 
007222 	204 	35 	91 	91 
007223 	204 	35 	91 	91 
007224 	204 	35 	91 	91 
007225 	204 	35 	91 	91 
007226 	204 	35 	91 	91 
007227 	204 	35 	91 	91 
007228 	204 	35 	91 	91 
007229 	204 	35 	91 	91 
007230 	197 	31 	109 	108 
007231 	204 	45 	91 	91 
007232 	204 	35 	91 	91 
007233 	204 	35 	91 	91 
007234 	204 	35 	91 	91 
007235 	204 	35 	91 	91 
007236 	204 	35 	91 	91 
007237 	204 	35 	91 	91 
007238 	204 	35 	91 	91 
007239 	204 	35 	91 	91 
007240 	204 	35 	91 	91 
