Identity  : 	id10292
Reference : 	YvmWRnJnTz0
Offset    : 	-2
FV Conf   : 	22.132
ASD Conf  : 	5.861

FRAME 	X 	Y 	W 	H 
012166 	95 	75 	90 	91 
012167 	95 	75 	90 	91 
012168 	95 	75 	90 	91 
012169 	95 	75 	90 	91 
012170 	95 	75 	90 	91 
012171 	95 	75 	90 	91 
012172 	95 	75 	90 	91 
012173 	105 	75 	90 	91 
012174 	105 	75 	90 	91 
012175 	105 	75 	90 	91 
012176 	105 	75 	90 	91 
012177 	105 	75 	90 	91 
012178 	105 	75 	90 	91 
012179 	120 	87 	76 	76 
012180 	114 	85 	91 	91 
012181 	114 	85 	91 	91 
012182 	114 	85 	91 	91 
012183 	114 	85 	91 	91 
012184 	114 	85 	91 	91 
012185 	114 	85 	91 	91 
012186 	114 	85 	91 	91 
012187 	124 	95 	91 	91 
012188 	124 	95 	91 	91 
012189 	128 	96 	76 	75 
012190 	128 	96 	76 	75 
012191 	128 	96 	76 	75 
012192 	124 	85 	91 	91 
012193 	124 	85 	91 	91 
012194 	124 	85 	91 	91 
012195 	124 	85 	91 	91 
012196 	124 	85 	91 	91 
012197 	124 	85 	91 	91 
012198 	128 	87 	76 	76 
012199 	128 	87 	76 	76 
012200 	114 	85 	91 	91 
012201 	114 	85 	91 	91 
012202 	114 	85 	91 	91 
012203 	114 	85 	91 	91 
012204 	114 	85 	91 	91 
012205 	114 	85 	91 	91 
012206 	114 	85 	91 	91 
012207 	114 	85 	91 	91 
012208 	114 	85 	91 	91 
012209 	128 	87 	76 	76 
012210 	128 	87 	76 	76 
012211 	124 	85 	91 	91 
012212 	124 	85 	91 	91 
012213 	124 	85 	91 	91 
012214 	124 	85 	91 	91 
012215 	124 	85 	91 	91 
012216 	124 	85 	91 	91 
012217 	124 	85 	91 	91 
012218 	124 	85 	91 	91 
012219 	124 	85 	91 	91 
012220 	124 	85 	91 	91 
012221 	124 	85 	91 	91 
012222 	124 	85 	91 	91 
012223 	124 	85 	91 	91 
012224 	124 	85 	91 	91 
012225 	124 	85 	91 	91 
012226 	124 	85 	91 	91 
012227 	124 	85 	91 	91 
012228 	124 	85 	91 	91 
012229 	124 	85 	91 	91 
012230 	124 	85 	91 	91 
012231 	124 	85 	91 	91 
012232 	124 	85 	91 	91 
012233 	124 	85 	91 	91 
012234 	124 	85 	91 	91 
012235 	124 	85 	91 	91 
012236 	124 	85 	91 	91 
012237 	124 	85 	91 	91 
012238 	124 	85 	91 	91 
012239 	124 	85 	91 	91 
012240 	124 	85 	91 	91 
012241 	124 	85 	91 	91 
012242 	124 	85 	91 	91 
012243 	124 	85 	91 	91 
012244 	124 	85 	91 	91 
012245 	124 	85 	91 	91 
012246 	124 	95 	91 	91 
012247 	124 	95 	91 	91 
012248 	124 	95 	91 	91 
012249 	134 	95 	91 	91 
012250 	134 	95 	91 	91 
012251 	134 	95 	91 	91 
012252 	134 	95 	91 	91 
012253 	134 	95 	91 	91 
012254 	134 	95 	91 	91 
012255 	134 	95 	91 	91 
012256 	145 	104 	76 	76 
012257 	145 	104 	76 	76 
012258 	145 	104 	76 	76 
012259 	145 	104 	76 	76 
012260 	134 	95 	91 	91 
012261 	134 	95 	91 	91 
012262 	145 	104 	76 	76 
012263 	134 	95 	91 	91 
012264 	145 	104 	76 	76 
012265 	145 	104 	76 	76 
012266 	134 	105 	91 	91 
012267 	134 	105 	91 	91 
012268 	134 	105 	91 	91 
012269 	134 	95 	91 	91 
012270 	134 	95 	91 	91 
012271 	134 	105 	91 	91 
012272 	137 	104 	75 	76 
012273 	124 	105 	91 	91 
012274 	124 	105 	91 	91 
