Identity  : 	id10292
Reference : 	YvmWRnJnTz0
Offset    : 	-3
FV Conf   : 	18.417
ASD Conf  : 	7.933

FRAME 	X 	Y 	W 	H 
016714 	262 	95 	52 	53 
016715 	266 	103 	44 	44 
016716 	266 	103 	44 	44 
016717 	266 	103 	44 	44 
016718 	266 	103 	44 	44 
016719 	266 	103 	44 	44 
016720 	266 	103 	44 	44 
016721 	266 	103 	44 	44 
016722 	266 	103 	44 	44 
016723 	266 	103 	44 	44 
016724 	266 	103 	44 	44 
016725 	266 	103 	44 	44 
016726 	266 	103 	44 	44 
016727 	256 	101 	53 	53 
016728 	256 	101 	53 	53 
016729 	256 	101 	53 	53 
016730 	256 	101 	53 	53 
016731 	256 	101 	53 	53 
016732 	256 	101 	53 	53 
016733 	266 	103 	44 	44 
016734 	266 	103 	44 	44 
016735 	266 	103 	44 	44 
016736 	266 	103 	44 	44 
016737 	266 	103 	44 	44 
016738 	266 	103 	44 	44 
016739 	266 	103 	44 	44 
016740 	266 	103 	44 	44 
016741 	256 	101 	53 	53 
016742 	256 	101 	53 	53 
016743 	256 	101 	53 	53 
016744 	256 	101 	53 	53 
016745 	256 	101 	53 	53 
016746 	256 	101 	53 	53 
016747 	266 	103 	44 	44 
016748 	262 	101 	52 	53 
016749 	271 	103 	44 	44 
016750 	267 	101 	53 	53 
016751 	267 	101 	53 	53 
016752 	275 	108 	45 	44 
016753 	280 	103 	44 	44 
016754 	280 	103 	44 	44 
016755 	280 	103 	44 	44 
016756 	279 	101 	53 	53 
016757 	279 	101 	53 	53 
016758 	279 	101 	53 	53 
016759 	279 	101 	53 	53 
016760 	285 	108 	44 	44 
016761 	285 	108 	44 	44 
016762 	279 	101 	53 	53 
016763 	285 	103 	44 	44 
016764 	285 	103 	44 	44 
016765 	285 	103 	44 	44 
016766 	285 	103 	44 	44 
016767 	285 	103 	44 	44 
016768 	285 	103 	44 	44 
016769 	290 	108 	44 	44 
016770 	285 	101 	52 	53 
016771 	285 	101 	52 	53 
016772 	290 	103 	44 	44 
016773 	290 	103 	44 	44 
016774 	290 	103 	44 	44 
016775 	290 	103 	44 	44 
016776 	290 	103 	44 	44 
016777 	290 	103 	44 	44 
016778 	295 	103 	44 	44 
016779 	290 	101 	53 	53 
016780 	295 	103 	44 	44 
016781 	290 	101 	53 	53 
016782 	290 	107 	53 	52 
016783 	290 	107 	53 	52 
016784 	290 	107 	53 	52 
016785 	295 	108 	44 	44 
016786 	295 	108 	44 	44 
016787 	290 	101 	53 	53 
016788 	290 	101 	53 	53 
016789 	290 	103 	44 	44 
016790 	285 	101 	52 	53 
016791 	290 	108 	44 	44 
016792 	285 	107 	52 	52 
016793 	285 	108 	44 	44 
016794 	285 	108 	44 	44 
016795 	285 	108 	44 	44 
016796 	285 	108 	44 	44 
016797 	285 	108 	44 	44 
016798 	285 	108 	44 	44 
016799 	285 	108 	44 	44 
016800 	285 	108 	44 	44 
016801 	285 	108 	44 	44 
016802 	285 	108 	44 	44 
016803 	285 	108 	44 	44 
016804 	285 	108 	44 	44 
016805 	285 	108 	44 	44 
016806 	279 	101 	53 	53 
016807 	279 	101 	53 	53 
016808 	279 	101 	53 	53 
016809 	279 	101 	53 	53 
016810 	279 	101 	53 	53 
016811 	279 	101 	53 	53 
016812 	285 	103 	44 	44 
016813 	285 	103 	44 	44 
016814 	285 	103 	44 	44 
016815 	279 	101 	53 	53 
016816 	279 	101 	53 	53 
016817 	279 	101 	53 	53 
