Identity  : 	id10272
Reference : 	olePnztkm6U
Offset    : 	1
FV Conf   : 	18.353
ASD Conf  : 	6.813

FRAME 	X 	Y 	W 	H 
006169 	234 	75 	90 	91 
006170 	234 	75 	90 	91 
006171 	234 	75 	90 	91 
006172 	234 	75 	90 	91 
006173 	234 	75 	90 	91 
006174 	234 	75 	90 	91 
006175 	234 	75 	90 	91 
006176 	234 	85 	90 	91 
006177 	234 	85 	90 	91 
006178 	234 	95 	90 	91 
006179 	244 	95 	90 	91 
006180 	244 	95 	90 	91 
006181 	233 	78 	109 	109 
006182 	244 	85 	90 	91 
006183 	244 	75 	90 	91 
006184 	244 	75 	90 	91 
006185 	244 	75 	90 	91 
006186 	244 	75 	90 	91 
006187 	244 	75 	90 	91 
006188 	244 	75 	90 	91 
006189 	244 	85 	90 	91 
006190 	244 	85 	90 	91 
006191 	244 	85 	90 	91 
006192 	244 	75 	90 	91 
006193 	244 	75 	90 	91 
006194 	244 	75 	90 	91 
006195 	244 	75 	90 	91 
006196 	233 	78 	109 	109 
006197 	244 	85 	90 	91 
006198 	244 	85 	90 	91 
006199 	244 	85 	90 	91 
006200 	233 	78 	109 	109 
006201 	245 	78 	109 	109 
006202 	245 	78 	109 	109 
006203 	245 	78 	109 	109 
006204 	245 	78 	109 	109 
006205 	245 	78 	109 	109 
006206 	233 	78 	109 	109 
006207 	233 	78 	109 	109 
006208 	233 	78 	109 	109 
006209 	233 	78 	109 	109 
006210 	233 	78 	109 	109 
006211 	233 	78 	109 	109 
006212 	244 	85 	90 	91 
006213 	244 	85 	90 	91 
006214 	233 	78 	109 	109 
006215 	233 	78 	109 	109 
006216 	233 	78 	109 	109 
006217 	234 	75 	90 	91 
006218 	234 	75 	90 	91 
006219 	234 	75 	90 	91 
006220 	234 	75 	90 	91 
006221 	224 	75 	91 	91 
006222 	224 	75 	91 	91 
006223 	224 	75 	91 	91 
006224 	224 	75 	91 	91 
006225 	224 	75 	91 	91 
006226 	224 	75 	91 	91 
006227 	214 	75 	91 	91 
006228 	214 	75 	91 	91 
006229 	224 	75 	91 	91 
006230 	224 	75 	91 	91 
006231 	224 	85 	91 	91 
006232 	234 	85 	90 	91 
006233 	234 	85 	90 	91 
006234 	234 	75 	90 	91 
006235 	234 	75 	90 	91 
006236 	234 	75 	90 	91 
006237 	224 	75 	91 	91 
006238 	224 	75 	91 	91 
006239 	224 	75 	91 	91 
006240 	224 	75 	91 	91 
006241 	224 	75 	91 	91 
006242 	224 	75 	91 	91 
006243 	224 	75 	91 	91 
006244 	224 	75 	91 	91 
006245 	224 	75 	91 	91 
006246 	224 	75 	91 	91 
006247 	224 	75 	91 	91 
006248 	224 	75 	91 	91 
006249 	224 	75 	91 	91 
006250 	224 	75 	91 	91 
006251 	224 	75 	91 	91 
006252 	224 	75 	91 	91 
006253 	224 	75 	91 	91 
006254 	224 	75 	91 	91 
006255 	224 	75 	91 	91 
006256 	224 	75 	91 	91 
006257 	224 	65 	91 	91 
006258 	224 	65 	91 	91 
006259 	224 	65 	91 	91 
006260 	224 	65 	91 	91 
006261 	221 	66 	109 	109 
006262 	221 	66 	109 	109 
006263 	221 	78 	109 	109 
006264 	221 	78 	109 	109 
006265 	221 	78 	109 	109 
006266 	234 	85 	90 	91 
006267 	233 	78 	109 	109 
006268 	233 	66 	109 	109 
006269 	233 	66 	109 	109 
006270 	233 	78 	109 	109 
006271 	233 	78 	109 	109 
006272 	233 	78 	109 	109 
006273 	233 	78 	109 	109 
006274 	233 	78 	109 	109 
006275 	233 	78 	109 	109 
006276 	233 	78 	109 	109 
006277 	233 	78 	109 	109 
006278 	244 	85 	90 	91 
006279 	233 	78 	109 	109 
006280 	233 	78 	109 	109 
006281 	233 	90 	109 	109 
006282 	244 	85 	90 	91 
006283 	244 	85 	90 	91 
006284 	254 	85 	90 	91 
006285 	254 	75 	90 	91 
006286 	254 	75 	90 	91 
006287 	264 	75 	90 	91 
006288 	264 	75 	90 	91 
006289 	264 	75 	90 	91 
006290 	274 	85 	90 	91 
006291 	274 	85 	90 	91 
006292 	274 	75 	90 	91 
006293 	274 	75 	90 	91 
006294 	274 	75 	90 	91 
