Identity  : 	id10292
Reference : 	ETJd_jPboYc
Offset    : 	-2
FV Conf   : 	13.302
ASD Conf  : 	6.078

FRAME 	X 	Y 	W 	H 
002795 	102 	90 	108 	109 
002796 	114 	90 	108 	109 
002797 	126 	90 	108 	109 
002798 	126 	78 	108 	109 
002799 	138 	78 	108 	109 
002800 	138 	90 	108 	109 
002801 	137 	80 	130 	130 
002802 	137 	80 	130 	130 
002803 	150 	90 	108 	109 
002804 	150 	78 	108 	109 
002805 	150 	78 	108 	109 
002806 	150 	78 	108 	109 
002807 	150 	90 	108 	109 
002808 	150 	90 	108 	109 
002809 	150 	90 	108 	109 
002810 	150 	90 	108 	109 
002811 	150 	90 	108 	109 
002812 	150 	78 	108 	109 
002813 	150 	78 	108 	109 
002814 	138 	78 	108 	109 
002815 	138 	78 	108 	109 
002816 	138 	78 	108 	109 
002817 	122 	66 	130 	130 
002818 	126 	78 	108 	109 
002819 	126 	78 	108 	109 
002820 	126 	78 	108 	109 
002821 	126 	78 	108 	109 
002822 	126 	78 	108 	109 
002823 	114 	78 	108 	109 
002824 	114 	78 	108 	109 
002825 	114 	78 	108 	109 
002826 	114 	78 	108 	109 
002827 	114 	78 	108 	109 
002828 	114 	78 	108 	109 
002829 	114 	66 	108 	109 
002830 	114 	66 	108 	109 
002831 	114 	66 	108 	109 
002832 	114 	66 	108 	109 
002833 	114 	66 	108 	109 
002834 	114 	66 	108 	109 
002835 	126 	78 	108 	109 
002836 	126 	78 	108 	109 
002837 	126 	78 	108 	109 
002838 	126 	78 	108 	109 
002839 	126 	78 	108 	109 
002840 	126 	78 	108 	109 
002841 	126 	78 	108 	109 
002842 	126 	78 	108 	109 
002843 	126 	78 	108 	109 
002844 	126 	78 	108 	109 
002845 	126 	78 	108 	109 
002846 	126 	78 	108 	109 
002847 	126 	78 	108 	109 
002848 	126 	78 	108 	109 
002849 	126 	78 	108 	109 
002850 	126 	78 	108 	109 
002851 	126 	78 	108 	109 
002852 	126 	78 	108 	109 
002853 	126 	78 	108 	109 
002854 	126 	78 	108 	109 
002855 	126 	78 	108 	109 
002856 	126 	78 	108 	109 
002857 	126 	78 	108 	109 
002858 	126 	78 	108 	109 
002859 	126 	78 	108 	109 
002860 	126 	78 	108 	109 
002861 	126 	78 	108 	109 
002862 	126 	78 	108 	109 
002863 	126 	78 	108 	109 
002864 	126 	78 	108 	109 
002865 	126 	78 	108 	109 
002866 	126 	78 	108 	109 
002867 	126 	78 	108 	109 
002868 	126 	78 	108 	109 
002869 	126 	78 	108 	109 
002870 	126 	78 	108 	109 
002871 	126 	78 	108 	109 
002872 	126 	78 	108 	109 
002873 	126 	78 	108 	109 
002874 	126 	78 	108 	109 
002875 	126 	78 	108 	109 
002876 	126 	78 	108 	109 
002877 	126 	78 	108 	109 
002878 	126 	90 	108 	109 
002879 	126 	90 	108 	109 
002880 	126 	90 	108 	109 
002881 	126 	90 	108 	109 
002882 	126 	90 	108 	109 
002883 	126 	78 	108 	109 
002884 	126 	78 	108 	109 
002885 	126 	78 	108 	109 
002886 	126 	78 	108 	109 
002887 	126 	90 	108 	109 
002888 	126 	78 	108 	109 
002889 	126 	78 	108 	109 
002890 	126 	78 	108 	109 
002891 	126 	78 	108 	109 
002892 	126 	78 	108 	109 
002893 	126 	78 	108 	109 
002894 	126 	78 	108 	109 
002895 	126 	78 	108 	109 
002896 	126 	78 	108 	109 
002897 	126 	78 	108 	109 
002898 	126 	78 	108 	109 
002899 	126 	78 	108 	109 
002900 	126 	78 	108 	109 
002901 	126 	78 	108 	109 
002902 	126 	78 	108 	109 
002903 	126 	78 	108 	109 
002904 	126 	78 	108 	109 
002905 	126 	78 	108 	109 
002906 	126 	78 	108 	109 
002907 	126 	78 	108 	109 
002908 	144 	95 	91 	91 
002909 	144 	95 	91 	91 
002910 	138 	78 	108 	109 
002911 	144 	95 	91 	91 
002912 	144 	95 	91 	91 
002913 	138 	90 	108 	109 
002914 	122 	80 	130 	130 
002915 	122 	80 	130 	130 
002916 	122 	80 	130 	130 
002917 	122 	80 	130 	130 
002918 	122 	80 	130 	130 
002919 	122 	80 	130 	130 
002920 	122 	80 	130 	130 
002921 	138 	90 	108 	109 
002922 	138 	90 	108 	109 
002923 	138 	90 	108 	109 
002924 	138 	90 	108 	109 
002925 	138 	90 	108 	109 
002926 	138 	90 	108 	109 
002927 	138 	90 	108 	109 
002928 	138 	90 	108 	109 
002929 	138 	90 	108 	109 
002930 	144 	95 	91 	91 
002931 	122 	80 	130 	130 
002932 	138 	90 	108 	109 
002933 	122 	80 	130 	130 
002934 	138 	90 	108 	109 
002935 	138 	90 	108 	109 
002936 	138 	90 	108 	109 
002937 	122 	80 	130 	130 
002938 	144 	95 	91 	91 
002939 	144 	95 	91 	91 
002940 	144 	95 	91 	91 
002941 	144 	95 	91 	91 
002942 	144 	95 	91 	91 
002943 	144 	95 	91 	91 
002944 	126 	90 	108 	109 
002945 	126 	90 	108 	109 
