Identity  : 	id10296
Reference : 	5K8DAWq6wJc
Offset    : 	0
FV Conf   : 	15.060
ASD Conf  : 	4.830

FRAME 	X 	Y 	W 	H 
003012 	197 	80 	63 	63 
003013 	194 	76 	63 	63 
003014 	190 	73 	63 	63 
003015 	190 	73 	63 	63 
003016 	190 	73 	63 	63 
003017 	190 	73 	63 	63 
003018 	190 	73 	63 	63 
003019 	190 	73 	63 	63 
003020 	190 	73 	63 	63 
003021 	183 	73 	63 	63 
003022 	183 	73 	63 	63 
003023 	183 	73 	63 	63 
003024 	183 	73 	63 	63 
003025 	183 	73 	63 	63 
003026 	183 	73 	63 	63 
003027 	183 	73 	63 	63 
003028 	183 	73 	63 	63 
003029 	183 	73 	63 	63 
003030 	183 	73 	63 	63 
003031 	183 	73 	63 	63 
003032 	190 	73 	63 	63 
003033 	190 	73 	63 	63 
003034 	190 	73 	63 	63 
003035 	190 	73 	63 	63 
003036 	190 	73 	63 	63 
003037 	190 	73 	63 	63 
003038 	190 	73 	63 	63 
003039 	190 	73 	63 	63 
003040 	190 	73 	63 	63 
003041 	190 	73 	63 	63 
003042 	190 	73 	63 	63 
003043 	190 	73 	63 	63 
003044 	190 	73 	63 	63 
003045 	190 	73 	63 	63 
003046 	190 	73 	63 	63 
003047 	190 	66 	63 	63 
003048 	190 	66 	63 	63 
003049 	190 	66 	63 	63 
003050 	190 	66 	63 	63 
003051 	190 	66 	63 	63 
003052 	190 	66 	63 	63 
003053 	190 	66 	63 	63 
003054 	190 	66 	63 	63 
003055 	190 	66 	63 	63 
003056 	190 	66 	63 	63 
003057 	190 	66 	63 	63 
003058 	190 	66 	63 	63 
003059 	190 	66 	63 	63 
003060 	190 	66 	63 	63 
003061 	190 	66 	63 	63 
003062 	190 	73 	63 	63 
003063 	190 	73 	63 	63 
003064 	197 	66 	63 	63 
003065 	197 	66 	63 	63 
003066 	197 	66 	63 	63 
003067 	197 	66 	63 	63 
003068 	197 	66 	63 	63 
003069 	197 	66 	63 	63 
003070 	197 	66 	63 	63 
003071 	197 	66 	63 	63 
003072 	197 	66 	63 	63 
003073 	197 	66 	63 	63 
003074 	197 	66 	63 	63 
003075 	197 	68 	63 	63 
003076 	197 	71 	63 	63 
003077 	197 	73 	63 	63 
003078 	197 	73 	63 	63 
003079 	197 	73 	63 	63 
003080 	197 	73 	63 	63 
003081 	197 	73 	63 	63 
003082 	197 	73 	63 	63 
003083 	197 	73 	63 	63 
003084 	197 	73 	63 	63 
003085 	197 	73 	63 	63 
003086 	190 	73 	63 	63 
003087 	190 	73 	63 	63 
003088 	190 	73 	63 	63 
003089 	183 	73 	63 	63 
003090 	183 	73 	63 	63 
003091 	183 	73 	63 	63 
003092 	183 	73 	63 	63 
003093 	183 	73 	63 	63 
003094 	176 	73 	63 	63 
003095 	176 	73 	63 	63 
003096 	176 	73 	63 	63 
003097 	176 	73 	63 	63 
003098 	176 	73 	63 	63 
003099 	176 	73 	63 	63 
003100 	176 	73 	63 	63 
003101 	176 	73 	63 	63 
003102 	176 	73 	63 	63 
003103 	176 	73 	63 	63 
003104 	176 	73 	63 	63 
003105 	176 	73 	63 	63 
003106 	176 	73 	63 	63 
003107 	176 	73 	63 	63 
003108 	176 	73 	63 	63 
003109 	176 	73 	63 	63 
003110 	176 	73 	63 	63 
003111 	176 	73 	63 	63 
003112 	176 	73 	63 	63 
003113 	176 	73 	63 	63 
003114 	176 	80 	63 	63 
