Identity  : 	id10276
Reference : 	cytGIvwJ3NA
Offset    : 	-1
FV Conf   : 	24.112
ASD Conf  : 	6.414

FRAME 	X 	Y 	W 	H 
001918 	446 	66 	53 	53 
001919 	446 	66 	53 	53 
001920 	439 	59 	63 	63 
001921 	446 	66 	53 	53 
001922 	446 	66 	53 	53 
001923 	439 	59 	63 	63 
001924 	439 	59 	63 	63 
001925 	439 	59 	63 	63 
001926 	439 	59 	63 	63 
001927 	446 	66 	53 	53 
001928 	446 	66 	53 	53 
001929 	439 	59 	63 	63 
001930 	439 	59 	63 	63 
001931 	439 	59 	63 	63 
001932 	439 	59 	63 	63 
001933 	440 	60 	53 	53 
001934 	440 	60 	53 	53 
001935 	434 	60 	53 	53 
001936 	425 	59 	63 	63 
001937 	425 	59 	63 	63 
001938 	429 	60 	52 	53 
001939 	423 	60 	53 	53 
001940 	423 	60 	53 	53 
001941 	417 	60 	53 	53 
001942 	417 	60 	53 	53 
001943 	411 	60 	53 	53 
001944 	411 	60 	53 	53 
001945 	411 	60 	53 	53 
001946 	406 	60 	52 	53 
001947 	406 	60 	52 	53 
001948 	406 	60 	52 	53 
001949 	406 	60 	52 	53 
001950 	411 	60 	53 	53 
001951 	411 	60 	53 	53 
001952 	411 	60 	53 	53 
001953 	411 	60 	53 	53 
001954 	411 	60 	53 	53 
001955 	411 	60 	53 	53 
001956 	411 	60 	53 	53 
001957 	411 	60 	53 	53 
001958 	417 	60 	53 	53 
001959 	417 	60 	53 	53 
001960 	417 	60 	53 	53 
001961 	417 	60 	53 	53 
001962 	411 	59 	63 	63 
001963 	423 	60 	53 	53 
001964 	423 	60 	53 	53 
001965 	423 	60 	53 	53 
001966 	411 	59 	63 	63 
001967 	411 	59 	63 	63 
001968 	411 	59 	63 	63 
001969 	411 	59 	63 	63 
001970 	411 	59 	63 	63 
001971 	411 	59 	63 	63 
001972 	411 	59 	63 	63 
001973 	411 	59 	63 	63 
001974 	411 	59 	63 	63 
001975 	411 	59 	63 	63 
001976 	411 	59 	63 	63 
001977 	411 	59 	63 	63 
001978 	423 	66 	53 	53 
001979 	423 	66 	53 	53 
001980 	429 	66 	52 	53 
001981 	429 	66 	52 	53 
001982 	425 	66 	63 	63 
001983 	425 	66 	63 	63 
001984 	434 	72 	53 	53 
001985 	434 	72 	53 	53 
001986 	432 	66 	63 	63 
001987 	440 	72 	53 	53 
001988 	440 	72 	53 	53 
001989 	446 	72 	53 	53 
001990 	446 	72 	53 	53 
001991 	446 	72 	53 	53 
001992 	452 	72 	52 	53 
001993 	452 	66 	52 	53 
001994 	452 	72 	52 	53 
001995 	457 	66 	53 	53 
001996 	457 	72 	53 	53 
001997 	457 	72 	53 	53 
001998 	463 	72 	53 	53 
001999 	463 	72 	53 	53 
002000 	463 	72 	53 	53 
002001 	472 	74 	44 	44 
002002 	472 	74 	44 	44 
002003 	472 	74 	44 	44 
002004 	472 	69 	44 	45 
002005 	463 	66 	53 	53 
002006 	452 	59 	64 	63 
002007 	452 	59 	64 	63 
002008 	457 	66 	53 	53 
002009 	457 	66 	53 	53 
002010 	457 	60 	53 	53 
002011 	452 	60 	52 	53 
002012 	457 	60 	53 	53 
002013 	452 	60 	52 	53 
002014 	445 	52 	64 	63 
002015 	452 	55 	52 	53 
002016 	452 	55 	52 	53 
002017 	452 	55 	52 	53 
002018 	452 	55 	52 	53 
002019 	445 	52 	64 	63 
002020 	446 	55 	53 	53 
002021 	446 	60 	53 	53 
002022 	446 	60 	53 	53 
002023 	446 	60 	53 	53 
002024 	446 	60 	53 	53 
002025 	440 	60 	53 	53 
002026 	440 	60 	53 	53 
002027 	440 	60 	53 	53 
002028 	440 	60 	53 	53 
002029 	440 	60 	53 	53 
002030 	440 	60 	53 	53 
002031 	439 	59 	63 	63 
002032 	439 	59 	63 	63 
002033 	439 	59 	63 	63 
002034 	439 	59 	63 	63 
002035 	439 	59 	63 	63 
002036 	446 	60 	53 	53 
002037 	446 	60 	53 	53 
002038 	446 	60 	53 	53 
002039 	439 	59 	63 	63 
002040 	439 	59 	63 	63 
002041 	439 	59 	63 	63 
002042 	446 	66 	53 	53 
002043 	446 	66 	53 	53 
002044 	446 	66 	53 	53 
002045 	446 	66 	53 	53 
002046 	439 	59 	63 	63 
002047 	446 	66 	53 	53 
002048 	439 	59 	63 	63 
002049 	439 	59 	63 	63 
002050 	439 	59 	63 	63 
002051 	439 	59 	63 	63 
002052 	440 	66 	53 	53 
002053 	440 	66 	53 	53 
002054 	440 	66 	53 	53 
002055 	440 	66 	53 	53 
002056 	440 	66 	53 	53 
002057 	440 	66 	53 	53 
002058 	440 	66 	53 	53 
002059 	440 	66 	53 	53 
002060 	440 	66 	53 	53 
002061 	439 	59 	63 	63 
002062 	440 	66 	53 	53 
002063 	440 	66 	53 	53 
002064 	440 	60 	53 	53 
002065 	440 	66 	53 	53 
002066 	440 	66 	53 	53 
002067 	440 	66 	53 	53 
002068 	440 	66 	53 	53 
002069 	432 	59 	63 	63 
002070 	432 	59 	63 	63 
002071 	432 	59 	63 	63 
002072 	432 	59 	63 	63 
002073 	432 	59 	63 	63 
002074 	440 	66 	53 	53 
002075 	440 	66 	53 	53 
002076 	440 	60 	53 	53 
002077 	440 	60 	53 	53 
002078 	440 	60 	53 	53 
002079 	440 	60 	53 	53 
002080 	440 	60 	53 	53 
002081 	439 	59 	63 	63 
002082 	439 	59 	63 	63 
002083 	439 	59 	63 	63 
002084 	439 	59 	63 	63 
002085 	439 	59 	63 	63 
002086 	446 	66 	53 	53 
002087 	446 	66 	53 	53 
002088 	446 	66 	53 	53 
002089 	446 	66 	53 	53 
002090 	446 	66 	53 	53 
002091 	446 	66 	53 	53 
002092 	446 	66 	53 	53 
002093 	446 	66 	53 	53 
002094 	446 	66 	53 	53 
002095 	440 	66 	53 	53 
002096 	440 	66 	53 	53 
002097 	440 	66 	53 	53 
002098 	440 	66 	53 	53 
002099 	440 	66 	53 	53 
002100 	440 	66 	53 	53 
002101 	440 	66 	53 	53 
002102 	440 	66 	53 	53 
002103 	440 	66 	53 	53 
002104 	440 	66 	53 	53 
002105 	440 	66 	53 	53 
002106 	440 	66 	53 	53 
002107 	440 	66 	53 	53 
002108 	440 	66 	53 	53 
002109 	440 	66 	53 	53 
002110 	440 	66 	53 	53 
002111 	440 	66 	53 	53 
002112 	440 	60 	53 	53 
002113 	440 	60 	53 	53 
002114 	440 	60 	53 	53 
002115 	440 	60 	53 	53 
002116 	440 	66 	53 	53 
002117 	440 	66 	53 	53 
002118 	440 	66 	53 	53 
002119 	440 	66 	53 	53 
002120 	440 	66 	53 	53 
002121 	440 	66 	53 	53 
002122 	440 	66 	53 	53 
002123 	440 	66 	53 	53 
002124 	440 	66 	53 	53 
002125 	440 	66 	53 	53 
002126 	440 	66 	53 	53 
002127 	440 	66 	53 	53 
002128 	440 	66 	53 	53 
002129 	440 	66 	53 	53 
002130 	440 	66 	53 	53 
002131 	440 	66 	53 	53 
002132 	440 	66 	53 	53 
002133 	440 	66 	53 	53 
002134 	440 	66 	53 	53 
002135 	440 	66 	53 	53 
002136 	440 	66 	53 	53 
002137 	440 	66 	53 	53 
002138 	440 	66 	53 	53 
002139 	440 	66 	53 	53 
002140 	440 	66 	53 	53 
002141 	440 	66 	53 	53 
002142 	440 	66 	53 	53 
002143 	440 	66 	53 	53 
002144 	440 	66 	53 	53 
002145 	440 	66 	53 	53 
002146 	440 	66 	53 	53 
002147 	440 	66 	53 	53 
002148 	440 	66 	53 	53 
002149 	440 	66 	53 	53 
002150 	440 	66 	53 	53 
002151 	440 	66 	53 	53 
002152 	440 	66 	53 	53 
002153 	440 	66 	53 	53 
002154 	440 	66 	53 	53 
002155 	440 	66 	53 	53 
002156 	440 	66 	53 	53 
002157 	440 	66 	53 	53 
002158 	440 	66 	53 	53 
002159 	440 	66 	53 	53 
002160 	440 	66 	53 	53 
002161 	440 	66 	53 	53 
002162 	440 	66 	53 	53 
002163 	440 	66 	53 	53 
002164 	440 	66 	53 	53 
002165 	440 	66 	53 	53 
002166 	440 	66 	53 	53 
002167 	440 	66 	53 	53 
002168 	440 	66 	53 	53 
002169 	440 	66 	53 	53 
002170 	440 	66 	53 	53 
002171 	440 	66 	53 	53 
002172 	440 	66 	53 	53 
002173 	440 	66 	53 	53 
002174 	440 	66 	53 	53 
002175 	440 	66 	53 	53 
002176 	440 	66 	53 	53 
002177 	440 	66 	53 	53 
002178 	440 	66 	53 	53 
002179 	440 	60 	53 	53 
002180 	440 	60 	53 	53 
002181 	440 	60 	53 	53 
002182 	440 	55 	53 	53 
002183 	440 	55 	53 	53 
002184 	440 	55 	53 	53 
002185 	440 	55 	53 	53 
002186 	440 	55 	53 	53 
002187 	440 	55 	53 	53 
002188 	440 	55 	53 	53 
002189 	440 	55 	53 	53 
002190 	440 	55 	53 	53 
002191 	440 	55 	53 	53 
002192 	440 	55 	53 	53 
002193 	440 	55 	53 	53 
002194 	440 	55 	53 	53 
002195 	439 	52 	63 	63 
002196 	439 	52 	63 	63 
002197 	439 	52 	63 	63 
002198 	439 	52 	63 	63 
002199 	439 	52 	63 	63 
002200 	439 	52 	63 	63 
002201 	439 	52 	63 	63 
002202 	446 	60 	53 	53 
002203 	446 	60 	53 	53 
002204 	446 	60 	53 	53 
002205 	446 	60 	53 	53 
002206 	439 	59 	63 	63 
002207 	439 	59 	63 	63 
002208 	439 	59 	63 	63 
002209 	439 	59 	63 	63 
002210 	439 	59 	63 	63 
002211 	439 	59 	63 	63 
002212 	439 	59 	63 	63 
002213 	440 	60 	53 	53 
002214 	440 	60 	53 	53 
002215 	440 	60 	53 	53 
002216 	440 	60 	53 	53 
002217 	440 	60 	53 	53 
002218 	440 	60 	53 	53 
002219 	440 	60 	53 	53 
002220 	440 	60 	53 	53 
002221 	440 	60 	53 	53 
002222 	440 	60 	53 	53 
002223 	440 	60 	53 	53 
002224 	440 	60 	53 	53 
002225 	440 	60 	53 	53 
002226 	440 	60 	53 	53 
002227 	440 	60 	53 	53 
002228 	440 	60 	53 	53 
002229 	440 	60 	53 	53 
002230 	440 	60 	53 	53 
002231 	440 	60 	53 	53 
002232 	440 	60 	53 	53 
002233 	440 	60 	53 	53 
002234 	440 	60 	53 	53 
002235 	440 	60 	53 	53 
002236 	440 	60 	53 	53 
002237 	440 	60 	53 	53 
002238 	440 	60 	53 	53 
002239 	440 	60 	53 	53 
002240 	440 	60 	53 	53 
002241 	440 	60 	53 	53 
002242 	440 	60 	53 	53 
002243 	440 	60 	53 	53 
002244 	440 	60 	53 	53 
002245 	440 	60 	53 	53 
002246 	440 	60 	53 	53 
002247 	440 	60 	53 	53 
002248 	440 	60 	53 	53 
002249 	440 	60 	53 	53 
002250 	440 	60 	53 	53 
002251 	440 	60 	53 	53 
002252 	440 	55 	53 	53 
002253 	440 	55 	53 	53 
002254 	440 	55 	53 	53 
002255 	440 	55 	53 	53 
002256 	440 	55 	53 	53 
002257 	440 	60 	53 	53 
002258 	440 	60 	53 	53 
002259 	440 	60 	53 	53 
002260 	440 	60 	53 	53 
002261 	440 	60 	53 	53 
002262 	440 	60 	53 	53 
002263 	440 	60 	53 	53 
002264 	440 	60 	53 	53 
002265 	440 	60 	53 	53 
002266 	440 	60 	53 	53 
002267 	440 	60 	53 	53 
002268 	440 	60 	53 	53 
002269 	440 	60 	53 	53 
002270 	440 	60 	53 	53 
002271 	440 	60 	53 	53 
002272 	440 	60 	53 	53 
002273 	440 	60 	53 	53 
002274 	440 	60 	53 	53 
002275 	440 	60 	53 	53 
002276 	440 	60 	53 	53 
002277 	440 	60 	53 	53 
002278 	440 	60 	53 	53 
002279 	440 	60 	53 	53 
002280 	440 	60 	53 	53 
002281 	440 	60 	53 	53 
002282 	440 	60 	53 	53 
002283 	440 	60 	53 	53 
002284 	440 	60 	53 	53 
002285 	440 	60 	53 	53 
002286 	440 	60 	53 	53 
002287 	440 	60 	53 	53 
002288 	440 	60 	53 	53 
002289 	440 	60 	53 	53 
002290 	440 	60 	53 	53 
002291 	440 	60 	53 	53 
002292 	440 	60 	53 	53 
002293 	440 	60 	53 	53 
002294 	440 	60 	53 	53 
002295 	440 	60 	53 	53 
002296 	440 	60 	53 	53 
002297 	440 	60 	53 	53 
002298 	440 	60 	53 	53 
002299 	440 	60 	53 	53 
002300 	440 	60 	53 	53 
002301 	440 	60 	53 	53 
002302 	440 	60 	53 	53 
002303 	440 	60 	53 	53 
002304 	440 	60 	53 	53 
002305 	440 	60 	53 	53 
002306 	440 	60 	53 	53 
002307 	440 	60 	53 	53 
002308 	440 	60 	53 	53 
002309 	440 	60 	53 	53 
