Identity  : 	id10290
Reference : 	fVOTAQKIfY4
Offset    : 	-5
FV Conf   : 	17.664
ASD Conf  : 	6.563

FRAME 	X 	Y 	W 	H 
000332 	228 	87 	76 	76 
000333 	220 	87 	75 	76 
000334 	220 	87 	75 	76 
000335 	220 	87 	75 	76 
000336 	220 	87 	75 	76 
000337 	220 	87 	75 	76 
000338 	220 	87 	75 	76 
000339 	220 	87 	75 	76 
000340 	214 	85 	91 	91 
000341 	220 	87 	75 	76 
000342 	220 	87 	75 	76 
000343 	220 	87 	75 	76 
000344 	214 	85 	91 	91 
000345 	220 	87 	75 	76 
000346 	220 	87 	75 	76 
000347 	220 	87 	75 	76 
000348 	220 	87 	75 	76 
000349 	220 	87 	75 	76 
000350 	220 	87 	75 	76 
000351 	220 	87 	75 	76 
000352 	220 	87 	75 	76 
000353 	220 	87 	75 	76 
000354 	220 	87 	75 	76 
000355 	220 	87 	75 	76 
000356 	220 	87 	75 	76 
000357 	220 	87 	75 	76 
000358 	220 	87 	75 	76 
000359 	214 	85 	91 	91 
000360 	220 	87 	75 	76 
000361 	220 	87 	75 	76 
000362 	220 	87 	75 	76 
000363 	220 	87 	75 	76 
000364 	211 	87 	76 	76 
000365 	211 	87 	76 	76 
000366 	211 	87 	76 	76 
000367 	204 	85 	91 	91 
000368 	203 	87 	76 	76 
000369 	194 	75 	91 	91 
000370 	203 	87 	76 	76 
000371 	194 	75 	91 	91 
000372 	194 	75 	91 	91 
000373 	195 	87 	75 	76 
000374 	195 	87 	75 	76 
000375 	195 	87 	75 	76 
000376 	195 	87 	75 	76 
000377 	195 	87 	75 	76 
000378 	195 	87 	75 	76 
000379 	195 	87 	75 	76 
000380 	195 	87 	75 	76 
000381 	194 	75 	91 	91 
000382 	194 	75 	91 	91 
000383 	194 	75 	91 	91 
000384 	194 	75 	91 	91 
000385 	194 	75 	91 	91 
000386 	194 	75 	91 	91 
000387 	194 	75 	91 	91 
000388 	194 	75 	91 	91 
000389 	194 	75 	91 	91 
000390 	194 	75 	91 	91 
000391 	194 	75 	91 	91 
000392 	194 	75 	91 	91 
000393 	194 	75 	91 	91 
000394 	194 	75 	91 	91 
000395 	194 	75 	91 	91 
000396 	203 	87 	76 	76 
000397 	203 	87 	76 	76 
000398 	203 	87 	76 	76 
000399 	203 	87 	76 	76 
000400 	203 	87 	76 	76 
000401 	204 	85 	91 	91 
000402 	204 	85 	91 	91 
000403 	204 	85 	91 	91 
000404 	204 	85 	91 	91 
000405 	204 	85 	91 	91 
000406 	204 	85 	91 	91 
000407 	204 	85 	91 	91 
000408 	204 	85 	91 	91 
000409 	204 	85 	91 	91 
000410 	204 	85 	91 	91 
000411 	204 	85 	91 	91 
000412 	204 	85 	91 	91 
000413 	204 	85 	91 	91 
000414 	204 	85 	91 	91 
000415 	204 	85 	91 	91 
000416 	204 	85 	91 	91 
000417 	204 	85 	91 	91 
000418 	204 	85 	91 	91 
000419 	204 	85 	91 	91 
000420 	204 	85 	91 	91 
000421 	204 	85 	91 	91 
000422 	204 	85 	91 	91 
000423 	204 	85 	91 	91 
000424 	204 	85 	91 	91 
000425 	204 	85 	91 	91 
000426 	204 	85 	91 	91 
000427 	204 	85 	91 	91 
000428 	204 	85 	91 	91 
000429 	204 	85 	91 	91 
000430 	204 	85 	91 	91 
000431 	204 	85 	91 	91 
000432 	211 	96 	76 	75 
000433 	211 	96 	76 	75 
000434 	211 	96 	76 	75 
000435 	211 	96 	76 	75 
000436 	211 	96 	76 	75 
000437 	211 	96 	76 	75 
000438 	211 	96 	76 	75 
000439 	211 	96 	76 	75 
000440 	204 	95 	91 	91 
000441 	211 	96 	76 	75 
000442 	211 	96 	76 	75 
000443 	211 	96 	76 	75 
000444 	204 	95 	91 	91 
000445 	204 	95 	91 	91 
000446 	204 	95 	91 	91 
000447 	204 	95 	91 	91 
000448 	204 	95 	91 	91 
000449 	211 	96 	76 	75 
000450 	204 	95 	91 	91 
000451 	204 	95 	91 	91 
000452 	204 	95 	91 	91 
000453 	204 	95 	91 	91 
000454 	204 	95 	91 	91 
000455 	204 	95 	91 	91 
