Identity  : 	id10283
Reference : 	p5g1heXp34o
Offset    : 	-2
FV Conf   : 	12.371
ASD Conf  : 	6.800

FRAME 	X 	Y 	W 	H 
000917 	134 	85 	91 	91 
000918 	134 	85 	91 	91 
000919 	134 	85 	91 	91 
000920 	134 	85 	91 	91 
000921 	134 	85 	91 	91 
000922 	134 	85 	91 	91 
000923 	134 	85 	91 	91 
000924 	134 	85 	91 	91 
000925 	134 	85 	91 	91 
000926 	134 	85 	91 	91 
000927 	134 	85 	91 	91 
000928 	134 	85 	91 	91 
000929 	134 	85 	91 	91 
000930 	134 	85 	91 	91 
000931 	134 	85 	91 	91 
000932 	134 	85 	91 	91 
000933 	134 	85 	91 	91 
000934 	134 	85 	91 	91 
000935 	134 	85 	91 	91 
000936 	134 	85 	91 	91 
000937 	134 	85 	91 	91 
000938 	134 	85 	91 	91 
000939 	134 	85 	91 	91 
000940 	134 	85 	91 	91 
000941 	134 	85 	91 	91 
000942 	134 	85 	91 	91 
000943 	134 	85 	91 	91 
000944 	134 	85 	91 	91 
000945 	134 	85 	91 	91 
000946 	134 	85 	91 	91 
000947 	134 	85 	91 	91 
000948 	134 	85 	91 	91 
000949 	134 	85 	91 	91 
000950 	134 	85 	91 	91 
000951 	134 	85 	91 	91 
000952 	134 	85 	91 	91 
000953 	134 	85 	91 	91 
000954 	144 	85 	91 	91 
000955 	144 	85 	91 	91 
000956 	144 	85 	91 	91 
000957 	144 	85 	91 	91 
000958 	144 	75 	91 	91 
000959 	144 	75 	91 	91 
000960 	144 	75 	91 	91 
000961 	144 	75 	91 	91 
000962 	144 	75 	91 	91 
000963 	144 	85 	91 	91 
000964 	144 	75 	91 	91 
000965 	144 	75 	91 	91 
000966 	144 	75 	91 	91 
000967 	144 	75 	91 	91 
000968 	144 	75 	91 	91 
000969 	144 	75 	91 	91 
000970 	144 	75 	91 	91 
000971 	144 	85 	91 	91 
000972 	144 	85 	91 	91 
000973 	144 	85 	91 	91 
000974 	144 	85 	91 	91 
000975 	134 	85 	91 	91 
000976 	134 	85 	91 	91 
000977 	134 	75 	91 	91 
000978 	134 	85 	91 	91 
000979 	134 	85 	91 	91 
000980 	134 	75 	91 	91 
000981 	134 	75 	91 	91 
000982 	134 	75 	91 	91 
000983 	144 	85 	91 	91 
000984 	138 	66 	108 	109 
000985 	138 	66 	108 	109 
000986 	138 	66 	108 	109 
000987 	138 	66 	108 	109 
000988 	138 	66 	108 	109 
000989 	138 	66 	108 	109 
000990 	138 	66 	108 	109 
000991 	138 	66 	108 	109 
000992 	138 	66 	108 	109 
000993 	138 	66 	108 	109 
000994 	138 	66 	108 	109 
000995 	138 	66 	108 	109 
000996 	138 	66 	108 	109 
000997 	138 	66 	108 	109 
000998 	138 	66 	108 	109 
000999 	138 	66 	108 	109 
001000 	144 	75 	91 	91 
001001 	144 	75 	91 	91 
001002 	144 	75 	91 	91 
001003 	144 	75 	91 	91 
001004 	144 	75 	91 	91 
001005 	144 	75 	91 	91 
001006 	144 	75 	91 	91 
001007 	144 	75 	91 	91 
001008 	144 	75 	91 	91 
001009 	144 	75 	91 	91 
001010 	144 	75 	91 	91 
001011 	144 	75 	91 	91 
001012 	144 	75 	91 	91 
001013 	144 	75 	91 	91 
001014 	144 	75 	91 	91 
001015 	144 	75 	91 	91 
001016 	144 	85 	91 	91 
001017 	144 	85 	91 	91 
001018 	144 	85 	91 	91 
001019 	144 	85 	91 	91 
001020 	134 	85 	91 	91 
001021 	134 	85 	91 	91 
001022 	134 	85 	91 	91 
001023 	134 	85 	91 	91 
001024 	134 	85 	91 	91 
001025 	134 	85 	91 	91 
001026 	134 	85 	91 	91 
001027 	134 	85 	91 	91 
001028 	134 	85 	91 	91 
001029 	134 	85 	91 	91 
001030 	134 	85 	91 	91 
001031 	134 	85 	91 	91 
001032 	134 	85 	91 	91 
001033 	134 	85 	91 	91 
001034 	134 	85 	91 	91 
001035 	134 	85 	91 	91 
001036 	134 	85 	91 	91 
001037 	134 	85 	91 	91 
001038 	134 	85 	91 	91 
001039 	134 	85 	91 	91 
001040 	134 	85 	91 	91 
001041 	134 	85 	91 	91 
001042 	134 	85 	91 	91 
001043 	134 	85 	91 	91 
001044 	134 	85 	91 	91 
001045 	134 	85 	91 	91 
001046 	134 	85 	91 	91 
001047 	134 	85 	91 	91 
001048 	134 	85 	91 	91 
001049 	134 	85 	91 	91 
001050 	134 	85 	91 	91 
001051 	134 	85 	91 	91 
001052 	134 	85 	91 	91 
001053 	134 	85 	91 	91 
001054 	144 	85 	91 	91 
001055 	144 	85 	91 	91 
001056 	144 	85 	91 	91 
001057 	144 	85 	91 	91 
001058 	138 	66 	108 	109 
001059 	138 	66 	108 	109 
001060 	138 	66 	108 	109 
001061 	138 	66 	108 	109 
001062 	138 	66 	108 	109 
001063 	138 	66 	108 	109 
001064 	138 	66 	108 	109 
001065 	138 	66 	108 	109 
001066 	144 	85 	91 	91 
001067 	134 	85 	91 	91 
001068 	134 	85 	91 	91 
001069 	134 	85 	91 	91 
001070 	134 	85 	91 	91 
001071 	134 	85 	91 	91 
001072 	134 	85 	91 	91 
001073 	134 	85 	91 	91 
001074 	134 	85 	91 	91 
001075 	134 	85 	91 	91 
001076 	134 	85 	91 	91 
001077 	134 	85 	91 	91 
001078 	134 	85 	91 	91 
001079 	134 	85 	91 	91 
001080 	134 	85 	91 	91 
001081 	134 	85 	91 	91 
001082 	134 	85 	91 	91 
001083 	134 	85 	91 	91 
001084 	134 	85 	91 	91 
001085 	134 	85 	91 	91 
001086 	134 	85 	91 	91 
001087 	134 	85 	91 	91 
001088 	134 	85 	91 	91 
001089 	134 	85 	91 	91 
001090 	134 	85 	91 	91 
001091 	134 	85 	91 	91 
001092 	134 	85 	91 	91 
001093 	134 	85 	91 	91 
001094 	134 	85 	91 	91 
001095 	134 	85 	91 	91 
001096 	134 	85 	91 	91 
001097 	134 	85 	91 	91 
001098 	134 	85 	91 	91 
001099 	134 	85 	91 	91 
001100 	134 	85 	91 	91 
001101 	134 	85 	91 	91 
001102 	134 	85 	91 	91 
001103 	134 	85 	91 	91 
001104 	144 	85 	91 	91 
001105 	144 	85 	91 	91 
001106 	144 	85 	91 	91 
001107 	144 	85 	91 	91 
001108 	144 	85 	91 	91 
001109 	144 	85 	91 	91 
001110 	144 	85 	91 	91 
001111 	144 	85 	91 	91 
001112 	144 	85 	91 	91 
001113 	144 	85 	91 	91 
001114 	144 	85 	91 	91 
001115 	144 	85 	91 	91 
001116 	144 	85 	91 	91 
001117 	144 	95 	91 	91 
001118 	144 	95 	91 	91 
001119 	134 	85 	91 	91 
001120 	134 	85 	91 	91 
001121 	134 	85 	91 	91 
001122 	134 	85 	91 	91 
001123 	134 	85 	91 	91 
001124 	134 	85 	91 	91 
001125 	134 	85 	91 	91 
001126 	134 	85 	91 	91 
001127 	134 	85 	91 	91 
001128 	134 	85 	91 	91 
001129 	134 	85 	91 	91 
001130 	134 	85 	91 	91 
001131 	134 	85 	91 	91 
001132 	134 	85 	91 	91 
001133 	134 	85 	91 	91 
001134 	134 	85 	91 	91 
001135 	134 	85 	91 	91 
001136 	134 	85 	91 	91 
001137 	134 	85 	91 	91 
001138 	134 	85 	91 	91 
001139 	134 	85 	91 	91 
001140 	134 	85 	91 	91 
001141 	134 	85 	91 	91 
001142 	124 	85 	91 	91 
001143 	124 	85 	91 	91 
001144 	124 	85 	91 	91 
001145 	124 	85 	91 	91 
001146 	124 	85 	91 	91 
001147 	124 	85 	91 	91 
001148 	124 	85 	91 	91 
001149 	134 	85 	91 	91 
001150 	134 	85 	91 	91 
001151 	134 	85 	91 	91 
001152 	134 	85 	91 	91 
001153 	134 	85 	91 	91 
001154 	134 	85 	91 	91 
001155 	134 	95 	91 	91 
001156 	134 	85 	91 	91 
001157 	134 	85 	91 	91 
001158 	134 	85 	91 	91 
001159 	134 	85 	91 	91 
001160 	134 	85 	91 	91 
001161 	134 	85 	91 	91 
001162 	134 	85 	91 	91 
001163 	134 	85 	91 	91 
001164 	134 	85 	91 	91 
001165 	134 	85 	91 	91 
001166 	134 	85 	91 	91 
001167 	134 	75 	91 	91 
001168 	138 	66 	108 	109 
001169 	138 	66 	108 	109 
001170 	138 	66 	108 	109 
001171 	144 	85 	91 	91 
001172 	144 	85 	91 	91 
001173 	144 	85 	91 	91 
001174 	144 	85 	91 	91 
001175 	144 	75 	91 	91 
001176 	138 	66 	108 	109 
001177 	138 	66 	108 	109 
001178 	138 	66 	108 	109 
001179 	138 	66 	108 	109 
001180 	138 	66 	108 	109 
001181 	144 	85 	91 	91 
001182 	144 	85 	91 	91 
001183 	144 	85 	91 	91 
001184 	144 	85 	91 	91 
001185 	144 	85 	91 	91 
001186 	144 	85 	91 	91 
001187 	144 	85 	91 	91 
001188 	144 	85 	91 	91 
001189 	144 	85 	91 	91 
001190 	144 	85 	91 	91 
001191 	144 	85 	91 	91 
001192 	144 	85 	91 	91 
001193 	144 	85 	91 	91 
001194 	144 	85 	91 	91 
001195 	144 	85 	91 	91 
001196 	144 	85 	91 	91 
001197 	144 	85 	91 	91 
001198 	144 	85 	91 	91 
001199 	144 	85 	91 	91 
001200 	144 	85 	91 	91 
001201 	144 	85 	91 	91 
001202 	144 	85 	91 	91 
001203 	144 	85 	91 	91 
001204 	138 	66 	108 	109 
001205 	144 	75 	91 	91 
001206 	144 	75 	91 	91 
001207 	138 	66 	108 	109 
001208 	144 	75 	91 	91 
001209 	144 	75 	91 	91 
001210 	144 	75 	91 	91 
001211 	144 	75 	91 	91 
001212 	138 	66 	108 	109 
001213 	134 	75 	91 	91 
001214 	134 	75 	91 	91 
001215 	134 	75 	91 	91 
001216 	134 	85 	91 	91 
001217 	134 	85 	91 	91 
001218 	134 	85 	91 	91 
001219 	134 	85 	91 	91 
001220 	134 	85 	91 	91 
001221 	134 	85 	91 	91 
001222 	134 	85 	91 	91 
001223 	134 	85 	91 	91 
001224 	134 	85 	91 	91 
001225 	134 	85 	91 	91 
001226 	134 	85 	91 	91 
001227 	134 	85 	91 	91 
001228 	134 	85 	91 	91 
001229 	134 	85 	91 	91 
001230 	134 	85 	91 	91 
001231 	134 	85 	91 	91 
001232 	134 	85 	91 	91 
001233 	124 	85 	91 	91 
001234 	124 	85 	91 	91 
001235 	124 	85 	91 	91 
001236 	124 	85 	91 	91 
001237 	124 	85 	91 	91 
001238 	124 	85 	91 	91 
001239 	124 	85 	91 	91 
001240 	124 	85 	91 	91 
001241 	124 	85 	91 	91 
001242 	124 	85 	91 	91 
001243 	124 	85 	91 	91 
001244 	124 	85 	91 	91 
001245 	124 	85 	91 	91 
001246 	124 	85 	91 	91 
001247 	124 	85 	91 	91 
001248 	124 	85 	91 	91 
001249 	124 	85 	91 	91 
001250 	124 	85 	91 	91 
001251 	124 	85 	91 	91 
001252 	124 	85 	91 	91 
001253 	124 	85 	91 	91 
001254 	124 	85 	91 	91 
001255 	124 	85 	91 	91 
001256 	124 	85 	91 	91 
001257 	124 	85 	91 	91 
001258 	124 	85 	91 	91 
001259 	124 	85 	91 	91 
001260 	124 	85 	91 	91 
001261 	124 	85 	91 	91 
001262 	124 	85 	91 	91 
001263 	134 	85 	91 	91 
001264 	134 	85 	91 	91 
001265 	134 	85 	91 	91 
001266 	134 	85 	91 	91 
001267 	124 	75 	91 	91 
001268 	124 	85 	91 	91 
001269 	124 	85 	91 	91 
001270 	114 	75 	91 	91 
001271 	114 	75 	91 	91 
001272 	114 	75 	91 	91 
001273 	114 	75 	91 	91 
001274 	114 	75 	91 	91 
001275 	114 	85 	91 	91 
001276 	114 	66 	108 	109 
001277 	124 	75 	91 	91 
001278 	124 	75 	91 	91 
001279 	124 	85 	91 	91 
001280 	124 	85 	91 	91 
001281 	124 	85 	91 	91 
001282 	124 	85 	91 	91 
001283 	124 	85 	91 	91 
001284 	124 	85 	91 	91 
001285 	124 	85 	91 	91 
001286 	124 	85 	91 	91 
001287 	124 	85 	91 	91 
001288 	134 	95 	91 	91 
001289 	134 	95 	91 	91 
001290 	134 	95 	91 	91 
001291 	134 	95 	91 	91 
001292 	134 	95 	91 	91 
001293 	134 	95 	91 	91 
001294 	134 	95 	91 	91 
001295 	134 	95 	91 	91 
001296 	134 	95 	91 	91 
001297 	134 	95 	91 	91 
001298 	134 	85 	91 	91 
001299 	134 	85 	91 	91 
001300 	134 	85 	91 	91 
001301 	134 	85 	91 	91 
001302 	134 	85 	91 	91 
001303 	134 	85 	91 	91 
001304 	134 	85 	91 	91 
001305 	134 	85 	91 	91 
001306 	144 	85 	91 	91 
001307 	144 	85 	91 	91 
001308 	144 	85 	91 	91 
001309 	144 	85 	91 	91 
001310 	144 	85 	91 	91 
001311 	144 	85 	91 	91 
001312 	144 	85 	91 	91 
001313 	144 	85 	91 	91 
001314 	134 	85 	91 	91 
001315 	134 	85 	91 	91 
001316 	134 	85 	91 	91 
001317 	134 	85 	91 	91 
001318 	134 	85 	91 	91 
001319 	134 	85 	91 	91 
001320 	134 	85 	91 	91 
001321 	134 	85 	91 	91 
001322 	134 	85 	91 	91 
001323 	134 	85 	91 	91 
001324 	134 	85 	91 	91 
001325 	134 	85 	91 	91 
001326 	124 	85 	91 	91 
001327 	124 	85 	91 	91 
001328 	124 	85 	91 	91 
001329 	124 	85 	91 	91 
001330 	124 	85 	91 	91 
001331 	124 	85 	91 	91 
001332 	124 	85 	91 	91 
001333 	124 	85 	91 	91 
001334 	124 	85 	91 	91 
001335 	124 	85 	91 	91 
001336 	124 	85 	91 	91 
001337 	124 	85 	91 	91 
001338 	134 	85 	91 	91 
001339 	134 	85 	91 	91 
001340 	134 	85 	91 	91 
001341 	134 	85 	91 	91 
001342 	134 	85 	91 	91 
001343 	134 	85 	91 	91 
001344 	134 	85 	91 	91 
001345 	134 	85 	91 	91 
001346 	134 	85 	91 	91 
001347 	134 	85 	91 	91 
001348 	134 	85 	91 	91 
001349 	134 	85 	91 	91 
001350 	124 	85 	91 	91 
001351 	124 	85 	91 	91 
001352 	124 	85 	91 	91 
001353 	124 	85 	91 	91 
001354 	124 	85 	91 	91 
001355 	124 	75 	91 	91 
001356 	124 	75 	91 	91 
001357 	124 	75 	91 	91 
001358 	124 	75 	91 	91 
001359 	126 	66 	108 	109 
001360 	126 	66 	108 	109 
001361 	126 	66 	108 	109 
001362 	126 	66 	108 	109 
001363 	124 	85 	91 	91 
001364 	124 	85 	91 	91 
001365 	124 	85 	91 	91 
001366 	124 	85 	91 	91 
001367 	124 	85 	91 	91 
001368 	124 	85 	91 	91 
001369 	124 	85 	91 	91 
001370 	124 	85 	91 	91 
001371 	124 	85 	91 	91 
001372 	124 	85 	91 	91 
001373 	124 	85 	91 	91 
001374 	124 	85 	91 	91 
001375 	124 	85 	91 	91 
001376 	124 	85 	91 	91 
001377 	124 	85 	91 	91 
001378 	124 	85 	91 	91 
001379 	124 	85 	91 	91 
001380 	124 	85 	91 	91 
001381 	124 	85 	91 	91 
001382 	126 	66 	108 	109 
001383 	134 	85 	91 	91 
001384 	134 	85 	91 	91 
001385 	134 	85 	91 	91 
001386 	134 	85 	91 	91 
001387 	134 	85 	91 	91 
001388 	134 	85 	91 	91 
001389 	134 	85 	91 	91 
001390 	134 	85 	91 	91 
001391 	134 	85 	91 	91 
001392 	134 	85 	91 	91 
001393 	134 	75 	91 	91 
001394 	134 	75 	91 	91 
001395 	134 	85 	91 	91 
001396 	134 	85 	91 	91 
001397 	134 	85 	91 	91 
001398 	134 	85 	91 	91 
001399 	134 	75 	91 	91 
001400 	134 	75 	91 	91 
001401 	134 	75 	91 	91 
001402 	134 	85 	91 	91 
001403 	134 	85 	91 	91 
001404 	134 	85 	91 	91 
001405 	134 	85 	91 	91 
001406 	134 	85 	91 	91 
001407 	134 	85 	91 	91 
001408 	144 	85 	91 	91 
001409 	154 	85 	91 	91 
001410 	154 	85 	91 	91 
001411 	154 	85 	91 	91 
001412 	154 	95 	91 	91 
001413 	150 	78 	108 	109 
001414 	164 	85 	91 	91 
001415 	164 	85 	91 	91 
001416 	164 	85 	91 	91 
001417 	164 	75 	91 	91 
001418 	164 	75 	91 	91 
001419 	164 	75 	91 	91 
001420 	150 	66 	108 	109 
001421 	154 	75 	91 	91 
001422 	154 	75 	91 	91 
001423 	138 	66 	108 	109 
001424 	144 	75 	91 	91 
001425 	144 	75 	91 	91 
001426 	144 	75 	91 	91 
001427 	134 	75 	91 	91 
001428 	134 	75 	91 	91 
001429 	134 	85 	91 	91 
001430 	134 	85 	91 	91 
001431 	134 	75 	91 	91 
001432 	124 	75 	91 	91 
001433 	124 	75 	91 	91 
001434 	124 	75 	91 	91 
001435 	124 	75 	91 	91 
001436 	124 	75 	91 	91 
001437 	124 	75 	91 	91 
001438 	124 	75 	91 	91 
001439 	134 	75 	91 	91 
001440 	134 	75 	91 	91 
001441 	134 	75 	91 	91 
001442 	134 	75 	91 	91 
001443 	144 	75 	91 	91 
001444 	144 	75 	91 	91 
001445 	144 	75 	91 	91 
001446 	144 	75 	91 	91 
001447 	144 	75 	91 	91 
001448 	144 	75 	91 	91 
001449 	144 	75 	91 	91 
001450 	144 	75 	91 	91 
001451 	154 	75 	91 	91 
001452 	154 	75 	91 	91 
001453 	154 	75 	91 	91 
001454 	154 	75 	91 	91 
001455 	154 	85 	91 	91 
001456 	154 	85 	91 	91 
001457 	154 	85 	91 	91 
001458 	154 	85 	91 	91 
001459 	154 	85 	91 	91 
001460 	154 	85 	91 	91 
001461 	154 	85 	91 	91 
001462 	154 	85 	91 	91 
001463 	154 	85 	91 	91 
001464 	144 	85 	91 	91 
001465 	144 	85 	91 	91 
001466 	144 	85 	91 	91 
001467 	144 	85 	91 	91 
001468 	144 	85 	91 	91 
001469 	144 	85 	91 	91 
001470 	144 	85 	91 	91 
001471 	144 	85 	91 	91 
001472 	144 	85 	91 	91 
001473 	144 	85 	91 	91 
001474 	138 	78 	108 	109 
001475 	144 	85 	91 	91 
001476 	154 	85 	91 	91 
001477 	154 	85 	91 	91 
001478 	154 	85 	91 	91 
001479 	154 	85 	91 	91 
001480 	154 	85 	91 	91 
001481 	154 	85 	91 	91 
001482 	144 	85 	91 	91 
001483 	144 	85 	91 	91 
001484 	144 	85 	91 	91 
001485 	144 	85 	91 	91 
001486 	144 	85 	91 	91 
001487 	144 	85 	91 	91 
001488 	144 	85 	91 	91 
001489 	144 	85 	91 	91 
001490 	144 	85 	91 	91 
001491 	144 	85 	91 	91 
001492 	144 	85 	91 	91 
001493 	144 	85 	91 	91 
001494 	144 	85 	91 	91 
001495 	144 	85 	91 	91 
001496 	144 	85 	91 	91 
001497 	138 	78 	108 	109 
001498 	138 	78 	108 	109 
001499 	154 	85 	91 	91 
001500 	154 	85 	91 	91 
001501 	138 	78 	108 	109 
001502 	154 	85 	91 	91 
001503 	154 	85 	91 	91 
001504 	154 	85 	91 	91 
001505 	154 	85 	91 	91 
001506 	154 	85 	91 	91 
001507 	154 	85 	91 	91 
001508 	154 	85 	91 	91 
001509 	154 	85 	91 	91 
001510 	154 	85 	91 	91 
001511 	154 	85 	91 	91 
001512 	154 	85 	91 	91 
001513 	154 	85 	91 	91 
001514 	154 	85 	91 	91 
001515 	154 	85 	91 	91 
001516 	154 	85 	91 	91 
001517 	154 	85 	91 	91 
001518 	154 	85 	91 	91 
001519 	154 	85 	91 	91 
001520 	154 	85 	91 	91 
001521 	154 	85 	91 	91 
001522 	154 	85 	91 	91 
001523 	154 	85 	91 	91 
001524 	154 	85 	91 	91 
001525 	154 	85 	91 	91 
001526 	154 	85 	91 	91 
001527 	154 	85 	91 	91 
001528 	154 	85 	91 	91 
001529 	154 	85 	91 	91 
001530 	154 	85 	91 	91 
001531 	154 	85 	91 	91 
001532 	154 	85 	91 	91 
001533 	154 	85 	91 	91 
001534 	154 	85 	91 	91 
001535 	154 	85 	91 	91 
001536 	154 	85 	91 	91 
001537 	154 	85 	91 	91 
001538 	154 	85 	91 	91 
001539 	154 	85 	91 	91 
001540 	154 	85 	91 	91 
001541 	154 	85 	91 	91 
001542 	154 	85 	91 	91 
001543 	154 	85 	91 	91 
001544 	154 	85 	91 	91 
001545 	154 	85 	91 	91 
001546 	154 	85 	91 	91 
001547 	154 	85 	91 	91 
001548 	154 	85 	91 	91 
001549 	154 	85 	91 	91 
001550 	154 	85 	91 	91 
001551 	154 	85 	91 	91 
001552 	154 	85 	91 	91 
001553 	154 	85 	91 	91 
001554 	154 	85 	91 	91 
001555 	154 	85 	91 	91 
001556 	154 	85 	91 	91 
001557 	154 	85 	91 	91 
001558 	154 	85 	91 	91 
001559 	154 	85 	91 	91 
001560 	154 	85 	91 	91 
001561 	154 	85 	91 	91 
001562 	154 	85 	91 	91 
001563 	154 	85 	91 	91 
001564 	154 	85 	91 	91 
001565 	154 	85 	91 	91 
001566 	154 	85 	91 	91 
001567 	154 	85 	91 	91 
001568 	144 	85 	91 	91 
001569 	144 	85 	91 	91 
001570 	144 	85 	91 	91 
001571 	144 	85 	91 	91 
001572 	144 	85 	91 	91 
001573 	144 	85 	91 	91 
001574 	144 	85 	91 	91 
001575 	144 	85 	91 	91 
001576 	144 	85 	91 	91 
001577 	144 	85 	91 	91 
001578 	144 	85 	91 	91 
001579 	144 	85 	91 	91 
001580 	144 	85 	91 	91 
001581 	144 	85 	91 	91 
001582 	144 	85 	91 	91 
001583 	144 	85 	91 	91 
001584 	144 	85 	91 	91 
001585 	144 	85 	91 	91 
001586 	144 	85 	91 	91 
001587 	144 	85 	91 	91 
001588 	144 	85 	91 	91 
001589 	144 	85 	91 	91 
001590 	144 	85 	91 	91 
001591 	134 	85 	91 	91 
001592 	144 	85 	91 	91 
001593 	144 	85 	91 	91 
001594 	144 	85 	91 	91 
001595 	144 	85 	91 	91 
001596 	144 	85 	91 	91 
001597 	144 	85 	91 	91 
001598 	144 	85 	91 	91 
001599 	144 	85 	91 	91 
001600 	144 	85 	91 	91 
001601 	144 	85 	91 	91 
001602 	144 	85 	91 	91 
001603 	144 	85 	91 	91 
001604 	144 	85 	91 	91 
001605 	144 	85 	91 	91 
001606 	144 	85 	91 	91 
001607 	144 	85 	91 	91 
001608 	144 	85 	91 	91 
001609 	144 	85 	91 	91 
001610 	144 	85 	91 	91 
001611 	144 	95 	91 	91 
001612 	144 	95 	91 	91 
001613 	144 	95 	91 	91 
001614 	144 	85 	91 	91 
001615 	144 	85 	91 	91 
001616 	144 	85 	91 	91 
001617 	144 	85 	91 	91 
001618 	144 	85 	91 	91 
001619 	144 	85 	91 	91 
001620 	144 	85 	91 	91 
001621 	144 	85 	91 	91 
001622 	134 	85 	91 	91 
001623 	134 	85 	91 	91 
001624 	134 	85 	91 	91 
001625 	134 	85 	91 	91 
001626 	134 	85 	91 	91 
001627 	134 	85 	91 	91 
001628 	134 	85 	91 	91 
001629 	134 	85 	91 	91 
001630 	134 	85 	91 	91 
001631 	134 	85 	91 	91 
001632 	134 	85 	91 	91 
001633 	134 	85 	91 	91 
001634 	134 	85 	91 	91 
001635 	134 	85 	91 	91 
001636 	134 	85 	91 	91 
001637 	134 	85 	91 	91 
001638 	134 	85 	91 	91 
001639 	124 	85 	91 	91 
001640 	124 	85 	91 	91 
001641 	124 	85 	91 	91 
001642 	124 	85 	91 	91 
001643 	124 	85 	91 	91 
001644 	124 	85 	91 	91 
001645 	124 	85 	91 	91 
001646 	124 	85 	91 	91 
001647 	124 	85 	91 	91 
001648 	124 	85 	91 	91 
001649 	124 	85 	91 	91 
001650 	124 	85 	91 	91 
001651 	124 	85 	91 	91 
001652 	124 	85 	91 	91 
001653 	124 	85 	91 	91 
001654 	124 	85 	91 	91 
001655 	124 	85 	91 	91 
001656 	124 	85 	91 	91 
001657 	124 	85 	91 	91 
001658 	124 	85 	91 	91 
001659 	124 	85 	91 	91 
001660 	134 	85 	91 	91 
001661 	134 	85 	91 	91 
001662 	134 	85 	91 	91 
001663 	134 	85 	91 	91 
001664 	144 	85 	91 	91 
001665 	144 	85 	91 	91 
001666 	144 	85 	91 	91 
001667 	144 	85 	91 	91 
001668 	144 	85 	91 	91 
001669 	144 	85 	91 	91 
001670 	144 	85 	91 	91 
001671 	144 	85 	91 	91 
001672 	154 	85 	91 	91 
001673 	154 	85 	91 	91 
001674 	154 	85 	91 	91 
001675 	154 	85 	91 	91 
001676 	154 	85 	91 	91 
001677 	154 	85 	91 	91 
001678 	154 	85 	91 	91 
001679 	154 	85 	91 	91 
001680 	154 	85 	91 	91 
001681 	154 	85 	91 	91 
001682 	154 	85 	91 	91 
001683 	154 	85 	91 	91 
001684 	154 	85 	91 	91 
001685 	154 	85 	91 	91 
001686 	154 	85 	91 	91 
001687 	154 	85 	91 	91 
001688 	154 	85 	91 	91 
001689 	154 	85 	91 	91 
001690 	154 	85 	91 	91 
001691 	154 	85 	91 	91 
001692 	154 	85 	91 	91 
001693 	154 	85 	91 	91 
001694 	154 	85 	91 	91 
001695 	154 	85 	91 	91 
001696 	154 	85 	91 	91 
001697 	154 	85 	91 	91 
001698 	154 	85 	91 	91 
001699 	154 	85 	91 	91 
001700 	154 	85 	91 	91 
001701 	154 	85 	91 	91 
001702 	154 	85 	91 	91 
001703 	154 	85 	91 	91 
001704 	154 	85 	91 	91 
001705 	154 	85 	91 	91 
001706 	154 	85 	91 	91 
001707 	154 	85 	91 	91 
001708 	154 	85 	91 	91 
001709 	154 	85 	91 	91 
001710 	154 	85 	91 	91 
001711 	154 	85 	91 	91 
001712 	154 	85 	91 	91 
001713 	154 	85 	91 	91 
001714 	154 	75 	91 	91 
001715 	150 	66 	108 	109 
001716 	150 	66 	108 	109 
001717 	150 	66 	108 	109 
001718 	150 	66 	108 	109 
001719 	150 	66 	108 	109 
001720 	164 	75 	91 	91 
001721 	164 	75 	91 	91 
001722 	164 	75 	91 	91 
001723 	164 	85 	91 	91 
001724 	164 	85 	91 	91 
001725 	164 	85 	91 	91 
001726 	164 	85 	91 	91 
001727 	164 	85 	91 	91 
001728 	164 	85 	91 	91 
001729 	164 	85 	91 	91 
001730 	154 	75 	91 	91 
001731 	154 	75 	91 	91 
001732 	154 	75 	91 	91 
001733 	154 	75 	91 	91 
001734 	154 	75 	91 	91 
001735 	154 	85 	91 	91 
001736 	154 	85 	91 	91 
001737 	154 	85 	91 	91 
001738 	154 	85 	91 	91 
001739 	154 	85 	91 	91 
001740 	154 	85 	91 	91 
001741 	154 	85 	91 	91 
001742 	154 	85 	91 	91 
001743 	154 	85 	91 	91 
001744 	154 	85 	91 	91 
001745 	154 	85 	91 	91 
001746 	154 	85 	91 	91 
001747 	154 	85 	91 	91 
001748 	154 	85 	91 	91 
001749 	154 	85 	91 	91 
001750 	154 	85 	91 	91 
001751 	154 	85 	91 	91 
001752 	154 	85 	91 	91 
001753 	154 	85 	91 	91 
001754 	154 	85 	91 	91 
001755 	154 	85 	91 	91 
001756 	154 	85 	91 	91 
001757 	154 	85 	91 	91 
001758 	154 	85 	91 	91 
001759 	154 	85 	91 	91 
001760 	154 	85 	91 	91 
001761 	154 	85 	91 	91 
001762 	154 	85 	91 	91 
001763 	154 	85 	91 	91 
001764 	154 	85 	91 	91 
001765 	154 	85 	91 	91 
001766 	154 	85 	91 	91 
001767 	154 	85 	91 	91 
001768 	154 	85 	91 	91 
001769 	154 	85 	91 	91 
001770 	154 	85 	91 	91 
001771 	144 	85 	91 	91 
001772 	154 	85 	91 	91 
001773 	144 	85 	91 	91 
001774 	144 	85 	91 	91 
001775 	154 	85 	91 	91 
001776 	154 	85 	91 	91 
001777 	154 	85 	91 	91 
001778 	154 	85 	91 	91 
001779 	154 	85 	91 	91 
001780 	154 	85 	91 	91 
001781 	154 	85 	91 	91 
001782 	154 	85 	91 	91 
001783 	144 	85 	91 	91 
001784 	144 	85 	91 	91 
001785 	144 	85 	91 	91 
001786 	144 	85 	91 	91 
001787 	144 	85 	91 	91 
001788 	144 	85 	91 	91 
001789 	144 	85 	91 	91 
001790 	144 	85 	91 	91 
001791 	144 	85 	91 	91 
001792 	144 	85 	91 	91 
001793 	144 	85 	91 	91 
001794 	144 	85 	91 	91 
001795 	144 	85 	91 	91 
001796 	144 	85 	91 	91 
001797 	144 	85 	91 	91 
001798 	144 	85 	91 	91 
001799 	144 	85 	91 	91 
001800 	144 	85 	91 	91 
001801 	154 	85 	91 	91 
001802 	154 	85 	91 	91 
001803 	154 	85 	91 	91 
001804 	154 	85 	91 	91 
001805 	154 	85 	91 	91 
001806 	154 	85 	91 	91 
001807 	154 	85 	91 	91 
001808 	154 	85 	91 	91 
001809 	154 	85 	91 	91 
001810 	154 	85 	91 	91 
001811 	154 	85 	91 	91 
001812 	154 	85 	91 	91 
001813 	154 	95 	91 	91 
001814 	154 	95 	91 	91 
001815 	154 	95 	91 	91 
001816 	154 	95 	91 	91 
001817 	154 	95 	91 	91 
001818 	154 	95 	91 	91 
001819 	154 	95 	91 	91 
001820 	154 	95 	91 	91 
001821 	154 	95 	91 	91 
001822 	154 	95 	91 	91 
001823 	154 	95 	91 	91 
001824 	154 	95 	91 	91 
001825 	154 	95 	91 	91 
001826 	154 	85 	91 	91 
001827 	154 	95 	91 	91 
001828 	154 	95 	91 	91 
001829 	154 	95 	91 	91 
001830 	154 	85 	91 	91 
001831 	154 	85 	91 	91 
001832 	154 	85 	91 	91 
001833 	154 	85 	91 	91 
001834 	154 	85 	91 	91 
001835 	154 	85 	91 	91 
001836 	150 	78 	108 	109 
001837 	150 	78 	108 	109 
001838 	164 	85 	91 	91 
001839 	164 	85 	91 	91 
001840 	164 	85 	91 	91 
001841 	164 	85 	91 	91 
001842 	164 	85 	91 	91 
001843 	164 	85 	91 	91 
001844 	164 	85 	91 	91 
001845 	164 	85 	91 	91 
001846 	164 	85 	91 	91 
001847 	164 	85 	91 	91 
001848 	164 	85 	91 	91 
001849 	164 	85 	91 	91 
001850 	164 	85 	91 	91 
001851 	164 	85 	91 	91 
001852 	164 	85 	91 	91 
001853 	164 	85 	91 	91 
001854 	164 	85 	91 	91 
001855 	161 	78 	109 	109 
001856 	174 	95 	91 	91 
001857 	174 	95 	91 	91 
001858 	174 	95 	91 	91 
001859 	174 	95 	91 	91 
001860 	174 	95 	91 	91 
001861 	174 	95 	91 	91 
001862 	174 	95 	91 	91 
001863 	174 	95 	91 	91 
001864 	161 	78 	109 	109 
001865 	164 	85 	91 	91 
001866 	164 	85 	91 	91 
001867 	164 	85 	91 	91 
001868 	164 	85 	91 	91 
001869 	150 	78 	108 	109 
001870 	150 	78 	108 	109 
001871 	154 	85 	91 	91 
001872 	154 	85 	91 	91 
001873 	154 	85 	91 	91 
001874 	154 	85 	91 	91 
001875 	154 	85 	91 	91 
001876 	154 	85 	91 	91 
001877 	154 	85 	91 	91 
001878 	154 	85 	91 	91 
001879 	154 	85 	91 	91 
001880 	154 	85 	91 	91 
001881 	154 	85 	91 	91 
001882 	154 	85 	91 	91 
001883 	154 	85 	91 	91 
001884 	144 	85 	91 	91 
001885 	144 	85 	91 	91 
001886 	144 	85 	91 	91 
001887 	144 	85 	91 	91 
001888 	144 	85 	91 	91 
001889 	144 	85 	91 	91 
001890 	144 	85 	91 	91 
001891 	144 	85 	91 	91 
001892 	144 	85 	91 	91 
001893 	144 	85 	91 	91 
001894 	144 	85 	91 	91 
001895 	144 	85 	91 	91 
001896 	144 	85 	91 	91 
001897 	144 	85 	91 	91 
001898 	144 	85 	91 	91 
001899 	144 	85 	91 	91 
001900 	144 	85 	91 	91 
001901 	144 	85 	91 	91 
001902 	144 	85 	91 	91 
001903 	144 	85 	91 	91 
001904 	144 	85 	91 	91 
001905 	144 	85 	91 	91 
001906 	144 	85 	91 	91 
001907 	144 	85 	91 	91 
001908 	154 	85 	91 	91 
001909 	154 	85 	91 	91 
001910 	154 	85 	91 	91 
001911 	154 	85 	91 	91 
001912 	154 	85 	91 	91 
001913 	154 	85 	91 	91 
001914 	154 	85 	91 	91 
001915 	154 	85 	91 	91 
001916 	154 	85 	91 	91 
001917 	154 	85 	91 	91 
001918 	154 	85 	91 	91 
001919 	154 	85 	91 	91 
001920 	154 	85 	91 	91 
001921 	154 	85 	91 	91 
001922 	154 	85 	91 	91 
001923 	154 	85 	91 	91 
001924 	154 	85 	91 	91 
001925 	154 	85 	91 	91 
001926 	154 	85 	91 	91 
001927 	154 	85 	91 	91 
001928 	154 	85 	91 	91 
001929 	154 	85 	91 	91 
001930 	154 	85 	91 	91 
001931 	154 	85 	91 	91 
001932 	154 	85 	91 	91 
001933 	154 	85 	91 	91 
001934 	154 	85 	91 	91 
001935 	154 	85 	91 	91 
001936 	154 	85 	91 	91 
001937 	154 	85 	91 	91 
001938 	154 	85 	91 	91 
001939 	154 	85 	91 	91 
001940 	154 	85 	91 	91 
001941 	154 	85 	91 	91 
001942 	154 	85 	91 	91 
001943 	164 	85 	91 	91 
001944 	164 	85 	91 	91 
001945 	164 	85 	91 	91 
001946 	164 	85 	91 	91 
001947 	164 	85 	91 	91 
001948 	164 	85 	91 	91 
001949 	164 	85 	91 	91 
001950 	164 	75 	91 	91 
001951 	164 	85 	91 	91 
001952 	164 	85 	91 	91 
001953 	164 	85 	91 	91 
001954 	164 	85 	91 	91 
001955 	164 	85 	91 	91 
001956 	164 	85 	91 	91 
001957 	164 	85 	91 	91 
001958 	164 	85 	91 	91 
001959 	164 	85 	91 	91 
001960 	164 	75 	91 	91 
001961 	164 	75 	91 	91 
001962 	164 	75 	91 	91 
001963 	164 	75 	91 	91 
001964 	164 	75 	91 	91 
001965 	164 	75 	91 	91 
001966 	164 	75 	91 	91 
001967 	164 	85 	91 	91 
001968 	164 	85 	91 	91 
001969 	164 	85 	91 	91 
001970 	164 	85 	91 	91 
001971 	164 	85 	91 	91 
001972 	164 	85 	91 	91 
001973 	164 	85 	91 	91 
001974 	164 	85 	91 	91 
001975 	164 	85 	91 	91 
001976 	164 	85 	91 	91 
001977 	174 	85 	91 	91 
001978 	174 	85 	91 	91 
001979 	174 	85 	91 	91 
001980 	174 	85 	91 	91 
001981 	174 	85 	91 	91 
001982 	174 	85 	91 	91 
001983 	174 	85 	91 	91 
001984 	174 	85 	91 	91 
001985 	174 	85 	91 	91 
001986 	164 	85 	91 	91 
001987 	164 	85 	91 	91 
001988 	154 	85 	91 	91 
001989 	138 	78 	108 	109 
001990 	138 	78 	108 	109 
001991 	144 	85 	91 	91 
001992 	144 	85 	91 	91 
001993 	154 	85 	91 	91 
001994 	154 	85 	91 	91 
001995 	164 	85 	91 	91 
001996 	164 	85 	91 	91 
001997 	161 	78 	109 	109 
001998 	174 	85 	91 	91 
001999 	174 	85 	91 	91 
002000 	174 	85 	91 	91 
002001 	174 	85 	91 	91 
002002 	174 	85 	91 	91 
002003 	174 	85 	91 	91 
002004 	174 	85 	91 	91 
002005 	174 	85 	91 	91 
002006 	174 	85 	91 	91 
002007 	174 	85 	91 	91 
002008 	174 	85 	91 	91 
002009 	174 	85 	91 	91 
002010 	178 	96 	76 	75 
002011 	164 	85 	91 	91 
002012 	164 	85 	91 	91 
002013 	164 	85 	91 	91 
002014 	164 	85 	91 	91 
002015 	164 	85 	91 	91 
002016 	164 	85 	91 	91 
002017 	164 	85 	91 	91 
002018 	164 	85 	91 	91 
002019 	164 	85 	91 	91 
002020 	164 	85 	91 	91 
002021 	164 	85 	91 	91 
002022 	164 	85 	91 	91 
002023 	164 	85 	91 	91 
002024 	164 	85 	91 	91 
002025 	164 	85 	91 	91 
002026 	164 	85 	91 	91 
002027 	164 	85 	91 	91 
002028 	154 	85 	91 	91 
002029 	154 	85 	91 	91 
002030 	154 	85 	91 	91 
002031 	154 	85 	91 	91 
002032 	154 	85 	91 	91 
002033 	154 	85 	91 	91 
002034 	154 	85 	91 	91 
002035 	154 	85 	91 	91 
002036 	154 	85 	91 	91 
002037 	154 	85 	91 	91 
002038 	154 	85 	91 	91 
002039 	164 	85 	91 	91 
002040 	164 	85 	91 	91 
002041 	164 	85 	91 	91 
002042 	164 	85 	91 	91 
002043 	164 	85 	91 	91 
002044 	164 	85 	91 	91 
002045 	164 	85 	91 	91 
002046 	164 	85 	91 	91 
002047 	164 	85 	91 	91 
002048 	164 	85 	91 	91 
002049 	164 	85 	91 	91 
002050 	164 	85 	91 	91 
002051 	164 	85 	91 	91 
002052 	164 	85 	91 	91 
002053 	164 	85 	91 	91 
002054 	164 	85 	91 	91 
002055 	164 	85 	91 	91 
002056 	164 	85 	91 	91 
002057 	174 	85 	91 	91 
002058 	174 	85 	91 	91 
002059 	174 	85 	91 	91 
002060 	174 	85 	91 	91 
002061 	174 	75 	91 	91 
002062 	174 	75 	91 	91 
002063 	174 	75 	91 	91 
002064 	174 	75 	91 	91 
002065 	174 	75 	91 	91 
002066 	174 	75 	91 	91 
002067 	174 	75 	91 	91 
002068 	174 	75 	91 	91 
002069 	174 	75 	91 	91 
002070 	174 	75 	91 	91 
002071 	174 	75 	91 	91 
002072 	164 	75 	91 	91 
002073 	164 	75 	91 	91 
002074 	164 	75 	91 	91 
002075 	164 	85 	91 	91 
002076 	164 	85 	91 	91 
002077 	164 	85 	91 	91 
002078 	164 	85 	91 	91 
002079 	164 	85 	91 	91 
002080 	164 	85 	91 	91 
002081 	164 	85 	91 	91 
002082 	164 	85 	91 	91 
002083 	164 	85 	91 	91 
002084 	164 	85 	91 	91 
002085 	164 	85 	91 	91 
002086 	164 	85 	91 	91 
002087 	164 	85 	91 	91 
002088 	164 	85 	91 	91 
002089 	150 	78 	108 	109 
002090 	150 	78 	108 	109 
002091 	150 	78 	108 	109 
002092 	150 	78 	108 	109 
002093 	154 	85 	91 	91 
002094 	154 	85 	91 	91 
002095 	154 	85 	91 	91 
002096 	154 	85 	91 	91 
002097 	154 	85 	91 	91 
002098 	154 	85 	91 	91 
002099 	154 	85 	91 	91 
002100 	154 	85 	91 	91 
002101 	154 	85 	91 	91 
002102 	154 	85 	91 	91 
002103 	154 	85 	91 	91 
002104 	154 	85 	91 	91 
002105 	164 	85 	91 	91 
002106 	164 	85 	91 	91 
002107 	164 	85 	91 	91 
002108 	164 	85 	91 	91 
002109 	164 	85 	91 	91 
002110 	164 	85 	91 	91 
002111 	164 	85 	91 	91 
002112 	164 	85 	91 	91 
002113 	164 	85 	91 	91 
002114 	164 	85 	91 	91 
002115 	164 	85 	91 	91 
002116 	154 	85 	91 	91 
002117 	154 	85 	91 	91 
002118 	154 	85 	91 	91 
002119 	154 	85 	91 	91 
002120 	154 	85 	91 	91 
002121 	154 	85 	91 	91 
002122 	154 	85 	91 	91 
002123 	164 	85 	91 	91 
002124 	164 	85 	91 	91 
002125 	164 	85 	91 	91 
002126 	164 	85 	91 	91 
002127 	164 	85 	91 	91 
002128 	164 	85 	91 	91 
002129 	164 	85 	91 	91 
002130 	164 	85 	91 	91 
002131 	164 	85 	91 	91 
002132 	164 	85 	91 	91 
002133 	164 	85 	91 	91 
002134 	164 	85 	91 	91 
002135 	161 	78 	109 	109 
002136 	161 	78 	109 	109 
002137 	164 	85 	91 	91 
002138 	164 	85 	91 	91 
002139 	164 	85 	91 	91 
002140 	164 	85 	91 	91 
002141 	164 	85 	91 	91 
002142 	164 	85 	91 	91 
002143 	164 	85 	91 	91 
002144 	164 	85 	91 	91 
002145 	164 	85 	91 	91 
002146 	164 	85 	91 	91 
002147 	164 	85 	91 	91 
002148 	164 	85 	91 	91 
002149 	164 	85 	91 	91 
002150 	164 	85 	91 	91 
002151 	164 	85 	91 	91 
002152 	164 	85 	91 	91 
002153 	154 	85 	91 	91 
002154 	154 	85 	91 	91 
002155 	154 	85 	91 	91 
002156 	154 	85 	91 	91 
002157 	154 	85 	91 	91 
002158 	154 	85 	91 	91 
002159 	154 	85 	91 	91 
002160 	154 	85 	91 	91 
002161 	164 	85 	91 	91 
002162 	164 	85 	91 	91 
002163 	154 	85 	91 	91 
002164 	154 	85 	91 	91 
002165 	154 	85 	91 	91 
002166 	154 	85 	91 	91 
002167 	154 	85 	91 	91 
002168 	154 	85 	91 	91 
002169 	154 	85 	91 	91 
002170 	154 	85 	91 	91 
002171 	154 	85 	91 	91 
002172 	154 	85 	91 	91 
002173 	154 	85 	91 	91 
002174 	154 	85 	91 	91 
002175 	154 	85 	91 	91 
002176 	154 	85 	91 	91 
002177 	154 	85 	91 	91 
002178 	154 	85 	91 	91 
002179 	154 	85 	91 	91 
002180 	154 	85 	91 	91 
002181 	154 	85 	91 	91 
002182 	154 	85 	91 	91 
002183 	164 	85 	91 	91 
002184 	164 	85 	91 	91 
002185 	164 	85 	91 	91 
002186 	164 	85 	91 	91 
002187 	164 	85 	91 	91 
002188 	154 	85 	91 	91 
002189 	154 	85 	91 	91 
002190 	154 	85 	91 	91 
002191 	154 	85 	91 	91 
002192 	154 	85 	91 	91 
002193 	154 	85 	91 	91 
002194 	154 	85 	91 	91 
002195 	154 	85 	91 	91 
002196 	154 	85 	91 	91 
002197 	154 	85 	91 	91 
002198 	154 	85 	91 	91 
002199 	154 	85 	91 	91 
002200 	154 	85 	91 	91 
002201 	154 	85 	91 	91 
002202 	154 	85 	91 	91 
002203 	154 	85 	91 	91 
002204 	154 	85 	91 	91 
002205 	154 	85 	91 	91 
002206 	154 	85 	91 	91 
002207 	154 	85 	91 	91 
002208 	154 	85 	91 	91 
002209 	154 	85 	91 	91 
002210 	154 	85 	91 	91 
002211 	154 	85 	91 	91 
002212 	154 	85 	91 	91 
002213 	154 	85 	91 	91 
002214 	154 	85 	91 	91 
002215 	154 	85 	91 	91 
002216 	154 	85 	91 	91 
002217 	154 	85 	91 	91 
002218 	154 	85 	91 	91 
002219 	154 	85 	91 	91 
002220 	154 	85 	91 	91 
002221 	154 	85 	91 	91 
002222 	154 	85 	91 	91 
002223 	154 	85 	91 	91 
002224 	154 	85 	91 	91 
002225 	154 	85 	91 	91 
002226 	154 	85 	91 	91 
002227 	154 	85 	91 	91 
002228 	154 	85 	91 	91 
002229 	154 	85 	91 	91 
002230 	154 	85 	91 	91 
002231 	154 	85 	91 	91 
002232 	154 	85 	91 	91 
002233 	154 	85 	91 	91 
002234 	154 	85 	91 	91 
002235 	154 	85 	91 	91 
002236 	154 	85 	91 	91 
002237 	154 	85 	91 	91 
002238 	154 	85 	91 	91 
002239 	154 	85 	91 	91 
002240 	154 	85 	91 	91 
002241 	154 	85 	91 	91 
002242 	154 	85 	91 	91 
002243 	154 	85 	91 	91 
002244 	154 	85 	91 	91 
002245 	154 	85 	91 	91 
002246 	154 	85 	91 	91 
002247 	154 	85 	91 	91 
002248 	154 	85 	91 	91 
002249 	154 	85 	91 	91 
002250 	154 	85 	91 	91 
002251 	154 	85 	91 	91 
002252 	154 	85 	91 	91 
002253 	154 	85 	91 	91 
002254 	154 	85 	91 	91 
002255 	154 	85 	91 	91 
002256 	154 	85 	91 	91 
002257 	154 	85 	91 	91 
002258 	154 	85 	91 	91 
002259 	154 	85 	91 	91 
002260 	154 	85 	91 	91 
002261 	154 	85 	91 	91 
002262 	154 	85 	91 	91 
002263 	154 	85 	91 	91 
002264 	154 	85 	91 	91 
002265 	154 	85 	91 	91 
002266 	154 	85 	91 	91 
002267 	154 	85 	91 	91 
002268 	154 	85 	91 	91 
002269 	154 	85 	91 	91 
002270 	154 	85 	91 	91 
002271 	154 	85 	91 	91 
002272 	154 	85 	91 	91 
002273 	154 	85 	91 	91 
002274 	154 	85 	91 	91 
002275 	154 	85 	91 	91 
002276 	154 	85 	91 	91 
002277 	154 	85 	91 	91 
002278 	154 	85 	91 	91 
002279 	154 	85 	91 	91 
002280 	154 	85 	91 	91 
002281 	154 	85 	91 	91 
002282 	154 	85 	91 	91 
002283 	154 	85 	91 	91 
002284 	154 	85 	91 	91 
002285 	154 	85 	91 	91 
002286 	154 	85 	91 	91 
002287 	154 	85 	91 	91 
002288 	154 	85 	91 	91 
002289 	154 	85 	91 	91 
002290 	154 	85 	91 	91 
002291 	154 	85 	91 	91 
002292 	154 	85 	91 	91 
002293 	154 	85 	91 	91 
002294 	154 	85 	91 	91 
002295 	154 	85 	91 	91 
002296 	154 	85 	91 	91 
002297 	154 	85 	91 	91 
002298 	154 	85 	91 	91 
002299 	154 	85 	91 	91 
002300 	154 	85 	91 	91 
002301 	154 	85 	91 	91 
002302 	154 	85 	91 	91 
002303 	154 	85 	91 	91 
002304 	154 	85 	91 	91 
002305 	154 	85 	91 	91 
002306 	164 	85 	91 	91 
002307 	164 	85 	91 	91 
002308 	164 	85 	91 	91 
002309 	164 	85 	91 	91 
002310 	164 	85 	91 	91 
002311 	164 	85 	91 	91 
002312 	154 	85 	91 	91 
002313 	154 	85 	91 	91 
002314 	154 	85 	91 	91 
002315 	154 	85 	91 	91 
002316 	154 	85 	91 	91 
002317 	154 	85 	91 	91 
002318 	154 	85 	91 	91 
002319 	154 	85 	91 	91 
002320 	154 	85 	91 	91 
002321 	154 	85 	91 	91 
002322 	154 	85 	91 	91 
002323 	154 	85 	91 	91 
002324 	154 	85 	91 	91 
002325 	154 	85 	91 	91 
002326 	154 	85 	91 	91 
002327 	154 	85 	91 	91 
002328 	154 	85 	91 	91 
002329 	154 	85 	91 	91 
002330 	154 	85 	91 	91 
002331 	154 	85 	91 	91 
002332 	154 	85 	91 	91 
002333 	154 	85 	91 	91 
002334 	154 	85 	91 	91 
002335 	154 	85 	91 	91 
002336 	154 	85 	91 	91 
002337 	154 	85 	91 	91 
002338 	154 	85 	91 	91 
002339 	154 	85 	91 	91 
002340 	154 	85 	91 	91 
002341 	154 	85 	91 	91 
002342 	154 	85 	91 	91 
002343 	154 	85 	91 	91 
002344 	154 	85 	91 	91 
002345 	154 	85 	91 	91 
002346 	154 	85 	91 	91 
002347 	154 	85 	91 	91 
002348 	154 	85 	91 	91 
002349 	154 	85 	91 	91 
002350 	154 	85 	91 	91 
002351 	154 	85 	91 	91 
002352 	164 	85 	91 	91 
002353 	164 	85 	91 	91 
002354 	164 	85 	91 	91 
002355 	164 	85 	91 	91 
002356 	164 	85 	91 	91 
