Identity  : 	id10290
Reference : 	O-V_sInAw5M
Offset    : 	-2
FV Conf   : 	17.798
ASD Conf  : 	7.258

FRAME 	X 	Y 	W 	H 
003639 	151 	94 	130 	130 
003640 	151 	94 	130 	130 
003641 	151 	80 	130 	130 
003642 	151 	80 	130 	130 
003643 	151 	80 	130 	130 
003644 	151 	80 	130 	130 
003645 	151 	80 	130 	130 
003646 	151 	66 	130 	130 
003647 	161 	78 	109 	109 
003648 	161 	78 	109 	109 
003649 	161 	78 	109 	109 
003650 	151 	66 	130 	130 
003651 	151 	66 	130 	130 
003652 	161 	78 	109 	109 
003653 	161 	78 	109 	109 
003654 	161 	78 	109 	109 
003655 	151 	66 	130 	130 
003656 	151 	66 	130 	130 
003657 	161 	78 	109 	109 
003658 	161 	78 	109 	109 
003659 	161 	78 	109 	109 
003660 	161 	78 	109 	109 
003661 	161 	78 	109 	109 
003662 	150 	78 	108 	109 
003663 	150 	78 	108 	109 
003664 	150 	78 	108 	109 
003665 	138 	78 	108 	109 
003666 	138 	78 	108 	109 
003667 	122 	80 	130 	130 
003668 	122 	80 	130 	130 
003669 	122 	80 	130 	130 
003670 	122 	80 	130 	130 
003671 	122 	80 	130 	130 
003672 	122 	80 	130 	130 
003673 	122 	80 	130 	130 
003674 	122 	80 	130 	130 
003675 	122 	80 	130 	130 
003676 	122 	80 	130 	130 
003677 	122 	80 	130 	130 
003678 	122 	80 	130 	130 
003679 	138 	90 	108 	109 
003680 	138 	90 	108 	109 
003681 	138 	90 	108 	109 
003682 	150 	90 	108 	109 
003683 	137 	80 	130 	130 
003684 	137 	80 	130 	130 
003685 	137 	80 	130 	130 
003686 	137 	80 	130 	130 
003687 	137 	80 	130 	130 
003688 	151 	80 	130 	130 
003689 	161 	90 	109 	109 
003690 	151 	80 	130 	130 
003691 	151 	80 	130 	130 
003692 	151 	80 	130 	130 
003693 	151 	80 	130 	130 
003694 	151 	80 	130 	130 
003695 	151 	80 	130 	130 
003696 	151 	80 	130 	130 
003697 	151 	80 	130 	130 
003698 	151 	80 	130 	130 
003699 	151 	80 	130 	130 
003700 	151 	80 	130 	130 
003701 	151 	80 	130 	130 
003702 	151 	80 	130 	130 
003703 	151 	80 	130 	130 
003704 	151 	80 	130 	130 
003705 	151 	80 	130 	130 
003706 	161 	90 	109 	109 
003707 	151 	80 	130 	130 
003708 	151 	80 	130 	130 
003709 	151 	80 	130 	130 
003710 	151 	80 	130 	130 
003711 	151 	80 	130 	130 
003712 	161 	90 	109 	109 
003713 	161 	90 	109 	109 
003714 	161 	90 	109 	109 
003715 	161 	90 	109 	109 
003716 	161 	90 	109 	109 
003717 	161 	90 	109 	109 
003718 	161 	90 	109 	109 
003719 	151 	80 	130 	130 
003720 	151 	80 	130 	130 
003721 	151 	80 	130 	130 
003722 	151 	80 	130 	130 
003723 	151 	80 	130 	130 
003724 	151 	80 	130 	130 
003725 	151 	80 	130 	130 
003726 	151 	80 	130 	130 
003727 	173 	90 	109 	109 
003728 	173 	90 	109 	109 
003729 	173 	90 	109 	109 
003730 	173 	90 	109 	109 
003731 	173 	90 	109 	109 
003732 	173 	90 	109 	109 
003733 	173 	90 	109 	109 
003734 	165 	80 	130 	130 
003735 	173 	90 	109 	109 
003736 	173 	90 	109 	109 
003737 	165 	80 	130 	130 
003738 	165 	80 	130 	130 
003739 	165 	80 	130 	130 
003740 	165 	80 	130 	130 
003741 	165 	80 	130 	130 
003742 	185 	102 	109 	109 
003743 	185 	102 	109 	109 
003744 	185 	102 	109 	109 
003745 	185 	102 	109 	109 
003746 	185 	102 	109 	109 
003747 	185 	102 	109 	109 
003748 	185 	102 	109 	109 
003749 	185 	102 	109 	109 
003750 	165 	80 	130 	130 
003751 	165 	80 	130 	130 
003752 	173 	90 	109 	109 
003753 	173 	90 	109 	109 
003754 	173 	90 	109 	109 
003755 	161 	78 	109 	109 
003756 	161 	78 	109 	109 
003757 	161 	78 	109 	109 
003758 	161 	78 	109 	109 
003759 	161 	78 	109 	109 
003760 	150 	78 	108 	109 
003761 	150 	78 	108 	109 
003762 	150 	78 	108 	109 
003763 	137 	80 	130 	130 
003764 	150 	90 	108 	109 
003765 	138 	78 	108 	109 
003766 	138 	78 	108 	109 
003767 	138 	78 	108 	109 
003768 	138 	78 	108 	109 
003769 	138 	78 	108 	109 
003770 	138 	78 	108 	109 
003771 	138 	78 	108 	109 
003772 	138 	78 	108 	109 
003773 	138 	78 	108 	109 
003774 	138 	78 	108 	109 
003775 	138 	78 	108 	109 
003776 	138 	78 	108 	109 
003777 	138 	90 	108 	109 
003778 	137 	80 	130 	130 
003779 	137 	80 	130 	130 
003780 	137 	80 	130 	130 
003781 	150 	102 	108 	109 
003782 	150 	102 	108 	109 
003783 	161 	102 	109 	109 
003784 	161 	102 	109 	109 
003785 	161 	102 	109 	109 
003786 	161 	102 	109 	109 
003787 	161 	102 	109 	109 
003788 	173 	102 	109 	109 
003789 	173 	102 	109 	109 
003790 	173 	114 	109 	109 
003791 	173 	114 	109 	109 
003792 	173 	114 	109 	109 
003793 	173 	114 	109 	109 
003794 	185 	114 	109 	109 
003795 	185 	114 	109 	109 
003796 	185 	114 	109 	109 
003797 	185 	114 	109 	109 
