Identity  : 	id10290
Reference : 	O-V_sInAw5M
Offset    : 	-2
FV Conf   : 	18.251
ASD Conf  : 	5.896

FRAME 	X 	Y 	W 	H 
006117 	221 	114 	109 	109 
006118 	221 	102 	109 	109 
006119 	221 	102 	109 	109 
006120 	221 	102 	109 	109 
006121 	221 	102 	109 	109 
006122 	221 	102 	109 	109 
006123 	221 	102 	109 	109 
006124 	221 	102 	109 	109 
006125 	234 	115 	90 	91 
006126 	221 	114 	109 	109 
006127 	221 	102 	109 	109 
006128 	209 	102 	109 	109 
006129 	209 	102 	109 	109 
006130 	209 	102 	109 	109 
006131 	197 	102 	109 	109 
006132 	197 	102 	109 	109 
006133 	197 	102 	109 	109 
006134 	197 	102 	109 	109 
006135 	197 	90 	109 	109 
006136 	197 	90 	109 	109 
006137 	197 	90 	109 	109 
006138 	185 	90 	109 	109 
006139 	185 	78 	109 	109 
006140 	185 	78 	109 	109 
006141 	185 	78 	109 	109 
006142 	185 	78 	109 	109 
006143 	185 	90 	109 	109 
006144 	185 	90 	109 	109 
006145 	185 	90 	109 	109 
006146 	185 	90 	109 	109 
006147 	197 	90 	109 	109 
006148 	197 	90 	109 	109 
006149 	197 	90 	109 	109 
006150 	180 	66 	130 	130 
006151 	180 	66 	130 	130 
006152 	180 	66 	130 	130 
006153 	180 	66 	130 	130 
006154 	185 	78 	109 	109 
006155 	185 	78 	109 	109 
006156 	185 	78 	109 	109 
006157 	185 	78 	109 	109 
006158 	185 	78 	109 	109 
006159 	185 	78 	109 	109 
006160 	185 	78 	109 	109 
006161 	185 	78 	109 	109 
006162 	185 	78 	109 	109 
006163 	185 	78 	109 	109 
006164 	185 	90 	109 	109 
006165 	185 	90 	109 	109 
006166 	185 	90 	109 	109 
006167 	185 	90 	109 	109 
006168 	185 	90 	109 	109 
006169 	185 	90 	109 	109 
006170 	185 	90 	109 	109 
006171 	185 	90 	109 	109 
006172 	197 	90 	109 	109 
006173 	197 	90 	109 	109 
006174 	197 	90 	109 	109 
006175 	197 	90 	109 	109 
006176 	197 	90 	109 	109 
006177 	197 	90 	109 	109 
006178 	209 	90 	109 	109 
006179 	209 	90 	109 	109 
006180 	209 	90 	109 	109 
006181 	209 	90 	109 	109 
006182 	209 	90 	109 	109 
006183 	209 	90 	109 	109 
006184 	209 	90 	109 	109 
006185 	209 	102 	109 	109 
006186 	209 	102 	109 	109 
006187 	209 	102 	109 	109 
006188 	209 	90 	109 	109 
006189 	209 	90 	109 	109 
006190 	209 	90 	109 	109 
006191 	209 	90 	109 	109 
006192 	209 	90 	109 	109 
006193 	209 	90 	109 	109 
006194 	209 	90 	109 	109 
006195 	209 	90 	109 	109 
006196 	209 	90 	109 	109 
006197 	209 	90 	109 	109 
006198 	209 	90 	109 	109 
006199 	209 	90 	109 	109 
006200 	209 	90 	109 	109 
006201 	209 	90 	109 	109 
006202 	209 	90 	109 	109 
006203 	221 	90 	109 	109 
006204 	221 	90 	109 	109 
006205 	221 	90 	109 	109 
006206 	221 	90 	109 	109 
006207 	221 	90 	109 	109 
006208 	221 	90 	109 	109 
006209 	221 	90 	109 	109 
006210 	221 	90 	109 	109 
006211 	221 	90 	109 	109 
006212 	221 	90 	109 	109 
006213 	221 	90 	109 	109 
006214 	221 	90 	109 	109 
006215 	221 	78 	109 	109 
006216 	221 	78 	109 	109 
006217 	209 	78 	109 	109 
006218 	209 	78 	109 	109 
006219 	209 	78 	109 	109 
006220 	209 	78 	109 	109 
006221 	209 	78 	109 	109 
006222 	209 	78 	109 	109 
006223 	197 	78 	109 	109 
006224 	197 	78 	109 	109 
006225 	197 	78 	109 	109 
006226 	197 	90 	109 	109 
006227 	197 	90 	109 	109 
006228 	197 	90 	109 	109 
006229 	197 	90 	109 	109 
006230 	197 	90 	109 	109 
006231 	197 	90 	109 	109 
006232 	197 	90 	109 	109 
006233 	185 	90 	109 	109 
006234 	185 	90 	109 	109 
006235 	185 	90 	109 	109 
006236 	185 	90 	109 	109 
006237 	185 	90 	109 	109 
006238 	185 	90 	109 	109 
006239 	185 	90 	109 	109 
006240 	173 	90 	109 	109 
006241 	173 	90 	109 	109 
006242 	173 	90 	109 	109 
006243 	161 	90 	109 	109 
006244 	161 	90 	109 	109 
006245 	161 	90 	109 	109 
006246 	161 	90 	109 	109 
006247 	161 	90 	109 	109 
006248 	161 	90 	109 	109 
006249 	137 	80 	130 	130 
006250 	161 	90 	109 	109 
006251 	161 	90 	109 	109 
