Identity  : 	id10285
Reference : 	bd0jqkNxNdU
Offset    : 	-1
FV Conf   : 	18.866
ASD Conf  : 	8.541

FRAME 	X 	Y 	W 	H 
001584 	281 	66 	108 	109 
001585 	281 	66 	108 	109 
001586 	281 	66 	108 	109 
001587 	281 	66 	108 	109 
001588 	281 	66 	108 	109 
001589 	281 	66 	108 	109 
001590 	281 	66 	108 	109 
001591 	281 	66 	108 	109 
001592 	281 	54 	108 	109 
001593 	281 	54 	108 	109 
001594 	281 	54 	108 	109 
001595 	281 	54 	108 	109 
001596 	294 	75 	90 	91 
001597 	281 	54 	108 	109 
001598 	281 	54 	108 	109 
001599 	281 	54 	108 	109 
001600 	281 	54 	108 	109 
001601 	281 	54 	108 	109 
001602 	281 	54 	108 	109 
001603 	281 	54 	108 	109 
001604 	281 	54 	108 	109 
001605 	281 	54 	108 	109 
001606 	281 	54 	108 	109 
001607 	281 	54 	108 	109 
001608 	281 	54 	108 	109 
001609 	281 	54 	108 	109 
001610 	281 	54 	108 	109 
001611 	281 	54 	108 	109 
001612 	281 	54 	108 	109 
001613 	281 	66 	108 	109 
001614 	281 	66 	108 	109 
001615 	281 	54 	108 	109 
001616 	281 	54 	108 	109 
001617 	281 	54 	108 	109 
001618 	281 	66 	108 	109 
001619 	281 	66 	108 	109 
001620 	281 	54 	108 	109 
001621 	281 	66 	108 	109 
001622 	284 	75 	90 	91 
001623 	284 	75 	90 	91 
001624 	284 	75 	90 	91 
001625 	284 	75 	90 	91 
001626 	284 	75 	90 	91 
001627 	269 	54 	108 	109 
001628 	284 	65 	90 	91 
001629 	284 	65 	90 	91 
001630 	284 	65 	90 	91 
001631 	284 	65 	90 	91 
001632 	269 	54 	108 	109 
001633 	269 	54 	108 	109 
001634 	269 	54 	108 	109 
001635 	269 	54 	108 	109 
001636 	269 	66 	108 	109 
001637 	269 	66 	108 	109 
001638 	269 	66 	108 	109 
001639 	269 	66 	108 	109 
001640 	269 	66 	108 	109 
001641 	269 	66 	108 	109 
001642 	269 	66 	108 	109 
001643 	269 	66 	108 	109 
001644 	269 	66 	108 	109 
001645 	269 	66 	108 	109 
001646 	269 	66 	108 	109 
001647 	269 	66 	108 	109 
001648 	269 	66 	108 	109 
001649 	269 	66 	108 	109 
001650 	269 	66 	108 	109 
001651 	269 	66 	108 	109 
001652 	284 	75 	90 	91 
001653 	284 	75 	90 	91 
001654 	284 	75 	90 	91 
001655 	281 	66 	108 	109 
001656 	294 	75 	90 	91 
001657 	294 	75 	90 	91 
001658 	281 	66 	108 	109 
001659 	281 	66 	108 	109 
001660 	281 	66 	108 	109 
001661 	281 	66 	108 	109 
001662 	281 	66 	108 	109 
001663 	281 	66 	108 	109 
001664 	281 	66 	108 	109 
001665 	281 	66 	108 	109 
001666 	281 	66 	108 	109 
001667 	281 	66 	108 	109 
001668 	281 	66 	108 	109 
001669 	281 	66 	108 	109 
001670 	281 	66 	108 	109 
001671 	294 	75 	90 	91 
001672 	294 	75 	90 	91 
001673 	294 	75 	90 	91 
001674 	294 	75 	90 	91 
001675 	281 	66 	108 	109 
001676 	294 	75 	90 	91 
001677 	281 	66 	108 	109 
001678 	281 	66 	108 	109 
001679 	281 	66 	108 	109 
001680 	281 	66 	108 	109 
001681 	281 	66 	108 	109 
001682 	281 	66 	108 	109 
001683 	281 	66 	108 	109 
001684 	281 	66 	108 	109 
001685 	281 	66 	108 	109 
001686 	281 	66 	108 	109 
001687 	294 	75 	90 	91 
001688 	294 	75 	90 	91 
001689 	281 	66 	108 	109 
001690 	281 	66 	108 	109 
001691 	281 	66 	108 	109 
001692 	281 	54 	108 	109 
001693 	281 	66 	108 	109 
001694 	281 	66 	108 	109 
001695 	281 	66 	108 	109 
001696 	281 	66 	108 	109 
001697 	281 	66 	108 	109 
001698 	281 	54 	108 	109 
001699 	281 	54 	108 	109 
001700 	281 	54 	108 	109 
001701 	281 	54 	108 	109 
001702 	281 	54 	108 	109 
001703 	281 	66 	108 	109 
001704 	281 	66 	108 	109 
001705 	281 	66 	108 	109 
001706 	284 	75 	90 	91 
001707 	284 	75 	90 	91 
001708 	284 	75 	90 	91 
001709 	284 	75 	90 	91 
001710 	284 	75 	90 	91 
001711 	284 	75 	90 	91 
001712 	284 	75 	90 	91 
001713 	284 	75 	90 	91 
001714 	284 	75 	90 	91 
001715 	284 	75 	90 	91 
001716 	284 	75 	90 	91 
001717 	284 	75 	90 	91 
001718 	284 	75 	90 	91 
001719 	284 	75 	90 	91 
001720 	284 	75 	90 	91 
001721 	284 	75 	90 	91 
001722 	284 	75 	90 	91 
001723 	269 	54 	108 	109 
001724 	269 	54 	108 	109 
001725 	284 	75 	90 	91 
001726 	284 	75 	90 	91 
001727 	284 	75 	90 	91 
001728 	284 	75 	90 	91 
001729 	284 	75 	90 	91 
001730 	284 	75 	90 	91 
001731 	284 	75 	90 	91 
001732 	284 	75 	90 	91 
001733 	284 	75 	90 	91 
001734 	284 	75 	90 	91 
001735 	269 	66 	108 	109 
001736 	269 	66 	108 	109 
001737 	269 	66 	108 	109 
001738 	269 	66 	108 	109 
001739 	269 	66 	108 	109 
001740 	269 	66 	108 	109 
001741 	269 	66 	108 	109 
001742 	269 	66 	108 	109 
001743 	269 	66 	108 	109 
001744 	274 	75 	90 	91 
001745 	274 	75 	90 	91 
001746 	274 	75 	90 	91 
001747 	257 	66 	109 	109 
001748 	257 	66 	109 	109 
001749 	257 	66 	109 	109 
001750 	257 	66 	109 	109 
001751 	257 	66 	109 	109 
001752 	257 	66 	109 	109 
001753 	274 	75 	90 	91 
001754 	274 	75 	90 	91 
001755 	274 	75 	90 	91 
001756 	274 	75 	90 	91 
001757 	274 	75 	90 	91 
001758 	274 	75 	90 	91 
001759 	274 	75 	90 	91 
001760 	274 	75 	90 	91 
001761 	274 	75 	90 	91 
001762 	274 	75 	90 	91 
001763 	274 	75 	90 	91 
001764 	257 	66 	109 	109 
001765 	257 	66 	109 	109 
001766 	264 	65 	90 	91 
001767 	264 	65 	90 	91 
001768 	264 	65 	90 	91 
001769 	254 	65 	90 	91 
001770 	254 	65 	90 	91 
001771 	254 	65 	90 	91 
001772 	264 	65 	90 	91 
001773 	257 	66 	109 	109 
001774 	269 	54 	108 	109 
001775 	269 	54 	108 	109 
001776 	281 	54 	108 	109 
001777 	281 	54 	108 	109 
001778 	269 	54 	108 	109 
001779 	257 	66 	109 	109 
001780 	264 	75 	90 	91 
001781 	264 	75 	90 	91 
001782 	274 	75 	90 	91 
001783 	281 	54 	108 	109 
001784 	294 	65 	90 	91 
001785 	294 	65 	90 	91 
001786 	281 	54 	108 	109 
001787 	284 	75 	90 	91 
001788 	284 	75 	90 	91 
001789 	284 	75 	90 	91 
001790 	281 	66 	108 	109 
001791 	294 	65 	90 	91 
001792 	294 	65 	90 	91 
001793 	294 	65 	90 	91 
001794 	294 	65 	90 	91 
001795 	294 	65 	90 	91 
001796 	281 	54 	108 	109 
001797 	294 	65 	90 	91 
001798 	293 	54 	108 	109 
001799 	293 	54 	108 	109 
001800 	293 	54 	108 	109 
001801 	294 	65 	90 	91 
001802 	281 	54 	108 	109 
001803 	294 	65 	90 	91 
001804 	293 	54 	108 	109 
001805 	293 	54 	108 	109 
001806 	293 	54 	108 	109 
001807 	293 	54 	108 	109 
001808 	281 	54 	108 	109 
001809 	281 	54 	108 	109 
001810 	281 	54 	108 	109 
001811 	281 	54 	108 	109 
001812 	281 	54 	108 	109 
001813 	281 	54 	108 	109 
001814 	284 	65 	90 	91 
001815 	284 	75 	90 	91 
001816 	269 	54 	108 	109 
001817 	269 	54 	108 	109 
001818 	269 	54 	108 	109 
001819 	269 	54 	108 	109 
001820 	269 	54 	108 	109 
001821 	269 	54 	108 	109 
001822 	269 	54 	108 	109 
001823 	269 	54 	108 	109 
001824 	274 	65 	90 	91 
001825 	274 	65 	90 	91 
001826 	257 	54 	109 	109 
001827 	257 	54 	109 	109 
001828 	257 	54 	109 	109 
001829 	257 	66 	109 	109 
001830 	257 	66 	109 	109 
001831 	257 	66 	109 	109 
001832 	257 	66 	109 	109 
001833 	257 	66 	109 	109 
001834 	257 	66 	109 	109 
001835 	257 	66 	109 	109 
001836 	257 	66 	109 	109 
001837 	264 	75 	90 	91 
001838 	257 	66 	109 	109 
001839 	264 	75 	90 	91 
001840 	264 	75 	90 	91 
001841 	245 	66 	109 	109 
001842 	245 	66 	109 	109 
001843 	245 	66 	109 	109 
001844 	257 	66 	109 	109 
001845 	257 	66 	109 	109 
001846 	257 	66 	109 	109 
001847 	257 	66 	109 	109 
001848 	257 	66 	109 	109 
001849 	257 	66 	109 	109 
001850 	257 	66 	109 	109 
001851 	257 	66 	109 	109 
001852 	257 	66 	109 	109 
001853 	257 	66 	109 	109 
001854 	264 	75 	90 	91 
001855 	264 	75 	90 	91 
001856 	264 	75 	90 	91 
001857 	264 	75 	90 	91 
001858 	264 	75 	90 	91 
001859 	264 	75 	90 	91 
001860 	264 	75 	90 	91 
001861 	264 	75 	90 	91 
001862 	264 	75 	90 	91 
001863 	264 	75 	90 	91 
001864 	264 	75 	90 	91 
001865 	254 	75 	90 	91 
001866 	254 	85 	90 	91 
001867 	264 	85 	90 	91 
001868 	264 	85 	90 	91 
001869 	257 	78 	109 	109 
001870 	257 	78 	109 	109 
001871 	264 	85 	90 	91 
001872 	264 	85 	90 	91 
001873 	264 	85 	90 	91 
001874 	274 	85 	90 	91 
001875 	274 	85 	90 	91 
001876 	274 	85 	90 	91 
001877 	274 	85 	90 	91 
001878 	274 	85 	90 	91 
001879 	274 	85 	90 	91 
001880 	274 	85 	90 	91 
001881 	274 	85 	90 	91 
001882 	257 	78 	109 	109 
001883 	257 	78 	109 	109 
001884 	264 	75 	90 	91 
001885 	264 	75 	90 	91 
001886 	264 	75 	90 	91 
001887 	264 	75 	90 	91 
001888 	264 	75 	90 	91 
001889 	264 	75 	90 	91 
001890 	264 	75 	90 	91 
001891 	264 	75 	90 	91 
001892 	264 	75 	90 	91 
001893 	254 	75 	90 	91 
001894 	254 	75 	90 	91 
001895 	254 	75 	90 	91 
001896 	254 	75 	90 	91 
001897 	254 	75 	90 	91 
001898 	254 	75 	90 	91 
001899 	245 	66 	109 	109 
001900 	264 	65 	90 	91 
001901 	245 	54 	109 	109 
001902 	245 	54 	109 	109 
001903 	264 	55 	90 	91 
001904 	264 	55 	90 	91 
001905 	264 	55 	90 	91 
001906 	264 	55 	90 	91 
001907 	264 	55 	90 	91 
001908 	264 	55 	90 	91 
001909 	264 	55 	90 	91 
001910 	257 	43 	109 	108 
001911 	257 	54 	109 	109 
001912 	257 	54 	109 	109 
001913 	257 	54 	109 	109 
001914 	257 	54 	109 	109 
001915 	257 	54 	109 	109 
001916 	257 	54 	109 	109 
001917 	257 	43 	109 	108 
001918 	257 	54 	109 	109 
001919 	257 	43 	109 	108 
001920 	257 	54 	109 	109 
001921 	257 	43 	109 	108 
001922 	257 	43 	109 	108 
001923 	257 	43 	109 	108 
001924 	257 	43 	109 	108 
001925 	257 	43 	109 	108 
001926 	269 	43 	108 	108 
001927 	269 	43 	108 	108 
001928 	269 	43 	108 	108 
001929 	269 	43 	108 	108 
001930 	269 	54 	108 	109 
001931 	269 	54 	108 	109 
001932 	284 	65 	90 	91 
001933 	281 	54 	108 	109 
001934 	281 	54 	108 	109 
001935 	281 	54 	108 	109 
001936 	281 	54 	108 	109 
001937 	281 	54 	108 	109 
001938 	281 	54 	108 	109 
001939 	281 	54 	108 	109 
001940 	281 	54 	108 	109 
001941 	281 	54 	108 	109 
001942 	281 	54 	108 	109 
001943 	281 	54 	108 	109 
001944 	281 	54 	108 	109 
001945 	281 	54 	108 	109 
001946 	281 	54 	108 	109 
001947 	281 	54 	108 	109 
001948 	281 	54 	108 	109 
001949 	281 	54 	108 	109 
001950 	281 	54 	108 	109 
001951 	281 	54 	108 	109 
001952 	281 	54 	108 	109 
001953 	281 	54 	108 	109 
001954 	281 	66 	108 	109 
001955 	281 	66 	108 	109 
001956 	281 	66 	108 	109 
001957 	281 	66 	108 	109 
001958 	281 	66 	108 	109 
001959 	281 	66 	108 	109 
001960 	281 	66 	108 	109 
001961 	281 	66 	108 	109 
001962 	281 	66 	108 	109 
001963 	281 	66 	108 	109 
001964 	281 	66 	108 	109 
001965 	281 	66 	108 	109 
001966 	281 	66 	108 	109 
001967 	281 	66 	108 	109 
001968 	281 	66 	108 	109 
001969 	281 	66 	108 	109 
001970 	281 	66 	108 	109 
001971 	281 	66 	108 	109 
001972 	281 	66 	108 	109 
001973 	281 	66 	108 	109 
001974 	281 	66 	108 	109 
001975 	281 	66 	108 	109 
001976 	281 	66 	108 	109 
001977 	281 	66 	108 	109 
001978 	281 	66 	108 	109 
001979 	281 	66 	108 	109 
001980 	281 	66 	108 	109 
001981 	281 	66 	108 	109 
001982 	281 	66 	108 	109 
001983 	281 	66 	108 	109 
001984 	281 	66 	108 	109 
001985 	281 	66 	108 	109 
001986 	281 	66 	108 	109 
001987 	281 	66 	108 	109 
001988 	281 	66 	108 	109 
001989 	281 	66 	108 	109 
001990 	281 	66 	108 	109 
001991 	281 	66 	108 	109 
001992 	281 	66 	108 	109 
001993 	281 	66 	108 	109 
001994 	281 	66 	108 	109 
001995 	281 	66 	108 	109 
001996 	281 	66 	108 	109 
001997 	281 	66 	108 	109 
001998 	281 	66 	108 	109 
001999 	281 	66 	108 	109 
002000 	281 	66 	108 	109 
002001 	281 	66 	108 	109 
002002 	281 	66 	108 	109 
002003 	281 	66 	108 	109 
002004 	281 	66 	108 	109 
002005 	281 	66 	108 	109 
002006 	281 	66 	108 	109 
002007 	281 	66 	108 	109 
002008 	281 	66 	108 	109 
002009 	281 	66 	108 	109 
002010 	281 	66 	108 	109 
002011 	281 	66 	108 	109 
002012 	281 	66 	108 	109 
002013 	281 	66 	108 	109 
002014 	281 	66 	108 	109 
002015 	281 	66 	108 	109 
002016 	281 	66 	108 	109 
002017 	281 	66 	108 	109 
002018 	281 	66 	108 	109 
002019 	281 	66 	108 	109 
002020 	281 	66 	108 	109 
002021 	281 	66 	108 	109 
002022 	281 	66 	108 	109 
002023 	281 	66 	108 	109 
002024 	281 	66 	108 	109 
002025 	281 	66 	108 	109 
002026 	281 	66 	108 	109 
002027 	281 	66 	108 	109 
002028 	281 	66 	108 	109 
002029 	281 	66 	108 	109 
002030 	281 	66 	108 	109 
002031 	281 	66 	108 	109 
002032 	281 	66 	108 	109 
002033 	281 	66 	108 	109 
002034 	281 	66 	108 	109 
002035 	281 	66 	108 	109 
002036 	281 	66 	108 	109 
002037 	281 	66 	108 	109 
002038 	281 	66 	108 	109 
002039 	281 	66 	108 	109 
002040 	284 	75 	90 	91 
002041 	284 	75 	90 	91 
002042 	281 	66 	108 	109 
002043 	284 	75 	90 	91 
002044 	284 	75 	90 	91 
002045 	284 	75 	90 	91 
002046 	284 	75 	90 	91 
002047 	284 	75 	90 	91 
002048 	284 	75 	90 	91 
002049 	284 	75 	90 	91 
002050 	284 	75 	90 	91 
002051 	284 	75 	90 	91 
002052 	284 	75 	90 	91 
002053 	284 	75 	90 	91 
002054 	284 	75 	90 	91 
002055 	281 	66 	108 	109 
002056 	284 	75 	90 	91 
002057 	284 	75 	90 	91 
002058 	284 	75 	90 	91 
002059 	284 	75 	90 	91 
002060 	284 	75 	90 	91 
002061 	284 	75 	90 	91 
002062 	284 	75 	90 	91 
002063 	284 	75 	90 	91 
002064 	284 	75 	90 	91 
002065 	284 	75 	90 	91 
002066 	284 	75 	90 	91 
002067 	284 	75 	90 	91 
002068 	281 	66 	108 	109 
002069 	281 	66 	108 	109 
002070 	269 	66 	108 	109 
002071 	281 	66 	108 	109 
002072 	281 	66 	108 	109 
002073 	281 	66 	108 	109 
002074 	281 	66 	108 	109 
002075 	281 	66 	108 	109 
002076 	281 	66 	108 	109 
002077 	281 	66 	108 	109 
002078 	281 	66 	108 	109 
002079 	281 	66 	108 	109 
002080 	281 	66 	108 	109 
002081 	281 	66 	108 	109 
002082 	281 	66 	108 	109 
002083 	281 	66 	108 	109 
002084 	281 	66 	108 	109 
002085 	281 	66 	108 	109 
002086 	281 	66 	108 	109 
002087 	281 	66 	108 	109 
002088 	281 	66 	108 	109 
002089 	281 	66 	108 	109 
002090 	281 	66 	108 	109 
002091 	281 	66 	108 	109 
002092 	281 	66 	108 	109 
002093 	281 	66 	108 	109 
002094 	281 	66 	108 	109 
002095 	281 	66 	108 	109 
002096 	281 	66 	108 	109 
002097 	281 	66 	108 	109 
002098 	281 	66 	108 	109 
002099 	281 	66 	108 	109 
002100 	281 	66 	108 	109 
002101 	281 	66 	108 	109 
002102 	284 	75 	90 	91 
002103 	269 	66 	108 	109 
002104 	269 	66 	108 	109 
002105 	269 	66 	108 	109 
002106 	269 	66 	108 	109 
002107 	274 	75 	90 	91 
002108 	274 	75 	90 	91 
002109 	274 	75 	90 	91 
002110 	257 	54 	109 	109 
002111 	257 	54 	109 	109 
002112 	257 	54 	109 	109 
002113 	257 	54 	109 	109 
002114 	257 	54 	109 	109 
002115 	245 	54 	109 	109 
002116 	245 	54 	109 	109 
002117 	245 	54 	109 	109 
002118 	254 	65 	90 	91 
002119 	254 	65 	90 	91 
002120 	254 	65 	90 	91 
002121 	254 	65 	90 	91 
002122 	254 	65 	90 	91 
002123 	254 	65 	90 	91 
002124 	254 	65 	90 	91 
002125 	244 	65 	90 	91 
002126 	244 	65 	90 	91 
002127 	244 	65 	90 	91 
002128 	244 	65 	90 	91 
002129 	244 	65 	90 	91 
002130 	233 	54 	109 	109 
002131 	233 	54 	109 	109 
002132 	233 	54 	109 	109 
002133 	233 	54 	109 	109 
002134 	233 	54 	109 	109 
002135 	233 	54 	109 	109 
002136 	233 	54 	109 	109 
002137 	244 	55 	90 	91 
002138 	244 	55 	90 	91 
002139 	254 	55 	90 	91 
002140 	254 	45 	90 	91 
002141 	254 	45 	90 	91 
002142 	264 	45 	90 	91 
002143 	264 	45 	90 	91 
002144 	264 	45 	90 	91 
002145 	257 	43 	109 	108 
002146 	257 	43 	109 	108 
002147 	257 	43 	109 	108 
002148 	269 	43 	108 	108 
002149 	269 	43 	108 	108 
002150 	269 	43 	108 	108 
002151 	274 	55 	90 	91 
002152 	269 	43 	108 	108 
002153 	269 	54 	108 	109 
002154 	269 	54 	108 	109 
002155 	269 	54 	108 	109 
002156 	269 	54 	108 	109 
002157 	269 	54 	108 	109 
002158 	269 	54 	108 	109 
002159 	269 	54 	108 	109 
002160 	269 	66 	108 	109 
002161 	269 	66 	108 	109 
002162 	269 	66 	108 	109 
002163 	269 	66 	108 	109 
002164 	284 	75 	90 	91 
002165 	281 	54 	108 	109 
002166 	281 	54 	108 	109 
002167 	281 	54 	108 	109 
002168 	281 	54 	108 	109 
002169 	281 	54 	108 	109 
002170 	281 	54 	108 	109 
002171 	281 	54 	108 	109 
002172 	281 	54 	108 	109 
002173 	281 	54 	108 	109 
002174 	281 	54 	108 	109 
002175 	281 	54 	108 	109 
002176 	281 	54 	108 	109 
002177 	281 	54 	108 	109 
002178 	281 	54 	108 	109 
002179 	281 	54 	108 	109 
002180 	284 	65 	90 	91 
002181 	284 	65 	90 	91 
002182 	284 	65 	90 	91 
002183 	284 	65 	90 	91 
002184 	284 	65 	90 	91 
002185 	269 	54 	108 	109 
002186 	269 	54 	108 	109 
002187 	269 	54 	108 	109 
002188 	269 	54 	108 	109 
002189 	269 	54 	108 	109 
002190 	269 	54 	108 	109 
002191 	269 	54 	108 	109 
002192 	269 	54 	108 	109 
002193 	269 	54 	108 	109 
002194 	269 	54 	108 	109 
002195 	269 	54 	108 	109 
002196 	274 	75 	90 	91 
002197 	274 	75 	90 	91 
002198 	257 	66 	109 	109 
002199 	257 	66 	109 	109 
002200 	257 	66 	109 	109 
002201 	264 	75 	90 	91 
002202 	264 	75 	90 	91 
002203 	264 	75 	90 	91 
002204 	264 	75 	90 	91 
002205 	264 	75 	90 	91 
002206 	245 	66 	109 	109 
002207 	245 	66 	109 	109 
002208 	245 	66 	109 	109 
002209 	245 	66 	109 	109 
002210 	245 	66 	109 	109 
002211 	245 	66 	109 	109 
002212 	245 	66 	109 	109 
002213 	245 	66 	109 	109 
002214 	245 	66 	109 	109 
002215 	245 	66 	109 	109 
002216 	245 	66 	109 	109 
002217 	245 	66 	109 	109 
002218 	245 	66 	109 	109 
002219 	245 	66 	109 	109 
002220 	245 	66 	109 	109 
002221 	264 	75 	90 	91 
002222 	264 	75 	90 	91 
002223 	264 	75 	90 	91 
002224 	264 	75 	90 	91 
002225 	264 	75 	90 	91 
002226 	264 	75 	90 	91 
002227 	264 	75 	90 	91 
002228 	264 	75 	90 	91 
002229 	264 	75 	90 	91 
002230 	264 	75 	90 	91 
002231 	257 	78 	109 	109 
002232 	257 	78 	109 	109 
002233 	257 	66 	109 	109 
002234 	257 	66 	109 	109 
002235 	257 	66 	109 	109 
002236 	274 	85 	90 	91 
002237 	274 	85 	90 	91 
002238 	274 	85 	90 	91 
002239 	274 	85 	90 	91 
002240 	274 	75 	90 	91 
002241 	269 	66 	108 	109 
002242 	269 	66 	108 	109 
002243 	269 	66 	108 	109 
002244 	269 	66 	108 	109 
002245 	269 	66 	108 	109 
002246 	269 	66 	108 	109 
002247 	269 	66 	108 	109 
002248 	284 	75 	90 	91 
002249 	284 	75 	90 	91 
002250 	284 	75 	90 	91 
002251 	284 	75 	90 	91 
002252 	284 	75 	90 	91 
002253 	284 	65 	90 	91 
002254 	284 	75 	90 	91 
002255 	284 	65 	90 	91 
002256 	281 	54 	108 	109 
002257 	281 	54 	108 	109 
002258 	281 	54 	108 	109 
002259 	281 	54 	108 	109 
002260 	281 	54 	108 	109 
002261 	281 	54 	108 	109 
002262 	281 	54 	108 	109 
002263 	293 	54 	108 	109 
002264 	293 	54 	108 	109 
002265 	293 	54 	108 	109 
002266 	293 	54 	108 	109 
002267 	293 	54 	108 	109 
002268 	293 	54 	108 	109 
002269 	293 	54 	108 	109 
002270 	293 	54 	108 	109 
002271 	293 	54 	108 	109 
002272 	293 	54 	108 	109 
002273 	293 	54 	108 	109 
002274 	293 	54 	108 	109 
002275 	293 	54 	108 	109 
002276 	293 	54 	108 	109 
002277 	293 	54 	108 	109 
002278 	293 	54 	108 	109 
002279 	293 	54 	108 	109 
002280 	293 	54 	108 	109 
002281 	293 	54 	108 	109 
002282 	293 	54 	108 	109 
002283 	293 	54 	108 	109 
002284 	293 	54 	108 	109 
002285 	293 	54 	108 	109 
002286 	294 	65 	90 	91 
002287 	294 	65 	90 	91 
002288 	281 	54 	108 	109 
002289 	281 	54 	108 	109 
002290 	281 	54 	108 	109 
002291 	281 	54 	108 	109 
002292 	281 	54 	108 	109 
002293 	281 	54 	108 	109 
002294 	281 	54 	108 	109 
002295 	281 	54 	108 	109 
002296 	281 	54 	108 	109 
002297 	281 	54 	108 	109 
002298 	281 	54 	108 	109 
002299 	281 	54 	108 	109 
002300 	281 	54 	108 	109 
002301 	281 	54 	108 	109 
002302 	281 	54 	108 	109 
002303 	281 	54 	108 	109 
002304 	281 	54 	108 	109 
002305 	281 	54 	108 	109 
002306 	281 	54 	108 	109 
002307 	281 	54 	108 	109 
002308 	281 	54 	108 	109 
002309 	281 	54 	108 	109 
002310 	281 	54 	108 	109 
002311 	281 	54 	108 	109 
002312 	281 	54 	108 	109 
002313 	281 	54 	108 	109 
002314 	281 	54 	108 	109 
002315 	281 	54 	108 	109 
002316 	281 	54 	108 	109 
