Identity  : 	id10285
Reference : 	bd0jqkNxNdU
Offset    : 	-1
FV Conf   : 	17.677
ASD Conf  : 	9.430

FRAME 	X 	Y 	W 	H 
003857 	257 	54 	109 	109 
003858 	257 	54 	109 	109 
003859 	257 	43 	109 	108 
003860 	257 	43 	109 	108 
003861 	274 	65 	90 	91 
003862 	257 	54 	109 	109 
003863 	257 	54 	109 	109 
003864 	257 	54 	109 	109 
003865 	257 	54 	109 	109 
003866 	274 	55 	90 	91 
003867 	269 	43 	108 	108 
003868 	269 	43 	108 	108 
003869 	269 	43 	108 	108 
003870 	269 	43 	108 	108 
003871 	269 	43 	108 	108 
003872 	269 	43 	108 	108 
003873 	269 	43 	108 	108 
003874 	269 	43 	108 	108 
003875 	269 	43 	108 	108 
003876 	269 	43 	108 	108 
003877 	269 	43 	108 	108 
003878 	269 	43 	108 	108 
003879 	269 	43 	108 	108 
003880 	284 	55 	90 	91 
003881 	284 	55 	90 	91 
003882 	284 	55 	90 	91 
003883 	281 	54 	108 	109 
003884 	281 	54 	108 	109 
003885 	281 	54 	108 	109 
003886 	284 	55 	90 	91 
003887 	284 	55 	90 	91 
003888 	281 	43 	108 	108 
003889 	281 	43 	108 	108 
003890 	281 	43 	108 	108 
003891 	281 	43 	108 	108 
003892 	281 	43 	108 	108 
003893 	281 	43 	108 	108 
003894 	281 	43 	108 	108 
003895 	281 	43 	108 	108 
003896 	281 	43 	108 	108 
003897 	284 	55 	90 	91 
003898 	284 	55 	90 	91 
003899 	284 	55 	90 	91 
003900 	284 	65 	90 	91 
003901 	269 	54 	108 	109 
003902 	269 	54 	108 	109 
003903 	269 	54 	108 	109 
003904 	269 	54 	108 	109 
003905 	269 	54 	108 	109 
003906 	274 	65 	90 	91 
003907 	257 	54 	109 	109 
003908 	257 	54 	109 	109 
003909 	257 	66 	109 	109 
003910 	257 	66 	109 	109 
003911 	264 	75 	90 	91 
003912 	264 	75 	90 	91 
003913 	264 	75 	90 	91 
003914 	264 	75 	90 	91 
003915 	254 	75 	90 	91 
003916 	254 	75 	90 	91 
003917 	254 	75 	90 	91 
003918 	254 	75 	90 	91 
003919 	254 	75 	90 	91 
003920 	245 	78 	109 	109 
003921 	244 	85 	90 	91 
003922 	244 	85 	90 	91 
003923 	244 	85 	90 	91 
003924 	244 	85 	90 	91 
003925 	244 	85 	90 	91 
003926 	233 	78 	109 	109 
003927 	244 	85 	90 	91 
003928 	233 	78 	109 	109 
003929 	233 	78 	109 	109 
003930 	244 	85 	90 	91 
003931 	233 	78 	109 	109 
003932 	233 	78 	109 	109 
003933 	233 	78 	109 	109 
003934 	233 	66 	109 	109 
003935 	233 	66 	109 	109 
003936 	233 	66 	109 	109 
003937 	233 	66 	109 	109 
003938 	233 	66 	109 	109 
003939 	233 	66 	109 	109 
003940 	233 	66 	109 	109 
003941 	233 	66 	109 	109 
003942 	244 	75 	90 	91 
003943 	244 	75 	90 	91 
003944 	254 	75 	90 	91 
003945 	245 	66 	109 	109 
003946 	245 	54 	109 	109 
003947 	245 	54 	109 	109 
003948 	257 	54 	109 	109 
003949 	257 	54 	109 	109 
003950 	257 	54 	109 	109 
003951 	269 	54 	108 	109 
003952 	269 	54 	108 	109 
003953 	269 	54 	108 	109 
003954 	269 	54 	108 	109 
003955 	269 	54 	108 	109 
003956 	269 	54 	108 	109 
003957 	269 	54 	108 	109 
003958 	269 	54 	108 	109 
003959 	269 	54 	108 	109 
003960 	281 	54 	108 	109 
003961 	281 	54 	108 	109 
003962 	281 	54 	108 	109 
003963 	281 	54 	108 	109 
003964 	281 	54 	108 	109 
003965 	281 	54 	108 	109 
003966 	281 	54 	108 	109 
003967 	281 	54 	108 	109 
003968 	281 	54 	108 	109 
003969 	281 	54 	108 	109 
003970 	281 	54 	108 	109 
003971 	281 	54 	108 	109 
003972 	281 	54 	108 	109 
003973 	269 	54 	108 	109 
003974 	269 	54 	108 	109 
003975 	269 	54 	108 	109 
003976 	269 	54 	108 	109 
003977 	269 	54 	108 	109 
003978 	269 	54 	108 	109 
003979 	269 	54 	108 	109 
003980 	269 	54 	108 	109 
003981 	269 	54 	108 	109 
003982 	269 	54 	108 	109 
003983 	269 	54 	108 	109 
003984 	269 	54 	108 	109 
003985 	269 	54 	108 	109 
003986 	269 	54 	108 	109 
003987 	269 	54 	108 	109 
003988 	269 	54 	108 	109 
003989 	269 	54 	108 	109 
003990 	269 	54 	108 	109 
003991 	269 	54 	108 	109 
003992 	257 	54 	109 	109 
003993 	257 	54 	109 	109 
003994 	257 	54 	109 	109 
003995 	257 	54 	109 	109 
003996 	274 	65 	90 	91 
003997 	269 	43 	108 	108 
003998 	269 	43 	108 	108 
003999 	269 	43 	108 	108 
004000 	269 	43 	108 	108 
004001 	269 	43 	108 	108 
004002 	274 	55 	90 	91 
004003 	274 	55 	90 	91 
004004 	257 	54 	109 	109 
004005 	257 	54 	109 	109 
004006 	264 	65 	90 	91 
004007 	264 	65 	90 	91 
004008 	264 	75 	90 	91 
004009 	264 	75 	90 	91 
004010 	264 	65 	90 	91 
004011 	264 	65 	90 	91 
004012 	245 	54 	109 	109 
004013 	245 	54 	109 	109 
004014 	245 	54 	109 	109 
004015 	245 	54 	109 	109 
004016 	254 	65 	90 	91 
004017 	254 	65 	90 	91 
004018 	254 	65 	90 	91 
004019 	254 	75 	90 	91 
004020 	254 	75 	90 	91 
004021 	254 	85 	90 	91 
004022 	254 	95 	90 	91 
004023 	254 	95 	90 	91 
004024 	254 	105 	90 	91 
004025 	264 	115 	90 	91 
004026 	264 	115 	90 	91 
004027 	264 	125 	90 	90 
004028 	254 	125 	90 	90 
004029 	254 	125 	90 	90 
004030 	264 	125 	90 	90 
004031 	264 	125 	90 	90 
004032 	264 	115 	90 	91 
004033 	264 	115 	90 	91 
004034 	264 	115 	90 	91 
004035 	264 	105 	90 	91 
004036 	264 	105 	90 	91 
004037 	257 	78 	109 	109 
004038 	257 	78 	109 	109 
004039 	257 	66 	109 	109 
004040 	257 	54 	109 	109 
004041 	257 	54 	109 	109 
004042 	269 	54 	108 	109 
004043 	269 	43 	108 	108 
004044 	269 	43 	108 	108 
004045 	284 	45 	90 	91 
004046 	284 	45 	90 	91 
004047 	281 	43 	108 	108 
004048 	294 	45 	90 	91 
004049 	294 	45 	90 	91 
004050 	294 	45 	90 	91 
004051 	294 	45 	90 	91 
004052 	294 	45 	90 	91 
004053 	294 	45 	90 	91 
004054 	293 	31 	108 	108 
004055 	293 	31 	108 	108 
004056 	293 	31 	108 	108 
004057 	293 	31 	108 	108 
004058 	293 	31 	108 	108 
004059 	294 	45 	90 	91 
004060 	293 	43 	108 	108 
004061 	293 	43 	108 	108 
004062 	294 	55 	90 	91 
004063 	281 	54 	108 	109 
004064 	281 	54 	108 	109 
004065 	281 	54 	108 	109 
004066 	281 	54 	108 	109 
004067 	294 	65 	90 	91 
004068 	294 	65 	90 	91 
004069 	294 	65 	90 	91 
004070 	294 	65 	90 	91 
004071 	294 	75 	90 	91 
004072 	294 	75 	90 	91 
004073 	294 	65 	90 	91 
004074 	294 	65 	90 	91 
004075 	294 	65 	90 	91 
004076 	293 	54 	108 	109 
004077 	294 	55 	90 	91 
004078 	293 	43 	108 	108 
004079 	293 	43 	108 	108 
004080 	294 	45 	90 	91 
004081 	294 	45 	90 	91 
004082 	281 	43 	108 	108 
004083 	294 	45 	90 	91 
004084 	281 	43 	108 	108 
004085 	294 	45 	90 	91 
004086 	294 	45 	90 	91 
004087 	294 	45 	90 	91 
004088 	294 	45 	90 	91 
004089 	294 	45 	90 	91 
004090 	294 	45 	90 	91 
004091 	294 	45 	90 	91 
004092 	294 	45 	90 	91 
004093 	293 	43 	108 	108 
004094 	293 	43 	108 	108 
004095 	293 	43 	108 	108 
004096 	293 	43 	108 	108 
004097 	293 	54 	108 	109 
004098 	293 	54 	108 	109 
004099 	294 	65 	90 	91 
004100 	294 	65 	90 	91 
004101 	293 	54 	108 	109 
004102 	294 	65 	90 	91 
004103 	294 	65 	90 	91 
004104 	294 	65 	90 	91 
004105 	294 	65 	90 	91 
004106 	294 	65 	90 	91 
004107 	294 	65 	90 	91 
004108 	294 	65 	90 	91 
004109 	281 	54 	108 	109 
