Identity  : 	id10291
Reference : 	TMCTm7GxiDE
Offset    : 	-3
FV Conf   : 	13.524
ASD Conf  : 	8.042

FRAME 	X 	Y 	W 	H 
004401 	197 	74 	187 	187 
004402 	197 	74 	187 	187 
004403 	218 	95 	187 	186 
004404 	218 	95 	187 	186 
004405 	233 	96 	156 	156 
004406 	233 	96 	156 	156 
004407 	233 	96 	156 	156 
004408 	233 	96 	156 	156 
004409 	233 	96 	156 	156 
004410 	233 	96 	156 	156 
004411 	233 	96 	156 	156 
004412 	233 	96 	156 	156 
004413 	233 	96 	156 	156 
004414 	233 	96 	156 	156 
004415 	233 	96 	156 	156 
004416 	233 	96 	156 	156 
004417 	218 	95 	187 	186 
004418 	197 	95 	187 	186 
004419 	197 	95 	187 	186 
004420 	216 	130 	156 	156 
004421 	216 	130 	156 	156 
004422 	216 	130 	156 	156 
004423 	216 	130 	156 	156 
004424 	216 	130 	156 	156 
004425 	216 	130 	156 	156 
004426 	216 	130 	156 	156 
004427 	216 	130 	156 	156 
004428 	216 	130 	156 	156 
004429 	197 	95 	187 	186 
004430 	197 	95 	187 	186 
004431 	216 	113 	156 	156 
004432 	233 	113 	156 	156 
004433 	233 	113 	156 	156 
004434 	233 	96 	156 	156 
004435 	233 	96 	156 	156 
004436 	233 	96 	156 	156 
004437 	233 	113 	156 	156 
004438 	233 	113 	156 	156 
004439 	233 	113 	156 	156 
004440 	233 	113 	156 	156 
004441 	233 	113 	156 	156 
004442 	218 	95 	187 	186 
004443 	218 	95 	187 	186 
004444 	218 	95 	187 	186 
004445 	218 	95 	187 	186 
004446 	218 	95 	187 	186 
004447 	218 	95 	187 	186 
004448 	233 	113 	156 	156 
004449 	233 	113 	156 	156 
004450 	218 	95 	187 	186 
004451 	233 	113 	156 	156 
004452 	233 	113 	156 	156 
004453 	233 	113 	156 	156 
004454 	233 	113 	156 	156 
004455 	233 	96 	156 	156 
004456 	233 	96 	156 	156 
004457 	233 	96 	156 	156 
004458 	233 	96 	156 	156 
004459 	233 	96 	156 	156 
004460 	233 	96 	156 	156 
004461 	233 	96 	156 	156 
004462 	218 	74 	187 	187 
004463 	218 	74 	187 	187 
004464 	197 	74 	187 	187 
004465 	197 	74 	187 	187 
004466 	197 	74 	187 	187 
004467 	197 	74 	187 	187 
004468 	197 	74 	187 	187 
004469 	197 	74 	187 	187 
004470 	216 	96 	156 	156 
004471 	216 	96 	156 	156 
004472 	216 	96 	156 	156 
004473 	216 	96 	156 	156 
004474 	216 	96 	156 	156 
004475 	216 	96 	156 	156 
004476 	216 	96 	156 	156 
004477 	216 	96 	156 	156 
004478 	216 	96 	156 	156 
004479 	216 	96 	156 	156 
004480 	216 	96 	156 	156 
004481 	216 	96 	156 	156 
004482 	216 	96 	156 	156 
004483 	197 	95 	187 	186 
004484 	216 	96 	156 	156 
004485 	216 	96 	156 	156 
004486 	216 	96 	156 	156 
004487 	216 	96 	156 	156 
004488 	216 	96 	156 	156 
004489 	216 	96 	156 	156 
004490 	197 	95 	187 	186 
004491 	197 	95 	187 	186 
004492 	197 	95 	187 	186 
004493 	216 	113 	156 	156 
004494 	216 	113 	156 	156 
004495 	216 	113 	156 	156 
004496 	216 	113 	156 	156 
004497 	216 	113 	156 	156 
004498 	216 	113 	156 	156 
004499 	216 	113 	156 	156 
004500 	216 	113 	156 	156 
004501 	216 	113 	156 	156 
004502 	216 	113 	156 	156 
004503 	216 	113 	156 	156 
004504 	216 	96 	156 	156 
004505 	216 	96 	156 	156 
004506 	216 	96 	156 	156 
004507 	216 	96 	156 	156 
004508 	197 	74 	187 	187 
004509 	197 	74 	187 	187 
004510 	197 	74 	187 	187 
004511 	216 	96 	156 	156 
004512 	216 	96 	156 	156 
004513 	216 	96 	156 	156 
004514 	216 	96 	156 	156 
004515 	216 	96 	156 	156 
004516 	216 	96 	156 	156 
004517 	216 	96 	156 	156 
004518 	216 	96 	156 	156 
004519 	216 	96 	156 	156 
004520 	216 	96 	156 	156 
004521 	216 	96 	156 	156 
004522 	216 	96 	156 	156 
004523 	216 	96 	156 	156 
004524 	216 	96 	156 	156 
004525 	216 	96 	156 	156 
004526 	216 	96 	156 	156 
004527 	216 	96 	156 	156 
004528 	216 	96 	156 	156 
004529 	216 	96 	156 	156 
004530 	216 	96 	156 	156 
004531 	216 	113 	156 	156 
004532 	233 	113 	156 	156 
004533 	233 	113 	156 	156 
004534 	233 	113 	156 	156 
004535 	233 	113 	156 	156 
004536 	218 	115 	187 	187 
004537 	218 	115 	187 	187 
004538 	218 	115 	187 	187 
004539 	233 	113 	156 	156 
004540 	233 	113 	156 	156 
