Identity  : 	id10300
Reference : 	_WKW_Jkdvq8
Offset    : 	-1
FV Conf   : 	13.796
ASD Conf  : 	7.055

FRAME 	X 	Y 	W 	H 
001892 	150 	102 	108 	109 
001893 	150 	102 	108 	109 
001894 	150 	102 	108 	109 
001895 	150 	102 	108 	109 
001896 	150 	102 	108 	109 
001897 	150 	102 	108 	109 
001898 	150 	102 	108 	109 
001899 	150 	102 	108 	109 
001900 	150 	102 	108 	109 
001901 	150 	102 	108 	109 
001902 	150 	102 	108 	109 
001903 	150 	102 	108 	109 
001904 	150 	102 	108 	109 
001905 	150 	102 	108 	109 
001906 	150 	102 	108 	109 
001907 	150 	102 	108 	109 
001908 	150 	102 	108 	109 
001909 	150 	102 	108 	109 
001910 	150 	90 	108 	109 
001911 	150 	90 	108 	109 
001912 	150 	90 	108 	109 
001913 	150 	90 	108 	109 
001914 	150 	90 	108 	109 
001915 	150 	90 	108 	109 
001916 	150 	90 	108 	109 
001917 	150 	90 	108 	109 
001918 	150 	90 	108 	109 
001919 	150 	90 	108 	109 
001920 	150 	90 	108 	109 
001921 	150 	90 	108 	109 
001922 	154 	105 	91 	91 
001923 	154 	105 	91 	91 
001924 	154 	105 	91 	91 
001925 	154 	105 	91 	91 
001926 	154 	105 	91 	91 
001927 	154 	105 	91 	91 
001928 	154 	105 	91 	91 
001929 	154 	105 	91 	91 
001930 	150 	102 	108 	109 
001931 	150 	102 	108 	109 
001932 	150 	102 	108 	109 
001933 	150 	102 	108 	109 
001934 	150 	102 	108 	109 
001935 	150 	102 	108 	109 
001936 	150 	102 	108 	109 
001937 	154 	105 	91 	91 
001938 	154 	105 	91 	91 
001939 	154 	105 	91 	91 
001940 	154 	105 	91 	91 
001941 	154 	105 	91 	91 
001942 	138 	102 	108 	109 
001943 	138 	102 	108 	109 
001944 	138 	102 	108 	109 
001945 	138 	102 	108 	109 
001946 	138 	102 	108 	109 
001947 	154 	105 	91 	91 
001948 	154 	105 	91 	91 
001949 	154 	105 	91 	91 
001950 	154 	105 	91 	91 
001951 	138 	102 	108 	109 
001952 	138 	102 	108 	109 
001953 	138 	102 	108 	109 
001954 	138 	102 	108 	109 
001955 	154 	105 	91 	91 
001956 	154 	105 	91 	91 
001957 	154 	105 	91 	91 
001958 	154 	105 	91 	91 
001959 	154 	105 	91 	91 
001960 	154 	105 	91 	91 
001961 	154 	105 	91 	91 
001962 	154 	105 	91 	91 
001963 	150 	90 	108 	109 
001964 	164 	105 	91 	91 
001965 	164 	105 	91 	91 
001966 	161 	90 	109 	109 
001967 	161 	90 	109 	109 
001968 	161 	90 	109 	109 
001969 	161 	90 	109 	109 
001970 	161 	90 	109 	109 
001971 	161 	90 	109 	109 
001972 	164 	95 	91 	91 
001973 	164 	95 	91 	91 
001974 	150 	78 	108 	109 
001975 	150 	78 	108 	109 
001976 	150 	78 	108 	109 
001977 	150 	78 	108 	109 
001978 	150 	78 	108 	109 
001979 	150 	78 	108 	109 
001980 	150 	78 	108 	109 
001981 	154 	95 	91 	91 
001982 	154 	95 	91 	91 
001983 	154 	95 	91 	91 
001984 	138 	90 	108 	109 
001985 	138 	90 	108 	109 
001986 	138 	90 	108 	109 
001987 	138 	90 	108 	109 
001988 	138 	90 	108 	109 
001989 	138 	90 	108 	109 
001990 	138 	90 	108 	109 
001991 	138 	90 	108 	109 
001992 	138 	90 	108 	109 
001993 	138 	90 	108 	109 
001994 	138 	102 	108 	109 
001995 	138 	102 	108 	109 
001996 	154 	105 	91 	91 
001997 	154 	105 	91 	91 
001998 	154 	105 	91 	91 
001999 	154 	105 	91 	91 
002000 	154 	105 	91 	91 
002001 	150 	102 	108 	109 
002002 	150 	102 	108 	109 
002003 	150 	102 	108 	109 
002004 	150 	102 	108 	109 
002005 	150 	102 	108 	109 
002006 	150 	102 	108 	109 
002007 	150 	102 	108 	109 
002008 	150 	102 	108 	109 
002009 	150 	102 	108 	109 
002010 	150 	102 	108 	109 
002011 	150 	102 	108 	109 
002012 	161 	102 	109 	109 
