Identity  : 	id10282
Reference : 	nYsLbFOQfOI
Offset    : 	-6
FV Conf   : 	20.029
ASD Conf  : 	6.580

FRAME 	X 	Y 	W 	H 
005483 	266 	94 	130 	130 
005484 	266 	94 	130 	130 
005485 	266 	94 	130 	130 
005486 	266 	94 	130 	130 
005487 	266 	94 	130 	130 
005488 	281 	102 	108 	109 
005489 	281 	102 	108 	109 
005490 	281 	102 	108 	109 
005491 	266 	94 	130 	130 
005492 	266 	94 	130 	130 
005493 	266 	94 	130 	130 
005494 	266 	94 	130 	130 
005495 	266 	94 	130 	130 
005496 	266 	94 	130 	130 
005497 	266 	94 	130 	130 
005498 	266 	94 	130 	130 
005499 	266 	94 	130 	130 
005500 	266 	94 	130 	130 
005501 	266 	94 	130 	130 
005502 	266 	94 	130 	130 
005503 	281 	102 	108 	109 
005504 	266 	94 	130 	130 
005505 	281 	102 	108 	109 
005506 	281 	90 	108 	109 
005507 	281 	90 	108 	109 
005508 	281 	90 	108 	109 
005509 	281 	90 	108 	109 
005510 	293 	90 	108 	109 
005511 	293 	90 	108 	109 
005512 	293 	90 	108 	109 
005513 	293 	90 	108 	109 
005514 	293 	90 	108 	109 
005515 	293 	90 	108 	109 
005516 	293 	90 	108 	109 
005517 	293 	90 	108 	109 
005518 	293 	90 	108 	109 
005519 	293 	90 	108 	109 
005520 	293 	90 	108 	109 
005521 	293 	90 	108 	109 
005522 	293 	90 	108 	109 
005523 	293 	90 	108 	109 
005524 	281 	90 	108 	109 
005525 	281 	90 	108 	109 
005526 	281 	90 	108 	109 
005527 	280 	94 	130 	130 
005528 	281 	90 	108 	109 
005529 	293 	90 	108 	109 
005530 	293 	90 	108 	109 
005531 	293 	90 	108 	109 
005532 	293 	90 	108 	109 
005533 	293 	90 	108 	109 
005534 	281 	90 	108 	109 
005535 	281 	90 	108 	109 
005536 	281 	90 	108 	109 
005537 	281 	90 	108 	109 
005538 	281 	90 	108 	109 
005539 	281 	102 	108 	109 
005540 	281 	102 	108 	109 
005541 	281 	102 	108 	109 
005542 	281 	90 	108 	109 
005543 	281 	90 	108 	109 
005544 	281 	90 	108 	109 
005545 	281 	90 	108 	109 
005546 	281 	90 	108 	109 
005547 	281 	90 	108 	109 
005548 	281 	90 	108 	109 
005549 	281 	90 	108 	109 
005550 	281 	90 	108 	109 
005551 	281 	90 	108 	109 
005552 	281 	90 	108 	109 
005553 	281 	90 	108 	109 
005554 	281 	90 	108 	109 
005555 	281 	90 	108 	109 
005556 	281 	90 	108 	109 
005557 	281 	90 	108 	109 
005558 	281 	90 	108 	109 
005559 	281 	90 	108 	109 
005560 	281 	90 	108 	109 
005561 	281 	90 	108 	109 
005562 	281 	90 	108 	109 
005563 	281 	90 	108 	109 
005564 	281 	90 	108 	109 
005565 	281 	90 	108 	109 
005566 	281 	90 	108 	109 
005567 	281 	90 	108 	109 
005568 	281 	90 	108 	109 
005569 	281 	90 	108 	109 
005570 	281 	90 	108 	109 
005571 	281 	90 	108 	109 
005572 	281 	90 	108 	109 
005573 	281 	90 	108 	109 
005574 	281 	90 	108 	109 
005575 	281 	90 	108 	109 
005576 	281 	90 	108 	109 
005577 	281 	90 	108 	109 
005578 	281 	90 	108 	109 
005579 	281 	90 	108 	109 
005580 	281 	90 	108 	109 
005581 	281 	90 	108 	109 
005582 	281 	90 	108 	109 
