Identity  : 	id10306
Reference : 	tELtXMqh_xg
Offset    : 	-6
FV Conf   : 	18.693
ASD Conf  : 	7.275

FRAME 	X 	Y 	W 	H 
001837 	134 	105 	91 	91 
001838 	134 	105 	91 	91 
001839 	134 	105 	91 	91 
001840 	134 	105 	91 	91 
001841 	144 	105 	91 	91 
001842 	144 	105 	91 	91 
001843 	144 	105 	91 	91 
001844 	144 	105 	91 	91 
001845 	144 	105 	91 	91 
001846 	144 	105 	91 	91 
001847 	144 	105 	91 	91 
001848 	134 	105 	91 	91 
001849 	134 	105 	91 	91 
001850 	134 	105 	91 	91 
001851 	134 	105 	91 	91 
001852 	134 	105 	91 	91 
001853 	134 	105 	91 	91 
001854 	134 	105 	91 	91 
001855 	134 	105 	91 	91 
001856 	134 	105 	91 	91 
001857 	134 	105 	91 	91 
001858 	134 	105 	91 	91 
001859 	134 	105 	91 	91 
001860 	134 	105 	91 	91 
001861 	134 	105 	91 	91 
001862 	134 	105 	91 	91 
001863 	124 	105 	91 	91 
001864 	134 	105 	91 	91 
001865 	134 	105 	91 	91 
001866 	126 	90 	108 	109 
001867 	126 	90 	108 	109 
001868 	126 	90 	108 	109 
001869 	126 	90 	108 	109 
001870 	126 	90 	108 	109 
001871 	126 	90 	108 	109 
001872 	134 	95 	91 	91 
001873 	126 	90 	108 	109 
001874 	126 	90 	108 	109 
001875 	144 	95 	91 	91 
001876 	138 	78 	108 	109 
001877 	138 	78 	108 	109 
001878 	138 	78 	108 	109 
001879 	144 	85 	91 	91 
001880 	144 	85 	91 	91 
001881 	144 	85 	91 	91 
001882 	144 	85 	91 	91 
001883 	144 	85 	91 	91 
001884 	144 	85 	91 	91 
001885 	144 	85 	91 	91 
001886 	138 	66 	108 	109 
001887 	138 	66 	108 	109 
001888 	138 	66 	108 	109 
001889 	138 	66 	108 	109 
001890 	138 	66 	108 	109 
001891 	138 	66 	108 	109 
001892 	144 	75 	91 	91 
001893 	134 	75 	91 	91 
001894 	134 	85 	91 	91 
001895 	124 	85 	91 	91 
001896 	124 	85 	91 	91 
001897 	124 	85 	91 	91 
001898 	124 	85 	91 	91 
001899 	126 	78 	108 	109 
001900 	126 	78 	108 	109 
001901 	126 	78 	108 	109 
001902 	124 	85 	91 	91 
001903 	126 	78 	108 	109 
001904 	126 	78 	108 	109 
001905 	126 	78 	108 	109 
001906 	126 	78 	108 	109 
001907 	126 	78 	108 	109 
001908 	126 	78 	108 	109 
001909 	126 	78 	108 	109 
001910 	126 	78 	108 	109 
001911 	126 	78 	108 	109 
001912 	126 	78 	108 	109 
001913 	126 	78 	108 	109 
001914 	126 	78 	108 	109 
001915 	126 	78 	108 	109 
001916 	126 	78 	108 	109 
001917 	126 	78 	108 	109 
001918 	126 	78 	108 	109 
001919 	134 	95 	91 	91 
001920 	126 	78 	108 	109 
001921 	126 	78 	108 	109 
001922 	126 	78 	108 	109 
001923 	126 	78 	108 	109 
001924 	134 	95 	91 	91 
001925 	134 	95 	91 	91 
001926 	114 	78 	108 	109 
001927 	124 	85 	91 	91 
001928 	124 	85 	91 	91 
001929 	124 	85 	91 	91 
001930 	124 	85 	91 	91 
001931 	124 	85 	91 	91 
001932 	124 	85 	91 	91 
001933 	124 	85 	91 	91 
001934 	124 	85 	91 	91 
001935 	124 	85 	91 	91 
001936 	124 	85 	91 	91 
001937 	124 	85 	91 	91 
001938 	124 	85 	91 	91 
001939 	124 	85 	91 	91 
001940 	134 	95 	91 	91 
001941 	134 	95 	91 	91 
001942 	134 	95 	91 	91 
001943 	134 	95 	91 	91 
001944 	134 	95 	91 	91 
001945 	134 	95 	91 	91 
001946 	134 	95 	91 	91 
001947 	134 	95 	91 	91 
001948 	134 	95 	91 	91 
001949 	134 	95 	91 	91 
001950 	134 	95 	91 	91 
001951 	126 	78 	108 	109 
001952 	126 	78 	108 	109 
001953 	126 	78 	108 	109 
001954 	134 	95 	91 	91 
001955 	126 	78 	108 	109 
001956 	126 	78 	108 	109 
001957 	134 	85 	91 	91 
001958 	126 	78 	108 	109 
001959 	126 	78 	108 	109 
001960 	126 	78 	108 	109 
001961 	126 	78 	108 	109 
001962 	126 	78 	108 	109 
001963 	126 	78 	108 	109 
001964 	126 	78 	108 	109 
001965 	126 	78 	108 	109 
001966 	126 	78 	108 	109 
001967 	134 	85 	91 	91 
001968 	134 	85 	91 	91 
001969 	134 	85 	91 	91 
001970 	144 	95 	91 	91 
001971 	144 	95 	91 	91 
001972 	144 	95 	91 	91 
001973 	144 	95 	91 	91 
001974 	144 	95 	91 	91 
001975 	144 	95 	91 	91 
001976 	144 	95 	91 	91 
001977 	126 	90 	108 	109 
001978 	126 	90 	108 	109 
001979 	126 	90 	108 	109 
001980 	126 	90 	108 	109 
001981 	134 	95 	91 	91 
001982 	134 	95 	91 	91 
001983 	134 	95 	91 	91 
001984 	134 	95 	91 	91 
001985 	134 	95 	91 	91 
001986 	134 	95 	91 	91 
001987 	134 	95 	91 	91 
001988 	134 	95 	91 	91 
001989 	134 	95 	91 	91 
001990 	134 	95 	91 	91 
001991 	126 	90 	108 	109 
001992 	134 	95 	91 	91 
001993 	134 	95 	91 	91 
001994 	134 	95 	91 	91 
