Identity  : 	id10298
Reference : 	Cjt5DP6qc5Q
Offset    : 	-1
FV Conf   : 	13.203
ASD Conf  : 	9.080

FRAME 	X 	Y 	W 	H 
000659 	185 	78 	109 	109 
000660 	185 	78 	109 	109 
000661 	185 	78 	109 	109 
000662 	185 	78 	109 	109 
000663 	185 	78 	109 	109 
000664 	185 	78 	109 	109 
000665 	185 	78 	109 	109 
000666 	185 	78 	109 	109 
000667 	185 	78 	109 	109 
000668 	185 	78 	109 	109 
000669 	185 	78 	109 	109 
000670 	185 	78 	109 	109 
000671 	185 	78 	109 	109 
000672 	185 	78 	109 	109 
000673 	185 	78 	109 	109 
000674 	197 	78 	109 	109 
000675 	197 	78 	109 	109 
000676 	197 	78 	109 	109 
000677 	197 	78 	109 	109 
000678 	197 	78 	109 	109 
000679 	197 	66 	109 	109 
000680 	209 	78 	109 	109 
000681 	209 	78 	109 	109 
000682 	209 	78 	109 	109 
000683 	209 	78 	109 	109 
000684 	209 	78 	109 	109 
000685 	224 	95 	91 	91 
000686 	221 	90 	109 	109 
000687 	221 	90 	109 	109 
000688 	221 	90 	109 	109 
000689 	221 	102 	109 	109 
000690 	234 	115 	90 	91 
000691 	234 	115 	90 	91 
000692 	234 	115 	90 	91 
000693 	234 	115 	90 	91 
000694 	234 	115 	90 	91 
000695 	234 	115 	90 	91 
000696 	234 	115 	90 	91 
000697 	234 	115 	90 	91 
000698 	234 	115 	90 	91 
000699 	234 	115 	90 	91 
000700 	234 	115 	90 	91 
000701 	234 	115 	90 	91 
000702 	234 	115 	90 	91 
000703 	234 	115 	90 	91 
000704 	233 	114 	109 	109 
000705 	234 	115 	90 	91 
000706 	234 	115 	90 	91 
000707 	234 	115 	90 	91 
000708 	234 	115 	90 	91 
000709 	234 	115 	90 	91 
000710 	234 	115 	90 	91 
000711 	234 	115 	90 	91 
000712 	234 	115 	90 	91 
000713 	234 	105 	90 	91 
000714 	221 	90 	109 	109 
000715 	221 	78 	109 	109 
000716 	221 	78 	109 	109 
000717 	221 	78 	109 	109 
000718 	221 	78 	109 	109 
000719 	221 	78 	109 	109 
000720 	221 	78 	109 	109 
000721 	221 	78 	109 	109 
000722 	221 	78 	109 	109 
000723 	221 	78 	109 	109 
000724 	221 	90 	109 	109 
000725 	221 	90 	109 	109 
000726 	221 	90 	109 	109 
000727 	224 	105 	91 	91 
000728 	224 	105 	91 	91 
000729 	221 	102 	109 	109 
000730 	221 	102 	109 	109 
000731 	221 	102 	109 	109 
000732 	221 	102 	109 	109 
000733 	221 	102 	109 	109 
000734 	221 	114 	109 	109 
000735 	221 	114 	109 	109 
000736 	221 	114 	109 	109 
000737 	221 	114 	109 	109 
000738 	221 	114 	109 	109 
000739 	221 	114 	109 	109 
000740 	221 	114 	109 	109 
000741 	221 	114 	109 	109 
000742 	221 	114 	109 	109 
000743 	221 	114 	109 	109 
000744 	221 	114 	109 	109 
000745 	221 	102 	109 	109 
000746 	221 	114 	109 	109 
000747 	221 	114 	109 	109 
000748 	224 	115 	91 	91 
000749 	221 	114 	109 	109 
000750 	221 	114 	109 	109 
000751 	221 	114 	109 	109 
000752 	224 	115 	91 	91 
000753 	221 	114 	109 	109 
000754 	221 	114 	109 	109 
000755 	221 	114 	109 	109 
000756 	221 	114 	109 	109 
000757 	221 	114 	109 	109 
000758 	221 	114 	109 	109 
000759 	221 	114 	109 	109 
000760 	221 	114 	109 	109 
000761 	221 	114 	109 	109 
000762 	221 	114 	109 	109 
000763 	221 	114 	109 	109 
000764 	221 	114 	109 	109 
000765 	221 	114 	109 	109 
000766 	221 	114 	109 	109 
000767 	221 	114 	109 	109 
000768 	221 	114 	109 	109 
000769 	221 	114 	109 	109 
000770 	221 	114 	109 	109 
000771 	221 	114 	109 	109 
000772 	221 	114 	109 	109 
000773 	221 	114 	109 	109 
000774 	224 	115 	91 	91 
000775 	224 	115 	91 	91 
000776 	224 	115 	91 	91 
000777 	224 	115 	91 	91 
000778 	221 	114 	109 	109 
000779 	221 	114 	109 	109 
000780 	224 	115 	91 	91 
000781 	221 	102 	109 	109 
000782 	221 	102 	109 	109 
000783 	221 	102 	109 	109 
000784 	221 	102 	109 	109 
000785 	224 	105 	91 	91 
000786 	224 	105 	91 	91 
000787 	221 	102 	109 	109 
000788 	221 	102 	109 	109 
000789 	221 	102 	109 	109 
000790 	209 	90 	109 	109 
000791 	209 	90 	109 	109 
000792 	224 	105 	91 	91 
000793 	224 	105 	91 	91 
000794 	224 	105 	91 	91 
000795 	224 	105 	91 	91 
000796 	224 	105 	91 	91 
000797 	224 	105 	91 	91 
000798 	224 	105 	91 	91 
000799 	224 	105 	91 	91 
000800 	209 	102 	109 	109 
000801 	209 	102 	109 	109 
000802 	209 	102 	109 	109 
000803 	209 	102 	109 	109 
000804 	209 	102 	109 	109 
000805 	224 	115 	91 	91 
000806 	224 	115 	91 	91 
000807 	224 	115 	91 	91 
000808 	224 	115 	91 	91 
000809 	224 	115 	91 	91 
000810 	209 	102 	109 	109 
000811 	209 	102 	109 	109 
000812 	209 	102 	109 	109 
000813 	209 	102 	109 	109 
000814 	209 	102 	109 	109 
000815 	209 	102 	109 	109 
000816 	209 	102 	109 	109 
000817 	209 	102 	109 	109 
000818 	209 	102 	109 	109 
000819 	209 	102 	109 	109 
000820 	209 	102 	109 	109 
000821 	209 	102 	109 	109 
000822 	209 	102 	109 	109 
000823 	209 	102 	109 	109 
000824 	209 	102 	109 	109 
000825 	209 	102 	109 	109 
000826 	209 	102 	109 	109 
000827 	209 	102 	109 	109 
000828 	209 	102 	109 	109 
000829 	209 	102 	109 	109 
000830 	209 	102 	109 	109 
000831 	209 	102 	109 	109 
000832 	209 	102 	109 	109 
000833 	209 	102 	109 	109 
000834 	209 	102 	109 	109 
000835 	209 	102 	109 	109 
000836 	209 	102 	109 	109 
000837 	209 	102 	109 	109 
000838 	209 	102 	109 	109 
000839 	209 	102 	109 	109 
000840 	209 	102 	109 	109 
000841 	209 	102 	109 	109 
000842 	209 	102 	109 	109 
000843 	209 	102 	109 	109 
000844 	209 	102 	109 	109 
000845 	209 	102 	109 	109 
000846 	209 	102 	109 	109 
000847 	209 	102 	109 	109 
000848 	209 	102 	109 	109 
000849 	209 	102 	109 	109 
000850 	209 	102 	109 	109 
000851 	209 	102 	109 	109 
000852 	209 	102 	109 	109 
000853 	209 	102 	109 	109 
000854 	209 	102 	109 	109 
000855 	209 	90 	109 	109 
000856 	209 	90 	109 	109 
000857 	209 	90 	109 	109 
000858 	224 	95 	91 	91 
000859 	221 	90 	109 	109 
000860 	221 	90 	109 	109 
000861 	221 	90 	109 	109 
000862 	221 	78 	109 	109 
000863 	221 	78 	109 	109 
000864 	221 	78 	109 	109 
000865 	221 	78 	109 	109 
000866 	221 	78 	109 	109 
000867 	221 	78 	109 	109 
000868 	221 	78 	109 	109 
000869 	221 	78 	109 	109 
000870 	221 	66 	109 	109 
000871 	221 	66 	109 	109 
000872 	221 	66 	109 	109 
000873 	221 	66 	109 	109 
000874 	221 	66 	109 	109 
000875 	221 	66 	109 	109 
000876 	221 	66 	109 	109 
000877 	221 	66 	109 	109 
000878 	221 	66 	109 	109 
000879 	221 	66 	109 	109 
000880 	221 	66 	109 	109 
000881 	221 	66 	109 	109 
000882 	221 	66 	109 	109 
000883 	221 	66 	109 	109 
000884 	221 	66 	109 	109 
000885 	221 	66 	109 	109 
000886 	221 	66 	109 	109 
000887 	221 	66 	109 	109 
000888 	221 	66 	109 	109 
000889 	221 	66 	109 	109 
000890 	221 	66 	109 	109 
000891 	221 	66 	109 	109 
000892 	221 	66 	109 	109 
000893 	221 	66 	109 	109 
000894 	221 	66 	109 	109 
000895 	221 	66 	109 	109 
000896 	221 	66 	109 	109 
000897 	221 	66 	109 	109 
000898 	221 	66 	109 	109 
000899 	209 	66 	109 	109 
000900 	209 	66 	109 	109 
000901 	209 	66 	109 	109 
000902 	209 	66 	109 	109 
000903 	209 	66 	109 	109 
000904 	209 	66 	109 	109 
000905 	209 	66 	109 	109 
000906 	209 	66 	109 	109 
000907 	209 	66 	109 	109 
000908 	209 	66 	109 	109 
000909 	221 	78 	109 	109 
000910 	224 	85 	91 	91 
000911 	224 	85 	91 	91 
000912 	224 	85 	91 	91 
000913 	224 	85 	91 	91 
000914 	224 	85 	91 	91 
000915 	224 	85 	91 	91 
000916 	209 	78 	109 	109 
000917 	209 	78 	109 	109 
000918 	209 	78 	109 	109 
000919 	209 	78 	109 	109 
000920 	209 	78 	109 	109 
000921 	209 	90 	109 	109 
000922 	209 	90 	109 	109 
000923 	209 	90 	109 	109 
000924 	209 	90 	109 	109 
000925 	209 	90 	109 	109 
000926 	209 	90 	109 	109 
000927 	209 	90 	109 	109 
000928 	209 	90 	109 	109 
000929 	209 	90 	109 	109 
000930 	209 	90 	109 	109 
000931 	209 	90 	109 	109 
000932 	209 	90 	109 	109 
000933 	209 	90 	109 	109 
000934 	209 	90 	109 	109 
000935 	209 	90 	109 	109 
000936 	209 	90 	109 	109 
000937 	209 	90 	109 	109 
000938 	209 	90 	109 	109 
000939 	209 	90 	109 	109 
000940 	209 	90 	109 	109 
000941 	209 	90 	109 	109 
000942 	224 	105 	91 	91 
000943 	224 	105 	91 	91 
000944 	209 	90 	109 	109 
000945 	209 	90 	109 	109 
000946 	209 	90 	109 	109 
000947 	209 	90 	109 	109 
000948 	224 	95 	91 	91 
000949 	224 	95 	91 	91 
000950 	224 	95 	91 	91 
000951 	224 	95 	91 	91 
000952 	224 	95 	91 	91 
000953 	224 	95 	91 	91 
000954 	224 	95 	91 	91 
000955 	224 	95 	91 	91 
000956 	224 	95 	91 	91 
000957 	224 	95 	91 	91 
000958 	224 	95 	91 	91 
000959 	224 	95 	91 	91 
000960 	224 	95 	91 	91 
000961 	221 	90 	109 	109 
000962 	221 	90 	109 	109 
000963 	221 	90 	109 	109 
000964 	221 	90 	109 	109 
000965 	221 	90 	109 	109 
000966 	221 	90 	109 	109 
000967 	234 	95 	90 	91 
000968 	234 	95 	90 	91 
000969 	234 	95 	90 	91 
000970 	234 	105 	90 	91 
000971 	234 	105 	90 	91 
000972 	234 	105 	90 	91 
000973 	234 	105 	90 	91 
000974 	234 	105 	90 	91 
000975 	234 	105 	90 	91 
000976 	234 	105 	90 	91 
000977 	234 	105 	90 	91 
000978 	234 	105 	90 	91 
000979 	234 	105 	90 	91 
000980 	221 	90 	109 	109 
000981 	221 	90 	109 	109 
000982 	221 	90 	109 	109 
000983 	221 	90 	109 	109 
000984 	221 	90 	109 	109 
000985 	209 	90 	109 	109 
000986 	209 	90 	109 	109 
000987 	209 	90 	109 	109 
000988 	209 	90 	109 	109 
000989 	209 	90 	109 	109 
000990 	209 	90 	109 	109 
000991 	224 	95 	91 	91 
000992 	221 	90 	109 	109 
000993 	221 	90 	109 	109 
000994 	221 	90 	109 	109 
000995 	221 	90 	109 	109 
000996 	221 	90 	109 	109 
000997 	221 	90 	109 	109 
000998 	234 	105 	90 	91 
000999 	234 	105 	90 	91 
001000 	234 	105 	90 	91 
001001 	234 	105 	90 	91 
001002 	234 	105 	90 	91 
001003 	234 	105 	90 	91 
001004 	234 	105 	90 	91 
001005 	234 	105 	90 	91 
001006 	234 	105 	90 	91 
001007 	221 	90 	109 	109 
001008 	234 	105 	90 	91 
001009 	234 	105 	90 	91 
001010 	234 	105 	90 	91 
001011 	234 	105 	90 	91 
001012 	221 	90 	109 	109 
001013 	221 	90 	109 	109 
001014 	221 	90 	109 	109 
001015 	234 	105 	90 	91 
001016 	234 	105 	90 	91 
001017 	234 	105 	90 	91 
001018 	234 	105 	90 	91 
001019 	221 	102 	109 	109 
001020 	234 	105 	90 	91 
001021 	234 	105 	90 	91 
001022 	234 	105 	90 	91 
001023 	234 	105 	90 	91 
001024 	234 	105 	90 	91 
001025 	209 	90 	109 	109 
001026 	209 	90 	109 	109 
001027 	234 	105 	90 	91 
001028 	234 	105 	90 	91 
001029 	221 	90 	109 	109 
001030 	234 	105 	90 	91 
001031 	224 	105 	91 	91 
001032 	224 	105 	91 	91 
001033 	221 	90 	109 	109 
001034 	209 	90 	109 	109 
001035 	209 	90 	109 	109 
001036 	209 	90 	109 	109 
001037 	209 	90 	109 	109 
001038 	209 	78 	109 	109 
001039 	209 	78 	109 	109 
001040 	209 	78 	109 	109 
001041 	224 	95 	91 	91 
001042 	221 	90 	109 	109 
001043 	221 	90 	109 	109 
001044 	234 	95 	90 	91 
001045 	233 	90 	109 	109 
001046 	233 	90 	109 	109 
001047 	244 	95 	90 	91 
001048 	233 	90 	109 	109 
001049 	221 	90 	109 	109 
001050 	221 	90 	109 	109 
001051 	234 	105 	90 	91 
001052 	221 	90 	109 	109 
001053 	234 	105 	90 	91 
001054 	234 	105 	90 	91 
001055 	221 	90 	109 	109 
001056 	221 	90 	109 	109 
001057 	221 	90 	109 	109 
001058 	221 	90 	109 	109 
001059 	221 	90 	109 	109 
001060 	221 	90 	109 	109 
001061 	221 	90 	109 	109 
001062 	209 	90 	109 	109 
001063 	209 	90 	109 	109 
001064 	209 	90 	109 	109 
001065 	209 	90 	109 	109 
001066 	209 	90 	109 	109 
001067 	209 	90 	109 	109 
001068 	209 	90 	109 	109 
001069 	209 	90 	109 	109 
001070 	209 	90 	109 	109 
001071 	209 	90 	109 	109 
001072 	209 	90 	109 	109 
001073 	209 	90 	109 	109 
001074 	209 	90 	109 	109 
001075 	209 	90 	109 	109 
001076 	209 	90 	109 	109 
001077 	209 	90 	109 	109 
001078 	209 	90 	109 	109 
001079 	209 	90 	109 	109 
001080 	209 	90 	109 	109 
001081 	209 	90 	109 	109 
001082 	209 	90 	109 	109 
001083 	209 	90 	109 	109 
001084 	209 	90 	109 	109 
001085 	209 	90 	109 	109 
001086 	209 	90 	109 	109 
001087 	209 	90 	109 	109 
001088 	209 	90 	109 	109 
001089 	209 	90 	109 	109 
001090 	209 	90 	109 	109 
001091 	209 	90 	109 	109 
001092 	209 	90 	109 	109 
001093 	209 	90 	109 	109 
001094 	209 	90 	109 	109 
001095 	209 	90 	109 	109 
001096 	209 	90 	109 	109 
001097 	209 	90 	109 	109 
001098 	209 	78 	109 	109 
001099 	209 	78 	109 	109 
001100 	209 	78 	109 	109 
001101 	209 	78 	109 	109 
001102 	209 	78 	109 	109 
001103 	209 	78 	109 	109 
001104 	209 	78 	109 	109 
001105 	221 	78 	109 	109 
001106 	224 	85 	91 	91 
001107 	224 	85 	91 	91 
001108 	221 	78 	109 	109 
001109 	224 	85 	91 	91 
001110 	224 	85 	91 	91 
001111 	209 	66 	109 	109 
001112 	221 	78 	109 	109 
001113 	209 	66 	109 	109 
001114 	209 	66 	109 	109 
001115 	221 	78 	109 	109 
001116 	221 	66 	109 	109 
001117 	221 	66 	109 	109 
001118 	221 	66 	109 	109 
001119 	221 	78 	109 	109 
001120 	221 	78 	109 	109 
001121 	221 	66 	109 	109 
001122 	221 	78 	109 	109 
001123 	234 	85 	90 	91 
001124 	234 	85 	90 	91 
001125 	221 	66 	109 	109 
001126 	221 	66 	109 	109 
001127 	221 	66 	109 	109 
001128 	221 	66 	109 	109 
001129 	221 	66 	109 	109 
001130 	221 	66 	109 	109 
001131 	221 	66 	109 	109 
001132 	221 	66 	109 	109 
001133 	221 	66 	109 	109 
001134 	221 	66 	109 	109 
001135 	221 	78 	109 	109 
001136 	221 	78 	109 	109 
001137 	221 	78 	109 	109 
001138 	221 	78 	109 	109 
001139 	221 	78 	109 	109 
001140 	221 	78 	109 	109 
001141 	221 	78 	109 	109 
001142 	221 	90 	109 	109 
001143 	224 	95 	91 	91 
001144 	209 	78 	109 	109 
001145 	209 	78 	109 	109 
001146 	209 	78 	109 	109 
001147 	209 	78 	109 	109 
001148 	209 	78 	109 	109 
001149 	209 	78 	109 	109 
001150 	209 	78 	109 	109 
001151 	209 	78 	109 	109 
001152 	209 	78 	109 	109 
001153 	209 	78 	109 	109 
001154 	209 	78 	109 	109 
001155 	209 	78 	109 	109 
001156 	224 	95 	91 	91 
001157 	224 	95 	91 	91 
001158 	209 	78 	109 	109 
001159 	209 	78 	109 	109 
001160 	209 	78 	109 	109 
001161 	209 	78 	109 	109 
001162 	209 	78 	109 	109 
001163 	209 	78 	109 	109 
001164 	209 	78 	109 	109 
001165 	209 	78 	109 	109 
001166 	209 	78 	109 	109 
001167 	209 	78 	109 	109 
001168 	209 	78 	109 	109 
001169 	209 	78 	109 	109 
001170 	209 	78 	109 	109 
001171 	209 	78 	109 	109 
001172 	209 	78 	109 	109 
001173 	209 	78 	109 	109 
001174 	209 	78 	109 	109 
001175 	209 	78 	109 	109 
001176 	209 	78 	109 	109 
001177 	224 	95 	91 	91 
001178 	221 	90 	109 	109 
001179 	234 	95 	90 	91 
001180 	234 	95 	90 	91 
001181 	234 	95 	90 	91 
001182 	234 	95 	90 	91 
001183 	234 	95 	90 	91 
001184 	234 	95 	90 	91 
001185 	234 	95 	90 	91 
001186 	234 	95 	90 	91 
001187 	234 	95 	90 	91 
001188 	234 	95 	90 	91 
001189 	234 	95 	90 	91 
001190 	221 	90 	109 	109 
001191 	224 	95 	91 	91 
001192 	224 	95 	91 	91 
001193 	224 	95 	91 	91 
001194 	224 	95 	91 	91 
001195 	224 	95 	91 	91 
001196 	224 	95 	91 	91 
001197 	224 	95 	91 	91 
001198 	209 	78 	109 	109 
001199 	209 	78 	109 	109 
001200 	209 	78 	109 	109 
001201 	209 	78 	109 	109 
001202 	224 	85 	91 	91 
001203 	224 	85 	91 	91 
001204 	224 	85 	91 	91 
001205 	224 	85 	91 	91 
001206 	209 	78 	109 	109 
001207 	224 	85 	91 	91 
001208 	224 	85 	91 	91 
001209 	224 	85 	91 	91 
001210 	221 	78 	109 	109 
001211 	221 	78 	109 	109 
001212 	224 	85 	91 	91 
001213 	224 	85 	91 	91 
001214 	224 	85 	91 	91 
001215 	224 	85 	91 	91 
001216 	224 	85 	91 	91 
001217 	209 	78 	109 	109 
001218 	209 	78 	109 	109 
001219 	209 	78 	109 	109 
001220 	224 	95 	91 	91 
001221 	224 	95 	91 	91 
001222 	224 	95 	91 	91 
001223 	209 	90 	109 	109 
001224 	209 	90 	109 	109 
001225 	197 	78 	109 	109 
001226 	197 	78 	109 	109 
001227 	197 	78 	109 	109 
001228 	197 	78 	109 	109 
001229 	197 	78 	109 	109 
001230 	197 	78 	109 	109 
001231 	197 	78 	109 	109 
001232 	209 	78 	109 	109 
001233 	209 	78 	109 	109 
001234 	209 	78 	109 	109 
001235 	209 	78 	109 	109 
001236 	209 	78 	109 	109 
001237 	209 	78 	109 	109 
001238 	209 	78 	109 	109 
001239 	209 	78 	109 	109 
001240 	209 	78 	109 	109 
001241 	209 	78 	109 	109 
001242 	214 	95 	91 	91 
001243 	214 	95 	91 	91 
001244 	197 	78 	109 	109 
001245 	197 	78 	109 	109 
001246 	197 	78 	109 	109 
001247 	197 	78 	109 	109 
001248 	197 	78 	109 	109 
001249 	197 	78 	109 	109 
001250 	197 	78 	109 	109 
001251 	224 	95 	91 	91 
001252 	224 	95 	91 	91 
001253 	224 	95 	91 	91 
001254 	224 	95 	91 	91 
001255 	224 	95 	91 	91 
001256 	224 	95 	91 	91 
001257 	224 	85 	91 	91 
001258 	224 	95 	91 	91 
001259 	224 	95 	91 	91 
001260 	209 	78 	109 	109 
001261 	224 	95 	91 	91 
001262 	224 	95 	91 	91 
001263 	209 	78 	109 	109 
001264 	209 	78 	109 	109 
001265 	209 	78 	109 	109 
001266 	209 	78 	109 	109 
001267 	209 	78 	109 	109 
001268 	209 	78 	109 	109 
001269 	221 	78 	109 	109 
001270 	221 	78 	109 	109 
001271 	221 	78 	109 	109 
001272 	221 	78 	109 	109 
001273 	221 	78 	109 	109 
001274 	221 	78 	109 	109 
001275 	221 	78 	109 	109 
001276 	221 	78 	109 	109 
001277 	221 	78 	109 	109 
001278 	221 	78 	109 	109 
001279 	221 	90 	109 	109 
001280 	221 	90 	109 	109 
001281 	209 	78 	109 	109 
001282 	209 	78 	109 	109 
001283 	209 	78 	109 	109 
001284 	209 	78 	109 	109 
001285 	209 	78 	109 	109 
001286 	209 	78 	109 	109 
001287 	209 	78 	109 	109 
001288 	209 	78 	109 	109 
001289 	209 	78 	109 	109 
001290 	209 	78 	109 	109 
001291 	209 	78 	109 	109 
001292 	209 	78 	109 	109 
001293 	209 	78 	109 	109 
001294 	209 	78 	109 	109 
001295 	221 	78 	109 	109 
001296 	221 	78 	109 	109 
001297 	221 	78 	109 	109 
001298 	221 	78 	109 	109 
001299 	221 	78 	109 	109 
001300 	221 	78 	109 	109 
001301 	234 	85 	90 	91 
001302 	221 	78 	109 	109 
001303 	221 	78 	109 	109 
001304 	234 	75 	90 	91 
001305 	233 	66 	109 	109 
001306 	233 	66 	109 	109 
001307 	233 	66 	109 	109 
001308 	233 	66 	109 	109 
001309 	233 	66 	109 	109 
001310 	233 	66 	109 	109 
001311 	233 	66 	109 	109 
001312 	233 	66 	109 	109 
001313 	233 	78 	109 	109 
001314 	233 	78 	109 	109 
001315 	233 	78 	109 	109 
001316 	233 	78 	109 	109 
001317 	233 	78 	109 	109 
001318 	244 	85 	90 	91 
001319 	233 	78 	109 	109 
001320 	233 	78 	109 	109 
001321 	233 	78 	109 	109 
001322 	233 	78 	109 	109 
001323 	233 	78 	109 	109 
001324 	233 	78 	109 	109 
001325 	233 	78 	109 	109 
001326 	233 	78 	109 	109 
001327 	233 	78 	109 	109 
001328 	233 	78 	109 	109 
001329 	233 	78 	109 	109 
001330 	233 	78 	109 	109 
001331 	233 	78 	109 	109 
001332 	233 	78 	109 	109 
001333 	233 	78 	109 	109 
001334 	233 	78 	109 	109 
001335 	233 	78 	109 	109 
001336 	233 	78 	109 	109 
001337 	233 	78 	109 	109 
001338 	245 	78 	109 	109 
001339 	233 	78 	109 	109 
001340 	233 	78 	109 	109 
001341 	245 	78 	109 	109 
001342 	245 	78 	109 	109 
001343 	245 	78 	109 	109 
001344 	245 	66 	109 	109 
001345 	245 	78 	109 	109 
001346 	245 	66 	109 	109 
001347 	245 	66 	109 	109 
001348 	245 	66 	109 	109 
001349 	245 	66 	109 	109 
001350 	245 	66 	109 	109 
001351 	245 	66 	109 	109 
001352 	245 	66 	109 	109 
001353 	245 	66 	109 	109 
001354 	245 	66 	109 	109 
001355 	245 	66 	109 	109 
001356 	245 	66 	109 	109 
001357 	245 	66 	109 	109 
001358 	245 	66 	109 	109 
001359 	245 	66 	109 	109 
001360 	245 	78 	109 	109 
001361 	245 	78 	109 	109 
001362 	233 	78 	109 	109 
001363 	221 	66 	109 	109 
001364 	221 	66 	109 	109 
001365 	221 	66 	109 	109 
001366 	221 	66 	109 	109 
001367 	221 	66 	109 	109 
001368 	221 	66 	109 	109 
001369 	221 	66 	109 	109 
001370 	221 	66 	109 	109 
001371 	221 	66 	109 	109 
001372 	221 	66 	109 	109 
001373 	209 	66 	109 	109 
001374 	209 	66 	109 	109 
001375 	209 	54 	109 	109 
001376 	209 	54 	109 	109 
001377 	209 	54 	109 	109 
001378 	209 	66 	109 	109 
001379 	197 	66 	109 	109 
001380 	197 	66 	109 	109 
001381 	197 	66 	109 	109 
001382 	197 	66 	109 	109 
001383 	197 	66 	109 	109 
001384 	197 	66 	109 	109 
001385 	209 	66 	109 	109 
001386 	209 	66 	109 	109 
001387 	209 	66 	109 	109 
001388 	209 	66 	109 	109 
001389 	209 	66 	109 	109 
001390 	209 	66 	109 	109 
001391 	209 	66 	109 	109 
001392 	209 	66 	109 	109 
001393 	209 	66 	109 	109 
001394 	209 	66 	109 	109 
001395 	209 	66 	109 	109 
001396 	209 	66 	109 	109 
001397 	209 	66 	109 	109 
001398 	209 	66 	109 	109 
001399 	221 	66 	109 	109 
001400 	221 	66 	109 	109 
001401 	221 	66 	109 	109 
001402 	221 	66 	109 	109 
001403 	221 	66 	109 	109 
001404 	221 	66 	109 	109 
001405 	221 	66 	109 	109 
001406 	221 	66 	109 	109 
001407 	221 	66 	109 	109 
001408 	221 	78 	109 	109 
001409 	234 	85 	90 	91 
001410 	234 	85 	90 	91 
001411 	234 	85 	90 	91 
001412 	234 	85 	90 	91 
001413 	234 	85 	90 	91 
001414 	234 	85 	90 	91 
001415 	234 	85 	90 	91 
001416 	234 	85 	90 	91 
001417 	221 	78 	109 	109 
001418 	221 	78 	109 	109 
001419 	221 	78 	109 	109 
001420 	221 	78 	109 	109 
001421 	221 	78 	109 	109 
001422 	224 	85 	91 	91 
001423 	224 	85 	91 	91 
001424 	209 	78 	109 	109 
001425 	209 	78 	109 	109 
001426 	224 	95 	91 	91 
001427 	224 	95 	91 	91 
001428 	209 	78 	109 	109 
001429 	209 	78 	109 	109 
001430 	209 	78 	109 	109 
001431 	209 	78 	109 	109 
001432 	209 	78 	109 	109 
001433 	209 	78 	109 	109 
001434 	209 	78 	109 	109 
001435 	209 	78 	109 	109 
001436 	209 	78 	109 	109 
001437 	209 	78 	109 	109 
001438 	209 	78 	109 	109 
001439 	209 	78 	109 	109 
001440 	224 	85 	91 	91 
001441 	224 	85 	91 	91 
001442 	224 	85 	91 	91 
001443 	221 	90 	109 	109 
001444 	209 	78 	109 	109 
001445 	209 	78 	109 	109 
001446 	209 	78 	109 	109 
001447 	209 	78 	109 	109 
001448 	209 	78 	109 	109 
001449 	209 	90 	109 	109 
001450 	209 	90 	109 	109 
001451 	209 	78 	109 	109 
001452 	209 	78 	109 	109 
001453 	224 	95 	91 	91 
001454 	224 	95 	91 	91 
001455 	209 	78 	109 	109 
001456 	209 	78 	109 	109 
001457 	221 	78 	109 	109 
001458 	221 	78 	109 	109 
001459 	221 	78 	109 	109 
001460 	221 	78 	109 	109 
001461 	221 	78 	109 	109 
001462 	221 	78 	109 	109 
001463 	209 	78 	109 	109 
001464 	209 	78 	109 	109 
001465 	209 	78 	109 	109 
001466 	209 	78 	109 	109 
001467 	209 	78 	109 	109 
001468 	209 	78 	109 	109 
001469 	209 	78 	109 	109 
001470 	209 	78 	109 	109 
001471 	209 	90 	109 	109 
001472 	209 	90 	109 	109 
001473 	209 	90 	109 	109 
001474 	221 	90 	109 	109 
001475 	221 	90 	109 	109 
001476 	221 	90 	109 	109 
001477 	221 	90 	109 	109 
001478 	221 	90 	109 	109 
001479 	221 	90 	109 	109 
001480 	221 	90 	109 	109 
001481 	221 	90 	109 	109 
001482 	221 	90 	109 	109 
001483 	221 	90 	109 	109 
001484 	221 	90 	109 	109 
001485 	221 	90 	109 	109 
001486 	221 	90 	109 	109 
001487 	221 	90 	109 	109 
001488 	221 	90 	109 	109 
001489 	221 	90 	109 	109 
001490 	221 	90 	109 	109 
001491 	221 	90 	109 	109 
001492 	221 	90 	109 	109 
001493 	221 	90 	109 	109 
001494 	221 	90 	109 	109 
001495 	221 	90 	109 	109 
001496 	221 	90 	109 	109 
001497 	221 	90 	109 	109 
001498 	221 	90 	109 	109 
001499 	221 	90 	109 	109 
001500 	221 	90 	109 	109 
001501 	221 	90 	109 	109 
001502 	221 	90 	109 	109 
001503 	221 	90 	109 	109 
001504 	221 	90 	109 	109 
001505 	221 	90 	109 	109 
001506 	221 	90 	109 	109 
001507 	221 	90 	109 	109 
001508 	221 	90 	109 	109 
001509 	221 	90 	109 	109 
001510 	234 	95 	90 	91 
001511 	221 	78 	109 	109 
001512 	221 	78 	109 	109 
001513 	221 	78 	109 	109 
001514 	221 	78 	109 	109 
001515 	221 	90 	109 	109 
001516 	221 	78 	109 	109 
001517 	221 	78 	109 	109 
001518 	221 	78 	109 	109 
001519 	221 	90 	109 	109 
001520 	221 	90 	109 	109 
001521 	234 	95 	90 	91 
001522 	234 	95 	90 	91 
001523 	234 	95 	90 	91 
001524 	234 	95 	90 	91 
001525 	234 	95 	90 	91 
001526 	234 	95 	90 	91 
001527 	234 	95 	90 	91 
001528 	234 	95 	90 	91 
001529 	234 	95 	90 	91 
001530 	221 	90 	109 	109 
001531 	221 	90 	109 	109 
001532 	221 	90 	109 	109 
001533 	221 	90 	109 	109 
001534 	209 	78 	109 	109 
001535 	209 	78 	109 	109 
001536 	209 	78 	109 	109 
001537 	209 	78 	109 	109 
001538 	209 	78 	109 	109 
001539 	209 	90 	109 	109 
001540 	209 	90 	109 	109 
001541 	209 	90 	109 	109 
001542 	209 	90 	109 	109 
001543 	209 	90 	109 	109 
001544 	209 	90 	109 	109 
001545 	209 	90 	109 	109 
001546 	209 	90 	109 	109 
001547 	209 	90 	109 	109 
001548 	209 	90 	109 	109 
001549 	209 	90 	109 	109 
001550 	209 	90 	109 	109 
001551 	209 	90 	109 	109 
001552 	209 	90 	109 	109 
001553 	209 	78 	109 	109 
001554 	209 	78 	109 	109 
001555 	209 	78 	109 	109 
001556 	209 	78 	109 	109 
001557 	209 	78 	109 	109 
001558 	209 	78 	109 	109 
001559 	209 	78 	109 	109 
001560 	209 	78 	109 	109 
001561 	209 	78 	109 	109 
001562 	209 	78 	109 	109 
001563 	209 	90 	109 	109 
001564 	221 	90 	109 	109 
001565 	221 	90 	109 	109 
001566 	221 	90 	109 	109 
001567 	221 	90 	109 	109 
001568 	221 	90 	109 	109 
001569 	221 	90 	109 	109 
001570 	234 	105 	90 	91 
001571 	221 	90 	109 	109 
001572 	234 	105 	90 	91 
001573 	234 	105 	90 	91 
001574 	221 	90 	109 	109 
001575 	221 	90 	109 	109 
001576 	234 	105 	90 	91 
001577 	221 	90 	109 	109 
001578 	221 	90 	109 	109 
001579 	234 	105 	90 	91 
001580 	234 	95 	90 	91 
001581 	221 	90 	109 	109 
001582 	221 	90 	109 	109 
001583 	221 	90 	109 	109 
001584 	221 	90 	109 	109 
001585 	221 	90 	109 	109 
001586 	221 	90 	109 	109 
001587 	221 	90 	109 	109 
001588 	209 	78 	109 	109 
001589 	209 	78 	109 	109 
001590 	209 	78 	109 	109 
001591 	209 	78 	109 	109 
001592 	209 	78 	109 	109 
001593 	209 	78 	109 	109 
001594 	209 	78 	109 	109 
001595 	209 	90 	109 	109 
001596 	209 	90 	109 	109 
001597 	209 	90 	109 	109 
001598 	209 	90 	109 	109 
001599 	209 	90 	109 	109 
001600 	209 	90 	109 	109 
001601 	209 	90 	109 	109 
001602 	209 	90 	109 	109 
001603 	209 	90 	109 	109 
001604 	209 	90 	109 	109 
001605 	209 	90 	109 	109 
001606 	209 	78 	109 	109 
001607 	209 	78 	109 	109 
001608 	209 	78 	109 	109 
001609 	209 	78 	109 	109 
001610 	209 	78 	109 	109 
001611 	209 	78 	109 	109 
001612 	209 	78 	109 	109 
001613 	209 	78 	109 	109 
001614 	209 	78 	109 	109 
001615 	209 	78 	109 	109 
001616 	209 	78 	109 	109 
001617 	209 	78 	109 	109 
001618 	209 	78 	109 	109 
001619 	209 	78 	109 	109 
001620 	209 	78 	109 	109 
001621 	209 	78 	109 	109 
001622 	209 	78 	109 	109 
001623 	209 	78 	109 	109 
001624 	209 	78 	109 	109 
001625 	209 	78 	109 	109 
001626 	209 	78 	109 	109 
001627 	209 	78 	109 	109 
001628 	209 	78 	109 	109 
001629 	209 	78 	109 	109 
001630 	209 	78 	109 	109 
001631 	209 	78 	109 	109 
001632 	209 	78 	109 	109 
001633 	221 	78 	109 	109 
001634 	221 	78 	109 	109 
001635 	221 	78 	109 	109 
001636 	221 	78 	109 	109 
001637 	221 	78 	109 	109 
001638 	221 	66 	109 	109 
001639 	221 	66 	109 	109 
001640 	221 	78 	109 	109 
001641 	221 	78 	109 	109 
001642 	224 	85 	91 	91 
001643 	224 	85 	91 	91 
001644 	209 	66 	109 	109 
001645 	209 	78 	109 	109 
001646 	209 	78 	109 	109 
001647 	209 	78 	109 	109 
001648 	209 	78 	109 	109 
001649 	209 	78 	109 	109 
001650 	221 	78 	109 	109 
001651 	221 	78 	109 	109 
001652 	221 	78 	109 	109 
001653 	221 	78 	109 	109 
001654 	221 	78 	109 	109 
001655 	209 	78 	109 	109 
001656 	209 	78 	109 	109 
001657 	209 	78 	109 	109 
001658 	209 	78 	109 	109 
001659 	209 	78 	109 	109 
001660 	209 	78 	109 	109 
001661 	209 	78 	109 	109 
001662 	209 	78 	109 	109 
001663 	209 	78 	109 	109 
001664 	209 	78 	109 	109 
001665 	209 	78 	109 	109 
001666 	221 	78 	109 	109 
001667 	221 	78 	109 	109 
001668 	221 	78 	109 	109 
001669 	221 	78 	109 	109 
001670 	224 	95 	91 	91 
001671 	224 	95 	91 	91 
001672 	221 	78 	109 	109 
001673 	221 	78 	109 	109 
001674 	221 	78 	109 	109 
001675 	209 	78 	109 	109 
001676 	209 	78 	109 	109 
001677 	209 	78 	109 	109 
001678 	209 	78 	109 	109 
001679 	209 	78 	109 	109 
001680 	209 	78 	109 	109 
001681 	209 	78 	109 	109 
001682 	209 	78 	109 	109 
001683 	209 	78 	109 	109 
001684 	209 	78 	109 	109 
001685 	209 	78 	109 	109 
001686 	209 	78 	109 	109 
001687 	209 	78 	109 	109 
001688 	209 	78 	109 	109 
001689 	209 	78 	109 	109 
001690 	209 	78 	109 	109 
001691 	209 	78 	109 	109 
001692 	209 	78 	109 	109 
001693 	209 	78 	109 	109 
001694 	209 	78 	109 	109 
001695 	209 	78 	109 	109 
001696 	209 	78 	109 	109 
001697 	209 	78 	109 	109 
001698 	209 	78 	109 	109 
001699 	209 	78 	109 	109 
001700 	209 	78 	109 	109 
001701 	209 	78 	109 	109 
001702 	209 	78 	109 	109 
001703 	197 	78 	109 	109 
001704 	197 	78 	109 	109 
001705 	197 	78 	109 	109 
001706 	197 	78 	109 	109 
001707 	197 	78 	109 	109 
001708 	209 	78 	109 	109 
001709 	209 	78 	109 	109 
001710 	209 	78 	109 	109 
001711 	224 	85 	91 	91 
001712 	224 	85 	91 	91 
001713 	224 	85 	91 	91 
001714 	224 	85 	91 	91 
001715 	224 	85 	91 	91 
001716 	221 	78 	109 	109 
001717 	221 	90 	109 	109 
001718 	221 	90 	109 	109 
001719 	221 	90 	109 	109 
001720 	221 	90 	109 	109 
001721 	221 	90 	109 	109 
001722 	221 	90 	109 	109 
001723 	221 	102 	109 	109 
001724 	224 	105 	91 	91 
001725 	224 	105 	91 	91 
001726 	224 	105 	91 	91 
001727 	224 	105 	91 	91 
001728 	209 	102 	109 	109 
001729 	209 	102 	109 	109 
001730 	209 	102 	109 	109 
001731 	209 	102 	109 	109 
001732 	209 	102 	109 	109 
001733 	209 	90 	109 	109 
001734 	209 	90 	109 	109 
001735 	209 	90 	109 	109 
001736 	209 	90 	109 	109 
001737 	209 	78 	109 	109 
001738 	209 	78 	109 	109 
001739 	209 	78 	109 	109 
001740 	209 	78 	109 	109 
001741 	209 	78 	109 	109 
001742 	209 	66 	109 	109 
001743 	209 	66 	109 	109 
001744 	209 	66 	109 	109 
001745 	209 	66 	109 	109 
001746 	224 	75 	91 	91 
001747 	224 	75 	91 	91 
001748 	224 	85 	91 	91 
001749 	224 	85 	91 	91 
001750 	224 	85 	91 	91 
001751 	221 	90 	109 	109 
001752 	221 	90 	109 	109 
001753 	221 	90 	109 	109 
001754 	221 	90 	109 	109 
001755 	221 	90 	109 	109 
001756 	221 	90 	109 	109 
001757 	221 	90 	109 	109 
001758 	221 	90 	109 	109 
001759 	221 	90 	109 	109 
001760 	221 	90 	109 	109 
001761 	224 	85 	91 	91 
001762 	224 	85 	91 	91 
001763 	224 	85 	91 	91 
001764 	224 	85 	91 	91 
001765 	224 	95 	91 	91 
001766 	224 	95 	91 	91 
001767 	224 	95 	91 	91 
001768 	224 	105 	91 	91 
001769 	224 	105 	91 	91 
001770 	224 	105 	91 	91 
001771 	224 	105 	91 	91 
001772 	224 	105 	91 	91 
001773 	209 	90 	109 	109 
001774 	209 	90 	109 	109 
001775 	209 	90 	109 	109 
001776 	209 	90 	109 	109 
001777 	209 	90 	109 	109 
001778 	209 	90 	109 	109 
001779 	209 	90 	109 	109 
001780 	209 	90 	109 	109 
001781 	209 	90 	109 	109 
001782 	209 	90 	109 	109 
001783 	209 	102 	109 	109 
001784 	209 	102 	109 	109 
001785 	197 	90 	109 	109 
001786 	197 	90 	109 	109 
001787 	197 	90 	109 	109 
001788 	197 	90 	109 	109 
001789 	197 	90 	109 	109 
001790 	197 	90 	109 	109 
001791 	197 	90 	109 	109 
001792 	197 	90 	109 	109 
001793 	197 	90 	109 	109 
001794 	197 	90 	109 	109 
001795 	197 	90 	109 	109 
001796 	197 	78 	109 	109 
001797 	197 	78 	109 	109 
001798 	197 	78 	109 	109 
001799 	197 	78 	109 	109 
001800 	197 	78 	109 	109 
001801 	197 	78 	109 	109 
001802 	197 	78 	109 	109 
001803 	209 	78 	109 	109 
001804 	209 	78 	109 	109 
001805 	209 	78 	109 	109 
001806 	209 	78 	109 	109 
001807 	209 	78 	109 	109 
001808 	209 	78 	109 	109 
001809 	209 	78 	109 	109 
001810 	209 	78 	109 	109 
001811 	209 	78 	109 	109 
001812 	209 	78 	109 	109 
001813 	209 	78 	109 	109 
001814 	209 	78 	109 	109 
001815 	209 	78 	109 	109 
001816 	209 	78 	109 	109 
001817 	209 	78 	109 	109 
001818 	209 	78 	109 	109 
001819 	209 	78 	109 	109 
001820 	209 	78 	109 	109 
001821 	209 	78 	109 	109 
001822 	209 	78 	109 	109 
001823 	209 	78 	109 	109 
001824 	209 	78 	109 	109 
001825 	209 	78 	109 	109 
001826 	209 	78 	109 	109 
001827 	209 	78 	109 	109 
001828 	209 	78 	109 	109 
001829 	209 	78 	109 	109 
001830 	209 	78 	109 	109 
001831 	209 	78 	109 	109 
001832 	209 	78 	109 	109 
001833 	209 	78 	109 	109 
001834 	209 	78 	109 	109 
001835 	209 	78 	109 	109 
001836 	209 	78 	109 	109 
001837 	209 	78 	109 	109 
001838 	209 	78 	109 	109 
001839 	209 	78 	109 	109 
001840 	209 	78 	109 	109 
001841 	209 	78 	109 	109 
001842 	224 	85 	91 	91 
001843 	221 	78 	109 	109 
001844 	221 	78 	109 	109 
001845 	221 	78 	109 	109 
001846 	221 	78 	109 	109 
001847 	221 	78 	109 	109 
001848 	221 	66 	109 	109 
001849 	221 	66 	109 	109 
001850 	221 	66 	109 	109 
001851 	221 	66 	109 	109 
001852 	221 	66 	109 	109 
001853 	221 	78 	109 	109 
001854 	221 	78 	109 	109 
001855 	221 	78 	109 	109 
001856 	221 	78 	109 	109 
001857 	209 	78 	109 	109 
001858 	224 	85 	91 	91 
001859 	224 	85 	91 	91 
001860 	224 	85 	91 	91 
001861 	209 	78 	109 	109 
001862 	209 	78 	109 	109 
001863 	209 	78 	109 	109 
001864 	209 	78 	109 	109 
001865 	214 	85 	91 	91 
001866 	197 	78 	109 	109 
001867 	197 	78 	109 	109 
001868 	197 	78 	109 	109 
001869 	197 	78 	109 	109 
001870 	197 	78 	109 	109 
001871 	197 	78 	109 	109 
001872 	197 	78 	109 	109 
001873 	197 	78 	109 	109 
001874 	197 	78 	109 	109 
001875 	197 	78 	109 	109 
001876 	197 	78 	109 	109 
001877 	197 	78 	109 	109 
001878 	197 	78 	109 	109 
001879 	185 	78 	109 	109 
001880 	185 	78 	109 	109 
001881 	185 	78 	109 	109 
001882 	185 	78 	109 	109 
001883 	185 	78 	109 	109 
001884 	185 	78 	109 	109 
001885 	185 	78 	109 	109 
001886 	185 	78 	109 	109 
001887 	185 	78 	109 	109 
001888 	185 	78 	109 	109 
001889 	185 	78 	109 	109 
001890 	185 	78 	109 	109 
001891 	185 	78 	109 	109 
001892 	185 	78 	109 	109 
001893 	185 	78 	109 	109 
001894 	185 	78 	109 	109 
001895 	185 	78 	109 	109 
001896 	185 	78 	109 	109 
001897 	185 	78 	109 	109 
001898 	185 	78 	109 	109 
001899 	185 	78 	109 	109 
001900 	185 	78 	109 	109 
001901 	185 	78 	109 	109 
001902 	185 	78 	109 	109 
001903 	185 	78 	109 	109 
001904 	185 	78 	109 	109 
001905 	185 	78 	109 	109 
001906 	185 	78 	109 	109 
001907 	197 	90 	109 	109 
001908 	197 	78 	109 	109 
001909 	197 	78 	109 	109 
001910 	197 	78 	109 	109 
001911 	197 	78 	109 	109 
001912 	197 	78 	109 	109 
001913 	197 	78 	109 	109 
001914 	197 	78 	109 	109 
001915 	197 	78 	109 	109 
001916 	197 	78 	109 	109 
001917 	209 	78 	109 	109 
001918 	209 	78 	109 	109 
001919 	209 	78 	109 	109 
001920 	209 	78 	109 	109 
001921 	209 	78 	109 	109 
001922 	209 	66 	109 	109 
001923 	209 	66 	109 	109 
001924 	209 	66 	109 	109 
001925 	209 	66 	109 	109 
001926 	209 	66 	109 	109 
001927 	209 	66 	109 	109 
001928 	209 	66 	109 	109 
001929 	209 	66 	109 	109 
001930 	209 	66 	109 	109 
001931 	209 	66 	109 	109 
001932 	209 	78 	109 	109 
001933 	209 	78 	109 	109 
001934 	209 	78 	109 	109 
001935 	209 	78 	109 	109 
001936 	209 	78 	109 	109 
001937 	209 	78 	109 	109 
001938 	209 	78 	109 	109 
001939 	209 	78 	109 	109 
001940 	209 	78 	109 	109 
001941 	197 	78 	109 	109 
001942 	197 	78 	109 	109 
001943 	197 	78 	109 	109 
001944 	209 	78 	109 	109 
001945 	209 	78 	109 	109 
001946 	209 	78 	109 	109 
001947 	209 	78 	109 	109 
001948 	209 	78 	109 	109 
001949 	209 	78 	109 	109 
001950 	209 	78 	109 	109 
001951 	209 	78 	109 	109 
001952 	209 	78 	109 	109 
001953 	209 	78 	109 	109 
001954 	209 	78 	109 	109 
001955 	209 	78 	109 	109 
001956 	209 	78 	109 	109 
001957 	209 	78 	109 	109 
001958 	224 	85 	91 	91 
001959 	209 	66 	109 	109 
001960 	224 	85 	91 	91 
001961 	224 	85 	91 	91 
001962 	224 	85 	91 	91 
001963 	224 	85 	91 	91 
001964 	224 	85 	91 	91 
001965 	224 	85 	91 	91 
001966 	224 	85 	91 	91 
001967 	224 	85 	91 	91 
001968 	209 	78 	109 	109 
001969 	209 	78 	109 	109 
001970 	209 	78 	109 	109 
001971 	224 	75 	91 	91 
001972 	224 	75 	91 	91 
001973 	224 	75 	91 	91 
001974 	224 	75 	91 	91 
001975 	224 	75 	91 	91 
001976 	224 	75 	91 	91 
001977 	224 	75 	91 	91 
001978 	224 	75 	91 	91 
001979 	224 	75 	91 	91 
001980 	209 	66 	109 	109 
001981 	209 	78 	109 	109 
001982 	209 	78 	109 	109 
001983 	209 	78 	109 	109 
001984 	209 	78 	109 	109 
001985 	197 	66 	109 	109 
001986 	197 	66 	109 	109 
001987 	197 	78 	109 	109 
001988 	197 	78 	109 	109 
001989 	197 	78 	109 	109 
001990 	197 	78 	109 	109 
001991 	197 	78 	109 	109 
001992 	185 	78 	109 	109 
001993 	185 	78 	109 	109 
001994 	185 	78 	109 	109 
001995 	185 	78 	109 	109 
001996 	185 	78 	109 	109 
001997 	185 	78 	109 	109 
001998 	185 	78 	109 	109 
001999 	185 	78 	109 	109 
002000 	185 	78 	109 	109 
002001 	185 	78 	109 	109 
002002 	185 	78 	109 	109 
002003 	185 	78 	109 	109 
002004 	197 	78 	109 	109 
002005 	197 	78 	109 	109 
002006 	197 	78 	109 	109 
002007 	197 	78 	109 	109 
002008 	197 	78 	109 	109 
002009 	197 	78 	109 	109 
002010 	197 	78 	109 	109 
002011 	197 	78 	109 	109 
002012 	197 	78 	109 	109 
002013 	197 	78 	109 	109 
002014 	209 	78 	109 	109 
002015 	209 	78 	109 	109 
002016 	209 	78 	109 	109 
002017 	209 	78 	109 	109 
002018 	209 	78 	109 	109 
002019 	209 	78 	109 	109 
002020 	209 	78 	109 	109 
002021 	209 	78 	109 	109 
002022 	197 	78 	109 	109 
002023 	197 	78 	109 	109 
002024 	197 	78 	109 	109 
002025 	197 	78 	109 	109 
002026 	197 	78 	109 	109 
002027 	197 	78 	109 	109 
002028 	197 	78 	109 	109 
002029 	197 	78 	109 	109 
002030 	197 	78 	109 	109 
002031 	197 	78 	109 	109 
002032 	197 	78 	109 	109 
002033 	197 	78 	109 	109 
002034 	197 	78 	109 	109 
002035 	197 	78 	109 	109 
002036 	197 	78 	109 	109 
002037 	197 	78 	109 	109 
002038 	197 	78 	109 	109 
002039 	197 	78 	109 	109 
002040 	197 	78 	109 	109 
002041 	197 	78 	109 	109 
002042 	197 	78 	109 	109 
002043 	197 	78 	109 	109 
002044 	209 	78 	109 	109 
002045 	209 	78 	109 	109 
002046 	209 	78 	109 	109 
002047 	209 	78 	109 	109 
002048 	209 	78 	109 	109 
002049 	209 	78 	109 	109 
002050 	209 	78 	109 	109 
002051 	209 	78 	109 	109 
002052 	209 	78 	109 	109 
002053 	209 	78 	109 	109 
002054 	209 	78 	109 	109 
002055 	209 	78 	109 	109 
002056 	209 	78 	109 	109 
002057 	209 	78 	109 	109 
002058 	209 	78 	109 	109 
002059 	221 	90 	109 	109 
002060 	221 	90 	109 	109 
002061 	221 	90 	109 	109 
002062 	234 	105 	90 	91 
002063 	221 	90 	109 	109 
002064 	221 	90 	109 	109 
002065 	221 	90 	109 	109 
002066 	234 	105 	90 	91 
002067 	234 	105 	90 	91 
002068 	221 	90 	109 	109 
002069 	221 	90 	109 	109 
002070 	221 	90 	109 	109 
002071 	234 	95 	90 	91 
002072 	234 	95 	90 	91 
002073 	234 	95 	90 	91 
002074 	234 	95 	90 	91 
002075 	209 	78 	109 	109 
002076 	209 	78 	109 	109 
002077 	209 	78 	109 	109 
002078 	209 	78 	109 	109 
002079 	209 	78 	109 	109 
002080 	209 	78 	109 	109 
002081 	209 	78 	109 	109 
002082 	209 	90 	109 	109 
002083 	209 	90 	109 	109 
002084 	209 	90 	109 	109 
002085 	209 	90 	109 	109 
002086 	209 	90 	109 	109 
002087 	209 	90 	109 	109 
002088 	209 	90 	109 	109 
002089 	209 	90 	109 	109 
002090 	209 	90 	109 	109 
002091 	209 	90 	109 	109 
002092 	209 	90 	109 	109 
002093 	209 	90 	109 	109 
002094 	209 	90 	109 	109 
002095 	209 	90 	109 	109 
002096 	209 	90 	109 	109 
002097 	209 	90 	109 	109 
002098 	209 	90 	109 	109 
002099 	209 	90 	109 	109 
002100 	209 	90 	109 	109 
002101 	209 	90 	109 	109 
002102 	221 	90 	109 	109 
002103 	221 	90 	109 	109 
002104 	221 	90 	109 	109 
002105 	209 	78 	109 	109 
002106 	209 	90 	109 	109 
002107 	209 	90 	109 	109 
002108 	209 	90 	109 	109 
002109 	209 	90 	109 	109 
002110 	209 	90 	109 	109 
002111 	209 	90 	109 	109 
002112 	209 	78 	109 	109 
002113 	209 	78 	109 	109 
002114 	209 	78 	109 	109 
002115 	209 	78 	109 	109 
002116 	209 	78 	109 	109 
002117 	209 	78 	109 	109 
002118 	209 	78 	109 	109 
002119 	209 	78 	109 	109 
002120 	209 	78 	109 	109 
002121 	209 	78 	109 	109 
002122 	224 	85 	91 	91 
002123 	209 	66 	109 	109 
002124 	224 	85 	91 	91 
002125 	209 	66 	109 	109 
002126 	224 	85 	91 	91 
002127 	209 	78 	109 	109 
002128 	209 	78 	109 	109 
002129 	209 	78 	109 	109 
002130 	209 	78 	109 	109 
002131 	209 	78 	109 	109 
002132 	209 	78 	109 	109 
002133 	209 	78 	109 	109 
002134 	209 	78 	109 	109 
002135 	209 	78 	109 	109 
002136 	209 	78 	109 	109 
002137 	209 	78 	109 	109 
002138 	209 	78 	109 	109 
002139 	209 	78 	109 	109 
002140 	209 	78 	109 	109 
002141 	209 	78 	109 	109 
002142 	209 	78 	109 	109 
002143 	197 	78 	109 	109 
002144 	197 	78 	109 	109 
002145 	197 	78 	109 	109 
002146 	197 	78 	109 	109 
002147 	197 	78 	109 	109 
002148 	197 	78 	109 	109 
002149 	197 	78 	109 	109 
002150 	197 	78 	109 	109 
002151 	197 	78 	109 	109 
002152 	197 	78 	109 	109 
002153 	197 	90 	109 	109 
002154 	204 	95 	91 	91 
002155 	185 	78 	109 	109 
002156 	204 	95 	91 	91 
002157 	197 	90 	109 	109 
002158 	204 	95 	91 	91 
002159 	204 	95 	91 	91 
002160 	204 	95 	91 	91 
002161 	185 	78 	109 	109 
002162 	185 	78 	109 	109 
002163 	185 	78 	109 	109 
002164 	185 	78 	109 	109 
002165 	185 	78 	109 	109 
002166 	185 	78 	109 	109 
002167 	185 	78 	109 	109 
002168 	204 	95 	91 	91 
002169 	204 	95 	91 	91 
002170 	204 	85 	91 	91 
002171 	204 	85 	91 	91 
002172 	197 	78 	109 	109 
002173 	197 	78 	109 	109 
002174 	204 	85 	91 	91 
002175 	197 	78 	109 	109 
002176 	197 	78 	109 	109 
002177 	197 	78 	109 	109 
002178 	197 	78 	109 	109 
002179 	197 	78 	109 	109 
002180 	197 	78 	109 	109 
002181 	197 	78 	109 	109 
002182 	197 	78 	109 	109 
002183 	197 	78 	109 	109 
002184 	197 	78 	109 	109 
002185 	197 	78 	109 	109 
002186 	197 	78 	109 	109 
002187 	197 	78 	109 	109 
002188 	197 	78 	109 	109 
002189 	204 	85 	91 	91 
002190 	204 	85 	91 	91 
002191 	204 	85 	91 	91 
002192 	204 	85 	91 	91 
002193 	204 	85 	91 	91 
002194 	204 	85 	91 	91 
002195 	204 	85 	91 	91 
002196 	204 	85 	91 	91 
002197 	204 	85 	91 	91 
002198 	204 	85 	91 	91 
002199 	204 	85 	91 	91 
002200 	204 	85 	91 	91 
002201 	197 	78 	109 	109 
002202 	197 	78 	109 	109 
002203 	197 	78 	109 	109 
002204 	197 	78 	109 	109 
002205 	204 	85 	91 	91 
002206 	197 	78 	109 	109 
002207 	197 	78 	109 	109 
002208 	197 	78 	109 	109 
