Identity  : 	id10281
Reference : 	RDFdX3VxjUQ
Offset    : 	-2
FV Conf   : 	14.842
ASD Conf  : 	8.510

FRAME 	X 	Y 	W 	H 
006848 	281 	66 	108 	109 
006849 	281 	66 	108 	109 
006850 	281 	66 	108 	109 
006851 	281 	66 	108 	109 
006852 	281 	66 	108 	109 
006853 	281 	66 	108 	109 
006854 	281 	66 	108 	109 
006855 	281 	66 	108 	109 
006856 	281 	66 	108 	109 
006857 	281 	66 	108 	109 
006858 	281 	66 	108 	109 
006859 	281 	66 	108 	109 
006860 	281 	66 	108 	109 
006861 	281 	66 	108 	109 
006862 	281 	66 	108 	109 
006863 	281 	66 	108 	109 
006864 	281 	66 	108 	109 
006865 	281 	66 	108 	109 
006866 	281 	66 	108 	109 
006867 	281 	78 	108 	109 
006868 	281 	78 	108 	109 
006869 	281 	78 	108 	109 
006870 	281 	78 	108 	109 
006871 	281 	78 	108 	109 
006872 	281 	78 	108 	109 
006873 	281 	78 	108 	109 
006874 	281 	78 	108 	109 
006875 	281 	66 	108 	109 
006876 	281 	66 	108 	109 
006877 	281 	66 	108 	109 
006878 	281 	66 	108 	109 
006879 	281 	66 	108 	109 
006880 	281 	66 	108 	109 
006881 	281 	66 	108 	109 
006882 	284 	75 	90 	91 
006883 	284 	75 	90 	91 
006884 	284 	75 	90 	91 
006885 	284 	75 	90 	91 
006886 	281 	66 	108 	109 
006887 	284 	75 	90 	91 
006888 	284 	75 	90 	91 
006889 	284 	75 	90 	91 
006890 	284 	85 	90 	91 
006891 	284 	85 	90 	91 
006892 	284 	85 	90 	91 
006893 	284 	85 	90 	91 
006894 	284 	85 	90 	91 
006895 	269 	66 	108 	109 
006896 	269 	66 	108 	109 
006897 	269 	66 	108 	109 
006898 	269 	66 	108 	109 
006899 	284 	75 	90 	91 
006900 	281 	66 	108 	109 
006901 	281 	78 	108 	109 
006902 	281 	78 	108 	109 
006903 	281 	78 	108 	109 
006904 	281 	78 	108 	109 
006905 	281 	78 	108 	109 
006906 	281 	78 	108 	109 
006907 	294 	85 	90 	91 
006908 	294 	85 	90 	91 
006909 	281 	66 	108 	109 
006910 	281 	66 	108 	109 
006911 	281 	66 	108 	109 
006912 	281 	66 	108 	109 
006913 	281 	66 	108 	109 
006914 	293 	66 	108 	109 
006915 	293 	66 	108 	109 
006916 	293 	66 	108 	109 
006917 	293 	66 	108 	109 
006918 	293 	66 	108 	109 
006919 	293 	78 	108 	109 
006920 	293 	78 	108 	109 
006921 	281 	66 	108 	109 
006922 	281 	78 	108 	109 
006923 	281 	78 	108 	109 
006924 	281 	78 	108 	109 
006925 	281 	78 	108 	109 
006926 	281 	78 	108 	109 
006927 	281 	78 	108 	109 
006928 	281 	78 	108 	109 
006929 	281 	78 	108 	109 
006930 	281 	78 	108 	109 
006931 	281 	78 	108 	109 
006932 	281 	78 	108 	109 
006933 	281 	78 	108 	109 
006934 	281 	78 	108 	109 
006935 	281 	78 	108 	109 
006936 	281 	78 	108 	109 
006937 	281 	78 	108 	109 
006938 	281 	78 	108 	109 
006939 	281 	66 	108 	109 
006940 	281 	66 	108 	109 
006941 	281 	66 	108 	109 
006942 	269 	54 	108 	109 
006943 	269 	54 	108 	109 
006944 	274 	55 	90 	91 
006945 	257 	54 	109 	109 
006946 	257 	54 	109 	109 
006947 	245 	66 	109 	109 
006948 	245 	66 	109 	109 
006949 	245 	78 	109 	109 
006950 	245 	78 	109 	109 
006951 	233 	78 	109 	109 
006952 	244 	95 	90 	91 
006953 	244 	95 	90 	91 
006954 	245 	90 	109 	109 
006955 	245 	90 	109 	109 
006956 	245 	90 	109 	109 
006957 	245 	90 	109 	109 
006958 	245 	90 	109 	109 
006959 	245 	90 	109 	109 
006960 	257 	90 	109 	109 
006961 	257 	90 	109 	109 
006962 	257 	90 	109 	109 
006963 	274 	95 	90 	91 
006964 	274 	95 	90 	91 
006965 	269 	78 	108 	109 
006966 	269 	78 	108 	109 
006967 	269 	78 	108 	109 
006968 	281 	78 	108 	109 
006969 	281 	78 	108 	109 
006970 	281 	66 	108 	109 
006971 	281 	66 	108 	109 
006972 	293 	66 	108 	109 
006973 	293 	66 	108 	109 
006974 	293 	66 	108 	109 
006975 	293 	66 	108 	109 
006976 	293 	66 	108 	109 
006977 	293 	66 	108 	109 
006978 	293 	66 	108 	109 
006979 	293 	66 	108 	109 
006980 	293 	66 	108 	109 
006981 	293 	66 	108 	109 
006982 	293 	66 	108 	109 
006983 	293 	66 	108 	109 
006984 	293 	66 	108 	109 
006985 	293 	66 	108 	109 
006986 	293 	66 	108 	109 
006987 	293 	66 	108 	109 
006988 	293 	66 	108 	109 
006989 	293 	66 	108 	109 
006990 	293 	66 	108 	109 
006991 	293 	66 	108 	109 
006992 	281 	78 	108 	109 
006993 	281 	78 	108 	109 
006994 	281 	78 	108 	109 
006995 	281 	78 	108 	109 
006996 	281 	78 	108 	109 
006997 	281 	78 	108 	109 
006998 	281 	78 	108 	109 
006999 	281 	78 	108 	109 
007000 	281 	78 	108 	109 
007001 	281 	78 	108 	109 
007002 	281 	78 	108 	109 
007003 	281 	78 	108 	109 
007004 	281 	78 	108 	109 
007005 	281 	78 	108 	109 
007006 	281 	78 	108 	109 
007007 	281 	78 	108 	109 
007008 	281 	78 	108 	109 
007009 	281 	78 	108 	109 
007010 	281 	78 	108 	109 
007011 	281 	78 	108 	109 
007012 	281 	78 	108 	109 
007013 	281 	78 	108 	109 
007014 	281 	78 	108 	109 
007015 	281 	78 	108 	109 
007016 	281 	78 	108 	109 
007017 	281 	78 	108 	109 
007018 	281 	78 	108 	109 
007019 	281 	66 	108 	109 
007020 	281 	78 	108 	109 
007021 	281 	78 	108 	109 
007022 	281 	78 	108 	109 
007023 	281 	78 	108 	109 
007024 	281 	90 	108 	109 
007025 	281 	90 	108 	109 
007026 	281 	90 	108 	109 
007027 	281 	90 	108 	109 
007028 	281 	90 	108 	109 
007029 	281 	90 	108 	109 
007030 	281 	90 	108 	109 
007031 	281 	90 	108 	109 
007032 	281 	90 	108 	109 
007033 	284 	105 	90 	91 
007034 	269 	90 	108 	109 
007035 	269 	90 	108 	109 
007036 	269 	90 	108 	109 
007037 	269 	90 	108 	109 
007038 	269 	90 	108 	109 
007039 	269 	90 	108 	109 
007040 	269 	90 	108 	109 
007041 	269 	90 	108 	109 
007042 	269 	90 	108 	109 
007043 	269 	90 	108 	109 
007044 	269 	90 	108 	109 
007045 	284 	95 	90 	91 
007046 	281 	90 	108 	109 
007047 	281 	78 	108 	109 
007048 	281 	78 	108 	109 
007049 	281 	78 	108 	109 
007050 	281 	78 	108 	109 
007051 	281 	78 	108 	109 
007052 	281 	78 	108 	109 
007053 	281 	78 	108 	109 
007054 	281 	78 	108 	109 
007055 	281 	78 	108 	109 
007056 	281 	78 	108 	109 
007057 	281 	78 	108 	109 
007058 	281 	78 	108 	109 
007059 	281 	78 	108 	109 
007060 	281 	78 	108 	109 
007061 	281 	78 	108 	109 
007062 	284 	85 	90 	91 
007063 	284 	85 	90 	91 
007064 	284 	85 	90 	91 
007065 	269 	66 	108 	109 
007066 	269 	66 	108 	109 
007067 	284 	85 	90 	91 
007068 	284 	85 	90 	91 
007069 	284 	85 	90 	91 
007070 	284 	85 	90 	91 
007071 	284 	85 	90 	91 
007072 	284 	85 	90 	91 
007073 	281 	78 	108 	109 
007074 	281 	78 	108 	109 
007075 	281 	78 	108 	109 
007076 	281 	78 	108 	109 
007077 	281 	78 	108 	109 
007078 	281 	66 	108 	109 
007079 	281 	66 	108 	109 
007080 	281 	66 	108 	109 
007081 	281 	66 	108 	109 
007082 	281 	66 	108 	109 
007083 	281 	66 	108 	109 
007084 	281 	66 	108 	109 
007085 	281 	66 	108 	109 
007086 	281 	66 	108 	109 
007087 	281 	66 	108 	109 
007088 	281 	66 	108 	109 
007089 	281 	66 	108 	109 
007090 	281 	66 	108 	109 
007091 	281 	66 	108 	109 
007092 	281 	66 	108 	109 
007093 	281 	78 	108 	109 
007094 	269 	78 	108 	109 
007095 	269 	78 	108 	109 
007096 	269 	78 	108 	109 
007097 	269 	78 	108 	109 
007098 	269 	78 	108 	109 
007099 	269 	78 	108 	109 
007100 	257 	78 	109 	109 
007101 	257 	78 	109 	109 
007102 	245 	78 	109 	109 
007103 	245 	78 	109 	109 
007104 	245 	66 	109 	109 
007105 	245 	66 	109 	109 
007106 	245 	66 	109 	109 
007107 	245 	66 	109 	109 
007108 	245 	66 	109 	109 
007109 	245 	78 	109 	109 
007110 	245 	66 	109 	109 
007111 	257 	66 	109 	109 
007112 	257 	66 	109 	109 
007113 	257 	66 	109 	109 
007114 	269 	66 	108 	109 
007115 	269 	66 	108 	109 
007116 	269 	66 	108 	109 
007117 	269 	66 	108 	109 
007118 	269 	66 	108 	109 
007119 	269 	66 	108 	109 
007120 	269 	66 	108 	109 
007121 	269 	54 	108 	109 
007122 	269 	54 	108 	109 
007123 	269 	54 	108 	109 
007124 	269 	54 	108 	109 
007125 	269 	54 	108 	109 
007126 	269 	54 	108 	109 
007127 	269 	54 	108 	109 
007128 	269 	54 	108 	109 
007129 	269 	54 	108 	109 
007130 	269 	54 	108 	109 
007131 	269 	54 	108 	109 
007132 	269 	54 	108 	109 
007133 	269 	54 	108 	109 
007134 	269 	66 	108 	109 
007135 	269 	66 	108 	109 
007136 	269 	66 	108 	109 
007137 	269 	66 	108 	109 
007138 	284 	75 	90 	91 
007139 	281 	66 	108 	109 
007140 	281 	66 	108 	109 
007141 	281 	66 	108 	109 
007142 	281 	66 	108 	109 
007143 	281 	66 	108 	109 
007144 	281 	66 	108 	109 
007145 	281 	66 	108 	109 
007146 	281 	66 	108 	109 
007147 	281 	66 	108 	109 
007148 	281 	66 	108 	109 
007149 	281 	66 	108 	109 
007150 	281 	66 	108 	109 
007151 	281 	66 	108 	109 
007152 	269 	66 	108 	109 
007153 	284 	85 	90 	91 
007154 	284 	85 	90 	91 
007155 	284 	85 	90 	91 
007156 	284 	85 	90 	91 
007157 	284 	85 	90 	91 
007158 	284 	85 	90 	91 
007159 	284 	85 	90 	91 
007160 	284 	85 	90 	91 
007161 	284 	85 	90 	91 
007162 	284 	85 	90 	91 
007163 	284 	85 	90 	91 
007164 	284 	85 	90 	91 
007165 	284 	75 	90 	91 
007166 	284 	85 	90 	91 
007167 	284 	85 	90 	91 
007168 	281 	78 	108 	109 
007169 	281 	78 	108 	109 
007170 	284 	85 	90 	91 
007171 	284 	85 	90 	91 
007172 	284 	85 	90 	91 
007173 	269 	66 	108 	109 
007174 	284 	85 	90 	91 
007175 	269 	66 	108 	109 
007176 	269 	78 	108 	109 
007177 	269 	78 	108 	109 
007178 	269 	66 	108 	109 
007179 	269 	66 	108 	109 
007180 	269 	66 	108 	109 
007181 	269 	66 	108 	109 
007182 	269 	66 	108 	109 
007183 	269 	66 	108 	109 
007184 	269 	66 	108 	109 
007185 	269 	66 	108 	109 
007186 	269 	66 	108 	109 
007187 	269 	66 	108 	109 
007188 	269 	66 	108 	109 
007189 	269 	66 	108 	109 
007190 	269 	66 	108 	109 
007191 	269 	66 	108 	109 
007192 	269 	66 	108 	109 
007193 	269 	66 	108 	109 
007194 	284 	75 	90 	91 
007195 	281 	66 	108 	109 
007196 	281 	66 	108 	109 
007197 	281 	66 	108 	109 
007198 	281 	66 	108 	109 
007199 	281 	66 	108 	109 
007200 	281 	66 	108 	109 
007201 	281 	66 	108 	109 
007202 	281 	54 	108 	109 
007203 	281 	54 	108 	109 
007204 	281 	54 	108 	109 
007205 	281 	54 	108 	109 
007206 	281 	66 	108 	109 
007207 	281 	66 	108 	109 
007208 	281 	72 	108 	109 
007209 	281 	78 	108 	109 
007210 	282 	76 	99 	100 
007211 	284 	75 	90 	91 
007212 	284 	75 	90 	91 
007213 	269 	78 	108 	109 
007214 	269 	78 	108 	109 
007215 	269 	78 	108 	109 
007216 	269 	78 	108 	109 
007217 	269 	66 	108 	109 
007218 	269 	66 	108 	109 
007219 	269 	66 	108 	109 
007220 	269 	66 	108 	109 
007221 	269 	66 	108 	109 
007222 	269 	66 	108 	109 
007223 	269 	66 	108 	109 
007224 	269 	66 	108 	109 
007225 	284 	75 	90 	91 
007226 	281 	66 	108 	109 
007227 	284 	75 	90 	91 
007228 	284 	85 	90 	91 
007229 	284 	85 	90 	91 
007230 	284 	85 	90 	91 
007231 	284 	82 	90 	91 
007232 	284 	78 	90 	91 
007233 	284 	75 	90 	91 
007234 	269 	66 	108 	109 
