Identity  : 	id10281
Reference : 	RDFdX3VxjUQ
Offset    : 	-2
FV Conf   : 	15.114
ASD Conf  : 	8.480

FRAME 	X 	Y 	W 	H 
011089 	269 	78 	108 	109 
011090 	269 	78 	108 	109 
011091 	281 	78 	108 	109 
011092 	281 	78 	108 	109 
011093 	281 	78 	108 	109 
011094 	281 	78 	108 	109 
011095 	281 	78 	108 	109 
011096 	281 	78 	108 	109 
011097 	281 	78 	108 	109 
011098 	281 	78 	108 	109 
011099 	281 	78 	108 	109 
011100 	281 	78 	108 	109 
011101 	281 	78 	108 	109 
011102 	281 	78 	108 	109 
011103 	281 	78 	108 	109 
011104 	281 	78 	108 	109 
011105 	281 	78 	108 	109 
011106 	281 	78 	108 	109 
011107 	281 	78 	108 	109 
011108 	281 	78 	108 	109 
011109 	294 	85 	90 	91 
011110 	294 	85 	90 	91 
011111 	294 	85 	90 	91 
011112 	281 	78 	108 	109 
011113 	281 	66 	108 	109 
011114 	281 	66 	108 	109 
011115 	281 	66 	108 	109 
011116 	281 	66 	108 	109 
011117 	269 	66 	108 	109 
011118 	269 	66 	108 	109 
011119 	257 	66 	109 	109 
011120 	257 	66 	109 	109 
011121 	257 	66 	109 	109 
011122 	257 	66 	109 	109 
011123 	257 	66 	109 	109 
011124 	257 	66 	109 	109 
011125 	257 	66 	109 	109 
011126 	257 	66 	109 	109 
011127 	257 	66 	109 	109 
011128 	269 	66 	108 	109 
011129 	269 	66 	108 	109 
011130 	269 	66 	108 	109 
011131 	269 	66 	108 	109 
011132 	269 	66 	108 	109 
011133 	269 	66 	108 	109 
011134 	269 	66 	108 	109 
011135 	269 	78 	108 	109 
011136 	269 	78 	108 	109 
011137 	269 	78 	108 	109 
011138 	269 	78 	108 	109 
011139 	269 	66 	108 	109 
011140 	269 	66 	108 	109 
011141 	269 	66 	108 	109 
011142 	269 	66 	108 	109 
011143 	269 	78 	108 	109 
011144 	269 	78 	108 	109 
011145 	269 	78 	108 	109 
011146 	269 	78 	108 	109 
011147 	269 	66 	108 	109 
011148 	269 	66 	108 	109 
011149 	269 	66 	108 	109 
011150 	269 	66 	108 	109 
011151 	269 	66 	108 	109 
011152 	274 	85 	90 	91 
011153 	257 	78 	109 	109 
011154 	257 	78 	109 	109 
011155 	274 	85 	90 	91 
011156 	257 	66 	109 	109 
011157 	257 	66 	109 	109 
011158 	257 	66 	109 	109 
011159 	257 	66 	109 	109 
011160 	274 	85 	90 	91 
011161 	257 	66 	109 	109 
011162 	257 	66 	109 	109 
011163 	257 	66 	109 	109 
011164 	257 	66 	109 	109 
011165 	257 	54 	109 	109 
011166 	257 	54 	109 	109 
011167 	257 	54 	109 	109 
011168 	257 	54 	109 	109 
011169 	257 	54 	109 	109 
011170 	257 	54 	109 	109 
011171 	257 	54 	109 	109 
011172 	274 	65 	90 	91 
011173 	274 	65 	90 	91 
011174 	269 	54 	108 	109 
011175 	269 	66 	108 	109 
011176 	269 	66 	108 	109 
011177 	269 	66 	108 	109 
011178 	269 	66 	108 	109 
011179 	269 	66 	108 	109 
011180 	269 	66 	108 	109 
011181 	269 	66 	108 	109 
011182 	269 	66 	108 	109 
011183 	269 	66 	108 	109 
011184 	281 	66 	108 	109 
011185 	281 	66 	108 	109 
011186 	281 	66 	108 	109 
011187 	281 	66 	108 	109 
011188 	281 	66 	108 	109 
011189 	281 	66 	108 	109 
011190 	281 	66 	108 	109 
011191 	281 	66 	108 	109 
011192 	269 	66 	108 	109 
011193 	269 	66 	108 	109 
011194 	284 	85 	90 	91 
011195 	284 	85 	90 	91 
011196 	281 	66 	108 	109 
011197 	281 	66 	108 	109 
011198 	294 	85 	90 	91 
011199 	294 	85 	90 	91 
011200 	293 	66 	108 	109 
011201 	293 	66 	108 	109 
011202 	293 	78 	108 	109 
011203 	293 	78 	108 	109 
011204 	293 	78 	108 	109 
011205 	293 	78 	108 	109 
011206 	293 	78 	108 	109 
011207 	281 	66 	108 	109 
011208 	281 	66 	108 	109 
011209 	281 	66 	108 	109 
011210 	281 	66 	108 	109 
011211 	281 	66 	108 	109 
011212 	281 	66 	108 	109 
011213 	281 	66 	108 	109 
011214 	284 	75 	90 	91 
011215 	269 	66 	108 	109 
011216 	269 	66 	108 	109 
011217 	269 	66 	108 	109 
011218 	269 	66 	108 	109 
011219 	269 	66 	108 	109 
011220 	269 	66 	108 	109 
011221 	269 	66 	108 	109 
011222 	284 	85 	90 	91 
011223 	284 	85 	90 	91 
011224 	281 	78 	108 	109 
011225 	281 	78 	108 	109 
011226 	281 	78 	108 	109 
011227 	281 	78 	108 	109 
011228 	281 	78 	108 	109 
011229 	281 	78 	108 	109 
011230 	281 	78 	108 	109 
011231 	281 	78 	108 	109 
011232 	281 	78 	108 	109 
011233 	281 	78 	108 	109 
011234 	281 	78 	108 	109 
011235 	284 	85 	90 	91 
011236 	284 	85 	90 	91 
011237 	269 	78 	108 	109 
011238 	269 	78 	108 	109 
011239 	274 	85 	90 	91 
011240 	257 	78 	109 	109 
011241 	257 	78 	109 	109 
011242 	257 	78 	109 	109 
011243 	257 	78 	109 	109 
011244 	257 	78 	109 	109 
011245 	257 	78 	109 	109 
011246 	257 	78 	109 	109 
011247 	257 	78 	109 	109 
011248 	257 	78 	109 	109 
011249 	274 	85 	90 	91 
011250 	269 	78 	108 	109 
011251 	269 	78 	108 	109 
011252 	269 	78 	108 	109 
011253 	269 	78 	108 	109 
011254 	269 	78 	108 	109 
