Identity  : 	id10281
Reference : 	RDFdX3VxjUQ
Offset    : 	-2
FV Conf   : 	16.544
ASD Conf  : 	9.785

FRAME 	X 	Y 	W 	H 
017389 	281 	78 	108 	109 
017390 	281 	78 	108 	109 
017391 	281 	78 	108 	109 
017392 	281 	78 	108 	109 
017393 	269 	66 	108 	109 
017394 	269 	78 	108 	109 
017395 	269 	78 	108 	109 
017396 	269 	78 	108 	109 
017397 	269 	78 	108 	109 
017398 	269 	78 	108 	109 
017399 	269 	78 	108 	109 
017400 	269 	78 	108 	109 
017401 	269 	78 	108 	109 
017402 	269 	78 	108 	109 
017403 	281 	78 	108 	109 
017404 	281 	78 	108 	109 
017405 	281 	78 	108 	109 
017406 	281 	78 	108 	109 
017407 	281 	78 	108 	109 
017408 	281 	78 	108 	109 
017409 	294 	95 	90 	91 
017410 	294 	95 	90 	91 
017411 	293 	78 	108 	109 
017412 	293 	78 	108 	109 
017413 	293 	78 	108 	109 
017414 	293 	78 	108 	109 
017415 	293 	78 	108 	109 
017416 	293 	78 	108 	109 
017417 	293 	78 	108 	109 
017418 	293 	78 	108 	109 
017419 	293 	78 	108 	109 
017420 	293 	78 	108 	109 
017421 	293 	78 	108 	109 
017422 	293 	78 	108 	109 
017423 	293 	78 	108 	109 
017424 	293 	90 	108 	109 
017425 	293 	90 	108 	109 
017426 	293 	90 	108 	109 
017427 	293 	90 	108 	109 
017428 	293 	90 	108 	109 
017429 	293 	90 	108 	109 
017430 	304 	95 	90 	91 
017431 	304 	95 	90 	91 
017432 	293 	90 	108 	109 
017433 	293 	90 	108 	109 
017434 	293 	90 	108 	109 
017435 	293 	90 	108 	109 
017436 	293 	90 	108 	109 
017437 	293 	90 	108 	109 
017438 	293 	90 	108 	109 
017439 	293 	90 	108 	109 
017440 	304 	95 	90 	91 
017441 	304 	95 	90 	91 
017442 	293 	90 	108 	109 
017443 	293 	90 	108 	109 
017444 	293 	90 	108 	109 
017445 	293 	90 	108 	109 
017446 	293 	90 	108 	109 
017447 	293 	90 	108 	109 
017448 	293 	90 	108 	109 
017449 	293 	90 	108 	109 
017450 	293 	90 	108 	109 
017451 	293 	90 	108 	109 
017452 	293 	90 	108 	109 
017453 	304 	95 	90 	91 
017454 	293 	90 	108 	109 
017455 	293 	90 	108 	109 
017456 	293 	90 	108 	109 
017457 	293 	90 	108 	109 
017458 	293 	90 	108 	109 
017459 	293 	90 	108 	109 
017460 	293 	90 	108 	109 
017461 	293 	90 	108 	109 
017462 	293 	90 	108 	109 
017463 	304 	95 	90 	91 
017464 	293 	90 	108 	109 
017465 	293 	90 	108 	109 
017466 	293 	90 	108 	109 
017467 	293 	90 	108 	109 
017468 	304 	95 	90 	91 
017469 	304 	95 	90 	91 
017470 	293 	90 	108 	109 
017471 	304 	95 	90 	91 
017472 	304 	95 	90 	91 
017473 	293 	90 	108 	109 
017474 	293 	90 	108 	109 
017475 	293 	90 	108 	109 
017476 	293 	90 	108 	109 
017477 	293 	90 	108 	109 
017478 	293 	90 	108 	109 
017479 	293 	90 	108 	109 
017480 	293 	90 	108 	109 
017481 	293 	90 	108 	109 
017482 	293 	90 	108 	109 
017483 	293 	90 	108 	109 
017484 	293 	90 	108 	109 
017485 	293 	90 	108 	109 
017486 	293 	90 	108 	109 
017487 	293 	90 	108 	109 
017488 	293 	90 	108 	109 
017489 	293 	90 	108 	109 
017490 	293 	90 	108 	109 
017491 	293 	90 	108 	109 
017492 	293 	90 	108 	109 
017493 	293 	90 	108 	109 
017494 	293 	90 	108 	109 
017495 	293 	90 	108 	109 
017496 	293 	90 	108 	109 
017497 	293 	90 	108 	109 
017498 	293 	90 	108 	109 
017499 	304 	105 	90 	91 
017500 	304 	105 	90 	91 
017501 	293 	90 	108 	109 
017502 	293 	90 	108 	109 
017503 	293 	90 	108 	109 
017504 	293 	90 	108 	109 
017505 	293 	90 	108 	109 
017506 	293 	90 	108 	109 
017507 	293 	90 	108 	109 
017508 	293 	90 	108 	109 
017509 	293 	90 	108 	109 
017510 	293 	90 	108 	109 
017511 	293 	90 	108 	109 
017512 	293 	90 	108 	109 
017513 	293 	90 	108 	109 
017514 	293 	90 	108 	109 
017515 	293 	90 	108 	109 
017516 	293 	90 	108 	109 
017517 	293 	90 	108 	109 
017518 	293 	90 	108 	109 
017519 	293 	90 	108 	109 
017520 	293 	90 	108 	109 
017521 	293 	90 	108 	109 
017522 	293 	90 	108 	109 
017523 	293 	90 	108 	109 
017524 	293 	90 	108 	109 
017525 	293 	90 	108 	109 
017526 	293 	90 	108 	109 
017527 	293 	90 	108 	109 
017528 	293 	90 	108 	109 
017529 	293 	90 	108 	109 
017530 	293 	90 	108 	109 
017531 	293 	90 	108 	109 
017532 	293 	90 	108 	109 
017533 	293 	90 	108 	109 
017534 	293 	90 	108 	109 
017535 	293 	90 	108 	109 
017536 	293 	90 	108 	109 
017537 	293 	90 	108 	109 
017538 	293 	90 	108 	109 
017539 	293 	90 	108 	109 
017540 	293 	90 	108 	109 
017541 	293 	90 	108 	109 
017542 	293 	90 	108 	109 
017543 	293 	90 	108 	109 
017544 	293 	90 	108 	109 
017545 	293 	90 	108 	109 
017546 	293 	90 	108 	109 
017547 	293 	90 	108 	109 
017548 	293 	90 	108 	109 
017549 	293 	90 	108 	109 
017550 	293 	90 	108 	109 
017551 	293 	90 	108 	109 
017552 	293 	90 	108 	109 
017553 	293 	90 	108 	109 
017554 	293 	90 	108 	109 
017555 	293 	90 	108 	109 
017556 	293 	90 	108 	109 
017557 	293 	90 	108 	109 
017558 	293 	90 	108 	109 
017559 	293 	90 	108 	109 
017560 	293 	90 	108 	109 
017561 	293 	90 	108 	109 
017562 	293 	90 	108 	109 
017563 	293 	90 	108 	109 
017564 	304 	95 	90 	91 
017565 	293 	90 	108 	109 
017566 	293 	90 	108 	109 
017567 	293 	90 	108 	109 
017568 	293 	90 	108 	109 
017569 	304 	95 	90 	91 
017570 	293 	90 	108 	109 
017571 	293 	90 	108 	109 
017572 	293 	90 	108 	109 
017573 	293 	78 	108 	109 
017574 	293 	78 	108 	109 
017575 	293 	78 	108 	109 
017576 	293 	78 	108 	109 
017577 	293 	78 	108 	109 
017578 	304 	95 	90 	91 
017579 	293 	90 	108 	109 
017580 	293 	90 	108 	109 
017581 	293 	90 	108 	109 
017582 	293 	90 	108 	109 
017583 	293 	90 	108 	109 
017584 	293 	90 	108 	109 
017585 	293 	90 	108 	109 
017586 	293 	90 	108 	109 
017587 	293 	90 	108 	109 
017588 	293 	90 	108 	109 
017589 	294 	95 	90 	91 
017590 	294 	95 	90 	91 
017591 	294 	95 	90 	91 
017592 	281 	90 	108 	109 
017593 	281 	90 	108 	109 
017594 	281 	90 	108 	109 
017595 	281 	78 	108 	109 
017596 	284 	95 	90 	91 
017597 	284 	95 	90 	91 
017598 	269 	90 	108 	109 
017599 	269 	90 	108 	109 
017600 	269 	90 	108 	109 
017601 	274 	95 	90 	91 
017602 	274 	95 	90 	91 
017603 	257 	90 	109 	109 
017604 	257 	90 	109 	109 
017605 	257 	90 	109 	109 
017606 	257 	90 	109 	109 
017607 	257 	90 	109 	109 
017608 	257 	90 	109 	109 
