Identity  : 	id10306
Reference : 	IANjHJYjfW8
Offset    : 	-3
FV Conf   : 	16.871
ASD Conf  : 	7.353

FRAME 	X 	Y 	W 	H 
002253 	432 	66 	63 	63 
002254 	432 	66 	63 	63 
002255 	419 	62 	75 	76 
002256 	419 	62 	75 	76 
002257 	419 	62 	75 	76 
002258 	419 	62 	75 	76 
002259 	419 	62 	75 	76 
002260 	419 	62 	75 	76 
002261 	419 	62 	75 	76 
002262 	419 	54 	75 	76 
002263 	419 	54 	75 	76 
002264 	419 	54 	75 	76 
002265 	419 	54 	75 	76 
002266 	419 	54 	75 	76 
002267 	419 	54 	75 	76 
002268 	419 	54 	75 	76 
002269 	419 	54 	75 	76 
002270 	419 	54 	75 	76 
002271 	419 	54 	75 	76 
002272 	419 	54 	75 	76 
002273 	419 	54 	75 	76 
002274 	419 	54 	75 	76 
002275 	419 	54 	75 	76 
002276 	419 	54 	75 	76 
002277 	419 	54 	75 	76 
002278 	419 	54 	75 	76 
002279 	425 	66 	63 	63 
002280 	425 	66 	63 	63 
002281 	425 	66 	63 	63 
002282 	425 	66 	63 	63 
002283 	425 	66 	63 	63 
002284 	419 	62 	75 	76 
002285 	419 	62 	75 	76 
002286 	419 	62 	75 	76 
002287 	419 	62 	75 	76 
002288 	419 	62 	75 	76 
002289 	419 	62 	75 	76 
002290 	419 	62 	75 	76 
002291 	419 	62 	75 	76 
002292 	419 	62 	75 	76 
002293 	419 	62 	75 	76 
002294 	419 	62 	75 	76 
002295 	419 	62 	75 	76 
002296 	419 	62 	75 	76 
002297 	419 	62 	75 	76 
002298 	419 	62 	75 	76 
002299 	419 	62 	75 	76 
002300 	419 	62 	75 	76 
002301 	419 	62 	75 	76 
002302 	419 	62 	75 	76 
002303 	419 	62 	75 	76 
002304 	419 	62 	75 	76 
002305 	419 	62 	75 	76 
002306 	419 	62 	75 	76 
002307 	419 	62 	75 	76 
002308 	419 	62 	75 	76 
002309 	419 	62 	75 	76 
002310 	419 	62 	75 	76 
002311 	419 	62 	75 	76 
002312 	419 	62 	75 	76 
002313 	419 	62 	75 	76 
002314 	419 	62 	75 	76 
002315 	419 	62 	75 	76 
002316 	419 	62 	75 	76 
002317 	419 	62 	75 	76 
002318 	419 	62 	75 	76 
002319 	419 	62 	75 	76 
002320 	419 	62 	75 	76 
002321 	425 	66 	63 	63 
002322 	425 	66 	63 	63 
002323 	419 	62 	75 	76 
002324 	419 	62 	75 	76 
002325 	419 	62 	75 	76 
002326 	419 	62 	75 	76 
002327 	419 	62 	75 	76 
002328 	419 	62 	75 	76 
002329 	425 	66 	63 	63 
002330 	425 	66 	63 	63 
002331 	419 	62 	75 	76 
002332 	419 	62 	75 	76 
002333 	419 	62 	75 	76 
002334 	419 	62 	75 	76 
002335 	419 	62 	75 	76 
002336 	419 	62 	75 	76 
002337 	419 	62 	75 	76 
002338 	419 	62 	75 	76 
002339 	419 	62 	75 	76 
002340 	419 	62 	75 	76 
002341 	419 	62 	75 	76 
002342 	419 	62 	75 	76 
002343 	419 	62 	75 	76 
002344 	419 	62 	75 	76 
002345 	419 	62 	75 	76 
002346 	419 	62 	75 	76 
002347 	419 	62 	75 	76 
002348 	419 	62 	75 	76 
002349 	419 	62 	75 	76 
002350 	419 	62 	75 	76 
002351 	419 	62 	75 	76 
002352 	419 	62 	75 	76 
002353 	419 	62 	75 	76 
002354 	419 	62 	75 	76 
002355 	425 	66 	63 	63 
002356 	419 	62 	75 	76 
002357 	419 	62 	75 	76 
002358 	419 	62 	75 	76 
002359 	419 	54 	75 	76 
002360 	419 	54 	75 	76 
002361 	419 	54 	75 	76 
002362 	432 	66 	63 	63 
002363 	432 	66 	63 	63 
002364 	432 	66 	63 	63 
002365 	432 	66 	63 	63 
002366 	432 	66 	63 	63 
002367 	432 	66 	63 	63 
002368 	432 	66 	63 	63 
002369 	432 	66 	63 	63 
002370 	432 	66 	63 	63 
002371 	432 	66 	63 	63 
002372 	432 	66 	63 	63 
002373 	432 	66 	63 	63 
002374 	432 	66 	63 	63 
002375 	419 	54 	75 	76 
002376 	419 	54 	75 	76 
002377 	419 	54 	75 	76 
002378 	419 	54 	75 	76 
002379 	419 	54 	75 	76 
002380 	419 	54 	75 	76 
002381 	419 	62 	75 	76 
002382 	419 	62 	75 	76 
002383 	419 	62 	75 	76 
002384 	419 	62 	75 	76 
002385 	419 	62 	75 	76 
002386 	419 	62 	75 	76 
002387 	419 	62 	75 	76 
002388 	419 	62 	75 	76 
002389 	419 	62 	75 	76 
002390 	419 	62 	75 	76 
002391 	419 	62 	75 	76 
002392 	419 	62 	75 	76 
002393 	419 	62 	75 	76 
002394 	419 	62 	75 	76 
002395 	419 	62 	75 	76 
002396 	419 	62 	75 	76 
002397 	419 	62 	75 	76 
002398 	419 	62 	75 	76 
002399 	419 	62 	75 	76 
002400 	419 	62 	75 	76 
002401 	419 	62 	75 	76 
002402 	419 	62 	75 	76 
002403 	419 	62 	75 	76 
002404 	419 	62 	75 	76 
002405 	432 	66 	63 	63 
002406 	432 	66 	63 	63 
002407 	432 	66 	63 	63 
002408 	432 	66 	63 	63 
002409 	432 	66 	63 	63 
002410 	432 	66 	63 	63 
002411 	432 	66 	63 	63 
002412 	432 	66 	63 	63 
002413 	432 	66 	63 	63 
002414 	425 	66 	63 	63 
002415 	425 	66 	63 	63 
002416 	432 	73 	63 	63 
002417 	425 	66 	63 	63 
002418 	425 	66 	63 	63 
002419 	425 	66 	63 	63 
002420 	425 	66 	63 	63 
002421 	419 	54 	75 	76 
002422 	419 	54 	75 	76 
002423 	419 	54 	75 	76 
002424 	419 	54 	75 	76 
002425 	419 	54 	75 	76 
002426 	419 	54 	75 	76 
002427 	419 	54 	75 	76 
002428 	419 	54 	75 	76 
002429 	419 	54 	75 	76 
002430 	419 	54 	75 	76 
002431 	419 	54 	75 	76 
002432 	419 	62 	75 	76 
002433 	427 	62 	76 	76 
002434 	432 	73 	63 	63 
002435 	432 	73 	63 	63 
002436 	432 	73 	63 	63 
002437 	432 	73 	63 	63 
002438 	432 	73 	63 	63 
002439 	432 	73 	63 	63 
002440 	419 	62 	75 	76 
002441 	419 	62 	75 	76 
002442 	419 	62 	75 	76 
002443 	419 	62 	75 	76 
002444 	419 	62 	75 	76 
002445 	425 	66 	63 	63 
002446 	432 	66 	63 	63 
002447 	432 	66 	63 	63 
002448 	432 	66 	63 	63 
002449 	432 	66 	63 	63 
002450 	432 	66 	63 	63 
002451 	432 	66 	63 	63 
002452 	432 	66 	63 	63 
002453 	432 	66 	63 	63 
002454 	432 	66 	63 	63 
002455 	432 	66 	63 	63 
002456 	432 	66 	63 	63 
002457 	432 	66 	63 	63 
002458 	432 	66 	63 	63 
002459 	419 	54 	75 	76 
002460 	425 	59 	63 	63 
002461 	425 	59 	63 	63 
002462 	425 	59 	63 	63 
002463 	425 	59 	63 	63 
002464 	425 	59 	63 	63 
002465 	425 	59 	63 	63 
002466 	425 	59 	63 	63 
002467 	425 	59 	63 	63 
002468 	425 	59 	63 	63 
002469 	425 	59 	63 	63 
002470 	425 	59 	63 	63 
002471 	425 	59 	63 	63 
002472 	425 	59 	63 	63 
002473 	425 	59 	63 	63 
002474 	432 	59 	63 	63 
002475 	432 	59 	63 	63 
002476 	432 	59 	63 	63 
002477 	432 	59 	63 	63 
002478 	432 	59 	63 	63 
002479 	432 	59 	63 	63 
002480 	432 	59 	63 	63 
002481 	432 	59 	63 	63 
002482 	432 	59 	63 	63 
002483 	432 	59 	63 	63 
002484 	432 	59 	63 	63 
002485 	432 	59 	63 	63 
002486 	432 	59 	63 	63 
002487 	432 	59 	63 	63 
002488 	432 	59 	63 	63 
002489 	432 	59 	63 	63 
002490 	432 	59 	63 	63 
002491 	432 	59 	63 	63 
002492 	432 	59 	63 	63 
002493 	432 	59 	63 	63 
002494 	432 	59 	63 	63 
002495 	432 	59 	63 	63 
002496 	432 	59 	63 	63 
002497 	419 	54 	75 	76 
002498 	419 	54 	75 	76 
002499 	419 	54 	75 	76 
002500 	419 	54 	75 	76 
002501 	419 	54 	75 	76 
002502 	419 	54 	75 	76 
002503 	419 	54 	75 	76 
002504 	419 	54 	75 	76 
002505 	419 	54 	75 	76 
002506 	419 	54 	75 	76 
002507 	419 	54 	75 	76 
