Identity  : 	id10306
Reference : 	IANjHJYjfW8
Offset    : 	-3
FV Conf   : 	22.367
ASD Conf  : 	6.420

FRAME 	X 	Y 	W 	H 
007075 	432 	66 	63 	63 
007076 	432 	66 	63 	63 
007077 	419 	54 	75 	76 
007078 	419 	54 	75 	76 
007079 	419 	54 	75 	76 
007080 	419 	54 	75 	76 
007081 	432 	66 	63 	63 
007082 	432 	66 	63 	63 
007083 	432 	66 	63 	63 
007084 	432 	66 	63 	63 
007085 	432 	66 	63 	63 
007086 	432 	66 	63 	63 
007087 	432 	66 	63 	63 
007088 	432 	66 	63 	63 
007089 	432 	66 	63 	63 
007090 	432 	66 	63 	63 
007091 	432 	66 	63 	63 
007092 	432 	66 	63 	63 
007093 	432 	66 	63 	63 
007094 	432 	66 	63 	63 
007095 	432 	66 	63 	63 
007096 	432 	66 	63 	63 
007097 	432 	66 	63 	63 
007098 	432 	66 	63 	63 
007099 	432 	66 	63 	63 
007100 	432 	66 	63 	63 
007101 	432 	66 	63 	63 
007102 	432 	66 	63 	63 
007103 	432 	66 	63 	63 
007104 	432 	66 	63 	63 
007105 	432 	66 	63 	63 
007106 	427 	54 	76 	76 
007107 	427 	54 	76 	76 
007108 	427 	54 	76 	76 
007109 	427 	54 	76 	76 
007110 	427 	54 	76 	76 
007111 	427 	54 	76 	76 
007112 	427 	54 	76 	76 
007113 	427 	54 	76 	76 
007114 	427 	54 	76 	76 
007115 	427 	54 	76 	76 
007116 	427 	54 	76 	76 
007117 	427 	54 	76 	76 
007118 	427 	54 	76 	76 
007119 	432 	66 	63 	63 
007120 	432 	66 	63 	63 
007121 	432 	66 	63 	63 
007122 	432 	66 	63 	63 
007123 	432 	66 	63 	63 
007124 	432 	66 	63 	63 
007125 	432 	66 	63 	63 
007126 	432 	66 	63 	63 
007127 	432 	66 	63 	63 
007128 	432 	66 	63 	63 
007129 	419 	54 	75 	76 
007130 	419 	54 	75 	76 
007131 	419 	54 	75 	76 
007132 	432 	66 	63 	63 
007133 	432 	66 	63 	63 
007134 	432 	66 	63 	63 
007135 	419 	54 	75 	76 
007136 	419 	54 	75 	76 
007137 	432 	66 	63 	63 
007138 	419 	54 	75 	76 
007139 	419 	54 	75 	76 
007140 	432 	66 	63 	63 
007141 	432 	66 	63 	63 
007142 	419 	54 	75 	76 
007143 	419 	54 	75 	76 
007144 	419 	54 	75 	76 
007145 	419 	54 	75 	76 
007146 	432 	59 	63 	63 
007147 	419 	54 	75 	76 
007148 	419 	54 	75 	76 
007149 	432 	59 	63 	63 
007150 	432 	59 	63 	63 
007151 	432 	59 	63 	63 
007152 	432 	59 	63 	63 
007153 	432 	59 	63 	63 
007154 	432 	59 	63 	63 
007155 	432 	59 	63 	63 
007156 	432 	59 	63 	63 
007157 	432 	59 	63 	63 
007158 	432 	59 	63 	63 
007159 	432 	59 	63 	63 
007160 	427 	54 	76 	76 
007161 	427 	54 	76 	76 
007162 	427 	54 	76 	76 
007163 	427 	54 	76 	76 
007164 	427 	54 	76 	76 
007165 	427 	54 	76 	76 
007166 	427 	54 	76 	76 
007167 	432 	59 	63 	63 
007168 	432 	59 	63 	63 
007169 	427 	54 	76 	76 
007170 	432 	59 	63 	63 
007171 	432 	59 	63 	63 
007172 	432 	59 	63 	63 
007173 	432 	59 	63 	63 
007174 	432 	59 	63 	63 
007175 	432 	59 	63 	63 
007176 	432 	59 	63 	63 
007177 	432 	59 	63 	63 
007178 	432 	59 	63 	63 
007179 	432 	59 	63 	63 
007180 	432 	59 	63 	63 
007181 	432 	59 	63 	63 
007182 	419 	54 	75 	76 
007183 	419 	54 	75 	76 
007184 	419 	54 	75 	76 
007185 	419 	54 	75 	76 
007186 	419 	54 	75 	76 
007187 	419 	54 	75 	76 
007188 	419 	54 	75 	76 
007189 	419 	54 	75 	76 
007190 	419 	54 	75 	76 
007191 	419 	54 	75 	76 
007192 	419 	54 	75 	76 
007193 	419 	54 	75 	76 
007194 	419 	54 	75 	76 
007195 	419 	54 	75 	76 
007196 	419 	54 	75 	76 
007197 	432 	66 	63 	63 
007198 	432 	66 	63 	63 
007199 	432 	66 	63 	63 
007200 	432 	59 	63 	63 
007201 	427 	54 	76 	76 
007202 	432 	66 	63 	63 
007203 	432 	66 	63 	63 
007204 	432 	66 	63 	63 
007205 	432 	66 	63 	63 
007206 	432 	66 	63 	63 
007207 	432 	73 	63 	63 
007208 	432 	73 	63 	63 
007209 	432 	73 	63 	63 
007210 	419 	71 	75 	75 
007211 	419 	71 	75 	75 
007212 	425 	80 	63 	63 
007213 	425 	80 	63 	63 
007214 	425 	80 	63 	63 
007215 	425 	80 	63 	63 
007216 	425 	80 	63 	63 
007217 	425 	80 	63 	63 
007218 	425 	80 	63 	63 
007219 	425 	80 	63 	63 
007220 	425 	80 	63 	63 
007221 	425 	80 	63 	63 
007222 	418 	80 	63 	63 
007223 	418 	80 	63 	63 
007224 	418 	80 	63 	63 
007225 	418 	80 	63 	63 
007226 	418 	80 	63 	63 
007227 	418 	80 	63 	63 
007228 	418 	80 	63 	63 
007229 	418 	80 	63 	63 
007230 	418 	80 	63 	63 
007231 	418 	80 	63 	63 
007232 	418 	80 	63 	63 
007233 	418 	80 	63 	63 
007234 	418 	80 	63 	63 
007235 	418 	80 	63 	63 
007236 	418 	80 	63 	63 
007237 	418 	80 	63 	63 
007238 	418 	80 	63 	63 
007239 	418 	80 	63 	63 
007240 	418 	80 	63 	63 
007241 	418 	80 	63 	63 
007242 	418 	80 	63 	63 
007243 	418 	80 	63 	63 
007244 	418 	80 	63 	63 
007245 	418 	80 	63 	63 
007246 	418 	80 	63 	63 
007247 	418 	80 	63 	63 
007248 	418 	80 	63 	63 
007249 	418 	80 	63 	63 
007250 	418 	80 	63 	63 
007251 	418 	80 	63 	63 
007252 	418 	80 	63 	63 
007253 	418 	80 	63 	63 
007254 	418 	80 	63 	63 
007255 	418 	80 	63 	63 
007256 	425 	80 	63 	63 
007257 	418 	80 	63 	63 
007258 	418 	80 	63 	63 
007259 	418 	80 	63 	63 
007260 	418 	80 	63 	63 
007261 	418 	80 	63 	63 
007262 	410 	71 	76 	75 
007263 	425 	73 	63 	63 
007264 	425 	73 	63 	63 
007265 	419 	62 	75 	76 
007266 	419 	62 	75 	76 
007267 	419 	62 	75 	76 
007268 	419 	62 	75 	76 
007269 	419 	62 	75 	76 
007270 	419 	62 	75 	76 
007271 	419 	62 	75 	76 
007272 	419 	62 	75 	76 
007273 	419 	62 	75 	76 
007274 	419 	62 	75 	76 
007275 	419 	62 	75 	76 
007276 	419 	62 	75 	76 
007277 	419 	62 	75 	76 
007278 	419 	62 	75 	76 
007279 	419 	62 	75 	76 
007280 	419 	62 	75 	76 
007281 	419 	62 	75 	76 
007282 	419 	62 	75 	76 
007283 	419 	62 	75 	76 
007284 	419 	62 	75 	76 
007285 	419 	62 	75 	76 
007286 	419 	62 	75 	76 
007287 	419 	62 	75 	76 
007288 	432 	66 	63 	63 
007289 	432 	66 	63 	63 
007290 	432 	66 	63 	63 
007291 	432 	66 	63 	63 
007292 	432 	66 	63 	63 
007293 	432 	66 	63 	63 
007294 	432 	66 	63 	63 
007295 	432 	66 	63 	63 
007296 	432 	66 	63 	63 
007297 	432 	66 	63 	63 
007298 	432 	66 	63 	63 
007299 	419 	62 	75 	76 
007300 	432 	66 	63 	63 
007301 	432 	66 	63 	63 
007302 	432 	66 	63 	63 
007303 	432 	66 	63 	63 
007304 	432 	66 	63 	63 
007305 	425 	66 	63 	63 
007306 	425 	66 	63 	63 
007307 	419 	62 	75 	76 
007308 	425 	66 	63 	63 
007309 	425 	66 	63 	63 
007310 	425 	66 	63 	63 
007311 	425 	66 	63 	63 
007312 	425 	66 	63 	63 
007313 	425 	66 	63 	63 
007314 	425 	66 	63 	63 
007315 	425 	66 	63 	63 
007316 	425 	66 	63 	63 
007317 	425 	66 	63 	63 
007318 	425 	66 	63 	63 
007319 	425 	66 	63 	63 
007320 	425 	66 	63 	63 
007321 	425 	66 	63 	63 
007322 	425 	66 	63 	63 
007323 	432 	66 	63 	63 
007324 	419 	62 	75 	76 
007325 	425 	66 	63 	63 
007326 	425 	66 	63 	63 
007327 	425 	66 	63 	63 
007328 	425 	66 	63 	63 
007329 	425 	66 	63 	63 
007330 	419 	62 	75 	76 
007331 	419 	54 	75 	76 
007332 	432 	66 	63 	63 
007333 	432 	66 	63 	63 
007334 	419 	54 	75 	76 
007335 	425 	66 	63 	63 
007336 	425 	66 	63 	63 
007337 	419 	54 	75 	76 
007338 	419 	54 	75 	76 
007339 	419 	54 	75 	76 
007340 	419 	54 	75 	76 
007341 	419 	54 	75 	76 
007342 	419 	54 	75 	76 
007343 	419 	54 	75 	76 
007344 	419 	54 	75 	76 
007345 	419 	54 	75 	76 
007346 	419 	54 	75 	76 
007347 	419 	54 	75 	76 
007348 	419 	54 	75 	76 
007349 	419 	54 	75 	76 
007350 	419 	54 	75 	76 
007351 	419 	54 	75 	76 
007352 	419 	54 	75 	76 
007353 	425 	66 	63 	63 
007354 	419 	54 	75 	76 
007355 	419 	54 	75 	76 
007356 	419 	54 	75 	76 
007357 	419 	54 	75 	76 
007358 	432 	66 	63 	63 
007359 	432 	66 	63 	63 
007360 	432 	66 	63 	63 
007361 	432 	66 	63 	63 
007362 	432 	66 	63 	63 
007363 	432 	66 	63 	63 
007364 	432 	66 	63 	63 
007365 	432 	66 	63 	63 
007366 	427 	62 	76 	76 
007367 	427 	62 	76 	76 
007368 	427 	62 	76 	76 
007369 	427 	71 	76 	75 
007370 	427 	71 	76 	75 
007371 	432 	73 	63 	63 
007372 	432 	73 	63 	63 
007373 	432 	73 	63 	63 
007374 	419 	62 	75 	76 
007375 	419 	62 	75 	76 
007376 	419 	62 	75 	76 
007377 	419 	62 	75 	76 
007378 	419 	62 	75 	76 
007379 	419 	62 	75 	76 
007380 	419 	62 	75 	76 
007381 	419 	62 	75 	76 
007382 	419 	62 	75 	76 
007383 	419 	62 	75 	76 
007384 	419 	62 	75 	76 
007385 	419 	62 	75 	76 
007386 	419 	62 	75 	76 
007387 	419 	62 	75 	76 
007388 	419 	62 	75 	76 
007389 	419 	62 	75 	76 
007390 	419 	62 	75 	76 
007391 	419 	62 	75 	76 
007392 	425 	73 	63 	63 
007393 	425 	73 	63 	63 
007394 	425 	73 	63 	63 
007395 	425 	73 	63 	63 
007396 	432 	73 	63 	63 
007397 	432 	73 	63 	63 
007398 	432 	73 	63 	63 
007399 	432 	73 	63 	63 
007400 	432 	73 	63 	63 
007401 	432 	73 	63 	63 
007402 	419 	71 	75 	75 
007403 	419 	71 	75 	75 
007404 	419 	71 	75 	75 
007405 	419 	71 	75 	75 
007406 	419 	71 	75 	75 
007407 	419 	71 	75 	75 
007408 	419 	71 	75 	75 
007409 	419 	71 	75 	75 
007410 	419 	71 	75 	75 
007411 	419 	62 	75 	76 
007412 	432 	73 	63 	63 
007413 	432 	73 	63 	63 
007414 	427 	62 	76 	76 
007415 	427 	62 	76 	76 
007416 	427 	62 	76 	76 
007417 	439 	66 	63 	63 
007418 	439 	66 	63 	63 
007419 	439 	66 	63 	63 
007420 	439 	66 	63 	63 
007421 	427 	62 	76 	76 
007422 	427 	62 	76 	76 
007423 	427 	62 	76 	76 
007424 	427 	62 	76 	76 
007425 	427 	62 	76 	76 
007426 	427 	62 	76 	76 
007427 	427 	62 	76 	76 
007428 	427 	62 	76 	76 
007429 	427 	62 	76 	76 
007430 	427 	62 	76 	76 
007431 	427 	62 	76 	76 
007432 	427 	62 	76 	76 
007433 	427 	62 	76 	76 
007434 	427 	62 	76 	76 
007435 	432 	66 	63 	63 
007436 	427 	62 	76 	76 
007437 	432 	73 	63 	63 
007438 	432 	73 	63 	63 
007439 	432 	73 	63 	63 
007440 	432 	73 	63 	63 
007441 	432 	66 	63 	63 
007442 	432 	66 	63 	63 
007443 	432 	66 	63 	63 
007444 	432 	66 	63 	63 
007445 	432 	66 	63 	63 
007446 	432 	66 	63 	63 
007447 	425 	66 	63 	63 
007448 	419 	62 	75 	76 
