Identity  : 	id10306
Reference : 	IANjHJYjfW8
Offset    : 	-3
FV Conf   : 	17.075
ASD Conf  : 	6.505

FRAME 	X 	Y 	W 	H 
006659 	419 	62 	75 	76 
006660 	419 	62 	75 	76 
006661 	419 	62 	75 	76 
006662 	419 	62 	75 	76 
006663 	419 	62 	75 	76 
006664 	419 	62 	75 	76 
006665 	419 	62 	75 	76 
006666 	419 	62 	75 	76 
006667 	419 	62 	75 	76 
006668 	419 	62 	75 	76 
006669 	419 	62 	75 	76 
006670 	419 	62 	75 	76 
006671 	419 	62 	75 	76 
006672 	419 	62 	75 	76 
006673 	419 	62 	75 	76 
006674 	419 	62 	75 	76 
006675 	419 	62 	75 	76 
006676 	419 	62 	75 	76 
006677 	432 	66 	63 	63 
006678 	432 	66 	63 	63 
006679 	432 	66 	63 	63 
006680 	432 	66 	63 	63 
006681 	432 	66 	63 	63 
006682 	432 	66 	63 	63 
006683 	432 	66 	63 	63 
006684 	432 	66 	63 	63 
006685 	432 	66 	63 	63 
006686 	432 	66 	63 	63 
006687 	432 	66 	63 	63 
006688 	432 	66 	63 	63 
006689 	432 	66 	63 	63 
006690 	419 	62 	75 	76 
006691 	419 	62 	75 	76 
006692 	419 	62 	75 	76 
006693 	419 	62 	75 	76 
006694 	419 	62 	75 	76 
006695 	419 	62 	75 	76 
006696 	419 	62 	75 	76 
006697 	419 	62 	75 	76 
006698 	419 	62 	75 	76 
006699 	419 	62 	75 	76 
006700 	425 	66 	63 	63 
006701 	425 	66 	63 	63 
006702 	425 	66 	63 	63 
006703 	419 	62 	75 	76 
006704 	419 	62 	75 	76 
006705 	419 	62 	75 	76 
006706 	419 	62 	75 	76 
006707 	419 	62 	75 	76 
006708 	425 	66 	63 	63 
006709 	419 	62 	75 	76 
006710 	419 	62 	75 	76 
006711 	419 	62 	75 	76 
006712 	419 	62 	75 	76 
006713 	419 	62 	75 	76 
006714 	419 	62 	75 	76 
006715 	419 	62 	75 	76 
006716 	419 	62 	75 	76 
006717 	425 	66 	63 	63 
006718 	419 	62 	75 	76 
006719 	419 	62 	75 	76 
006720 	419 	62 	75 	76 
006721 	419 	62 	75 	76 
006722 	425 	66 	63 	63 
006723 	419 	54 	75 	76 
006724 	419 	54 	75 	76 
006725 	419 	54 	75 	76 
006726 	419 	54 	75 	76 
006727 	419 	54 	75 	76 
006728 	419 	54 	75 	76 
006729 	419 	54 	75 	76 
006730 	419 	54 	75 	76 
006731 	425 	66 	63 	63 
006732 	419 	54 	75 	76 
006733 	419 	54 	75 	76 
006734 	419 	54 	75 	76 
006735 	425 	66 	63 	63 
006736 	425 	66 	63 	63 
006737 	425 	66 	63 	63 
006738 	425 	66 	63 	63 
006739 	425 	66 	63 	63 
006740 	425 	66 	63 	63 
006741 	425 	66 	63 	63 
006742 	425 	66 	63 	63 
006743 	425 	66 	63 	63 
006744 	425 	66 	63 	63 
006745 	425 	66 	63 	63 
006746 	425 	66 	63 	63 
006747 	425 	66 	63 	63 
006748 	425 	66 	63 	63 
006749 	425 	66 	63 	63 
006750 	425 	66 	63 	63 
006751 	425 	66 	63 	63 
006752 	425 	66 	63 	63 
006753 	425 	66 	63 	63 
006754 	425 	66 	63 	63 
006755 	425 	66 	63 	63 
006756 	425 	66 	63 	63 
006757 	425 	66 	63 	63 
006758 	425 	66 	63 	63 
006759 	425 	66 	63 	63 
006760 	425 	66 	63 	63 
006761 	425 	66 	63 	63 
006762 	419 	62 	75 	76 
006763 	425 	66 	63 	63 
006764 	425 	66 	63 	63 
006765 	419 	62 	75 	76 
006766 	419 	62 	75 	76 
006767 	425 	66 	63 	63 
006768 	425 	66 	63 	63 
006769 	425 	66 	63 	63 
006770 	425 	66 	63 	63 
006771 	425 	66 	63 	63 
006772 	425 	66 	63 	63 
006773 	425 	66 	63 	63 
006774 	425 	66 	63 	63 
006775 	419 	62 	75 	76 
006776 	425 	66 	63 	63 
006777 	425 	66 	63 	63 
006778 	425 	66 	63 	63 
006779 	425 	66 	63 	63 
006780 	425 	66 	63 	63 
006781 	425 	66 	63 	63 
006782 	425 	66 	63 	63 
006783 	425 	66 	63 	63 
006784 	425 	66 	63 	63 
006785 	419 	62 	75 	76 
006786 	419 	62 	75 	76 
006787 	419 	62 	75 	76 
006788 	419 	62 	75 	76 
006789 	419 	62 	75 	76 
006790 	419 	62 	75 	76 
006791 	425 	66 	63 	63 
006792 	425 	66 	63 	63 
006793 	425 	66 	63 	63 
006794 	425 	66 	63 	63 
006795 	425 	66 	63 	63 
006796 	425 	66 	63 	63 
006797 	425 	66 	63 	63 
006798 	425 	66 	63 	63 
006799 	419 	62 	75 	76 
006800 	419 	62 	75 	76 
006801 	419 	62 	75 	76 
006802 	419 	62 	75 	76 
006803 	419 	62 	75 	76 
006804 	419 	62 	75 	76 
006805 	419 	62 	75 	76 
006806 	419 	62 	75 	76 
