Identity  : 	id10296
Reference : 	iLMjiAp4rTo
Offset    : 	2
FV Conf   : 	17.645
ASD Conf  : 	8.381

FRAME 	X 	Y 	W 	H 
003832 	284 	85 	90 	91 
003833 	284 	85 	90 	91 
003834 	284 	85 	90 	91 
003835 	284 	85 	90 	91 
003836 	284 	85 	90 	91 
003837 	284 	85 	90 	91 
003838 	284 	85 	90 	91 
003839 	284 	85 	90 	91 
003840 	284 	85 	90 	91 
003841 	281 	78 	108 	109 
003842 	281 	78 	108 	109 
003843 	281 	78 	108 	109 
003844 	281 	78 	108 	109 
003845 	294 	85 	90 	91 
003846 	294 	85 	90 	91 
003847 	294 	85 	90 	91 
003848 	294 	75 	90 	91 
003849 	294 	75 	90 	91 
003850 	294 	75 	90 	91 
003851 	304 	75 	90 	91 
003852 	304 	75 	90 	91 
003853 	304 	75 	90 	91 
003854 	314 	75 	90 	91 
003855 	314 	75 	90 	91 
003856 	305 	54 	108 	109 
003857 	305 	54 	108 	109 
003858 	317 	54 	108 	109 
003859 	317 	54 	108 	109 
003860 	317 	54 	108 	109 
003861 	305 	54 	108 	109 
003862 	314 	65 	90 	91 
003863 	293 	66 	108 	109 
003864 	294 	75 	90 	91 
003865 	281 	66 	108 	109 
003866 	284 	75 	90 	91 
003867 	269 	66 	108 	109 
003868 	284 	85 	90 	91 
003869 	284 	85 	90 	91 
003870 	284 	85 	90 	91 
003871 	284 	85 	90 	91 
003872 	284 	85 	90 	91 
003873 	284 	95 	90 	91 
003874 	269 	78 	108 	109 
003875 	284 	95 	90 	91 
003876 	284 	95 	90 	91 
003877 	284 	95 	90 	91 
003878 	269 	90 	108 	109 
003879 	269 	90 	108 	109 
003880 	269 	90 	108 	109 
003881 	284 	95 	90 	91 
003882 	284 	95 	90 	91 
003883 	284 	95 	90 	91 
003884 	284 	85 	90 	91 
003885 	284 	85 	90 	91 
003886 	281 	78 	108 	109 
003887 	281 	78 	108 	109 
003888 	293 	78 	108 	109 
003889 	293 	78 	108 	109 
003890 	304 	75 	90 	91 
003891 	304 	75 	90 	91 
003892 	304 	75 	90 	91 
003893 	293 	66 	108 	109 
003894 	294 	75 	90 	91 
003895 	294 	75 	90 	91 
003896 	281 	78 	108 	109 
003897 	284 	85 	90 	91 
003898 	284 	95 	90 	91 
003899 	284 	95 	90 	91 
003900 	284 	95 	90 	91 
003901 	284 	95 	90 	91 
003902 	284 	95 	90 	91 
003903 	284 	95 	90 	91 
003904 	284 	95 	90 	91 
003905 	284 	95 	90 	91 
003906 	269 	90 	108 	109 
003907 	269 	90 	108 	109 
003908 	269 	90 	108 	109 
003909 	269 	90 	108 	109 
003910 	269 	90 	108 	109 
003911 	284 	105 	90 	91 
003912 	284 	105 	90 	91 
003913 	284 	105 	90 	91 
003914 	284 	105 	90 	91 
003915 	284 	105 	90 	91 
003916 	284 	105 	90 	91 
003917 	284 	105 	90 	91 
003918 	284 	95 	90 	91 
003919 	284 	95 	90 	91 
003920 	284 	95 	90 	91 
003921 	284 	95 	90 	91 
003922 	284 	95 	90 	91 
003923 	284 	105 	90 	91 
003924 	284 	105 	90 	91 
003925 	281 	90 	108 	109 
003926 	281 	90 	108 	109 
003927 	281 	90 	108 	109 
003928 	294 	95 	90 	91 
003929 	294 	95 	90 	91 
003930 	294 	95 	90 	91 
003931 	294 	95 	90 	91 
003932 	293 	90 	108 	109 
003933 	293 	78 	108 	109 
003934 	304 	85 	90 	91 
003935 	304 	85 	90 	91 
003936 	304 	85 	90 	91 
003937 	304 	85 	90 	91 
003938 	304 	95 	90 	91 
003939 	304 	95 	90 	91 
003940 	304 	95 	90 	91 
003941 	304 	95 	90 	91 
003942 	304 	95 	90 	91 
003943 	304 	95 	90 	91 
003944 	304 	95 	90 	91 
003945 	304 	95 	90 	91 
003946 	304 	95 	90 	91 
003947 	304 	95 	90 	91 
003948 	304 	95 	90 	91 
003949 	304 	95 	90 	91 
003950 	304 	95 	90 	91 
003951 	304 	95 	90 	91 
003952 	304 	95 	90 	91 
003953 	304 	95 	90 	91 
003954 	304 	85 	90 	91 
003955 	304 	85 	90 	91 
003956 	304 	85 	90 	91 
003957 	304 	85 	90 	91 
003958 	304 	75 	90 	91 
003959 	304 	75 	90 	91 
003960 	304 	75 	90 	91 
003961 	304 	75 	90 	91 
003962 	304 	75 	90 	91 
003963 	304 	75 	90 	91 
003964 	304 	75 	90 	91 
003965 	294 	75 	90 	91 
003966 	294 	75 	90 	91 
003967 	294 	75 	90 	91 
003968 	294 	75 	90 	91 
003969 	281 	66 	108 	109 
003970 	281 	66 	108 	109 
003971 	284 	75 	90 	91 
003972 	269 	54 	108 	109 
003973 	269 	54 	108 	109 
003974 	257 	54 	109 	109 
003975 	257 	54 	109 	109 
003976 	257 	54 	109 	109 
003977 	257 	54 	109 	109 
003978 	257 	66 	109 	109 
003979 	257 	66 	109 	109 
003980 	264 	75 	90 	91 
003981 	264 	75 	90 	91 
003982 	264 	75 	90 	91 
003983 	264 	75 	90 	91 
003984 	245 	66 	109 	109 
003985 	245 	66 	109 	109 
003986 	245 	66 	109 	109 
003987 	245 	66 	109 	109 
003988 	245 	66 	109 	109 
003989 	245 	66 	109 	109 
003990 	245 	78 	109 	109 
003991 	245 	78 	109 	109 
003992 	245 	78 	109 	109 
003993 	245 	78 	109 	109 
003994 	245 	78 	109 	109 
003995 	245 	78 	109 	109 
003996 	245 	78 	109 	109 
003997 	245 	78 	109 	109 
003998 	245 	78 	109 	109 
003999 	245 	78 	109 	109 
004000 	245 	78 	109 	109 
004001 	245 	78 	109 	109 
004002 	245 	78 	109 	109 
004003 	245 	78 	109 	109 
004004 	245 	78 	109 	109 
004005 	245 	78 	109 	109 
004006 	245 	78 	109 	109 
004007 	245 	78 	109 	109 
004008 	264 	85 	90 	91 
004009 	264 	85 	90 	91 
004010 	257 	78 	109 	109 
004011 	257 	78 	109 	109 
004012 	274 	85 	90 	91 
004013 	274 	75 	90 	91 
004014 	269 	78 	108 	109 
004015 	284 	75 	90 	91 
004016 	284 	75 	90 	91 
004017 	284 	75 	90 	91 
004018 	284 	75 	90 	91 
004019 	294 	75 	90 	91 
004020 	294 	75 	90 	91 
004021 	293 	66 	108 	109 
004022 	304 	75 	90 	91 
004023 	304 	75 	90 	91 
004024 	305 	78 	108 	109 
004025 	305 	78 	108 	109 
004026 	305 	78 	108 	109 
004027 	314 	85 	90 	91 
004028 	314 	85 	90 	91 
004029 	314 	85 	90 	91 
004030 	305 	78 	108 	109 
004031 	305 	78 	108 	109 
004032 	305 	78 	108 	109 
004033 	305 	78 	108 	109 
004034 	323 	85 	91 	91 
004035 	323 	85 	91 	91 
004036 	323 	85 	91 	91 
004037 	323 	85 	91 	91 
004038 	323 	85 	91 	91 
004039 	323 	85 	91 	91 
004040 	323 	85 	91 	91 
004041 	323 	85 	91 	91 
004042 	305 	78 	108 	109 
004043 	314 	75 	90 	91 
004044 	314 	75 	90 	91 
004045 	304 	75 	90 	91 
004046 	304 	75 	90 	91 
004047 	294 	75 	90 	91 
004048 	281 	66 	108 	109 
004049 	284 	85 	90 	91 
004050 	269 	78 	108 	109 
004051 	269 	78 	108 	109 
004052 	269 	78 	108 	109 
004053 	269 	78 	108 	109 
004054 	269 	90 	108 	109 
004055 	274 	95 	90 	91 
004056 	257 	78 	109 	109 
004057 	274 	85 	90 	91 
004058 	257 	66 	109 	109 
004059 	257 	66 	109 	109 
004060 	257 	66 	109 	109 
004061 	274 	75 	90 	91 
004062 	257 	66 	109 	109 
004063 	257 	66 	109 	109 
004064 	257 	66 	109 	109 
004065 	257 	66 	109 	109 
004066 	257 	66 	109 	109 
004067 	257 	66 	109 	109 
004068 	257 	66 	109 	109 
004069 	257 	66 	109 	109 
004070 	257 	66 	109 	109 
004071 	274 	75 	90 	91 
004072 	269 	66 	108 	109 
004073 	274 	75 	90 	91 
004074 	274 	75 	90 	91 
004075 	269 	78 	108 	109 
004076 	269 	78 	108 	109 
004077 	269 	78 	108 	109 
004078 	269 	66 	108 	109 
004079 	269 	66 	108 	109 
004080 	269 	66 	108 	109 
004081 	269 	66 	108 	109 
004082 	269 	66 	108 	109 
004083 	269 	66 	108 	109 
004084 	269 	66 	108 	109 
004085 	269 	66 	108 	109 
004086 	269 	66 	108 	109 
004087 	269 	66 	108 	109 
004088 	269 	66 	108 	109 
004089 	269 	66 	108 	109 
004090 	284 	85 	90 	91 
004091 	284 	85 	90 	91 
004092 	284 	85 	90 	91 
004093 	269 	78 	108 	109 
004094 	269 	78 	108 	109 
004095 	284 	95 	90 	91 
004096 	269 	78 	108 	109 
004097 	284 	95 	90 	91 
004098 	269 	78 	108 	109 
004099 	269 	78 	108 	109 
004100 	269 	78 	108 	109 
004101 	269 	78 	108 	109 
004102 	269 	78 	108 	109 
004103 	269 	78 	108 	109 
004104 	269 	78 	108 	109 
004105 	269 	78 	108 	109 
004106 	269 	78 	108 	109 
004107 	269 	78 	108 	109 
004108 	274 	85 	90 	91 
004109 	274 	85 	90 	91 
004110 	274 	85 	90 	91 
004111 	274 	85 	90 	91 
004112 	274 	85 	90 	91 
004113 	274 	85 	90 	91 
004114 	274 	85 	90 	91 
004115 	274 	85 	90 	91 
004116 	274 	85 	90 	91 
004117 	274 	85 	90 	91 
004118 	269 	78 	108 	109 
004119 	269 	78 	108 	109 
004120 	269 	78 	108 	109 
004121 	269 	78 	108 	109 
004122 	269 	78 	108 	109 
004123 	269 	78 	108 	109 
004124 	269 	78 	108 	109 
004125 	269 	78 	108 	109 
004126 	269 	78 	108 	109 
004127 	274 	85 	90 	91 
004128 	257 	66 	109 	109 
004129 	257 	66 	109 	109 
004130 	274 	85 	90 	91 
004131 	274 	95 	90 	91 
004132 	269 	78 	108 	109 
004133 	269 	78 	108 	109 
004134 	269 	78 	108 	109 
004135 	284 	85 	90 	91 
004136 	281 	78 	108 	109 
004137 	294 	85 	90 	91 
004138 	294 	75 	90 	91 
004139 	293 	66 	108 	109 
004140 	293 	78 	108 	109 
004141 	294 	85 	90 	91 
004142 	294 	85 	90 	91 
004143 	294 	85 	90 	91 
004144 	294 	85 	90 	91 
004145 	281 	78 	108 	109 
004146 	281 	78 	108 	109 
004147 	281 	78 	108 	109 
004148 	281 	78 	108 	109 
004149 	294 	85 	90 	91 
004150 	294 	85 	90 	91 
004151 	281 	78 	108 	109 
004152 	281 	78 	108 	109 
004153 	281 	78 	108 	109 
004154 	281 	78 	108 	109 
004155 	281 	78 	108 	109 
004156 	281 	78 	108 	109 
004157 	281 	78 	108 	109 
004158 	281 	78 	108 	109 
004159 	281 	78 	108 	109 
004160 	281 	78 	108 	109 
004161 	281 	78 	108 	109 
004162 	281 	78 	108 	109 
004163 	281 	78 	108 	109 
004164 	281 	78 	108 	109 
004165 	281 	78 	108 	109 
004166 	281 	78 	108 	109 
004167 	281 	78 	108 	109 
004168 	281 	78 	108 	109 
004169 	281 	78 	108 	109 
004170 	281 	78 	108 	109 
004171 	284 	85 	90 	91 
004172 	284 	85 	90 	91 
004173 	284 	85 	90 	91 
004174 	284 	85 	90 	91 
004175 	284 	85 	90 	91 
004176 	284 	85 	90 	91 
004177 	284 	85 	90 	91 
004178 	284 	85 	90 	91 
004179 	284 	85 	90 	91 
004180 	284 	85 	90 	91 
004181 	284 	85 	90 	91 
004182 	284 	85 	90 	91 
004183 	284 	85 	90 	91 
004184 	284 	85 	90 	91 
004185 	284 	85 	90 	91 
