Identity  : 	id10293
Reference : 	Mp1IXRquJ9s
Offset    : 	-2
FV Conf   : 	25.636
ASD Conf  : 	7.271

FRAME 	X 	Y 	W 	H 
003853 	237 	123 	130 	130 
003854 	237 	123 	130 	130 
003855 	237 	123 	130 	130 
003856 	237 	123 	130 	130 
003857 	237 	123 	130 	130 
003858 	237 	123 	130 	130 
003859 	237 	123 	130 	130 
003860 	237 	123 	130 	130 
003861 	237 	123 	130 	130 
003862 	237 	123 	130 	130 
003863 	237 	109 	130 	130 
003864 	237 	109 	130 	130 
003865 	237 	123 	130 	130 
003866 	237 	123 	130 	130 
003867 	237 	123 	130 	130 
003868 	237 	123 	130 	130 
003869 	237 	123 	130 	130 
003870 	237 	123 	130 	130 
003871 	237 	123 	130 	130 
003872 	237 	123 	130 	130 
003873 	237 	123 	130 	130 
003874 	237 	123 	130 	130 
003875 	237 	123 	130 	130 
003876 	237 	123 	130 	130 
003877 	237 	123 	130 	130 
003878 	237 	123 	130 	130 
003879 	237 	123 	130 	130 
003880 	237 	123 	130 	130 
003881 	237 	123 	130 	130 
003882 	237 	123 	130 	130 
003883 	237 	123 	130 	130 
003884 	237 	109 	130 	130 
003885 	237 	109 	130 	130 
003886 	237 	109 	130 	130 
003887 	237 	94 	130 	130 
003888 	237 	94 	130 	130 
003889 	237 	94 	130 	130 
003890 	237 	80 	130 	130 
003891 	237 	80 	130 	130 
003892 	237 	80 	130 	130 
003893 	237 	80 	130 	130 
003894 	237 	80 	130 	130 
003895 	237 	80 	130 	130 
003896 	237 	80 	130 	130 
003897 	237 	80 	130 	130 
003898 	237 	80 	130 	130 
003899 	237 	80 	130 	130 
003900 	237 	80 	130 	130 
003901 	237 	80 	130 	130 
003902 	237 	80 	130 	130 
003903 	237 	80 	130 	130 
003904 	237 	80 	130 	130 
003905 	237 	80 	130 	130 
003906 	237 	80 	130 	130 
003907 	237 	80 	130 	130 
003908 	237 	80 	130 	130 
003909 	237 	80 	130 	130 
003910 	237 	80 	130 	130 
003911 	237 	80 	130 	130 
003912 	237 	80 	130 	130 
003913 	237 	80 	130 	130 
003914 	237 	80 	130 	130 
003915 	237 	94 	130 	130 
003916 	237 	94 	130 	130 
003917 	237 	94 	130 	130 
003918 	237 	94 	130 	130 
003919 	237 	94 	130 	130 
003920 	237 	94 	130 	130 
003921 	237 	94 	130 	130 
003922 	237 	94 	130 	130 
003923 	237 	94 	130 	130 
003924 	237 	94 	130 	130 
003925 	237 	94 	130 	130 
003926 	237 	94 	130 	130 
003927 	237 	94 	130 	130 
003928 	237 	94 	130 	130 
003929 	237 	94 	130 	130 
003930 	237 	94 	130 	130 
003931 	237 	94 	130 	130 
003932 	237 	80 	130 	130 
003933 	237 	80 	130 	130 
003934 	237 	80 	130 	130 
003935 	237 	80 	130 	130 
003936 	237 	80 	130 	130 
003937 	257 	90 	109 	109 
003938 	251 	80 	130 	130 
003939 	251 	80 	130 	130 
003940 	251 	80 	130 	130 
003941 	251 	80 	130 	130 
003942 	251 	80 	130 	130 
003943 	251 	80 	130 	130 
003944 	251 	80 	130 	130 
003945 	251 	80 	130 	130 
003946 	251 	80 	130 	130 
003947 	251 	80 	130 	130 
003948 	251 	80 	130 	130 
003949 	251 	80 	130 	130 
003950 	251 	80 	130 	130 
003951 	251 	80 	130 	130 
003952 	251 	80 	130 	130 
003953 	251 	80 	130 	130 
003954 	251 	80 	130 	130 
003955 	251 	80 	130 	130 
003956 	251 	80 	130 	130 
003957 	233 	79 	156 	156 
003958 	233 	79 	156 	156 
003959 	233 	79 	156 	156 
003960 	233 	79 	156 	156 
003961 	233 	79 	156 	156 
003962 	237 	94 	130 	130 
003963 	233 	79 	156 	156 
003964 	237 	94 	130 	130 
003965 	233 	79 	156 	156 
003966 	233 	79 	156 	156 
003967 	233 	79 	156 	156 
003968 	251 	94 	130 	130 
003969 	251 	94 	130 	130 
003970 	233 	79 	156 	156 
003971 	251 	94 	130 	130 
003972 	233 	79 	156 	156 
003973 	233 	79 	156 	156 
003974 	237 	94 	130 	130 
003975 	237 	94 	130 	130 
003976 	237 	94 	130 	130 
003977 	237 	94 	130 	130 
003978 	237 	94 	130 	130 
003979 	237 	94 	130 	130 
003980 	237 	94 	130 	130 
003981 	237 	94 	130 	130 
003982 	251 	94 	130 	130 
003983 	251 	94 	130 	130 
003984 	251 	94 	130 	130 
003985 	251 	94 	130 	130 
003986 	251 	94 	130 	130 
003987 	251 	94 	130 	130 
003988 	251 	94 	130 	130 
003989 	251 	94 	130 	130 
003990 	251 	94 	130 	130 
003991 	251 	94 	130 	130 
003992 	251 	94 	130 	130 
003993 	251 	94 	130 	130 
003994 	251 	94 	130 	130 
003995 	251 	94 	130 	130 
003996 	251 	94 	130 	130 
003997 	251 	94 	130 	130 
003998 	251 	94 	130 	130 
003999 	251 	94 	130 	130 
004000 	251 	94 	130 	130 
004001 	251 	94 	130 	130 
004002 	251 	94 	130 	130 
004003 	251 	94 	130 	130 
004004 	251 	94 	130 	130 
004005 	251 	94 	130 	130 
004006 	251 	94 	130 	130 
004007 	251 	94 	130 	130 
004008 	251 	94 	130 	130 
004009 	251 	94 	130 	130 
004010 	251 	94 	130 	130 
004011 	251 	94 	130 	130 
004012 	251 	94 	130 	130 
004013 	251 	94 	130 	130 
004014 	251 	94 	130 	130 
004015 	251 	94 	130 	130 
004016 	251 	94 	130 	130 
004017 	251 	94 	130 	130 
004018 	251 	94 	130 	130 
004019 	251 	94 	130 	130 
004020 	251 	94 	130 	130 
004021 	251 	109 	130 	130 
004022 	251 	109 	130 	130 
004023 	251 	109 	130 	130 
004024 	251 	94 	130 	130 
004025 	251 	109 	130 	130 
004026 	251 	109 	130 	130 
004027 	251 	109 	130 	130 
004028 	251 	94 	130 	130 
004029 	251 	94 	130 	130 
004030 	251 	94 	130 	130 
004031 	251 	94 	130 	130 
004032 	251 	94 	130 	130 
004033 	251 	109 	130 	130 
004034 	251 	109 	130 	130 
004035 	251 	109 	130 	130 
004036 	251 	109 	130 	130 
004037 	251 	109 	130 	130 
004038 	251 	109 	130 	130 
004039 	251 	109 	130 	130 
004040 	251 	109 	130 	130 
004041 	251 	109 	130 	130 
004042 	251 	109 	130 	130 
004043 	251 	109 	130 	130 
004044 	251 	109 	130 	130 
004045 	251 	109 	130 	130 
004046 	251 	109 	130 	130 
004047 	251 	109 	130 	130 
004048 	251 	109 	130 	130 
004049 	251 	109 	130 	130 
004050 	251 	109 	130 	130 
004051 	251 	94 	130 	130 
004052 	251 	94 	130 	130 
004053 	257 	102 	109 	109 
004054 	237 	94 	130 	130 
004055 	237 	94 	130 	130 
004056 	237 	94 	130 	130 
004057 	237 	94 	130 	130 
004058 	237 	94 	130 	130 
004059 	237 	94 	130 	130 
004060 	237 	94 	130 	130 
004061 	223 	94 	130 	130 
004062 	223 	94 	130 	130 
004063 	223 	94 	130 	130 
004064 	223 	94 	130 	130 
004065 	223 	94 	130 	130 
004066 	223 	94 	130 	130 
004067 	223 	94 	130 	130 
004068 	223 	94 	130 	130 
004069 	223 	94 	130 	130 
004070 	223 	94 	130 	130 
004071 	223 	94 	130 	130 
004072 	223 	94 	130 	130 
004073 	223 	94 	130 	130 
004074 	223 	94 	130 	130 
004075 	223 	94 	130 	130 
004076 	223 	94 	130 	130 
004077 	223 	94 	130 	130 
004078 	223 	94 	130 	130 
004079 	223 	94 	130 	130 
004080 	223 	94 	130 	130 
004081 	223 	94 	130 	130 
004082 	237 	94 	130 	130 
004083 	237 	109 	130 	130 
004084 	237 	94 	130 	130 
004085 	237 	94 	130 	130 
004086 	237 	94 	130 	130 
004087 	237 	94 	130 	130 
004088 	237 	94 	130 	130 
004089 	237 	94 	130 	130 
004090 	237 	94 	130 	130 
004091 	237 	94 	130 	130 
004092 	237 	94 	130 	130 
004093 	237 	94 	130 	130 
004094 	237 	94 	130 	130 
004095 	237 	94 	130 	130 
004096 	237 	94 	130 	130 
004097 	237 	94 	130 	130 
004098 	233 	96 	156 	156 
004099 	233 	96 	156 	156 
004100 	233 	96 	156 	156 
004101 	251 	109 	130 	130 
004102 	251 	109 	130 	130 
004103 	251 	109 	130 	130 
004104 	251 	109 	130 	130 
004105 	251 	109 	130 	130 
004106 	251 	109 	130 	130 
004107 	251 	109 	130 	130 
004108 	251 	109 	130 	130 
004109 	237 	109 	130 	130 
004110 	237 	109 	130 	130 
004111 	237 	109 	130 	130 
004112 	237 	109 	130 	130 
004113 	237 	109 	130 	130 
004114 	237 	109 	130 	130 
004115 	237 	109 	130 	130 
004116 	237 	109 	130 	130 
004117 	237 	109 	130 	130 
004118 	237 	109 	130 	130 
004119 	237 	109 	130 	130 
004120 	237 	109 	130 	130 
004121 	237 	109 	130 	130 
004122 	237 	109 	130 	130 
004123 	237 	109 	130 	130 
004124 	237 	109 	130 	130 
004125 	237 	109 	130 	130 
004126 	237 	109 	130 	130 
004127 	237 	109 	130 	130 
004128 	237 	109 	130 	130 
004129 	237 	109 	130 	130 
004130 	237 	109 	130 	130 
004131 	237 	109 	130 	130 
004132 	237 	109 	130 	130 
004133 	237 	109 	130 	130 
004134 	237 	109 	130 	130 
004135 	237 	109 	130 	130 
004136 	237 	109 	130 	130 
004137 	237 	109 	130 	130 
004138 	237 	109 	130 	130 
004139 	237 	109 	130 	130 
004140 	237 	109 	130 	130 
004141 	237 	109 	130 	130 
004142 	237 	109 	130 	130 
004143 	237 	109 	130 	130 
004144 	237 	109 	130 	130 
004145 	237 	109 	130 	130 
004146 	237 	109 	130 	130 
004147 	237 	109 	130 	130 
004148 	237 	109 	130 	130 
004149 	237 	109 	130 	130 
004150 	237 	109 	130 	130 
004151 	237 	109 	130 	130 
004152 	251 	109 	130 	130 
004153 	251 	109 	130 	130 
004154 	251 	109 	130 	130 
004155 	251 	109 	130 	130 
004156 	251 	109 	130 	130 
004157 	251 	109 	130 	130 
004158 	251 	109 	130 	130 
004159 	251 	109 	130 	130 
004160 	251 	109 	130 	130 
004161 	251 	109 	130 	130 
004162 	251 	109 	130 	130 
004163 	251 	109 	130 	130 
004164 	251 	109 	130 	130 
004165 	251 	109 	130 	130 
004166 	251 	109 	130 	130 
004167 	251 	109 	130 	130 
004168 	251 	109 	130 	130 
004169 	251 	109 	130 	130 
004170 	251 	109 	130 	130 
004171 	251 	109 	130 	130 
004172 	251 	109 	130 	130 
004173 	269 	114 	108 	109 
004174 	269 	126 	108 	109 
004175 	269 	126 	108 	109 
004176 	269 	126 	108 	109 
004177 	251 	123 	130 	130 
004178 	251 	123 	130 	130 
004179 	251 	123 	130 	130 
004180 	251 	123 	130 	130 
004181 	251 	123 	130 	130 
004182 	251 	123 	130 	130 
004183 	251 	123 	130 	130 
004184 	251 	123 	130 	130 
004185 	251 	123 	130 	130 
004186 	251 	123 	130 	130 
004187 	251 	123 	130 	130 
004188 	251 	123 	130 	130 
004189 	251 	123 	130 	130 
004190 	251 	123 	130 	130 
004191 	251 	123 	130 	130 
004192 	251 	123 	130 	130 
004193 	251 	123 	130 	130 
004194 	251 	123 	130 	130 
004195 	251 	123 	130 	130 
004196 	251 	123 	130 	130 
004197 	251 	123 	130 	130 
004198 	251 	123 	130 	130 
004199 	251 	123 	130 	130 
004200 	251 	109 	130 	130 
004201 	251 	109 	130 	130 
004202 	251 	109 	130 	130 
004203 	251 	109 	130 	130 
004204 	251 	109 	130 	130 
004205 	251 	109 	130 	130 
004206 	251 	109 	130 	130 
004207 	251 	109 	130 	130 
004208 	251 	109 	130 	130 
004209 	251 	109 	130 	130 
004210 	251 	109 	130 	130 
004211 	251 	109 	130 	130 
004212 	251 	109 	130 	130 
004213 	251 	109 	130 	130 
004214 	251 	109 	130 	130 
004215 	251 	109 	130 	130 
004216 	251 	109 	130 	130 
004217 	251 	109 	130 	130 
004218 	251 	109 	130 	130 
004219 	251 	109 	130 	130 
004220 	251 	109 	130 	130 
004221 	251 	109 	130 	130 
004222 	251 	109 	130 	130 
004223 	251 	109 	130 	130 
004224 	251 	123 	130 	130 
004225 	251 	109 	130 	130 
004226 	251 	109 	130 	130 
004227 	251 	109 	130 	130 
004228 	251 	109 	130 	130 
004229 	251 	109 	130 	130 
004230 	251 	109 	130 	130 
004231 	251 	109 	130 	130 
004232 	251 	109 	130 	130 
004233 	251 	109 	130 	130 
004234 	251 	109 	130 	130 
004235 	251 	109 	130 	130 
004236 	251 	109 	130 	130 
004237 	269 	114 	108 	109 
004238 	269 	114 	108 	109 
004239 	266 	109 	130 	130 
004240 	251 	109 	130 	130 
004241 	251 	109 	130 	130 
