Identity  : 	id10293
Reference : 	Mp1IXRquJ9s
Offset    : 	-2
FV Conf   : 	17.433
ASD Conf  : 	5.731

FRAME 	X 	Y 	W 	H 
001574 	251 	80 	130 	130 
001575 	251 	80 	130 	130 
001576 	251 	80 	130 	130 
001577 	251 	94 	130 	130 
001578 	251 	94 	130 	130 
001579 	251 	80 	130 	130 
001580 	251 	80 	130 	130 
001581 	266 	80 	130 	130 
001582 	266 	80 	130 	130 
001583 	266 	66 	130 	130 
001584 	266 	66 	130 	130 
001585 	266 	66 	130 	130 
001586 	266 	66 	130 	130 
001587 	266 	66 	130 	130 
001588 	266 	66 	130 	130 
001589 	269 	66 	108 	109 
001590 	251 	66 	130 	130 
001591 	251 	66 	130 	130 
001592 	251 	66 	130 	130 
001593 	257 	78 	109 	109 
001594 	237 	80 	130 	130 
001595 	237 	80 	130 	130 
001596 	237 	80 	130 	130 
001597 	237 	80 	130 	130 
001598 	237 	80 	130 	130 
001599 	216 	79 	156 	156 
001600 	237 	80 	130 	130 
001601 	237 	80 	130 	130 
001602 	237 	94 	130 	130 
001603 	237 	94 	130 	130 
001604 	237 	94 	130 	130 
001605 	237 	94 	130 	130 
001606 	237 	94 	130 	130 
001607 	237 	94 	130 	130 
001608 	237 	94 	130 	130 
001609 	237 	94 	130 	130 
001610 	237 	94 	130 	130 
001611 	237 	94 	130 	130 
001612 	237 	94 	130 	130 
001613 	237 	94 	130 	130 
001614 	237 	94 	130 	130 
001615 	237 	109 	130 	130 
001616 	237 	109 	130 	130 
001617 	237 	109 	130 	130 
001618 	237 	109 	130 	130 
001619 	237 	109 	130 	130 
001620 	237 	109 	130 	130 
001621 	237 	109 	130 	130 
001622 	237 	123 	130 	130 
001623 	237 	123 	130 	130 
001624 	237 	123 	130 	130 
001625 	237 	123 	130 	130 
001626 	237 	123 	130 	130 
001627 	237 	123 	130 	130 
001628 	237 	123 	130 	130 
001629 	237 	123 	130 	130 
001630 	237 	123 	130 	130 
001631 	251 	123 	130 	130 
001632 	251 	123 	130 	130 
001633 	251 	123 	130 	130 
001634 	251 	123 	130 	130 
001635 	251 	123 	130 	130 
001636 	251 	123 	130 	130 
001637 	251 	123 	130 	130 
001638 	251 	123 	130 	130 
001639 	251 	123 	130 	130 
001640 	251 	123 	130 	130 
001641 	251 	123 	130 	130 
001642 	251 	123 	130 	130 
001643 	251 	123 	130 	130 
001644 	251 	123 	130 	130 
001645 	251 	123 	130 	130 
001646 	257 	126 	109 	109 
001647 	237 	123 	130 	130 
001648 	237 	123 	130 	130 
001649 	237 	109 	130 	130 
001650 	237 	109 	130 	130 
001651 	237 	109 	130 	130 
001652 	237 	109 	130 	130 
001653 	237 	109 	130 	130 
001654 	237 	109 	130 	130 
001655 	237 	109 	130 	130 
001656 	237 	109 	130 	130 
001657 	237 	109 	130 	130 
001658 	237 	109 	130 	130 
001659 	237 	109 	130 	130 
001660 	237 	109 	130 	130 
001661 	237 	109 	130 	130 
001662 	237 	109 	130 	130 
001663 	237 	109 	130 	130 
001664 	237 	109 	130 	130 
001665 	237 	109 	130 	130 
001666 	237 	109 	130 	130 
001667 	237 	109 	130 	130 
001668 	237 	123 	130 	130 
001669 	237 	123 	130 	130 
001670 	237 	123 	130 	130 
001671 	237 	123 	130 	130 
001672 	237 	123 	130 	130 
001673 	237 	123 	130 	130 
001674 	237 	123 	130 	130 
001675 	237 	123 	130 	130 
001676 	237 	123 	130 	130 
001677 	237 	123 	130 	130 
001678 	237 	123 	130 	130 
001679 	237 	123 	130 	130 
001680 	237 	123 	130 	130 
001681 	237 	123 	130 	130 
001682 	237 	123 	130 	130 
001683 	237 	123 	130 	130 
001684 	237 	123 	130 	130 
001685 	237 	123 	130 	130 
001686 	237 	123 	130 	130 
001687 	237 	123 	130 	130 
001688 	237 	123 	130 	130 
001689 	237 	123 	130 	130 
001690 	237 	123 	130 	130 
001691 	237 	123 	130 	130 
001692 	237 	123 	130 	130 
001693 	237 	123 	130 	130 
001694 	237 	123 	130 	130 
001695 	237 	123 	130 	130 
001696 	237 	123 	130 	130 
001697 	237 	123 	130 	130 
001698 	237 	123 	130 	130 
001699 	237 	123 	130 	130 
001700 	237 	123 	130 	130 
001701 	237 	123 	130 	130 
001702 	237 	123 	130 	130 
001703 	237 	123 	130 	130 
001704 	237 	123 	130 	130 
001705 	237 	123 	130 	130 
001706 	237 	123 	130 	130 
001707 	237 	123 	130 	130 
001708 	237 	123 	130 	130 
001709 	237 	123 	130 	130 
001710 	237 	123 	130 	130 
001711 	237 	123 	130 	130 
001712 	237 	123 	130 	130 
001713 	237 	123 	130 	130 
001714 	237 	123 	130 	130 
001715 	237 	123 	130 	130 
001716 	237 	123 	130 	130 
001717 	237 	123 	130 	130 
001718 	237 	123 	130 	130 
001719 	237 	123 	130 	130 
001720 	237 	123 	130 	130 
001721 	237 	123 	130 	130 
001722 	237 	123 	130 	130 
001723 	237 	123 	130 	130 
001724 	237 	123 	130 	130 
001725 	237 	109 	130 	130 
001726 	237 	109 	130 	130 
001727 	237 	109 	130 	130 
001728 	251 	123 	130 	130 
001729 	251 	123 	130 	130 
001730 	251 	123 	130 	130 
001731 	251 	123 	130 	130 
001732 	251 	123 	130 	130 
001733 	237 	123 	130 	130 
001734 	237 	123 	130 	130 
001735 	237 	123 	130 	130 
001736 	237 	109 	130 	130 
001737 	237 	109 	130 	130 
001738 	237 	109 	130 	130 
001739 	237 	109 	130 	130 
001740 	237 	109 	130 	130 
001741 	216 	96 	156 	156 
001742 	216 	96 	156 	156 
001743 	237 	109 	130 	130 
001744 	237 	109 	130 	130 
001745 	237 	109 	130 	130 
001746 	237 	109 	130 	130 
001747 	237 	109 	130 	130 
001748 	237 	109 	130 	130 
001749 	237 	109 	130 	130 
001750 	237 	109 	130 	130 
001751 	237 	109 	130 	130 
001752 	237 	109 	130 	130 
001753 	237 	109 	130 	130 
001754 	237 	109 	130 	130 
001755 	237 	109 	130 	130 
001756 	237 	109 	130 	130 
001757 	237 	109 	130 	130 
001758 	237 	109 	130 	130 
001759 	237 	109 	130 	130 
001760 	237 	109 	130 	130 
001761 	237 	109 	130 	130 
001762 	237 	109 	130 	130 
001763 	237 	109 	130 	130 
001764 	237 	109 	130 	130 
001765 	237 	109 	130 	130 
001766 	237 	109 	130 	130 
001767 	237 	109 	130 	130 
001768 	237 	109 	130 	130 
001769 	237 	109 	130 	130 
001770 	237 	109 	130 	130 
001771 	237 	109 	130 	130 
001772 	237 	109 	130 	130 
001773 	237 	109 	130 	130 
001774 	237 	109 	130 	130 
001775 	237 	109 	130 	130 
001776 	237 	109 	130 	130 
001777 	237 	109 	130 	130 
001778 	237 	109 	130 	130 
001779 	237 	109 	130 	130 
001780 	237 	109 	130 	130 
001781 	237 	109 	130 	130 
001782 	237 	109 	130 	130 
001783 	237 	109 	130 	130 
001784 	237 	109 	130 	130 
001785 	237 	109 	130 	130 
001786 	237 	109 	130 	130 
001787 	237 	109 	130 	130 
001788 	237 	109 	130 	130 
001789 	237 	109 	130 	130 
001790 	237 	109 	130 	130 
001791 	237 	109 	130 	130 
001792 	237 	109 	130 	130 
001793 	237 	109 	130 	130 
001794 	237 	109 	130 	130 
001795 	237 	109 	130 	130 
001796 	237 	109 	130 	130 
001797 	237 	109 	130 	130 
001798 	237 	109 	130 	130 
001799 	237 	109 	130 	130 
001800 	237 	109 	130 	130 
001801 	237 	109 	130 	130 
001802 	237 	109 	130 	130 
001803 	237 	109 	130 	130 
001804 	237 	109 	130 	130 
001805 	237 	109 	130 	130 
001806 	237 	109 	130 	130 
001807 	237 	109 	130 	130 
001808 	237 	109 	130 	130 
001809 	237 	109 	130 	130 
001810 	237 	109 	130 	130 
001811 	237 	109 	130 	130 
001812 	237 	94 	130 	130 
001813 	237 	94 	130 	130 
001814 	237 	94 	130 	130 
001815 	237 	80 	130 	130 
001816 	237 	80 	130 	130 
001817 	237 	80 	130 	130 
001818 	237 	80 	130 	130 
001819 	237 	80 	130 	130 
001820 	237 	80 	130 	130 
001821 	233 	79 	156 	156 
001822 	233 	79 	156 	156 
001823 	233 	79 	156 	156 
001824 	251 	94 	130 	130 
001825 	233 	79 	156 	156 
001826 	233 	96 	156 	156 
001827 	233 	96 	156 	156 
001828 	233 	96 	156 	156 
001829 	233 	96 	156 	156 
001830 	233 	96 	156 	156 
001831 	237 	109 	130 	130 
001832 	237 	109 	130 	130 
001833 	237 	109 	130 	130 
001834 	237 	109 	130 	130 
001835 	237 	109 	130 	130 
001836 	237 	109 	130 	130 
001837 	237 	109 	130 	130 
001838 	237 	109 	130 	130 
001839 	237 	109 	130 	130 
001840 	237 	109 	130 	130 
001841 	237 	109 	130 	130 
001842 	216 	96 	156 	156 
001843 	223 	109 	130 	130 
001844 	223 	109 	130 	130 
001845 	223 	109 	130 	130 
001846 	223 	109 	130 	130 
001847 	223 	109 	130 	130 
001848 	223 	109 	130 	130 
001849 	223 	109 	130 	130 
001850 	223 	109 	130 	130 
001851 	199 	96 	155 	156 
001852 	223 	109 	130 	130 
001853 	208 	123 	130 	130 
001854 	199 	113 	155 	156 
001855 	223 	109 	130 	130 
001856 	199 	96 	155 	156 
001857 	223 	109 	130 	130 
001858 	223 	109 	130 	130 
001859 	223 	109 	130 	130 
001860 	223 	109 	130 	130 
001861 	223 	109 	130 	130 
001862 	223 	109 	130 	130 
001863 	223 	109 	130 	130 
001864 	223 	109 	130 	130 
001865 	223 	109 	130 	130 
001866 	223 	109 	130 	130 
001867 	223 	109 	130 	130 
001868 	223 	109 	130 	130 
001869 	223 	109 	130 	130 
001870 	223 	109 	130 	130 
001871 	223 	109 	130 	130 
001872 	223 	109 	130 	130 
001873 	223 	109 	130 	130 
001874 	223 	109 	130 	130 
001875 	223 	109 	130 	130 
001876 	223 	109 	130 	130 
001877 	223 	109 	130 	130 
001878 	223 	109 	130 	130 
001879 	223 	109 	130 	130 
001880 	223 	109 	130 	130 
001881 	223 	109 	130 	130 
001882 	223 	109 	130 	130 
001883 	223 	109 	130 	130 
001884 	223 	109 	130 	130 
001885 	223 	109 	130 	130 
001886 	237 	94 	130 	130 
001887 	237 	94 	130 	130 
001888 	237 	94 	130 	130 
001889 	237 	94 	130 	130 
001890 	237 	94 	130 	130 
001891 	237 	94 	130 	130 
001892 	237 	94 	130 	130 
001893 	237 	94 	130 	130 
001894 	237 	94 	130 	130 
001895 	237 	94 	130 	130 
001896 	237 	94 	130 	130 
001897 	237 	94 	130 	130 
001898 	237 	94 	130 	130 
001899 	237 	94 	130 	130 
001900 	237 	94 	130 	130 
001901 	237 	94 	130 	130 
001902 	237 	94 	130 	130 
001903 	237 	109 	130 	130 
001904 	237 	109 	130 	130 
001905 	237 	109 	130 	130 
001906 	237 	109 	130 	130 
001907 	237 	109 	130 	130 
001908 	237 	109 	130 	130 
001909 	237 	109 	130 	130 
001910 	237 	109 	130 	130 
001911 	237 	109 	130 	130 
001912 	237 	109 	130 	130 
001913 	237 	109 	130 	130 
001914 	237 	109 	130 	130 
001915 	237 	109 	130 	130 
001916 	237 	94 	130 	130 
001917 	237 	94 	130 	130 
001918 	237 	94 	130 	130 
001919 	237 	94 	130 	130 
001920 	237 	94 	130 	130 
001921 	237 	94 	130 	130 
001922 	237 	94 	130 	130 
001923 	237 	94 	130 	130 
001924 	237 	109 	130 	130 
001925 	237 	94 	130 	130 
001926 	237 	94 	130 	130 
001927 	237 	94 	130 	130 
001928 	237 	94 	130 	130 
001929 	237 	94 	130 	130 
001930 	237 	94 	130 	130 
001931 	237 	109 	130 	130 
001932 	237 	109 	130 	130 
001933 	237 	109 	130 	130 
001934 	237 	109 	130 	130 
001935 	237 	109 	130 	130 
001936 	237 	109 	130 	130 
