Identity  : 	id10292
Reference : 	v6MWr5UAZ94
Offset    : 	-12
FV Conf   : 	14.763
ASD Conf  : 	3.943

FRAME 	X 	Y 	W 	H 
008227 	138 	102 	108 	109 
008228 	138 	102 	108 	109 
008229 	150 	102 	108 	109 
008230 	150 	102 	108 	109 
008231 	150 	102 	108 	109 
008232 	150 	102 	108 	109 
008233 	150 	102 	108 	109 
008234 	138 	102 	108 	109 
008235 	138 	102 	108 	109 
008236 	138 	102 	108 	109 
008237 	138 	102 	108 	109 
008238 	138 	102 	108 	109 
008239 	138 	102 	108 	109 
008240 	138 	102 	108 	109 
008241 	138 	102 	108 	109 
008242 	138 	102 	108 	109 
008243 	138 	102 	108 	109 
008244 	138 	102 	108 	109 
008245 	138 	102 	108 	109 
008246 	138 	102 	108 	109 
008247 	138 	102 	108 	109 
008248 	138 	102 	108 	109 
008249 	138 	102 	108 	109 
008250 	138 	102 	108 	109 
008251 	138 	102 	108 	109 
008252 	138 	102 	108 	109 
008253 	138 	102 	108 	109 
008254 	138 	102 	108 	109 
008255 	138 	102 	108 	109 
008256 	138 	102 	108 	109 
008257 	138 	102 	108 	109 
008258 	138 	102 	108 	109 
008259 	138 	102 	108 	109 
008260 	138 	102 	108 	109 
008261 	138 	102 	108 	109 
008262 	138 	102 	108 	109 
008263 	150 	102 	108 	109 
008264 	150 	102 	108 	109 
008265 	150 	102 	108 	109 
008266 	150 	102 	108 	109 
008267 	150 	102 	108 	109 
008268 	150 	102 	108 	109 
008269 	150 	102 	108 	109 
008270 	150 	102 	108 	109 
008271 	150 	102 	108 	109 
008272 	150 	102 	108 	109 
008273 	150 	102 	108 	109 
008274 	150 	102 	108 	109 
008275 	150 	102 	108 	109 
008276 	150 	102 	108 	109 
008277 	150 	102 	108 	109 
008278 	150 	102 	108 	109 
008279 	154 	115 	91 	91 
008280 	150 	102 	108 	109 
008281 	154 	115 	91 	91 
008282 	154 	115 	91 	91 
008283 	138 	90 	108 	109 
008284 	138 	90 	108 	109 
008285 	138 	90 	108 	109 
008286 	138 	90 	108 	109 
008287 	138 	90 	108 	109 
008288 	138 	90 	108 	109 
008289 	138 	102 	108 	109 
008290 	138 	102 	108 	109 
008291 	138 	102 	108 	109 
008292 	138 	102 	108 	109 
008293 	138 	102 	108 	109 
008294 	138 	102 	108 	109 
008295 	138 	102 	108 	109 
008296 	138 	102 	108 	109 
008297 	138 	102 	108 	109 
008298 	138 	102 	108 	109 
008299 	138 	102 	108 	109 
008300 	138 	102 	108 	109 
008301 	138 	102 	108 	109 
008302 	138 	102 	108 	109 
008303 	138 	102 	108 	109 
008304 	138 	102 	108 	109 
008305 	138 	102 	108 	109 
008306 	138 	102 	108 	109 
008307 	138 	102 	108 	109 
008308 	138 	102 	108 	109 
008309 	138 	102 	108 	109 
008310 	138 	102 	108 	109 
008311 	138 	102 	108 	109 
008312 	138 	102 	108 	109 
008313 	138 	102 	108 	109 
008314 	138 	102 	108 	109 
008315 	138 	102 	108 	109 
008316 	138 	102 	108 	109 
008317 	138 	102 	108 	109 
008318 	138 	102 	108 	109 
008319 	138 	102 	108 	109 
008320 	138 	102 	108 	109 
008321 	138 	102 	108 	109 
008322 	138 	102 	108 	109 
008323 	138 	102 	108 	109 
008324 	138 	102 	108 	109 
008325 	138 	102 	108 	109 
008326 	138 	102 	108 	109 
008327 	138 	102 	108 	109 
008328 	138 	102 	108 	109 
008329 	138 	102 	108 	109 
008330 	138 	102 	108 	109 
008331 	138 	114 	108 	109 
008332 	138 	114 	108 	109 
008333 	138 	114 	108 	109 
008334 	138 	126 	108 	109 
008335 	138 	126 	108 	109 
008336 	150 	114 	108 	109 
008337 	150 	114 	108 	109 
008338 	150 	114 	108 	109 
008339 	150 	102 	108 	109 
008340 	150 	102 	108 	109 
008341 	150 	102 	108 	109 
008342 	150 	102 	108 	109 
008343 	150 	102 	108 	109 
008344 	138 	102 	108 	109 
008345 	138 	102 	108 	109 
008346 	138 	102 	108 	109 
008347 	138 	102 	108 	109 
008348 	138 	102 	108 	109 
008349 	138 	102 	108 	109 
008350 	138 	102 	108 	109 
008351 	138 	102 	108 	109 
008352 	138 	102 	108 	109 
008353 	138 	102 	108 	109 
008354 	138 	102 	108 	109 
008355 	138 	102 	108 	109 
008356 	138 	102 	108 	109 
008357 	138 	102 	108 	109 
008358 	138 	102 	108 	109 
008359 	138 	102 	108 	109 
008360 	138 	102 	108 	109 
008361 	138 	102 	108 	109 
008362 	138 	102 	108 	109 
008363 	138 	102 	108 	109 
008364 	138 	102 	108 	109 
008365 	138 	102 	108 	109 
008366 	138 	102 	108 	109 
008367 	138 	102 	108 	109 
008368 	138 	102 	108 	109 
008369 	138 	102 	108 	109 
008370 	138 	102 	108 	109 
008371 	138 	102 	108 	109 
008372 	138 	102 	108 	109 
008373 	138 	102 	108 	109 
008374 	138 	102 	108 	109 
008375 	138 	102 	108 	109 
008376 	138 	102 	108 	109 
008377 	138 	102 	108 	109 
008378 	138 	102 	108 	109 
008379 	138 	102 	108 	109 
008380 	138 	102 	108 	109 
008381 	138 	102 	108 	109 
008382 	138 	102 	108 	109 
008383 	138 	102 	108 	109 
008384 	138 	102 	108 	109 
008385 	138 	114 	108 	109 
008386 	138 	114 	108 	109 
008387 	138 	114 	108 	109 
008388 	138 	114 	108 	109 
008389 	138 	114 	108 	109 
008390 	154 	135 	91 	90 
008391 	138 	114 	108 	109 
008392 	154 	135 	91 	90 
008393 	138 	114 	108 	109 
008394 	138 	114 	108 	109 
008395 	138 	102 	108 	109 
008396 	138 	102 	108 	109 
008397 	138 	102 	108 	109 
008398 	138 	102 	108 	109 
008399 	138 	102 	108 	109 
008400 	138 	102 	108 	109 
008401 	138 	102 	108 	109 
008402 	138 	102 	108 	109 
