Identity  : 	id10273
Reference : 	ZpPPaMazpf0
Offset    : 	-3
FV Conf   : 	16.778
ASD Conf  : 	6.655

FRAME 	X 	Y 	W 	H 
001618 	336 	64 	224 	224 
001619 	336 	64 	224 	224 
001620 	342 	95 	187 	186 
001621 	311 	64 	224 	224 
001622 	311 	64 	224 	224 
001623 	311 	64 	224 	224 
001624 	287 	64 	224 	224 
001625 	287 	64 	224 	224 
001626 	287 	64 	224 	224 
001627 	287 	64 	224 	224 
001628 	262 	64 	224 	224 
001629 	262 	64 	224 	224 
001630 	259 	74 	187 	187 
001631 	237 	64 	224 	224 
001632 	237 	64 	224 	224 
001633 	239 	95 	186 	186 
001634 	212 	89 	224 	224 
001635 	212 	89 	224 	224 
001636 	188 	89 	224 	224 
001637 	188 	89 	224 	224 
001638 	188 	89 	224 	224 
001639 	188 	89 	224 	224 
001640 	188 	89 	224 	224 
001641 	188 	89 	224 	224 
001642 	212 	89 	224 	224 
001643 	218 	95 	187 	186 
001644 	212 	89 	224 	224 
001645 	212 	64 	224 	224 
001646 	239 	95 	186 	186 
001647 	237 	89 	224 	224 
001648 	237 	64 	224 	224 
001649 	237 	64 	224 	224 
001650 	262 	64 	224 	224 
001651 	262 	64 	224 	224 
001652 	262 	64 	224 	224 
001653 	287 	64 	224 	224 
001654 	287 	64 	224 	224 
001655 	287 	64 	224 	224 
001656 	287 	64 	224 	224 
001657 	321 	74 	187 	187 
001658 	321 	74 	187 	187 
001659 	311 	64 	224 	224 
001660 	311 	64 	224 	224 
001661 	311 	64 	224 	224 
001662 	311 	64 	224 	224 
001663 	321 	74 	187 	187 
001664 	311 	64 	224 	224 
001665 	321 	74 	187 	187 
001666 	321 	74 	187 	187 
001667 	321 	74 	187 	187 
001668 	321 	74 	187 	187 
001669 	321 	74 	187 	187 
001670 	321 	74 	187 	187 
001671 	321 	74 	187 	187 
001672 	321 	74 	187 	187 
001673 	321 	74 	187 	187 
001674 	321 	74 	187 	187 
001675 	321 	74 	187 	187 
001676 	321 	74 	187 	187 
001677 	321 	74 	187 	187 
001678 	321 	74 	187 	187 
001679 	321 	74 	187 	187 
001680 	321 	74 	187 	187 
001681 	321 	74 	187 	187 
001682 	321 	74 	187 	187 
001683 	321 	74 	187 	187 
001684 	321 	74 	187 	187 
001685 	321 	74 	187 	187 
001686 	321 	74 	187 	187 
001687 	321 	74 	187 	187 
001688 	321 	74 	187 	187 
001689 	287 	64 	224 	224 
001690 	287 	64 	224 	224 
001691 	287 	64 	224 	224 
001692 	287 	64 	224 	224 
001693 	287 	64 	224 	224 
001694 	287 	64 	224 	224 
001695 	287 	64 	224 	224 
001696 	287 	64 	224 	224 
001697 	287 	64 	224 	224 
001698 	287 	64 	224 	224 
001699 	287 	64 	224 	224 
001700 	287 	64 	224 	224 
001701 	287 	64 	224 	224 
001702 	287 	64 	224 	224 
001703 	287 	64 	224 	224 
001704 	287 	64 	224 	224 
001705 	287 	64 	224 	224 
001706 	287 	64 	224 	224 
001707 	321 	74 	187 	187 
001708 	311 	64 	224 	224 
001709 	311 	64 	224 	224 
001710 	311 	64 	224 	224 
001711 	321 	74 	187 	187 
001712 	321 	74 	187 	187 
001713 	287 	64 	224 	224 
001714 	287 	64 	224 	224 
001715 	287 	64 	224 	224 
001716 	287 	64 	224 	224 
001717 	287 	64 	224 	224 
001718 	287 	64 	224 	224 
001719 	311 	64 	224 	224 
001720 	311 	64 	224 	224 
001721 	311 	64 	224 	224 
001722 	311 	64 	224 	224 
001723 	311 	64 	224 	224 
001724 	311 	64 	224 	224 
001725 	311 	64 	224 	224 
001726 	311 	64 	224 	224 
001727 	311 	64 	224 	224 
001728 	311 	64 	224 	224 
001729 	311 	64 	224 	224 
001730 	311 	64 	224 	224 
001731 	311 	64 	224 	224 
001732 	311 	64 	224 	224 
001733 	311 	64 	224 	224 
001734 	311 	64 	224 	224 
001735 	311 	64 	224 	224 
001736 	311 	64 	224 	224 
001737 	287 	64 	224 	224 
001738 	287 	64 	224 	224 
001739 	287 	64 	224 	224 
001740 	287 	64 	224 	224 
001741 	287 	64 	224 	224 
001742 	287 	64 	224 	224 
001743 	287 	64 	224 	224 
001744 	287 	64 	224 	224 
001745 	287 	64 	224 	224 
001746 	287 	64 	224 	224 
001747 	287 	64 	224 	224 
001748 	287 	64 	224 	224 
001749 	321 	95 	187 	186 
001750 	301 	95 	186 	186 
001751 	301 	95 	186 	186 
001752 	301 	95 	186 	186 
001753 	287 	64 	224 	224 
001754 	301 	74 	186 	187 
001755 	287 	39 	224 	224 
001756 	287 	39 	224 	224 
001757 	301 	33 	186 	187 
001758 	301 	33 	186 	187 
001759 	301 	12 	186 	187 
001760 	301 	12 	186 	187 
001761 	301 	12 	186 	187 
001762 	301 	12 	186 	187 
001763 	321 	12 	187 	187 
001764 	321 	12 	187 	187 
001765 	321 	12 	187 	187 
001766 	321 	12 	187 	187 
001767 	321 	12 	187 	187 
001768 	321 	12 	187 	187 
001769 	321 	12 	187 	187 
001770 	321 	12 	187 	187 
001771 	321 	12 	187 	187 
001772 	301 	12 	186 	187 
001773 	301 	12 	186 	187 
