Identity  : 	id10273
Reference : 	ZpPPaMazpf0
Offset    : 	-3
FV Conf   : 	16.513
ASD Conf  : 	8.569

FRAME 	X 	Y 	W 	H 
000222 	212 	64 	224 	224 
000223 	212 	64 	224 	224 
000224 	212 	64 	224 	224 
000225 	212 	64 	224 	224 
000226 	188 	64 	224 	224 
000227 	188 	64 	224 	224 
000228 	212 	64 	224 	224 
000229 	212 	64 	224 	224 
000230 	212 	64 	224 	224 
000231 	212 	52 	224 	224 
000232 	212 	39 	224 	224 
000233 	212 	39 	224 	224 
000234 	212 	39 	224 	224 
000235 	212 	39 	224 	224 
000236 	212 	39 	224 	224 
000237 	212 	39 	224 	224 
000238 	212 	39 	224 	224 
000239 	212 	39 	224 	224 
000240 	212 	39 	224 	224 
000241 	212 	39 	224 	224 
000242 	212 	39 	224 	224 
000243 	212 	39 	224 	224 
000244 	212 	39 	224 	224 
000245 	212 	39 	224 	224 
000246 	212 	39 	224 	224 
000247 	212 	39 	224 	224 
000248 	212 	39 	224 	224 
000249 	212 	39 	224 	224 
000250 	212 	39 	224 	224 
000251 	212 	39 	224 	224 
000252 	212 	39 	224 	224 
000253 	212 	39 	224 	224 
000254 	212 	39 	224 	224 
000255 	212 	39 	224 	224 
000256 	212 	39 	224 	224 
000257 	212 	39 	224 	224 
000258 	212 	39 	224 	224 
000259 	212 	39 	224 	224 
000260 	212 	39 	224 	224 
000261 	212 	39 	224 	224 
000262 	212 	39 	224 	224 
000263 	212 	39 	224 	224 
000264 	239 	74 	186 	187 
000265 	212 	39 	224 	224 
000266 	212 	39 	224 	224 
000267 	212 	39 	224 	224 
000268 	212 	39 	224 	224 
000269 	212 	39 	224 	224 
000270 	212 	39 	224 	224 
000271 	212 	39 	224 	224 
000272 	212 	39 	224 	224 
000273 	212 	39 	224 	224 
000274 	212 	39 	224 	224 
000275 	212 	39 	224 	224 
000276 	212 	39 	224 	224 
000277 	212 	39 	224 	224 
000278 	212 	39 	224 	224 
000279 	212 	39 	224 	224 
000280 	212 	39 	224 	224 
000281 	212 	39 	224 	224 
000282 	212 	64 	224 	224 
000283 	212 	39 	224 	224 
000284 	212 	39 	224 	224 
000285 	212 	64 	224 	224 
000286 	212 	64 	224 	224 
000287 	212 	64 	224 	224 
000288 	212 	64 	224 	224 
000289 	212 	64 	224 	224 
000290 	212 	64 	224 	224 
000291 	212 	64 	224 	224 
000292 	212 	64 	224 	224 
000293 	212 	64 	224 	224 
000294 	212 	64 	224 	224 
000295 	212 	64 	224 	224 
000296 	212 	64 	224 	224 
000297 	212 	64 	224 	224 
000298 	212 	64 	224 	224 
000299 	212 	64 	224 	224 
000300 	212 	64 	224 	224 
000301 	212 	64 	224 	224 
000302 	212 	64 	224 	224 
000303 	212 	64 	224 	224 
000304 	212 	64 	224 	224 
000305 	212 	64 	224 	224 
000306 	239 	74 	186 	187 
000307 	212 	39 	224 	224 
000308 	239 	74 	186 	187 
000309 	239 	74 	186 	187 
000310 	239 	74 	186 	187 
000311 	237 	39 	224 	224 
000312 	237 	39 	224 	224 
000313 	237 	39 	224 	224 
000314 	237 	39 	224 	224 
000315 	237 	39 	224 	224 
000316 	237 	39 	224 	224 
000317 	237 	39 	224 	224 
000318 	237 	39 	224 	224 
000319 	237 	39 	224 	224 
000320 	237 	39 	224 	224 
000321 	237 	39 	224 	224 
000322 	237 	39 	224 	224 
000323 	237 	39 	224 	224 
000324 	237 	39 	224 	224 
000325 	237 	39 	224 	224 
000326 	237 	39 	224 	224 
000327 	237 	39 	224 	224 
000328 	237 	39 	224 	224 
000329 	237 	39 	224 	224 
000330 	237 	39 	224 	224 
000331 	237 	39 	224 	224 
000332 	237 	39 	224 	224 
000333 	237 	39 	224 	224 
000334 	237 	39 	224 	224 
000335 	259 	53 	187 	187 
000336 	237 	39 	224 	224 
000337 	237 	39 	224 	224 
000338 	237 	39 	224 	224 
000339 	237 	39 	224 	224 
000340 	237 	39 	224 	224 
000341 	237 	39 	224 	224 
000342 	259 	74 	187 	187 
000343 	259 	74 	187 	187 
000344 	259 	74 	187 	187 
000345 	259 	74 	187 	187 
000346 	259 	74 	187 	187 
000347 	237 	39 	224 	224 
000348 	237 	39 	224 	224 
000349 	259 	74 	187 	187 
000350 	259 	74 	187 	187 
000351 	237 	39 	224 	224 
000352 	259 	74 	187 	187 
000353 	259 	74 	187 	187 
000354 	237 	39 	224 	224 
000355 	237 	39 	224 	224 
000356 	259 	74 	187 	187 
000357 	237 	39 	224 	224 
000358 	259 	74 	187 	187 
000359 	259 	74 	187 	187 
000360 	259 	74 	187 	187 
000361 	237 	39 	224 	224 
000362 	259 	74 	187 	187 
000363 	259 	74 	187 	187 
000364 	259 	74 	187 	187 
000365 	259 	74 	187 	187 
000366 	259 	74 	187 	187 
000367 	259 	74 	187 	187 
000368 	259 	74 	187 	187 
000369 	259 	74 	187 	187 
000370 	259 	74 	187 	187 
000371 	259 	74 	187 	187 
000372 	259 	74 	187 	187 
000373 	259 	74 	187 	187 
000374 	259 	74 	187 	187 
000375 	259 	74 	187 	187 
000376 	259 	74 	187 	187 
000377 	259 	74 	187 	187 
000378 	259 	74 	187 	187 
000379 	259 	74 	187 	187 
000380 	259 	74 	187 	187 
000381 	237 	64 	224 	224 
000382 	259 	74 	187 	187 
000383 	259 	74 	187 	187 
000384 	259 	74 	187 	187 
000385 	259 	74 	187 	187 
000386 	259 	74 	187 	187 
000387 	259 	74 	187 	187 
000388 	259 	74 	187 	187 
000389 	259 	74 	187 	187 
000390 	259 	74 	187 	187 
000391 	237 	39 	224 	224 
000392 	237 	39 	224 	224 
000393 	237 	39 	224 	224 
000394 	237 	39 	224 	224 
000395 	237 	39 	224 	224 
000396 	237 	39 	224 	224 
000397 	237 	39 	224 	224 
000398 	237 	39 	224 	224 
000399 	237 	39 	224 	224 
000400 	237 	39 	224 	224 
000401 	237 	39 	224 	224 
000402 	237 	39 	224 	224 
000403 	237 	39 	224 	224 
000404 	237 	39 	224 	224 
000405 	237 	39 	224 	224 
000406 	237 	39 	224 	224 
000407 	237 	39 	224 	224 
000408 	237 	39 	224 	224 
000409 	237 	39 	224 	224 
000410 	237 	39 	224 	224 
000411 	237 	39 	224 	224 
000412 	237 	39 	224 	224 
000413 	237 	39 	224 	224 
000414 	237 	39 	224 	224 
000415 	237 	39 	224 	224 
000416 	259 	74 	187 	187 
000417 	259 	74 	187 	187 
000418 	259 	74 	187 	187 
000419 	259 	74 	187 	187 
000420 	237 	39 	224 	224 
000421 	237 	39 	224 	224 
000422 	237 	39 	224 	224 
000423 	237 	39 	224 	224 
000424 	237 	39 	224 	224 
000425 	237 	39 	224 	224 
000426 	237 	39 	224 	224 
000427 	237 	39 	224 	224 
000428 	237 	39 	224 	224 
000429 	237 	39 	224 	224 
000430 	237 	39 	224 	224 
000431 	259 	74 	187 	187 
000432 	259 	74 	187 	187 
000433 	237 	39 	224 	224 
000434 	259 	74 	187 	187 
000435 	259 	74 	187 	187 
000436 	237 	39 	224 	224 
000437 	237 	39 	224 	224 
000438 	237 	39 	224 	224 
000439 	237 	39 	224 	224 
000440 	237 	39 	224 	224 
000441 	237 	39 	224 	224 
000442 	237 	39 	224 	224 
000443 	237 	39 	224 	224 
000444 	237 	39 	224 	224 
000445 	237 	39 	224 	224 
000446 	237 	39 	224 	224 
000447 	237 	39 	224 	224 
000448 	237 	39 	224 	224 
