Identity  : 	id10273
Reference : 	ZpPPaMazpf0
Offset    : 	-3
FV Conf   : 	14.351
ASD Conf  : 	7.736

FRAME 	X 	Y 	W 	H 
006554 	259 	53 	187 	187 
006555 	237 	15 	224 	224 
006556 	237 	15 	224 	224 
006557 	237 	15 	224 	224 
006558 	237 	15 	224 	224 
006559 	237 	15 	224 	224 
006560 	239 	33 	186 	187 
006561 	239 	33 	186 	187 
006562 	239 	33 	186 	187 
006563 	239 	33 	186 	187 
006564 	239 	33 	186 	187 
006565 	239 	33 	186 	187 
006566 	239 	33 	186 	187 
006567 	239 	33 	186 	187 
006568 	239 	53 	186 	187 
006569 	237 	39 	224 	224 
006570 	237 	39 	224 	224 
006571 	237 	39 	224 	224 
006572 	237 	39 	224 	224 
006573 	237 	39 	224 	224 
006574 	237 	39 	224 	224 
006575 	237 	39 	224 	224 
006576 	237 	39 	224 	224 
006577 	237 	39 	224 	224 
006578 	237 	39 	224 	224 
006579 	237 	39 	224 	224 
006580 	237 	39 	224 	224 
006581 	237 	39 	224 	224 
006582 	237 	39 	224 	224 
006583 	237 	39 	224 	224 
006584 	237 	39 	224 	224 
006585 	237 	39 	224 	224 
006586 	237 	39 	224 	224 
006587 	237 	39 	224 	224 
006588 	237 	39 	224 	224 
006589 	237 	39 	224 	224 
006590 	237 	39 	224 	224 
006591 	237 	39 	224 	224 
006592 	237 	39 	224 	224 
006593 	237 	39 	224 	224 
006594 	237 	39 	224 	224 
006595 	237 	39 	224 	224 
006596 	237 	39 	224 	224 
006597 	237 	39 	224 	224 
006598 	237 	39 	224 	224 
006599 	237 	39 	224 	224 
006600 	237 	39 	224 	224 
006601 	237 	39 	224 	224 
006602 	237 	39 	224 	224 
006603 	237 	39 	224 	224 
006604 	237 	39 	224 	224 
006605 	237 	39 	224 	224 
006606 	237 	39 	224 	224 
006607 	237 	39 	224 	224 
006608 	237 	39 	224 	224 
006609 	237 	39 	224 	224 
006610 	237 	39 	224 	224 
006611 	237 	39 	224 	224 
006612 	237 	39 	224 	224 
006613 	237 	39 	224 	224 
006614 	237 	39 	224 	224 
006615 	237 	39 	224 	224 
006616 	237 	39 	224 	224 
006617 	237 	39 	224 	224 
006618 	237 	39 	224 	224 
006619 	237 	39 	224 	224 
006620 	237 	39 	224 	224 
006621 	237 	39 	224 	224 
006622 	237 	39 	224 	224 
006623 	237 	39 	224 	224 
006624 	237 	39 	224 	224 
006625 	237 	39 	224 	224 
006626 	237 	39 	224 	224 
006627 	237 	39 	224 	224 
006628 	237 	39 	224 	224 
006629 	237 	39 	224 	224 
006630 	237 	39 	224 	224 
006631 	239 	53 	186 	187 
006632 	239 	53 	186 	187 
006633 	237 	39 	224 	224 
006634 	237 	39 	224 	224 
006635 	237 	39 	224 	224 
006636 	237 	39 	224 	224 
006637 	237 	39 	224 	224 
006638 	237 	39 	224 	224 
006639 	237 	39 	224 	224 
006640 	237 	39 	224 	224 
006641 	237 	39 	224 	224 
006642 	239 	53 	186 	187 
006643 	239 	53 	186 	187 
006644 	239 	53 	186 	187 
006645 	239 	53 	186 	187 
006646 	239 	53 	186 	187 
006647 	239 	53 	186 	187 
006648 	239 	53 	186 	187 
006649 	239 	53 	186 	187 
006650 	239 	53 	186 	187 
006651 	239 	53 	186 	187 
006652 	239 	53 	186 	187 
006653 	239 	53 	186 	187 
006654 	239 	53 	186 	187 
006655 	239 	53 	186 	187 
006656 	239 	53 	186 	187 
006657 	239 	53 	186 	187 
006658 	239 	53 	186 	187 
006659 	239 	53 	186 	187 
006660 	239 	53 	186 	187 
006661 	239 	53 	186 	187 
006662 	239 	53 	186 	187 
006663 	239 	53 	186 	187 
006664 	239 	53 	186 	187 
006665 	239 	53 	186 	187 
006666 	239 	53 	186 	187 
006667 	239 	53 	186 	187 
006668 	237 	39 	224 	224 
006669 	237 	39 	224 	224 
006670 	239 	53 	186 	187 
006671 	239 	53 	186 	187 
006672 	237 	39 	224 	224 
006673 	239 	53 	186 	187 
006674 	239 	53 	186 	187 
006675 	239 	53 	186 	187 
006676 	212 	39 	224 	224 
006677 	239 	53 	186 	187 
006678 	239 	53 	186 	187 
006679 	239 	53 	186 	187 
006680 	239 	53 	186 	187 
006681 	239 	53 	186 	187 
006682 	239 	53 	186 	187 
006683 	239 	53 	186 	187 
006684 	239 	53 	186 	187 
006685 	212 	39 	224 	224 
006686 	237 	39 	224 	224 
006687 	237 	39 	224 	224 
006688 	239 	53 	186 	187 
006689 	237 	39 	224 	224 
006690 	237 	39 	224 	224 
006691 	237 	39 	224 	224 
006692 	237 	39 	224 	224 
006693 	237 	39 	224 	224 
006694 	237 	39 	224 	224 
006695 	237 	39 	224 	224 
006696 	237 	39 	224 	224 
006697 	237 	39 	224 	224 
006698 	237 	39 	224 	224 
006699 	237 	39 	224 	224 
006700 	237 	39 	224 	224 
006701 	237 	39 	224 	224 
006702 	237 	39 	224 	224 
006703 	237 	39 	224 	224 
006704 	237 	39 	224 	224 
006705 	237 	39 	224 	224 
006706 	237 	39 	224 	224 
006707 	237 	39 	224 	224 
