Identity  : 	id10273
Reference : 	ZpPPaMazpf0
Offset    : 	-2
FV Conf   : 	14.633
ASD Conf  : 	6.216

FRAME 	X 	Y 	W 	H 
007262 	376 	66 	109 	109 
007263 	376 	66 	109 	109 
007264 	376 	78 	109 	109 
007265 	393 	85 	91 	91 
007266 	376 	78 	109 	109 
007267 	376 	78 	109 	109 
007268 	376 	90 	109 	109 
007269 	383 	95 	91 	91 
007270 	376 	90 	109 	109 
007271 	376 	90 	109 	109 
007272 	376 	90 	109 	109 
007273 	376 	90 	109 	109 
007274 	376 	90 	109 	109 
007275 	376 	90 	109 	109 
007276 	376 	78 	109 	109 
007277 	393 	95 	91 	91 
007278 	393 	95 	91 	91 
007279 	393 	95 	91 	91 
007280 	393 	85 	91 	91 
007281 	393 	85 	91 	91 
007282 	393 	85 	91 	91 
007283 	393 	85 	91 	91 
007284 	376 	78 	109 	109 
007285 	376 	78 	109 	109 
007286 	376 	78 	109 	109 
007287 	376 	78 	109 	109 
007288 	376 	78 	109 	109 
007289 	376 	78 	109 	109 
007290 	376 	78 	109 	109 
007291 	376 	78 	109 	109 
007292 	376 	78 	109 	109 
007293 	376 	78 	109 	109 
007294 	376 	78 	109 	109 
007295 	393 	95 	91 	91 
007296 	393 	95 	91 	91 
007297 	388 	78 	109 	109 
007298 	388 	78 	109 	109 
007299 	388 	78 	109 	109 
007300 	388 	78 	109 	109 
007301 	388 	78 	109 	109 
007302 	388 	78 	109 	109 
007303 	388 	78 	109 	109 
007304 	388 	78 	109 	109 
007305 	393 	95 	91 	91 
007306 	393 	95 	91 	91 
007307 	393 	95 	91 	91 
007308 	393 	95 	91 	91 
007309 	393 	95 	91 	91 
007310 	388 	78 	109 	109 
007311 	388 	78 	109 	109 
007312 	388 	78 	109 	109 
007313 	388 	78 	109 	109 
007314 	393 	85 	91 	91 
007315 	393 	85 	91 	91 
007316 	388 	78 	109 	109 
007317 	388 	78 	109 	109 
007318 	388 	78 	109 	109 
007319 	388 	66 	109 	109 
007320 	388 	66 	109 	109 
007321 	388 	66 	109 	109 
007322 	388 	66 	109 	109 
007323 	388 	66 	109 	109 
007324 	388 	66 	109 	109 
007325 	388 	66 	109 	109 
007326 	388 	66 	109 	109 
007327 	388 	66 	109 	109 
007328 	388 	66 	109 	109 
007329 	393 	85 	91 	91 
007330 	376 	78 	109 	109 
007331 	376 	78 	109 	109 
007332 	376 	78 	109 	109 
007333 	393 	85 	91 	91 
007334 	393 	85 	91 	91 
007335 	393 	85 	91 	91 
007336 	376 	78 	109 	109 
007337 	376 	78 	109 	109 
007338 	376 	78 	109 	109 
007339 	376 	78 	109 	109 
007340 	376 	78 	109 	109 
007341 	376 	78 	109 	109 
007342 	376 	78 	109 	109 
007343 	376 	78 	109 	109 
007344 	376 	78 	109 	109 
007345 	376 	78 	109 	109 
007346 	376 	78 	109 	109 
007347 	376 	78 	109 	109 
007348 	376 	78 	109 	109 
007349 	393 	95 	91 	91 
007350 	393 	95 	91 	91 
007351 	393 	95 	91 	91 
007352 	393 	95 	91 	91 
007353 	393 	95 	91 	91 
007354 	393 	95 	91 	91 
007355 	388 	90 	109 	109 
007356 	388 	90 	109 	109 
007357 	388 	90 	109 	109 
007358 	388 	90 	109 	109 
007359 	388 	90 	109 	109 
007360 	388 	90 	109 	109 
007361 	388 	102 	109 	109 
007362 	388 	102 	109 	109 
007363 	388 	102 	109 	109 
007364 	388 	102 	109 	109 
007365 	393 	105 	91 	91 
007366 	376 	102 	109 	109 
007367 	376 	102 	109 	109 
007368 	365 	90 	108 	109 
007369 	365 	90 	108 	109 
007370 	365 	90 	108 	109 
007371 	365 	90 	108 	109 
007372 	365 	90 	108 	109 
007373 	365 	90 	108 	109 
007374 	353 	90 	108 	109 
007375 	353 	90 	108 	109 
007376 	353 	90 	108 	109 
007377 	353 	90 	108 	109 
007378 	353 	90 	108 	109 
007379 	353 	90 	108 	109 
007380 	353 	78 	108 	109 
007381 	353 	78 	108 	109 
007382 	353 	78 	108 	109 
007383 	353 	78 	108 	109 
007384 	363 	85 	91 	91 
007385 	353 	66 	108 	109 
007386 	353 	75 	91 	91 
007387 	353 	75 	91 	91 
007388 	353 	54 	108 	109 
007389 	363 	65 	91 	91 
007390 	363 	65 	91 	91 
007391 	365 	54 	108 	109 
007392 	373 	55 	91 	91 
007393 	373 	55 	91 	91 
007394 	365 	43 	108 	108 
007395 	376 	43 	109 	108 
007396 	383 	45 	91 	91 
007397 	383 	45 	91 	91 
007398 	383 	45 	91 	91 
007399 	383 	45 	91 	91 
007400 	383 	45 	91 	91 
007401 	383 	45 	91 	91 
007402 	365 	31 	108 	108 
007403 	373 	35 	91 	91 
007404 	373 	35 	91 	91 
007405 	373 	35 	91 	91 
007406 	373 	35 	91 	91 
007407 	373 	35 	91 	91 
007408 	363 	35 	91 	91 
