Identity  : 	id10307
Reference : 	wtqPC9vEZ0M
Offset    : 	-1
FV Conf   : 	15.505
ASD Conf  : 	6.057

FRAME 	X 	Y 	W 	H 
006374 	203 	54 	76 	76 
006375 	203 	54 	76 	76 
006376 	203 	54 	76 	76 
006377 	194 	45 	91 	91 
006378 	194 	45 	91 	91 
006379 	194 	45 	91 	91 
006380 	203 	54 	76 	76 
006381 	194 	45 	91 	91 
006382 	194 	45 	91 	91 
006383 	194 	45 	91 	91 
006384 	194 	45 	91 	91 
006385 	194 	45 	91 	91 
006386 	194 	45 	91 	91 
006387 	203 	54 	76 	76 
006388 	203 	54 	76 	76 
006389 	203 	62 	76 	76 
006390 	203 	62 	76 	76 
006391 	203 	62 	76 	76 
006392 	203 	62 	76 	76 
006393 	194 	55 	91 	91 
006394 	203 	54 	76 	76 
006395 	203 	54 	76 	76 
006396 	203 	54 	76 	76 
006397 	211 	62 	76 	76 
006398 	203 	54 	76 	76 
006399 	203 	54 	76 	76 
006400 	203 	54 	76 	76 
006401 	203 	54 	76 	76 
006402 	203 	54 	76 	76 
006403 	203 	54 	76 	76 
006404 	211 	62 	76 	76 
006405 	204 	55 	91 	91 
006406 	204 	55 	91 	91 
006407 	211 	62 	76 	76 
006408 	204 	55 	91 	91 
006409 	204 	55 	91 	91 
006410 	204 	55 	91 	91 
006411 	211 	54 	76 	76 
006412 	204 	55 	91 	91 
006413 	211 	62 	76 	76 
006414 	211 	62 	76 	76 
006415 	211 	62 	76 	76 
006416 	211 	62 	76 	76 
006417 	211 	62 	76 	76 
006418 	211 	62 	76 	76 
006419 	211 	62 	76 	76 
006420 	211 	62 	76 	76 
006421 	211 	62 	76 	76 
006422 	211 	62 	76 	76 
006423 	211 	62 	76 	76 
006424 	211 	62 	76 	76 
006425 	211 	62 	76 	76 
006426 	211 	62 	76 	76 
006427 	204 	65 	91 	91 
006428 	211 	62 	76 	76 
006429 	211 	62 	76 	76 
006430 	211 	62 	76 	76 
006431 	211 	62 	76 	76 
006432 	211 	62 	76 	76 
006433 	211 	62 	76 	76 
006434 	220 	62 	75 	76 
006435 	220 	62 	75 	76 
006436 	220 	62 	75 	76 
006437 	220 	62 	75 	76 
006438 	204 	55 	91 	91 
006439 	204 	55 	91 	91 
006440 	204 	55 	91 	91 
006441 	204 	55 	91 	91 
006442 	204 	55 	91 	91 
006443 	204 	55 	91 	91 
006444 	204 	55 	91 	91 
006445 	204 	55 	91 	91 
006446 	204 	55 	91 	91 
006447 	204 	55 	91 	91 
006448 	204 	55 	91 	91 
006449 	204 	55 	91 	91 
006450 	220 	62 	75 	76 
006451 	220 	62 	75 	76 
006452 	220 	62 	75 	76 
006453 	220 	62 	75 	76 
006454 	214 	65 	91 	91 
006455 	214 	65 	91 	91 
006456 	214 	65 	91 	91 
006457 	228 	71 	76 	75 
006458 	228 	71 	76 	75 
006459 	228 	71 	76 	75 
006460 	228 	71 	76 	75 
006461 	224 	65 	91 	91 
006462 	224 	65 	91 	91 
006463 	236 	71 	76 	75 
006464 	236 	71 	76 	75 
006465 	236 	71 	76 	75 
006466 	236 	71 	76 	75 
006467 	236 	71 	76 	75 
006468 	236 	71 	76 	75 
006469 	236 	71 	76 	75 
006470 	236 	71 	76 	75 
006471 	236 	71 	76 	75 
006472 	236 	71 	76 	75 
006473 	236 	62 	76 	76 
006474 	236 	62 	76 	76 
006475 	236 	62 	76 	76 
006476 	236 	62 	76 	76 
006477 	236 	62 	76 	76 
006478 	236 	62 	76 	76 
006479 	236 	62 	76 	76 
006480 	236 	62 	76 	76 
006481 	236 	62 	76 	76 
006482 	236 	62 	76 	76 
006483 	236 	62 	76 	76 
006484 	236 	62 	76 	76 
006485 	236 	62 	76 	76 
006486 	236 	62 	76 	76 
006487 	236 	62 	76 	76 
006488 	234 	55 	90 	91 
006489 	236 	62 	76 	76 
006490 	244 	62 	76 	76 
006491 	244 	62 	76 	76 
006492 	244 	62 	76 	76 
006493 	244 	71 	76 	75 
006494 	244 	71 	76 	75 
006495 	244 	71 	76 	75 
006496 	244 	71 	76 	75 
006497 	244 	71 	76 	75 
006498 	244 	71 	76 	75 
006499 	244 	71 	76 	75 
006500 	244 	71 	76 	75 
006501 	244 	71 	76 	75 
006502 	244 	71 	76 	75 
006503 	234 	65 	90 	91 
006504 	234 	65 	90 	91 
006505 	234 	65 	90 	91 
006506 	236 	71 	76 	75 
006507 	236 	71 	76 	75 
006508 	236 	71 	76 	75 
006509 	224 	65 	91 	91 
006510 	228 	62 	76 	76 
006511 	228 	62 	76 	76 
006512 	228 	62 	76 	76 
006513 	214 	55 	91 	91 
006514 	214 	55 	91 	91 
006515 	214 	55 	91 	91 
006516 	220 	62 	75 	76 
006517 	220 	62 	75 	76 
006518 	220 	62 	75 	76 
006519 	220 	62 	75 	76 
006520 	214 	65 	91 	91 
006521 	214 	65 	91 	91 
