Identity  : 	id10307
Reference : 	wtqPC9vEZ0M
Offset    : 	-1
FV Conf   : 	17.745
ASD Conf  : 	7.629

FRAME 	X 	Y 	W 	H 
001143 	305 	78 	108 	109 
001144 	305 	78 	108 	109 
001145 	305 	78 	108 	109 
001146 	305 	78 	108 	109 
001147 	305 	78 	108 	109 
001148 	305 	78 	108 	109 
001149 	305 	78 	108 	109 
001150 	305 	78 	108 	109 
001151 	305 	78 	108 	109 
001152 	305 	78 	108 	109 
001153 	305 	78 	108 	109 
001154 	305 	78 	108 	109 
001155 	305 	78 	108 	109 
001156 	305 	78 	108 	109 
001157 	305 	78 	108 	109 
001158 	305 	78 	108 	109 
001159 	305 	78 	108 	109 
001160 	305 	78 	108 	109 
001161 	305 	78 	108 	109 
001162 	293 	78 	108 	109 
001163 	293 	78 	108 	109 
001164 	293 	78 	108 	109 
001165 	293 	78 	108 	109 
001166 	293 	78 	108 	109 
001167 	293 	66 	108 	109 
001168 	293 	66 	108 	109 
001169 	293 	66 	108 	109 
001170 	293 	66 	108 	109 
001171 	293 	66 	108 	109 
001172 	293 	78 	108 	109 
001173 	293 	78 	108 	109 
001174 	293 	78 	108 	109 
001175 	293 	78 	108 	109 
001176 	293 	78 	108 	109 
001177 	293 	66 	108 	109 
001178 	293 	66 	108 	109 
001179 	293 	66 	108 	109 
001180 	293 	66 	108 	109 
001181 	293 	66 	108 	109 
001182 	293 	66 	108 	109 
001183 	293 	66 	108 	109 
001184 	293 	66 	108 	109 
001185 	293 	66 	108 	109 
001186 	293 	78 	108 	109 
001187 	293 	78 	108 	109 
001188 	293 	66 	108 	109 
001189 	293 	78 	108 	109 
001190 	293 	66 	108 	109 
001191 	293 	78 	108 	109 
001192 	293 	78 	108 	109 
001193 	293 	78 	108 	109 
001194 	305 	78 	108 	109 
001195 	305 	78 	108 	109 
001196 	305 	78 	108 	109 
001197 	305 	78 	108 	109 
001198 	305 	78 	108 	109 
001199 	305 	78 	108 	109 
001200 	305 	66 	108 	109 
001201 	305 	66 	108 	109 
001202 	305 	78 	108 	109 
001203 	305 	78 	108 	109 
001204 	305 	78 	108 	109 
001205 	305 	78 	108 	109 
001206 	305 	78 	108 	109 
001207 	305 	78 	108 	109 
001208 	305 	78 	108 	109 
001209 	293 	78 	108 	109 
001210 	293 	78 	108 	109 
001211 	293 	66 	108 	109 
001212 	293 	66 	108 	109 
001213 	293 	66 	108 	109 
001214 	293 	66 	108 	109 
001215 	293 	66 	108 	109 
001216 	293 	66 	108 	109 
001217 	293 	66 	108 	109 
001218 	293 	66 	108 	109 
001219 	293 	66 	108 	109 
001220 	293 	66 	108 	109 
001221 	293 	66 	108 	109 
001222 	293 	66 	108 	109 
001223 	293 	66 	108 	109 
001224 	293 	66 	108 	109 
001225 	293 	78 	108 	109 
001226 	293 	78 	108 	109 
001227 	293 	78 	108 	109 
001228 	293 	78 	108 	109 
001229 	293 	78 	108 	109 
001230 	293 	78 	108 	109 
001231 	293 	78 	108 	109 
001232 	293 	78 	108 	109 
001233 	293 	78 	108 	109 
001234 	293 	78 	108 	109 
001235 	293 	78 	108 	109 
001236 	293 	78 	108 	109 
001237 	293 	78 	108 	109 
001238 	293 	78 	108 	109 
001239 	293 	78 	108 	109 
001240 	293 	78 	108 	109 
001241 	293 	78 	108 	109 
001242 	293 	78 	108 	109 
001243 	293 	78 	108 	109 
001244 	293 	78 	108 	109 
001245 	293 	78 	108 	109 
001246 	293 	78 	108 	109 
001247 	293 	78 	108 	109 
001248 	293 	78 	108 	109 
001249 	293 	78 	108 	109 
001250 	293 	78 	108 	109 
001251 	293 	78 	108 	109 
001252 	293 	78 	108 	109 
001253 	293 	78 	108 	109 
001254 	293 	78 	108 	109 
001255 	293 	78 	108 	109 
001256 	293 	78 	108 	109 
001257 	293 	78 	108 	109 
001258 	293 	78 	108 	109 
001259 	293 	78 	108 	109 
001260 	293 	78 	108 	109 
001261 	293 	78 	108 	109 
001262 	293 	78 	108 	109 
001263 	293 	78 	108 	109 
001264 	293 	78 	108 	109 
001265 	293 	78 	108 	109 
001266 	293 	78 	108 	109 
001267 	293 	78 	108 	109 
001268 	293 	78 	108 	109 
001269 	293 	78 	108 	109 
001270 	293 	78 	108 	109 
001271 	293 	78 	108 	109 
001272 	293 	78 	108 	109 
001273 	293 	78 	108 	109 
001274 	293 	78 	108 	109 
001275 	293 	66 	108 	109 
001276 	293 	66 	108 	109 
001277 	293 	66 	108 	109 
001278 	293 	66 	108 	109 
001279 	293 	66 	108 	109 
001280 	293 	66 	108 	109 
001281 	293 	66 	108 	109 
001282 	293 	66 	108 	109 
001283 	293 	66 	108 	109 
001284 	293 	66 	108 	109 
001285 	293 	66 	108 	109 
001286 	293 	66 	108 	109 
001287 	293 	66 	108 	109 
001288 	281 	66 	108 	109 
001289 	281 	66 	108 	109 
001290 	281 	78 	108 	109 
001291 	281 	78 	108 	109 
001292 	281 	78 	108 	109 
001293 	281 	78 	108 	109 
001294 	281 	90 	108 	109 
001295 	281 	90 	108 	109 
001296 	281 	90 	108 	109 
001297 	281 	90 	108 	109 
001298 	281 	90 	108 	109 
001299 	281 	90 	108 	109 
001300 	281 	90 	108 	109 
001301 	281 	90 	108 	109 
001302 	281 	90 	108 	109 
001303 	281 	78 	108 	109 
001304 	281 	78 	108 	109 
001305 	281 	78 	108 	109 
001306 	281 	78 	108 	109 
001307 	281 	78 	108 	109 
001308 	281 	78 	108 	109 
001309 	281 	78 	108 	109 
001310 	281 	78 	108 	109 
001311 	281 	66 	108 	109 
001312 	281 	66 	108 	109 
001313 	281 	66 	108 	109 
001314 	281 	66 	108 	109 
001315 	281 	66 	108 	109 
001316 	281 	66 	108 	109 
001317 	281 	66 	108 	109 
001318 	281 	66 	108 	109 
001319 	281 	66 	108 	109 
001320 	281 	66 	108 	109 
001321 	281 	66 	108 	109 
001322 	281 	66 	108 	109 
001323 	281 	66 	108 	109 
001324 	281 	66 	108 	109 
001325 	281 	78 	108 	109 
001326 	281 	78 	108 	109 
001327 	281 	78 	108 	109 
001328 	281 	78 	108 	109 
001329 	284 	95 	90 	91 
001330 	284 	95 	90 	91 
001331 	281 	90 	108 	109 
001332 	284 	95 	90 	91 
001333 	269 	90 	108 	109 
001334 	269 	90 	108 	109 
001335 	269 	90 	108 	109 
001336 	269 	90 	108 	109 
001337 	269 	102 	108 	109 
001338 	269 	90 	108 	109 
001339 	269 	90 	108 	109 
001340 	269 	90 	108 	109 
001341 	269 	90 	108 	109 
001342 	269 	90 	108 	109 
001343 	269 	90 	108 	109 
001344 	269 	90 	108 	109 
001345 	284 	95 	90 	91 
001346 	284 	85 	90 	91 
001347 	281 	78 	108 	109 
001348 	281 	78 	108 	109 
001349 	281 	78 	108 	109 
001350 	284 	75 	90 	91 
001351 	281 	66 	108 	109 
001352 	281 	66 	108 	109 
001353 	281 	66 	108 	109 
001354 	281 	66 	108 	109 
001355 	281 	66 	108 	109 
001356 	281 	66 	108 	109 
001357 	281 	66 	108 	109 
001358 	281 	66 	108 	109 
001359 	269 	66 	108 	109 
001360 	269 	66 	108 	109 
001361 	269 	66 	108 	109 
001362 	269 	66 	108 	109 
001363 	257 	66 	109 	109 
001364 	257 	66 	109 	109 
001365 	257 	66 	109 	109 
001366 	245 	66 	109 	109 
001367 	245 	66 	109 	109 
001368 	245 	66 	109 	109 
001369 	245 	66 	109 	109 
001370 	245 	66 	109 	109 
001371 	245 	66 	109 	109 
001372 	245 	66 	109 	109 
001373 	245 	66 	109 	109 
001374 	245 	66 	109 	109 
001375 	245 	66 	109 	109 
001376 	245 	66 	109 	109 
001377 	245 	66 	109 	109 
001378 	245 	66 	109 	109 
001379 	245 	66 	109 	109 
001380 	245 	66 	109 	109 
001381 	245 	66 	109 	109 
001382 	257 	66 	109 	109 
001383 	257 	66 	109 	109 
001384 	269 	66 	108 	109 
001385 	269 	66 	108 	109 
001386 	269 	66 	108 	109 
001387 	269 	66 	108 	109 
001388 	269 	66 	108 	109 
001389 	269 	66 	108 	109 
001390 	269 	66 	108 	109 
001391 	281 	66 	108 	109 
001392 	281 	66 	108 	109 
001393 	281 	66 	108 	109 
001394 	281 	66 	108 	109 
001395 	281 	66 	108 	109 
001396 	281 	66 	108 	109 
001397 	281 	66 	108 	109 
001398 	293 	66 	108 	109 
001399 	293 	66 	108 	109 
001400 	293 	66 	108 	109 
001401 	293 	66 	108 	109 
001402 	293 	66 	108 	109 
001403 	293 	54 	108 	109 
001404 	293 	54 	108 	109 
001405 	293 	54 	108 	109 
001406 	293 	54 	108 	109 
001407 	293 	54 	108 	109 
001408 	305 	54 	108 	109 
