Identity  : 	id10277
Reference : 	0rpfN7wThsg
Offset    : 	-1
FV Conf   : 	13.656
ASD Conf  : 	6.836

FRAME 	X 	Y 	W 	H 
000175 	220 	87 	75 	76 
000176 	220 	87 	75 	76 
000177 	220 	87 	75 	76 
000178 	220 	87 	75 	76 
000179 	220 	87 	75 	76 
000180 	220 	87 	75 	76 
000181 	214 	85 	91 	91 
000182 	220 	87 	75 	76 
000183 	220 	87 	75 	76 
000184 	220 	87 	75 	76 
000185 	220 	87 	75 	76 
000186 	220 	87 	75 	76 
000187 	220 	87 	75 	76 
000188 	220 	87 	75 	76 
000189 	220 	87 	75 	76 
000190 	220 	87 	75 	76 
000191 	220 	87 	75 	76 
000192 	220 	87 	75 	76 
000193 	220 	87 	75 	76 
000194 	220 	87 	75 	76 
000195 	220 	87 	75 	76 
000196 	228 	87 	76 	76 
000197 	214 	85 	91 	91 
000198 	214 	85 	91 	91 
000199 	220 	87 	75 	76 
000200 	220 	87 	75 	76 
000201 	220 	87 	75 	76 
000202 	220 	87 	75 	76 
000203 	220 	87 	75 	76 
000204 	220 	87 	75 	76 
000205 	220 	87 	75 	76 
000206 	220 	87 	75 	76 
000207 	220 	87 	75 	76 
000208 	220 	87 	75 	76 
000209 	220 	87 	75 	76 
000210 	220 	87 	75 	76 
000211 	204 	85 	91 	91 
000212 	211 	87 	76 	76 
000213 	204 	85 	91 	91 
000214 	211 	87 	76 	76 
000215 	211 	87 	76 	76 
000216 	211 	87 	76 	76 
000217 	211 	87 	76 	76 
000218 	211 	87 	76 	76 
000219 	211 	87 	76 	76 
000220 	211 	87 	76 	76 
000221 	204 	75 	91 	91 
000222 	204 	75 	91 	91 
000223 	204 	75 	91 	91 
000224 	204 	75 	91 	91 
000225 	204 	75 	91 	91 
000226 	194 	65 	91 	91 
000227 	194 	65 	91 	91 
000228 	194 	65 	91 	91 
000229 	194 	65 	91 	91 
000230 	194 	65 	91 	91 
000231 	194 	55 	91 	91 
000232 	194 	55 	91 	91 
000233 	194 	55 	91 	91 
000234 	194 	55 	91 	91 
000235 	194 	65 	91 	91 
000236 	194 	65 	91 	91 
000237 	194 	65 	91 	91 
000238 	194 	65 	91 	91 
000239 	194 	65 	91 	91 
000240 	194 	65 	91 	91 
000241 	204 	75 	91 	91 
000242 	204 	75 	91 	91 
000243 	204 	75 	91 	91 
000244 	204 	75 	91 	91 
000245 	204 	75 	91 	91 
000246 	204 	75 	91 	91 
000247 	204 	75 	91 	91 
000248 	204 	75 	91 	91 
000249 	204 	75 	91 	91 
000250 	204 	75 	91 	91 
000251 	204 	65 	91 	91 
000252 	204 	65 	91 	91 
000253 	204 	65 	91 	91 
000254 	204 	65 	91 	91 
000255 	204 	65 	91 	91 
000256 	204 	75 	91 	91 
000257 	204 	75 	91 	91 
000258 	204 	75 	91 	91 
000259 	204 	75 	91 	91 
000260 	204 	75 	91 	91 
000261 	204 	75 	91 	91 
000262 	220 	87 	75 	76 
000263 	220 	87 	75 	76 
000264 	220 	87 	75 	76 
000265 	220 	87 	75 	76 
000266 	228 	87 	76 	76 
000267 	228 	87 	76 	76 
000268 	228 	87 	76 	76 
000269 	228 	87 	76 	76 
000270 	228 	87 	76 	76 
000271 	228 	87 	76 	76 
000272 	228 	87 	76 	76 
000273 	228 	87 	76 	76 
000274 	228 	87 	76 	76 
000275 	214 	75 	91 	91 
000276 	214 	75 	91 	91 
000277 	214 	75 	91 	91 
000278 	214 	75 	91 	91 
000279 	214 	75 	91 	91 
