Identity  : 	id10300
Reference : 	AsHhZ_bnpQg
Offset    : 	-1
FV Conf   : 	17.100
ASD Conf  : 	6.187

FRAME 	X 	Y 	W 	H 
000725 	161 	90 	109 	109 
000726 	161 	90 	109 	109 
000727 	161 	90 	109 	109 
000728 	161 	90 	109 	109 
000729 	161 	90 	109 	109 
000730 	161 	90 	109 	109 
000731 	161 	90 	109 	109 
000732 	173 	90 	109 	109 
000733 	173 	90 	109 	109 
000734 	184 	105 	91 	91 
000735 	184 	105 	91 	91 
000736 	184 	105 	91 	91 
000737 	184 	105 	91 	91 
000738 	184 	105 	91 	91 
000739 	184 	105 	91 	91 
000740 	174 	105 	91 	91 
000741 	161 	90 	109 	109 
000742 	161 	90 	109 	109 
000743 	174 	95 	91 	91 
000744 	174 	105 	91 	91 
000745 	161 	90 	109 	109 
000746 	174 	95 	91 	91 
000747 	174 	95 	91 	91 
000748 	174 	95 	91 	91 
000749 	174 	95 	91 	91 
000750 	161 	90 	109 	109 
000751 	161 	90 	109 	109 
000752 	161 	90 	109 	109 
000753 	161 	90 	109 	109 
000754 	161 	90 	109 	109 
000755 	161 	90 	109 	109 
000756 	161 	90 	109 	109 
000757 	161 	90 	109 	109 
000758 	164 	105 	91 	91 
000759 	164 	105 	91 	91 
000760 	150 	102 	108 	109 
000761 	138 	102 	108 	109 
000762 	138 	102 	108 	109 
000763 	138 	102 	108 	109 
000764 	126 	90 	108 	109 
000765 	138 	90 	108 	109 
000766 	138 	90 	108 	109 
000767 	126 	90 	108 	109 
000768 	138 	90 	108 	109 
000769 	138 	90 	108 	109 
000770 	138 	90 	108 	109 
000771 	138 	90 	108 	109 
000772 	138 	90 	108 	109 
000773 	138 	102 	108 	109 
000774 	138 	102 	108 	109 
000775 	138 	102 	108 	109 
000776 	138 	102 	108 	109 
000777 	150 	90 	108 	109 
000778 	138 	102 	108 	109 
000779 	150 	90 	108 	109 
000780 	154 	105 	91 	91 
000781 	150 	90 	108 	109 
000782 	150 	90 	108 	109 
000783 	150 	90 	108 	109 
000784 	150 	90 	108 	109 
000785 	154 	105 	91 	91 
000786 	154 	105 	91 	91 
000787 	154 	105 	91 	91 
000788 	154 	105 	91 	91 
000789 	154 	105 	91 	91 
000790 	154 	105 	91 	91 
000791 	154 	105 	91 	91 
000792 	154 	105 	91 	91 
000793 	154 	105 	91 	91 
000794 	154 	115 	91 	91 
000795 	154 	115 	91 	91 
000796 	154 	115 	91 	91 
000797 	154 	115 	91 	91 
000798 	154 	115 	91 	91 
000799 	154 	115 	91 	91 
000800 	154 	115 	91 	91 
000801 	154 	115 	91 	91 
000802 	154 	115 	91 	91 
000803 	154 	115 	91 	91 
000804 	154 	115 	91 	91 
000805 	154 	115 	91 	91 
000806 	154 	115 	91 	91 
000807 	154 	115 	91 	91 
000808 	150 	102 	108 	109 
000809 	150 	102 	108 	109 
000810 	150 	102 	108 	109 
000811 	164 	105 	91 	91 
000812 	164 	105 	91 	91 
000813 	164 	105 	91 	91 
000814 	164 	105 	91 	91 
000815 	164 	105 	91 	91 
000816 	164 	105 	91 	91 
000817 	164 	105 	91 	91 
000818 	164 	105 	91 	91 
000819 	164 	105 	91 	91 
000820 	164 	105 	91 	91 
000821 	164 	105 	91 	91 
000822 	164 	105 	91 	91 
000823 	164 	105 	91 	91 
000824 	164 	105 	91 	91 
000825 	164 	105 	91 	91 
000826 	164 	105 	91 	91 
000827 	164 	105 	91 	91 
000828 	164 	105 	91 	91 
000829 	164 	105 	91 	91 
000830 	150 	102 	108 	109 
000831 	154 	105 	91 	91 
000832 	138 	90 	108 	109 
000833 	138 	90 	108 	109 
000834 	138 	90 	108 	109 
000835 	138 	90 	108 	109 
000836 	138 	90 	108 	109 
000837 	138 	90 	108 	109 
000838 	138 	90 	108 	109 
000839 	138 	90 	108 	109 
000840 	150 	90 	108 	109 
000841 	150 	90 	108 	109 
000842 	164 	95 	91 	91 
000843 	164 	95 	91 	91 
000844 	164 	95 	91 	91 
000845 	164 	95 	91 	91 
000846 	164 	105 	91 	91 
000847 	174 	95 	91 	91 
000848 	174 	95 	91 	91 
000849 	174 	95 	91 	91 
000850 	164 	95 	91 	91 
000851 	164 	95 	91 	91 
000852 	161 	90 	109 	109 
000853 	174 	95 	91 	91 
000854 	164 	105 	91 	91 
000855 	164 	105 	91 	91 
000856 	164 	105 	91 	91 
000857 	164 	105 	91 	91 
000858 	174 	95 	91 	91 
000859 	164 	95 	91 	91 
000860 	164 	85 	91 	91 
000861 	164 	95 	91 	91 
000862 	164 	95 	91 	91 
000863 	164 	95 	91 	91 
000864 	164 	95 	91 	91 
000865 	164 	95 	91 	91 
000866 	164 	95 	91 	91 
000867 	164 	95 	91 	91 
000868 	164 	95 	91 	91 
000869 	164 	95 	91 	91 
000870 	164 	95 	91 	91 
000871 	164 	95 	91 	91 
000872 	164 	95 	91 	91 
000873 	164 	95 	91 	91 
000874 	164 	95 	91 	91 
000875 	164 	95 	91 	91 
000876 	164 	95 	91 	91 
000877 	164 	95 	91 	91 
000878 	164 	95 	91 	91 
000879 	164 	95 	91 	91 
000880 	164 	95 	91 	91 
000881 	164 	95 	91 	91 
000882 	164 	95 	91 	91 
000883 	164 	95 	91 	91 
000884 	164 	95 	91 	91 
000885 	164 	95 	91 	91 
000886 	164 	95 	91 	91 
000887 	164 	95 	91 	91 
000888 	164 	95 	91 	91 
000889 	164 	95 	91 	91 
000890 	164 	95 	91 	91 
000891 	164 	95 	91 	91 
000892 	154 	95 	91 	91 
000893 	150 	90 	108 	109 
000894 	150 	90 	108 	109 
000895 	154 	105 	91 	91 
000896 	154 	105 	91 	91 
000897 	164 	95 	91 	91 
000898 	164 	95 	91 	91 
000899 	150 	90 	108 	109 
000900 	164 	105 	91 	91 
000901 	164 	105 	91 	91 
000902 	164 	105 	91 	91 
000903 	174 	105 	91 	91 
000904 	174 	105 	91 	91 
000905 	174 	105 	91 	91 
000906 	174 	95 	91 	91 
000907 	174 	95 	91 	91 
000908 	174 	95 	91 	91 
000909 	174 	95 	91 	91 
000910 	174 	95 	91 	91 
000911 	174 	95 	91 	91 
000912 	161 	90 	109 	109 
000913 	161 	90 	109 	109 
000914 	174 	95 	91 	91 
000915 	174 	95 	91 	91 
000916 	174 	95 	91 	91 
000917 	164 	105 	91 	91 
000918 	150 	90 	108 	109 
000919 	150 	90 	108 	109 
000920 	164 	105 	91 	91 
000921 	164 	105 	91 	91 
000922 	164 	105 	91 	91 
000923 	150 	90 	108 	109 
000924 	150 	90 	108 	109 
