Identity  : 	id10300
Reference : 	AsHhZ_bnpQg
Offset    : 	-1
FV Conf   : 	13.300
ASD Conf  : 	5.927

FRAME 	X 	Y 	W 	H 
001259 	161 	78 	109 	109 
001260 	164 	95 	91 	91 
001261 	161 	78 	109 	109 
001262 	162 	80 	104 	104 
001263 	162 	82 	100 	100 
001264 	163 	83 	96 	96 
001265 	164 	85 	91 	91 
001266 	164 	85 	91 	91 
001267 	164 	85 	91 	91 
001268 	164 	85 	91 	91 
001269 	150 	78 	108 	109 
001270 	150 	78 	108 	109 
001271 	150 	78 	108 	109 
001272 	150 	78 	108 	109 
001273 	150 	90 	108 	109 
001274 	154 	95 	91 	91 
001275 	154 	95 	91 	91 
001276 	154 	95 	91 	91 
001277 	138 	90 	108 	109 
001278 	154 	95 	91 	91 
001279 	138 	90 	108 	109 
001280 	138 	90 	108 	109 
001281 	138 	102 	108 	109 
001282 	138 	102 	108 	109 
001283 	138 	102 	108 	109 
001284 	138 	102 	108 	109 
001285 	138 	102 	108 	109 
001286 	138 	102 	108 	109 
001287 	138 	102 	108 	109 
001288 	138 	102 	108 	109 
001289 	138 	102 	108 	109 
001290 	138 	102 	108 	109 
001291 	138 	102 	108 	109 
001292 	138 	102 	108 	109 
001293 	138 	102 	108 	109 
001294 	138 	102 	108 	109 
001295 	154 	105 	91 	91 
001296 	154 	105 	91 	91 
001297 	154 	105 	91 	91 
001298 	154 	105 	91 	91 
001299 	154 	105 	91 	91 
001300 	154 	105 	91 	91 
001301 	154 	105 	91 	91 
001302 	154 	105 	91 	91 
001303 	154 	105 	91 	91 
001304 	154 	105 	91 	91 
001305 	150 	102 	108 	109 
001306 	150 	102 	108 	109 
001307 	150 	102 	108 	109 
001308 	150 	102 	108 	109 
001309 	150 	102 	108 	109 
001310 	164 	115 	91 	91 
001311 	150 	102 	108 	109 
001312 	150 	102 	108 	109 
001313 	164 	105 	91 	91 
001314 	164 	105 	91 	91 
001315 	164 	105 	91 	91 
001316 	164 	105 	91 	91 
001317 	164 	105 	91 	91 
001318 	164 	105 	91 	91 
001319 	164 	105 	91 	91 
001320 	164 	105 	91 	91 
001321 	164 	105 	91 	91 
001322 	164 	105 	91 	91 
001323 	164 	105 	91 	91 
001324 	164 	105 	91 	91 
001325 	164 	105 	91 	91 
001326 	164 	105 	91 	91 
001327 	164 	105 	91 	91 
001328 	174 	105 	91 	91 
001329 	174 	105 	91 	91 
001330 	174 	115 	91 	91 
001331 	161 	102 	109 	109 
001332 	161 	102 	109 	109 
001333 	161 	102 	109 	109 
001334 	161 	102 	109 	109 
001335 	161 	102 	109 	109 
001336 	161 	102 	109 	109 
001337 	161 	102 	109 	109 
001338 	161 	102 	109 	109 
001339 	164 	115 	91 	91 
001340 	174 	105 	91 	91 
001341 	164 	105 	91 	91 
001342 	164 	105 	91 	91 
001343 	164 	95 	91 	91 
001344 	164 	95 	91 	91 
001345 	164 	95 	91 	91 
001346 	164 	95 	91 	91 
001347 	154 	95 	91 	91 
001348 	154 	95 	91 	91 
001349 	154 	95 	91 	91 
001350 	154 	95 	91 	91 
001351 	154 	95 	91 	91 
001352 	154 	95 	91 	91 
001353 	164 	95 	91 	91 
001354 	164 	95 	91 	91 
001355 	164 	95 	91 	91 
001356 	164 	95 	91 	91 
001357 	150 	102 	108 	109 
001358 	164 	115 	91 	91 
001359 	164 	115 	91 	91 
001360 	164 	115 	91 	91 
001361 	178 	121 	76 	75 
001362 	174 	125 	91 	90 
001363 	174 	125 	91 	90 
001364 	174 	125 	91 	90 
001365 	174 	125 	91 	90 
001366 	174 	125 	91 	90 
001367 	174 	125 	91 	90 
001368 	174 	125 	91 	90 
001369 	161 	102 	109 	109 
001370 	161 	102 	109 	109 
001371 	161 	102 	109 	109 
001372 	174 	105 	91 	91 
001373 	174 	105 	91 	91 
001374 	174 	105 	91 	91 
001375 	164 	95 	91 	91 
001376 	164 	95 	91 	91 
001377 	164 	95 	91 	91 
001378 	164 	95 	91 	91 
001379 	164 	95 	91 	91 
001380 	150 	90 	108 	109 
001381 	164 	97 	92 	92 
001382 	178 	104 	76 	76 
001383 	174 	105 	91 	91 
001384 	174 	105 	91 	91 
001385 	174 	105 	91 	91 
001386 	174 	105 	91 	91 
001387 	174 	105 	91 	91 
001388 	174 	95 	91 	91 
001389 	178 	104 	76 	76 
001390 	174 	95 	91 	91 
001391 	174 	95 	91 	91 
001392 	174 	95 	91 	91 
001393 	164 	95 	91 	91 
001394 	178 	96 	76 	75 
001395 	164 	85 	91 	91 
001396 	164 	85 	91 	91 
001397 	164 	85 	91 	91 
001398 	164 	85 	91 	91 
001399 	164 	85 	91 	91 
001400 	164 	85 	91 	91 
001401 	164 	85 	91 	91 
001402 	164 	85 	91 	91 
001403 	164 	85 	91 	91 
001404 	164 	95 	91 	91 
001405 	164 	95 	91 	91 
001406 	164 	95 	91 	91 
001407 	164 	95 	91 	91 
001408 	164 	95 	91 	91 
001409 	164 	95 	91 	91 
001410 	164 	95 	91 	91 
001411 	164 	95 	91 	91 
001412 	164 	95 	91 	91 
001413 	164 	95 	91 	91 
001414 	164 	95 	91 	91 
001415 	164 	95 	91 	91 
001416 	164 	95 	91 	91 
001417 	164 	95 	91 	91 
001418 	164 	95 	91 	91 
001419 	164 	95 	91 	91 
001420 	150 	90 	108 	109 
001421 	150 	90 	108 	109 
001422 	164 	95 	91 	91 
001423 	154 	105 	91 	91 
001424 	164 	105 	91 	91 
001425 	164 	105 	91 	91 
001426 	164 	105 	91 	91 
