Identity  : 	id10300
Reference : 	AsHhZ_bnpQg
Offset    : 	-1
FV Conf   : 	14.627
ASD Conf  : 	5.474

FRAME 	X 	Y 	W 	H 
002573 	154 	115 	91 	91 
002574 	154 	115 	91 	91 
002575 	154 	115 	91 	91 
002576 	150 	102 	108 	109 
002577 	150 	102 	108 	109 
002578 	150 	102 	108 	109 
002579 	150 	102 	108 	109 
002580 	150 	102 	108 	109 
002581 	164 	105 	91 	91 
002582 	164 	105 	91 	91 
002583 	164 	105 	91 	91 
002584 	164 	105 	91 	91 
002585 	164 	105 	91 	91 
002586 	164 	105 	91 	91 
002587 	164 	105 	91 	91 
002588 	164 	105 	91 	91 
002589 	164 	105 	91 	91 
002590 	164 	105 	91 	91 
002591 	164 	105 	91 	91 
002592 	164 	105 	91 	91 
002593 	164 	105 	91 	91 
002594 	164 	105 	91 	91 
002595 	164 	105 	91 	91 
002596 	164 	105 	91 	91 
002597 	164 	105 	91 	91 
002598 	164 	105 	91 	91 
002599 	164 	105 	91 	91 
002600 	164 	105 	91 	91 
002601 	164 	105 	91 	91 
002602 	164 	105 	91 	91 
002603 	164 	105 	91 	91 
002604 	164 	105 	91 	91 
002605 	164 	105 	91 	91 
002606 	164 	105 	91 	91 
002607 	150 	102 	108 	109 
002608 	164 	105 	91 	91 
002609 	150 	102 	108 	109 
002610 	150 	102 	108 	109 
002611 	150 	102 	108 	109 
002612 	150 	102 	108 	109 
002613 	150 	102 	108 	109 
002614 	150 	102 	108 	109 
002615 	150 	102 	108 	109 
002616 	150 	102 	108 	109 
002617 	164 	105 	91 	91 
002618 	161 	102 	109 	109 
002619 	161 	102 	109 	109 
002620 	161 	102 	109 	109 
002621 	174 	105 	91 	91 
002622 	174 	105 	91 	91 
002623 	174 	105 	91 	91 
002624 	174 	105 	91 	91 
002625 	161 	102 	109 	109 
002626 	186 	112 	76 	76 
002627 	174 	105 	91 	91 
002628 	161 	102 	109 	109 
002629 	161 	102 	109 	109 
002630 	161 	102 	109 	109 
002631 	161 	102 	109 	109 
002632 	161 	102 	109 	109 
002633 	161 	102 	109 	109 
002634 	161 	102 	109 	109 
002635 	161 	102 	109 	109 
002636 	161 	102 	109 	109 
002637 	161 	102 	109 	109 
002638 	161 	102 	109 	109 
002639 	161 	102 	109 	109 
002640 	186 	112 	76 	76 
002641 	186 	112 	76 	76 
002642 	161 	102 	109 	109 
002643 	161 	102 	109 	109 
002644 	161 	102 	109 	109 
002645 	174 	115 	91 	91 
002646 	161 	102 	109 	109 
002647 	161 	102 	109 	109 
002648 	174 	115 	91 	91 
002649 	174 	115 	91 	91 
002650 	161 	102 	109 	109 
002651 	161 	102 	109 	109 
002652 	161 	102 	109 	109 
002653 	161 	102 	109 	109 
002654 	161 	102 	109 	109 
002655 	161 	102 	109 	109 
002656 	161 	102 	109 	109 
002657 	164 	115 	91 	91 
002658 	164 	115 	91 	91 
002659 	161 	102 	109 	109 
002660 	161 	102 	109 	109 
002661 	161 	102 	109 	109 
002662 	161 	102 	109 	109 
002663 	161 	102 	109 	109 
002664 	161 	102 	109 	109 
002665 	161 	102 	109 	109 
002666 	150 	102 	108 	109 
002667 	150 	102 	108 	109 
002668 	150 	102 	108 	109 
002669 	150 	102 	108 	109 
002670 	150 	102 	108 	109 
002671 	154 	105 	91 	91 
002672 	138 	102 	108 	109 
002673 	138 	102 	108 	109 
002674 	138 	102 	108 	109 
002675 	138 	102 	108 	109 
002676 	138 	102 	108 	109 
002677 	138 	102 	108 	109 
002678 	138 	102 	108 	109 
002679 	138 	102 	108 	109 
