Identity  : 	id10283
Reference : 	vv4mvANXHcs
Offset    : 	-2
FV Conf   : 	14.809
ASD Conf  : 	8.211

FRAME 	X 	Y 	W 	H 
005425 	150 	66 	108 	109 
005426 	161 	66 	109 	109 
005427 	161 	66 	109 	109 
005428 	161 	66 	109 	109 
005429 	150 	66 	108 	109 
005430 	150 	66 	108 	109 
005431 	150 	66 	108 	109 
005432 	150 	66 	108 	109 
005433 	138 	66 	108 	109 
005434 	138 	66 	108 	109 
005435 	138 	66 	108 	109 
005436 	138 	66 	108 	109 
005437 	144 	75 	91 	91 
005438 	144 	75 	91 	91 
005439 	144 	75 	91 	91 
005440 	138 	66 	108 	109 
005441 	138 	66 	108 	109 
005442 	138 	54 	108 	109 
005443 	138 	54 	108 	109 
005444 	138 	54 	108 	109 
005445 	138 	54 	108 	109 
005446 	138 	54 	108 	109 
005447 	138 	54 	108 	109 
005448 	138 	54 	108 	109 
005449 	138 	54 	108 	109 
005450 	138 	66 	108 	109 
005451 	138 	66 	108 	109 
005452 	138 	66 	108 	109 
005453 	144 	75 	91 	91 
005454 	126 	66 	108 	109 
005455 	126 	66 	108 	109 
005456 	126 	66 	108 	109 
005457 	126 	66 	108 	109 
005458 	126 	66 	108 	109 
005459 	126 	66 	108 	109 
005460 	126 	66 	108 	109 
005461 	114 	66 	108 	109 
005462 	114 	66 	108 	109 
005463 	114 	66 	108 	109 
005464 	114 	66 	108 	109 
005465 	114 	66 	108 	109 
005466 	114 	66 	108 	109 
005467 	114 	66 	108 	109 
005468 	114 	66 	108 	109 
005469 	114 	66 	108 	109 
005470 	114 	66 	108 	109 
005471 	114 	66 	108 	109 
005472 	114 	66 	108 	109 
005473 	114 	75 	91 	91 
005474 	114 	75 	91 	91 
005475 	114 	75 	91 	91 
005476 	114 	75 	91 	91 
005477 	102 	66 	108 	109 
005478 	114 	75 	91 	91 
005479 	114 	75 	91 	91 
005480 	114 	66 	108 	109 
005481 	114 	66 	108 	109 
005482 	114 	66 	108 	109 
005483 	126 	66 	108 	109 
005484 	138 	66 	108 	109 
005485 	138 	54 	108 	109 
005486 	138 	54 	108 	109 
005487 	154 	75 	91 	91 
005488 	150 	66 	108 	109 
005489 	150 	66 	108 	109 
005490 	150 	66 	108 	109 
005491 	150 	66 	108 	109 
005492 	150 	66 	108 	109 
005493 	150 	66 	108 	109 
005494 	150 	66 	108 	109 
005495 	150 	66 	108 	109 
005496 	150 	66 	108 	109 
005497 	150 	66 	108 	109 
005498 	150 	66 	108 	109 
005499 	138 	66 	108 	109 
005500 	138 	66 	108 	109 
005501 	138 	66 	108 	109 
005502 	138 	66 	108 	109 
005503 	138 	66 	108 	109 
005504 	138 	66 	108 	109 
005505 	138 	66 	108 	109 
005506 	138 	66 	108 	109 
005507 	138 	66 	108 	109 
005508 	138 	66 	108 	109 
005509 	138 	66 	108 	109 
005510 	138 	66 	108 	109 
005511 	138 	66 	108 	109 
005512 	138 	66 	108 	109 
005513 	138 	66 	108 	109 
005514 	138 	66 	108 	109 
005515 	138 	66 	108 	109 
005516 	138 	66 	108 	109 
005517 	138 	66 	108 	109 
005518 	138 	66 	108 	109 
005519 	138 	66 	108 	109 
005520 	138 	66 	108 	109 
005521 	138 	66 	108 	109 
005522 	138 	66 	108 	109 
005523 	138 	66 	108 	109 
005524 	138 	66 	108 	109 
005525 	138 	66 	108 	109 
005526 	138 	66 	108 	109 
005527 	138 	66 	108 	109 
005528 	138 	66 	108 	109 
005529 	138 	66 	108 	109 
005530 	138 	66 	108 	109 
005531 	138 	66 	108 	109 
005532 	138 	66 	108 	109 
005533 	138 	66 	108 	109 
005534 	144 	75 	91 	91 
005535 	138 	66 	108 	109 
005536 	138 	66 	108 	109 
005537 	138 	66 	108 	109 
005538 	138 	66 	108 	109 
005539 	138 	66 	108 	109 
005540 	138 	54 	108 	109 
005541 	138 	54 	108 	109 
005542 	138 	54 	108 	109 
005543 	138 	54 	108 	109 
005544 	138 	54 	108 	109 
005545 	154 	65 	91 	91 
005546 	154 	75 	91 	91 
005547 	154 	75 	91 	91 
005548 	138 	66 	108 	109 
005549 	138 	66 	108 	109 
005550 	138 	66 	108 	109 
005551 	138 	66 	108 	109 
005552 	154 	75 	91 	91 
005553 	150 	66 	108 	109 
005554 	150 	66 	108 	109 
005555 	150 	66 	108 	109 
005556 	150 	66 	108 	109 
005557 	150 	66 	108 	109 
005558 	150 	66 	108 	109 
005559 	150 	66 	108 	109 
005560 	150 	66 	108 	109 
005561 	150 	66 	108 	109 
005562 	150 	66 	108 	109 
005563 	150 	66 	108 	109 
005564 	150 	66 	108 	109 
005565 	150 	66 	108 	109 
005566 	150 	66 	108 	109 
005567 	150 	66 	108 	109 
005568 	150 	54 	108 	109 
005569 	150 	54 	108 	109 
005570 	150 	54 	108 	109 
005571 	150 	54 	108 	109 
005572 	150 	54 	108 	109 
005573 	150 	54 	108 	109 
005574 	138 	54 	108 	109 
005575 	138 	54 	108 	109 
005576 	138 	54 	108 	109 
005577 	144 	65 	91 	91 
005578 	126 	54 	108 	109 
005579 	126 	54 	108 	109 
005580 	126 	54 	108 	109 
005581 	126 	54 	108 	109 
005582 	126 	54 	108 	109 
005583 	126 	54 	108 	109 
005584 	138 	54 	108 	109 
005585 	138 	54 	108 	109 
005586 	138 	54 	108 	109 
005587 	138 	54 	108 	109 
005588 	150 	54 	108 	109 
005589 	150 	54 	108 	109 
005590 	150 	54 	108 	109 
005591 	150 	66 	108 	109 
005592 	150 	66 	108 	109 
005593 	150 	66 	108 	109 
005594 	150 	66 	108 	109 
005595 	150 	66 	108 	109 
005596 	150 	66 	108 	109 
005597 	150 	66 	108 	109 
005598 	150 	66 	108 	109 
005599 	150 	66 	108 	109 
005600 	150 	66 	108 	109 
005601 	150 	66 	108 	109 
005602 	150 	66 	108 	109 
005603 	150 	66 	108 	109 
005604 	150 	66 	108 	109 
005605 	150 	66 	108 	109 
005606 	150 	66 	108 	109 
005607 	150 	66 	108 	109 
005608 	150 	66 	108 	109 
005609 	150 	66 	108 	109 
005610 	150 	66 	108 	109 
005611 	150 	66 	108 	109 
005612 	150 	66 	108 	109 
005613 	150 	66 	108 	109 
005614 	138 	66 	108 	109 
005615 	138 	66 	108 	109 
005616 	138 	66 	108 	109 
005617 	138 	66 	108 	109 
005618 	150 	66 	108 	109 
005619 	150 	66 	108 	109 
005620 	150 	66 	108 	109 
005621 	150 	66 	108 	109 
005622 	150 	66 	108 	109 
005623 	150 	66 	108 	109 
005624 	150 	66 	108 	109 
005625 	150 	66 	108 	109 
005626 	150 	66 	108 	109 
005627 	150 	66 	108 	109 
005628 	150 	66 	108 	109 
005629 	150 	66 	108 	109 
005630 	150 	66 	108 	109 
005631 	150 	66 	108 	109 
005632 	150 	66 	108 	109 
005633 	150 	66 	108 	109 
005634 	150 	66 	108 	109 
005635 	150 	66 	108 	109 
005636 	150 	66 	108 	109 
005637 	150 	66 	108 	109 
005638 	150 	66 	108 	109 
005639 	150 	66 	108 	109 
005640 	150 	66 	108 	109 
005641 	150 	66 	108 	109 
005642 	150 	66 	108 	109 
005643 	150 	66 	108 	109 
005644 	150 	66 	108 	109 
005645 	150 	66 	108 	109 
005646 	150 	66 	108 	109 
005647 	150 	66 	108 	109 
005648 	161 	66 	109 	109 
005649 	161 	66 	109 	109 
005650 	161 	66 	109 	109 
005651 	150 	66 	108 	109 
005652 	150 	66 	108 	109 
005653 	150 	66 	108 	109 
005654 	161 	66 	109 	109 
005655 	161 	66 	109 	109 
005656 	161 	66 	109 	109 
005657 	161 	66 	109 	109 
005658 	161 	66 	109 	109 
005659 	161 	66 	109 	109 
005660 	150 	66 	108 	109 
005661 	150 	66 	108 	109 
005662 	150 	66 	108 	109 
005663 	150 	66 	108 	109 
005664 	150 	66 	108 	109 
005665 	150 	66 	108 	109 
005666 	150 	66 	108 	109 
005667 	150 	66 	108 	109 
005668 	150 	66 	108 	109 
005669 	150 	66 	108 	109 
005670 	150 	66 	108 	109 
005671 	150 	66 	108 	109 
005672 	150 	66 	108 	109 
005673 	150 	66 	108 	109 
005674 	150 	54 	108 	109 
005675 	150 	54 	108 	109 
005676 	150 	54 	108 	109 
005677 	150 	54 	108 	109 
005678 	150 	54 	108 	109 
005679 	138 	54 	108 	109 
005680 	138 	54 	108 	109 
005681 	138 	54 	108 	109 
005682 	138 	54 	108 	109 
005683 	138 	54 	108 	109 
005684 	138 	54 	108 	109 
005685 	138 	54 	108 	109 
005686 	138 	54 	108 	109 
005687 	138 	54 	108 	109 
005688 	138 	54 	108 	109 
005689 	138 	54 	108 	109 
005690 	138 	54 	108 	109 
005691 	138 	54 	108 	109 
005692 	138 	54 	108 	109 
005693 	138 	54 	108 	109 
005694 	138 	54 	108 	109 
005695 	138 	54 	108 	109 
005696 	138 	54 	108 	109 
005697 	138 	54 	108 	109 
005698 	138 	54 	108 	109 
005699 	138 	54 	108 	109 
005700 	138 	54 	108 	109 
005701 	138 	54 	108 	109 
005702 	138 	66 	108 	109 
005703 	138 	66 	108 	109 
005704 	126 	66 	108 	109 
005705 	126 	66 	108 	109 
005706 	126 	66 	108 	109 
005707 	126 	66 	108 	109 
005708 	126 	66 	108 	109 
005709 	138 	66 	108 	109 
005710 	138 	66 	108 	109 
005711 	144 	75 	91 	91 
005712 	144 	75 	91 	91 
005713 	144 	75 	91 	91 
005714 	144 	75 	91 	91 
005715 	144 	75 	91 	91 
005716 	144 	75 	91 	91 
005717 	138 	66 	108 	109 
005718 	138 	66 	108 	109 
005719 	138 	66 	108 	109 
005720 	138 	66 	108 	109 
005721 	138 	66 	108 	109 
005722 	138 	66 	108 	109 
005723 	138 	66 	108 	109 
005724 	138 	66 	108 	109 
005725 	138 	66 	108 	109 
005726 	138 	66 	108 	109 
005727 	138 	66 	108 	109 
005728 	138 	66 	108 	109 
005729 	138 	66 	108 	109 
005730 	138 	66 	108 	109 
005731 	138 	66 	108 	109 
005732 	138 	66 	108 	109 
005733 	138 	66 	108 	109 
005734 	138 	66 	108 	109 
005735 	138 	66 	108 	109 
005736 	138 	66 	108 	109 
005737 	138 	66 	108 	109 
005738 	138 	66 	108 	109 
005739 	138 	66 	108 	109 
005740 	138 	66 	108 	109 
005741 	138 	66 	108 	109 
005742 	138 	66 	108 	109 
005743 	138 	66 	108 	109 
005744 	138 	66 	108 	109 
005745 	138 	78 	108 	109 
005746 	138 	78 	108 	109 
005747 	144 	85 	91 	91 
005748 	144 	85 	91 	91 
005749 	138 	78 	108 	109 
005750 	126 	78 	108 	109 
005751 	126 	78 	108 	109 
005752 	126 	78 	108 	109 
005753 	126 	78 	108 	109 
005754 	126 	78 	108 	109 
005755 	126 	78 	108 	109 
005756 	126 	78 	108 	109 
005757 	126 	78 	108 	109 
005758 	126 	78 	108 	109 
005759 	126 	78 	108 	109 
005760 	126 	78 	108 	109 
005761 	126 	78 	108 	109 
005762 	126 	78 	108 	109 
005763 	126 	78 	108 	109 
005764 	126 	78 	108 	109 
005765 	126 	78 	108 	109 
005766 	126 	66 	108 	109 
005767 	126 	66 	108 	109 
005768 	144 	75 	91 	91 
005769 	144 	75 	91 	91 
005770 	138 	66 	108 	109 
005771 	138 	66 	108 	109 
005772 	138 	66 	108 	109 
005773 	138 	66 	108 	109 
005774 	138 	66 	108 	109 
005775 	138 	66 	108 	109 
005776 	150 	66 	108 	109 
005777 	150 	66 	108 	109 
005778 	150 	66 	108 	109 
005779 	150 	66 	108 	109 
005780 	150 	66 	108 	109 
005781 	150 	66 	108 	109 
005782 	150 	66 	108 	109 
005783 	150 	66 	108 	109 
005784 	150 	66 	108 	109 
005785 	150 	66 	108 	109 
005786 	150 	66 	108 	109 
005787 	150 	66 	108 	109 
005788 	150 	66 	108 	109 
005789 	150 	66 	108 	109 
005790 	150 	66 	108 	109 
005791 	150 	66 	108 	109 
005792 	150 	66 	108 	109 
005793 	150 	66 	108 	109 
005794 	150 	66 	108 	109 
005795 	150 	66 	108 	109 
005796 	150 	66 	108 	109 
005797 	150 	66 	108 	109 
005798 	150 	66 	108 	109 
005799 	150 	66 	108 	109 
005800 	150 	66 	108 	109 
005801 	150 	66 	108 	109 
005802 	150 	66 	108 	109 
005803 	150 	66 	108 	109 
005804 	150 	66 	108 	109 
005805 	150 	66 	108 	109 
005806 	150 	66 	108 	109 
005807 	150 	66 	108 	109 
005808 	150 	66 	108 	109 
005809 	161 	66 	109 	109 
005810 	161 	66 	109 	109 
005811 	161 	66 	109 	109 
005812 	161 	66 	109 	109 
005813 	150 	66 	108 	109 
005814 	150 	66 	108 	109 
005815 	150 	66 	108 	109 
005816 	161 	66 	109 	109 
005817 	161 	66 	109 	109 
005818 	161 	66 	109 	109 
005819 	161 	66 	109 	109 
005820 	161 	66 	109 	109 
005821 	161 	66 	109 	109 
005822 	161 	66 	109 	109 
005823 	161 	66 	109 	109 
005824 	161 	66 	109 	109 
005825 	161 	66 	109 	109 
005826 	161 	66 	109 	109 
005827 	150 	66 	108 	109 
005828 	150 	66 	108 	109 
005829 	150 	66 	108 	109 
005830 	150 	66 	108 	109 
005831 	150 	66 	108 	109 
005832 	150 	66 	108 	109 
005833 	150 	66 	108 	109 
005834 	150 	66 	108 	109 
005835 	150 	66 	108 	109 
005836 	150 	66 	108 	109 
005837 	150 	66 	108 	109 
005838 	150 	66 	108 	109 
005839 	150 	66 	108 	109 
005840 	150 	66 	108 	109 
005841 	150 	66 	108 	109 
005842 	150 	78 	108 	109 
005843 	150 	78 	108 	109 
005844 	150 	78 	108 	109 
005845 	150 	78 	108 	109 
005846 	150 	78 	108 	109 
005847 	164 	85 	91 	91 
005848 	150 	78 	108 	109 
005849 	164 	85 	91 	91 
005850 	161 	78 	109 	109 
005851 	150 	78 	108 	109 
005852 	150 	78 	108 	109 
005853 	150 	78 	108 	109 
005854 	150 	78 	108 	109 
005855 	150 	78 	108 	109 
005856 	150 	78 	108 	109 
005857 	150 	78 	108 	109 
005858 	150 	78 	108 	109 
005859 	150 	78 	108 	109 
005860 	150 	78 	108 	109 
005861 	150 	78 	108 	109 
005862 	150 	78 	108 	109 
005863 	150 	78 	108 	109 
005864 	150 	78 	108 	109 
005865 	150 	78 	108 	109 
005866 	150 	78 	108 	109 
005867 	150 	78 	108 	109 
005868 	150 	78 	108 	109 
