Identity  : 	id10283
Reference : 	vv4mvANXHcs
Offset    : 	-2
FV Conf   : 	15.719
ASD Conf  : 	8.136

FRAME 	X 	Y 	W 	H 
005918 	150 	66 	108 	109 
005919 	150 	66 	108 	109 
005920 	150 	66 	108 	109 
005921 	150 	66 	108 	109 
005922 	150 	66 	108 	109 
005923 	150 	66 	108 	109 
005924 	150 	66 	108 	109 
005925 	150 	66 	108 	109 
005926 	150 	66 	108 	109 
005927 	161 	66 	109 	109 
005928 	161 	66 	109 	109 
005929 	161 	66 	109 	109 
005930 	161 	66 	109 	109 
005931 	161 	66 	109 	109 
005932 	161 	66 	109 	109 
005933 	161 	66 	109 	109 
005934 	161 	66 	109 	109 
005935 	161 	66 	109 	109 
005936 	161 	66 	109 	109 
005937 	161 	66 	109 	109 
005938 	161 	66 	109 	109 
005939 	161 	66 	109 	109 
005940 	161 	66 	109 	109 
005941 	161 	66 	109 	109 
005942 	161 	66 	109 	109 
005943 	161 	66 	109 	109 
005944 	161 	66 	109 	109 
005945 	161 	66 	109 	109 
005946 	161 	66 	109 	109 
005947 	161 	66 	109 	109 
005948 	161 	66 	109 	109 
005949 	161 	66 	109 	109 
005950 	161 	66 	109 	109 
005951 	161 	66 	109 	109 
005952 	161 	66 	109 	109 
005953 	161 	66 	109 	109 
005954 	161 	66 	109 	109 
005955 	161 	66 	109 	109 
005956 	161 	66 	109 	109 
005957 	150 	66 	108 	109 
005958 	150 	66 	108 	109 
005959 	150 	66 	108 	109 
005960 	150 	66 	108 	109 
005961 	150 	54 	108 	109 
005962 	150 	54 	108 	109 
005963 	150 	54 	108 	109 
005964 	150 	54 	108 	109 
005965 	150 	54 	108 	109 
005966 	150 	54 	108 	109 
005967 	138 	54 	108 	109 
005968 	138 	54 	108 	109 
005969 	138 	54 	108 	109 
005970 	138 	54 	108 	109 
005971 	138 	54 	108 	109 
005972 	138 	54 	108 	109 
005973 	138 	54 	108 	109 
005974 	138 	54 	108 	109 
005975 	138 	54 	108 	109 
005976 	150 	54 	108 	109 
005977 	150 	54 	108 	109 
005978 	150 	66 	108 	109 
005979 	150 	66 	108 	109 
005980 	150 	66 	108 	109 
005981 	150 	66 	108 	109 
005982 	150 	78 	108 	109 
005983 	150 	78 	108 	109 
005984 	150 	78 	108 	109 
005985 	150 	78 	108 	109 
005986 	150 	78 	108 	109 
005987 	150 	78 	108 	109 
005988 	150 	78 	108 	109 
005989 	150 	78 	108 	109 
005990 	150 	78 	108 	109 
005991 	150 	78 	108 	109 
005992 	138 	78 	108 	109 
005993 	138 	90 	108 	109 
005994 	138 	90 	108 	109 
005995 	138 	90 	108 	109 
005996 	138 	78 	108 	109 
005997 	138 	78 	108 	109 
005998 	138 	78 	108 	109 
005999 	138 	78 	108 	109 
006000 	138 	78 	108 	109 
006001 	138 	78 	108 	109 
006002 	138 	90 	108 	109 
006003 	138 	90 	108 	109 
006004 	138 	90 	108 	109 
006005 	154 	95 	91 	91 
006006 	150 	78 	108 	109 
006007 	150 	78 	108 	109 
006008 	161 	78 	109 	109 
006009 	161 	78 	109 	109 
006010 	161 	78 	109 	109 
006011 	161 	78 	109 	109 
006012 	161 	78 	109 	109 
006013 	161 	78 	109 	109 
006014 	161 	78 	109 	109 
006015 	161 	78 	109 	109 
006016 	161 	78 	109 	109 
006017 	161 	78 	109 	109 
006018 	161 	78 	109 	109 
006019 	161 	78 	109 	109 
006020 	161 	78 	109 	109 
006021 	161 	78 	109 	109 
006022 	161 	78 	109 	109 
006023 	161 	78 	109 	109 
006024 	161 	78 	109 	109 
006025 	161 	78 	109 	109 
006026 	150 	78 	108 	109 
006027 	150 	78 	108 	109 
006028 	150 	78 	108 	109 
006029 	150 	78 	108 	109 
006030 	150 	78 	108 	109 
006031 	150 	78 	108 	109 
006032 	150 	78 	108 	109 
006033 	150 	78 	108 	109 
006034 	150 	78 	108 	109 
006035 	150 	66 	108 	109 
006036 	150 	66 	108 	109 
006037 	150 	66 	108 	109 
006038 	150 	66 	108 	109 
006039 	150 	66 	108 	109 
006040 	150 	66 	108 	109 
006041 	154 	75 	91 	91 
006042 	154 	75 	91 	91 
006043 	154 	75 	91 	91 
006044 	154 	75 	91 	91 
006045 	154 	75 	91 	91 
006046 	154 	75 	91 	91 
006047 	138 	54 	108 	109 
006048 	138 	54 	108 	109 
006049 	138 	66 	108 	109 
006050 	138 	66 	108 	109 
006051 	138 	66 	108 	109 
006052 	138 	66 	108 	109 
006053 	138 	66 	108 	109 
006054 	138 	66 	108 	109 
006055 	138 	66 	108 	109 
006056 	138 	66 	108 	109 
006057 	138 	66 	108 	109 
006058 	144 	75 	91 	91 
006059 	138 	66 	108 	109 
006060 	138 	66 	108 	109 
006061 	138 	66 	108 	109 
006062 	138 	66 	108 	109 
006063 	138 	66 	108 	109 
006064 	138 	66 	108 	109 
006065 	138 	66 	108 	109 
006066 	138 	66 	108 	109 
006067 	138 	66 	108 	109 
006068 	138 	66 	108 	109 
006069 	138 	66 	108 	109 
006070 	138 	66 	108 	109 
006071 	138 	66 	108 	109 
006072 	138 	66 	108 	109 
006073 	138 	66 	108 	109 
006074 	138 	66 	108 	109 
006075 	138 	66 	108 	109 
006076 	138 	66 	108 	109 
006077 	138 	66 	108 	109 
006078 	138 	66 	108 	109 
006079 	138 	66 	108 	109 
006080 	144 	75 	91 	91 
006081 	144 	75 	91 	91 
006082 	144 	75 	91 	91 
006083 	144 	75 	91 	91 
006084 	144 	75 	91 	91 
006085 	144 	75 	91 	91 
006086 	144 	75 	91 	91 
006087 	144 	75 	91 	91 
006088 	144 	75 	91 	91 
006089 	144 	75 	91 	91 
006090 	144 	75 	91 	91 
006091 	144 	75 	91 	91 
006092 	154 	75 	91 	91 
006093 	154 	75 	91 	91 
006094 	154 	75 	91 	91 
006095 	154 	75 	91 	91 
006096 	154 	75 	91 	91 
006097 	154 	75 	91 	91 
006098 	154 	75 	91 	91 
006099 	154 	75 	91 	91 
006100 	154 	75 	91 	91 
006101 	154 	75 	91 	91 
006102 	154 	75 	91 	91 
006103 	154 	75 	91 	91 
006104 	154 	75 	91 	91 
006105 	154 	75 	91 	91 
006106 	154 	75 	91 	91 
006107 	154 	75 	91 	91 
006108 	154 	75 	91 	91 
006109 	154 	75 	91 	91 
006110 	154 	75 	91 	91 
006111 	154 	75 	91 	91 
006112 	154 	75 	91 	91 
006113 	154 	75 	91 	91 
006114 	154 	75 	91 	91 
006115 	138 	66 	108 	109 
006116 	138 	66 	108 	109 
006117 	138 	66 	108 	109 
006118 	138 	66 	108 	109 
006119 	138 	66 	108 	109 
006120 	138 	66 	108 	109 
006121 	138 	66 	108 	109 
006122 	138 	66 	108 	109 
006123 	138 	66 	108 	109 
006124 	138 	66 	108 	109 
006125 	138 	66 	108 	109 
006126 	138 	66 	108 	109 
006127 	138 	66 	108 	109 
006128 	138 	66 	108 	109 
006129 	138 	66 	108 	109 
006130 	138 	66 	108 	109 
006131 	144 	75 	91 	91 
006132 	126 	66 	108 	109 
006133 	126 	66 	108 	109 
006134 	126 	66 	108 	109 
006135 	126 	66 	108 	109 
006136 	126 	66 	108 	109 
006137 	126 	66 	108 	109 
006138 	126 	66 	108 	109 
006139 	126 	66 	108 	109 
006140 	126 	66 	108 	109 
006141 	126 	66 	108 	109 
006142 	126 	66 	108 	109 
006143 	126 	66 	108 	109 
006144 	126 	66 	108 	109 
006145 	126 	66 	108 	109 
006146 	134 	75 	91 	91 
006147 	134 	75 	91 	91 
006148 	134 	75 	91 	91 
006149 	134 	75 	91 	91 
006150 	134 	75 	91 	91 
006151 	126 	78 	108 	109 
006152 	126 	78 	108 	109 
006153 	144 	85 	91 	91 
006154 	144 	85 	91 	91 
006155 	138 	78 	108 	109 
006156 	144 	75 	91 	91 
006157 	144 	75 	91 	91 
006158 	138 	78 	108 	109 
006159 	138 	78 	108 	109 
006160 	138 	78 	108 	109 
006161 	138 	78 	108 	109 
006162 	144 	85 	91 	91 
006163 	138 	78 	108 	109 
006164 	144 	85 	91 	91 
006165 	126 	78 	108 	109 
006166 	126 	78 	108 	109 
006167 	126 	78 	108 	109 
006168 	126 	78 	108 	109 
006169 	126 	78 	108 	109 
006170 	126 	78 	108 	109 
006171 	126 	78 	108 	109 
006172 	126 	78 	108 	109 
006173 	126 	78 	108 	109 
006174 	126 	78 	108 	109 
006175 	126 	78 	108 	109 
006176 	126 	78 	108 	109 
006177 	126 	78 	108 	109 
006178 	126 	78 	108 	109 
006179 	126 	78 	108 	109 
006180 	126 	78 	108 	109 
006181 	126 	78 	108 	109 
006182 	144 	85 	91 	91 
006183 	144 	85 	91 	91 
006184 	144 	85 	91 	91 
006185 	144 	85 	91 	91 
006186 	144 	85 	91 	91 
006187 	144 	85 	91 	91 
006188 	144 	85 	91 	91 
006189 	144 	85 	91 	91 
006190 	144 	85 	91 	91 
006191 	144 	85 	91 	91 
006192 	144 	85 	91 	91 
006193 	144 	85 	91 	91 
006194 	144 	85 	91 	91 
006195 	138 	78 	108 	109 
006196 	138 	78 	108 	109 
006197 	154 	85 	91 	91 
006198 	150 	66 	108 	109 
006199 	150 	66 	108 	109 
006200 	150 	66 	108 	109 
006201 	150 	66 	108 	109 
006202 	161 	66 	109 	109 
006203 	161 	66 	109 	109 
006204 	161 	66 	109 	109 
006205 	161 	66 	109 	109 
006206 	161 	66 	109 	109 
006207 	161 	66 	109 	109 
006208 	161 	66 	109 	109 
006209 	161 	66 	109 	109 
006210 	161 	78 	109 	109 
006211 	161 	78 	109 	109 
006212 	173 	78 	109 	109 
006213 	173 	78 	109 	109 
006214 	161 	78 	109 	109 
006215 	161 	78 	109 	109 
006216 	161 	78 	109 	109 
006217 	161 	66 	109 	109 
006218 	161 	66 	109 	109 
006219 	161 	66 	109 	109 
006220 	161 	66 	109 	109 
006221 	161 	66 	109 	109 
006222 	161 	66 	109 	109 
006223 	161 	66 	109 	109 
006224 	164 	75 	91 	91 
006225 	150 	66 	108 	109 
006226 	150 	66 	108 	109 
006227 	150 	66 	108 	109 
006228 	150 	66 	108 	109 
006229 	150 	66 	108 	109 
006230 	150 	66 	108 	109 
006231 	150 	66 	108 	109 
006232 	150 	66 	108 	109 
006233 	150 	66 	108 	109 
006234 	150 	66 	108 	109 
006235 	150 	66 	108 	109 
006236 	150 	66 	108 	109 
006237 	150 	66 	108 	109 
006238 	150 	66 	108 	109 
006239 	150 	66 	108 	109 
006240 	150 	66 	108 	109 
006241 	150 	66 	108 	109 
006242 	150 	66 	108 	109 
006243 	150 	66 	108 	109 
006244 	150 	66 	108 	109 
006245 	150 	66 	108 	109 
006246 	150 	66 	108 	109 
006247 	161 	66 	109 	109 
006248 	161 	66 	109 	109 
006249 	161 	66 	109 	109 
006250 	150 	66 	108 	109 
006251 	150 	66 	108 	109 
006252 	150 	66 	108 	109 
006253 	150 	66 	108 	109 
006254 	150 	66 	108 	109 
006255 	150 	66 	108 	109 
006256 	150 	66 	108 	109 
006257 	150 	66 	108 	109 
006258 	150 	66 	108 	109 
006259 	150 	66 	108 	109 
006260 	150 	66 	108 	109 
006261 	150 	66 	108 	109 
006262 	150 	66 	108 	109 
006263 	150 	66 	108 	109 
006264 	150 	66 	108 	109 
006265 	150 	66 	108 	109 
006266 	150 	66 	108 	109 
006267 	150 	66 	108 	109 
006268 	150 	66 	108 	109 
006269 	150 	66 	108 	109 
006270 	150 	66 	108 	109 
006271 	150 	66 	108 	109 
006272 	150 	66 	108 	109 
006273 	150 	66 	108 	109 
006274 	150 	66 	108 	109 
006275 	150 	66 	108 	109 
006276 	150 	66 	108 	109 
006277 	150 	66 	108 	109 
006278 	150 	66 	108 	109 
006279 	150 	66 	108 	109 
006280 	150 	66 	108 	109 
006281 	150 	66 	108 	109 
006282 	150 	66 	108 	109 
006283 	150 	66 	108 	109 
006284 	150 	66 	108 	109 
006285 	150 	66 	108 	109 
006286 	150 	66 	108 	109 
006287 	150 	66 	108 	109 
006288 	150 	66 	108 	109 
006289 	150 	66 	108 	109 
006290 	150 	66 	108 	109 
006291 	150 	66 	108 	109 
006292 	150 	66 	108 	109 
006293 	150 	66 	108 	109 
006294 	150 	66 	108 	109 
006295 	150 	66 	108 	109 
006296 	150 	66 	108 	109 
006297 	150 	66 	108 	109 
006298 	150 	66 	108 	109 
006299 	150 	66 	108 	109 
006300 	150 	66 	108 	109 
006301 	150 	66 	108 	109 
006302 	150 	66 	108 	109 
006303 	150 	66 	108 	109 
006304 	150 	66 	108 	109 
006305 	150 	66 	108 	109 
006306 	150 	66 	108 	109 
006307 	150 	66 	108 	109 
006308 	161 	66 	109 	109 
006309 	161 	66 	109 	109 
006310 	161 	66 	109 	109 
006311 	161 	66 	109 	109 
006312 	161 	66 	109 	109 
006313 	161 	66 	109 	109 
006314 	161 	66 	109 	109 
006315 	150 	66 	108 	109 
006316 	150 	66 	108 	109 
006317 	150 	66 	108 	109 
006318 	150 	66 	108 	109 
006319 	150 	66 	108 	109 
006320 	154 	85 	91 	91 
006321 	150 	66 	108 	109 
006322 	150 	66 	108 	109 
006323 	150 	66 	108 	109 
006324 	150 	66 	108 	109 
006325 	150 	66 	108 	109 
006326 	150 	66 	108 	109 
006327 	161 	66 	109 	109 
006328 	161 	66 	109 	109 
006329 	161 	66 	109 	109 
006330 	161 	66 	109 	109 
006331 	161 	66 	109 	109 
006332 	161 	66 	109 	109 
006333 	161 	66 	109 	109 
006334 	161 	66 	109 	109 
006335 	161 	66 	109 	109 
006336 	161 	66 	109 	109 
006337 	161 	66 	109 	109 
006338 	161 	66 	109 	109 
006339 	150 	66 	108 	109 
006340 	150 	66 	108 	109 
006341 	150 	78 	108 	109 
006342 	154 	85 	91 	91 
006343 	138 	78 	108 	109 
006344 	138 	78 	108 	109 
006345 	144 	85 	91 	91 
006346 	126 	78 	108 	109 
006347 	126 	78 	108 	109 
006348 	126 	78 	108 	109 
006349 	124 	85 	91 	91 
006350 	124 	85 	91 	91 
006351 	124 	85 	91 	91 
006352 	124 	85 	91 	91 
006353 	126 	78 	108 	109 
006354 	126 	78 	108 	109 
006355 	126 	78 	108 	109 
006356 	126 	78 	108 	109 
006357 	144 	75 	91 	91 
006358 	138 	66 	108 	109 
006359 	138 	66 	108 	109 
006360 	154 	75 	91 	91 
006361 	150 	66 	108 	109 
006362 	150 	66 	108 	109 
006363 	150 	54 	108 	109 
006364 	150 	54 	108 	109 
006365 	150 	66 	108 	109 
006366 	154 	75 	91 	91 
006367 	138 	66 	108 	109 
006368 	126 	66 	108 	109 
006369 	124 	65 	91 	91 
006370 	114 	66 	108 	109 
006371 	102 	54 	108 	109 
006372 	102 	54 	108 	109 
006373 	90 	54 	108 	109 
006374 	90 	54 	108 	109 
006375 	90 	54 	108 	109 
006376 	78 	54 	108 	109 
006377 	78 	54 	108 	109 
006378 	66 	54 	108 	109 
006379 	66 	54 	108 	109 
006380 	66 	54 	108 	109 
006381 	66 	54 	108 	109 
006382 	66 	54 	108 	109 
006383 	78 	54 	108 	109 
006384 	90 	54 	108 	109 
006385 	105 	65 	90 	91 
006386 	102 	54 	108 	109 
006387 	114 	54 	108 	109 
006388 	134 	65 	91 	91 
006389 	138 	54 	108 	109 
006390 	138 	54 	108 	109 
006391 	138 	54 	108 	109 
006392 	150 	54 	108 	109 
006393 	150 	54 	108 	109 
006394 	150 	54 	108 	109 
006395 	161 	54 	109 	109 
006396 	161 	54 	109 	109 
006397 	161 	54 	109 	109 
006398 	161 	54 	109 	109 
006399 	150 	54 	108 	109 
006400 	150 	54 	108 	109 
006401 	150 	54 	108 	109 
006402 	150 	54 	108 	109 
006403 	154 	75 	91 	91 
006404 	138 	66 	108 	109 
006405 	138 	66 	108 	109 
006406 	144 	75 	91 	91 
006407 	144 	75 	91 	91 
006408 	144 	75 	91 	91 
006409 	144 	75 	91 	91 
006410 	144 	75 	91 	91 
006411 	144 	75 	91 	91 
006412 	144 	75 	91 	91 
006413 	144 	75 	91 	91 
006414 	138 	66 	108 	109 
006415 	138 	66 	108 	109 
006416 	138 	66 	108 	109 
006417 	138 	66 	108 	109 
006418 	138 	66 	108 	109 
006419 	154 	75 	91 	91 
006420 	154 	75 	91 	91 
006421 	154 	75 	91 	91 
006422 	154 	75 	91 	91 
006423 	154 	75 	91 	91 
006424 	150 	66 	108 	109 
006425 	150 	66 	108 	109 
006426 	150 	66 	108 	109 
006427 	150 	66 	108 	109 
006428 	150 	66 	108 	109 
006429 	150 	54 	108 	109 
006430 	150 	54 	108 	109 
006431 	150 	54 	108 	109 
006432 	150 	54 	108 	109 
006433 	150 	54 	108 	109 
006434 	150 	66 	108 	109 
006435 	150 	66 	108 	109 
006436 	150 	66 	108 	109 
006437 	150 	66 	108 	109 
006438 	138 	66 	108 	109 
006439 	138 	66 	108 	109 
006440 	138 	66 	108 	109 
006441 	138 	66 	108 	109 
006442 	138 	66 	108 	109 
006443 	138 	66 	108 	109 
006444 	138 	66 	108 	109 
006445 	138 	66 	108 	109 
006446 	138 	66 	108 	109 
006447 	138 	66 	108 	109 
006448 	138 	66 	108 	109 
006449 	138 	66 	108 	109 
006450 	138 	66 	108 	109 
006451 	150 	66 	108 	109 
006452 	150 	66 	108 	109 
006453 	150 	66 	108 	109 
006454 	150 	66 	108 	109 
006455 	150 	66 	108 	109 
006456 	138 	66 	108 	109 
006457 	138 	66 	108 	109 
006458 	138 	66 	108 	109 
006459 	138 	66 	108 	109 
006460 	138 	66 	108 	109 
006461 	138 	66 	108 	109 
006462 	138 	66 	108 	109 
006463 	138 	66 	108 	109 
006464 	138 	66 	108 	109 
006465 	138 	66 	108 	109 
006466 	138 	66 	108 	109 
006467 	150 	66 	108 	109 
006468 	150 	66 	108 	109 
006469 	150 	66 	108 	109 
006470 	150 	66 	108 	109 
006471 	150 	66 	108 	109 
006472 	150 	66 	108 	109 
006473 	150 	66 	108 	109 
006474 	150 	66 	108 	109 
006475 	150 	66 	108 	109 
006476 	150 	66 	108 	109 
006477 	150 	54 	108 	109 
006478 	150 	54 	108 	109 
006479 	150 	66 	108 	109 
006480 	150 	66 	108 	109 
006481 	150 	66 	108 	109 
006482 	150 	66 	108 	109 
006483 	150 	66 	108 	109 
006484 	150 	66 	108 	109 
006485 	150 	66 	108 	109 
006486 	150 	66 	108 	109 
006487 	150 	66 	108 	109 
006488 	150 	66 	108 	109 
006489 	150 	66 	108 	109 
006490 	150 	66 	108 	109 
006491 	150 	66 	108 	109 
006492 	150 	66 	108 	109 
006493 	150 	66 	108 	109 
006494 	150 	54 	108 	109 
006495 	150 	54 	108 	109 
006496 	150 	54 	108 	109 
006497 	150 	54 	108 	109 
006498 	150 	54 	108 	109 
006499 	150 	54 	108 	109 
006500 	150 	54 	108 	109 
006501 	150 	54 	108 	109 
006502 	150 	54 	108 	109 
006503 	150 	54 	108 	109 
006504 	150 	54 	108 	109 
006505 	138 	54 	108 	109 
006506 	138 	54 	108 	109 
006507 	138 	54 	108 	109 
006508 	138 	54 	108 	109 
006509 	138 	54 	108 	109 
006510 	138 	54 	108 	109 
006511 	138 	54 	108 	109 
006512 	138 	54 	108 	109 
006513 	138 	54 	108 	109 
006514 	138 	54 	108 	109 
006515 	138 	54 	108 	109 
006516 	138 	54 	108 	109 
006517 	138 	54 	108 	109 
006518 	138 	54 	108 	109 
006519 	138 	54 	108 	109 
006520 	138 	54 	108 	109 
006521 	138 	54 	108 	109 
006522 	138 	54 	108 	109 
006523 	138 	54 	108 	109 
006524 	144 	75 	91 	91 
006525 	126 	66 	108 	109 
006526 	126 	66 	108 	109 
006527 	134 	75 	91 	91 
006528 	126 	78 	108 	109 
006529 	126 	78 	108 	109 
006530 	114 	78 	108 	109 
006531 	114 	78 	108 	109 
006532 	114 	78 	108 	109 
006533 	114 	78 	108 	109 
006534 	114 	85 	91 	91 
006535 	114 	95 	91 	91 
006536 	114 	90 	108 	109 
006537 	114 	95 	91 	91 
006538 	114 	90 	108 	109 
006539 	114 	78 	108 	109 
006540 	124 	85 	91 	91 
006541 	114 	78 	108 	109 
006542 	126 	78 	108 	109 
006543 	126 	78 	108 	109 
006544 	138 	66 	108 	109 
006545 	138 	66 	108 	109 
006546 	154 	75 	91 	91 
006547 	150 	66 	108 	109 
006548 	150 	66 	108 	109 
006549 	161 	66 	109 	109 
006550 	161 	66 	109 	109 
006551 	161 	66 	109 	109 
006552 	174 	65 	91 	91 
006553 	174 	65 	91 	91 
006554 	161 	54 	109 	109 
006555 	161 	54 	109 	109 
006556 	161 	54 	109 	109 
006557 	161 	54 	109 	109 
006558 	161 	54 	109 	109 
006559 	150 	54 	108 	109 
006560 	150 	54 	108 	109 
006561 	150 	54 	108 	109 
006562 	138 	54 	108 	109 
006563 	138 	54 	108 	109 
006564 	126 	54 	108 	109 
006565 	134 	65 	91 	91 
006566 	124 	65 	91 	91 
006567 	114 	66 	108 	109 
006568 	114 	66 	108 	109 
006569 	114 	66 	108 	109 
006570 	114 	66 	108 	109 
006571 	114 	66 	108 	109 
006572 	114 	66 	108 	109 
006573 	114 	66 	108 	109 
006574 	124 	75 	91 	91 
006575 	124 	75 	91 	91 
006576 	124 	75 	91 	91 
006577 	134 	75 	91 	91 
006578 	134 	75 	91 	91 
006579 	126 	66 	108 	109 
006580 	138 	66 	108 	109 
006581 	138 	66 	108 	109 
006582 	138 	54 	108 	109 
006583 	150 	54 	108 	109 
006584 	150 	54 	108 	109 
006585 	150 	54 	108 	109 
006586 	161 	54 	109 	109 
006587 	161 	54 	109 	109 
006588 	161 	54 	109 	109 
006589 	161 	54 	109 	109 
006590 	161 	66 	109 	109 
006591 	161 	66 	109 	109 
006592 	161 	66 	109 	109 
006593 	161 	66 	109 	109 
006594 	161 	66 	109 	109 
006595 	161 	66 	109 	109 
006596 	161 	66 	109 	109 
006597 	161 	66 	109 	109 
006598 	161 	66 	109 	109 
006599 	161 	66 	109 	109 
006600 	164 	75 	91 	91 
006601 	164 	75 	91 	91 
006602 	150 	54 	108 	109 
006603 	150 	54 	108 	109 
006604 	150 	54 	108 	109 
006605 	150 	66 	108 	109 
006606 	150 	66 	108 	109 
006607 	150 	66 	108 	109 
006608 	150 	66 	108 	109 
006609 	150 	66 	108 	109 
006610 	150 	66 	108 	109 
006611 	150 	66 	108 	109 
006612 	150 	66 	108 	109 
006613 	150 	66 	108 	109 
006614 	150 	66 	108 	109 
006615 	150 	66 	108 	109 
006616 	150 	66 	108 	109 
006617 	154 	75 	91 	91 
006618 	150 	66 	108 	109 
006619 	150 	66 	108 	109 
006620 	150 	66 	108 	109 
006621 	150 	66 	108 	109 
006622 	150 	66 	108 	109 
006623 	150 	66 	108 	109 
006624 	150 	66 	108 	109 
006625 	150 	66 	108 	109 
006626 	150 	66 	108 	109 
006627 	150 	66 	108 	109 
006628 	150 	66 	108 	109 
006629 	150 	66 	108 	109 
006630 	150 	66 	108 	109 
006631 	150 	66 	108 	109 
006632 	150 	66 	108 	109 
006633 	150 	66 	108 	109 
006634 	150 	66 	108 	109 
006635 	150 	66 	108 	109 
006636 	150 	66 	108 	109 
006637 	150 	66 	108 	109 
006638 	150 	66 	108 	109 
006639 	154 	75 	91 	91 
006640 	154 	75 	91 	91 
006641 	154 	75 	91 	91 
006642 	154 	75 	91 	91 
006643 	150 	66 	108 	109 
006644 	150 	66 	108 	109 
006645 	150 	66 	108 	109 
006646 	150 	54 	108 	109 
006647 	150 	54 	108 	109 
006648 	150 	54 	108 	109 
006649 	150 	54 	108 	109 
006650 	150 	66 	108 	109 
006651 	150 	66 	108 	109 
006652 	150 	66 	108 	109 
006653 	150 	66 	108 	109 
006654 	150 	54 	108 	109 
006655 	150 	54 	108 	109 
006656 	150 	66 	108 	109 
006657 	150 	66 	108 	109 
006658 	150 	66 	108 	109 
006659 	150 	66 	108 	109 
006660 	150 	66 	108 	109 
006661 	150 	66 	108 	109 
006662 	150 	66 	108 	109 
006663 	150 	66 	108 	109 
006664 	150 	66 	108 	109 
006665 	150 	66 	108 	109 
006666 	150 	66 	108 	109 
006667 	150 	66 	108 	109 
006668 	150 	66 	108 	109 
006669 	150 	66 	108 	109 
006670 	154 	75 	91 	91 
006671 	138 	66 	108 	109 
006672 	138 	66 	108 	109 
006673 	138 	66 	108 	109 
006674 	138 	66 	108 	109 
006675 	138 	66 	108 	109 
006676 	138 	66 	108 	109 
006677 	138 	66 	108 	109 
006678 	138 	66 	108 	109 
006679 	138 	66 	108 	109 
006680 	138 	66 	108 	109 
006681 	138 	54 	108 	109 
006682 	138 	54 	108 	109 
006683 	138 	66 	108 	109 
006684 	138 	66 	108 	109 
006685 	138 	66 	108 	109 
006686 	138 	66 	108 	109 
006687 	144 	75 	91 	91 
006688 	144 	75 	91 	91 
006689 	138 	66 	108 	109 
006690 	150 	66 	108 	109 
006691 	150 	66 	108 	109 
006692 	150 	66 	108 	109 
006693 	150 	66 	108 	109 
006694 	150 	66 	108 	109 
006695 	150 	66 	108 	109 
006696 	150 	66 	108 	109 
006697 	150 	66 	108 	109 
006698 	150 	66 	108 	109 
006699 	150 	66 	108 	109 
006700 	150 	66 	108 	109 
006701 	150 	66 	108 	109 
006702 	150 	66 	108 	109 
006703 	150 	66 	108 	109 
006704 	150 	66 	108 	109 
006705 	150 	66 	108 	109 
006706 	150 	66 	108 	109 
006707 	150 	66 	108 	109 
006708 	150 	66 	108 	109 
006709 	150 	66 	108 	109 
006710 	150 	66 	108 	109 
006711 	150 	66 	108 	109 
006712 	150 	66 	108 	109 
006713 	150 	66 	108 	109 
006714 	150 	66 	108 	109 
006715 	150 	66 	108 	109 
006716 	150 	66 	108 	109 
006717 	150 	66 	108 	109 
006718 	150 	66 	108 	109 
006719 	150 	66 	108 	109 
006720 	150 	66 	108 	109 
006721 	150 	66 	108 	109 
006722 	150 	66 	108 	109 
006723 	150 	66 	108 	109 
006724 	150 	66 	108 	109 
006725 	150 	66 	108 	109 
006726 	150 	66 	108 	109 
006727 	150 	66 	108 	109 
006728 	150 	66 	108 	109 
006729 	150 	66 	108 	109 
006730 	150 	66 	108 	109 
006731 	150 	66 	108 	109 
006732 	150 	66 	108 	109 
006733 	150 	66 	108 	109 
006734 	138 	66 	108 	109 
006735 	138 	66 	108 	109 
006736 	138 	66 	108 	109 
006737 	154 	75 	91 	91 
006738 	150 	66 	108 	109 
006739 	150 	66 	108 	109 
006740 	150 	66 	108 	109 
006741 	150 	66 	108 	109 
006742 	150 	66 	108 	109 
006743 	161 	66 	109 	109 
006744 	161 	66 	109 	109 
006745 	161 	66 	109 	109 
006746 	161 	66 	109 	109 
006747 	161 	66 	109 	109 
006748 	161 	66 	109 	109 
006749 	161 	66 	109 	109 
006750 	161 	66 	109 	109 
006751 	161 	66 	109 	109 
006752 	161 	66 	109 	109 
006753 	161 	66 	109 	109 
006754 	161 	66 	109 	109 
006755 	161 	66 	109 	109 
006756 	150 	66 	108 	109 
006757 	150 	66 	108 	109 
006758 	150 	66 	108 	109 
006759 	150 	66 	108 	109 
006760 	150 	66 	108 	109 
006761 	150 	54 	108 	109 
006762 	150 	54 	108 	109 
006763 	150 	54 	108 	109 
006764 	150 	54 	108 	109 
006765 	150 	54 	108 	109 
006766 	150 	54 	108 	109 
006767 	150 	66 	108 	109 
006768 	150 	66 	108 	109 
006769 	150 	66 	108 	109 
006770 	150 	54 	108 	109 
006771 	150 	54 	108 	109 
006772 	150 	66 	108 	109 
006773 	150 	66 	108 	109 
006774 	150 	66 	108 	109 
006775 	150 	66 	108 	109 
006776 	161 	66 	109 	109 
006777 	161 	66 	109 	109 
006778 	161 	66 	109 	109 
006779 	161 	66 	109 	109 
006780 	161 	66 	109 	109 
006781 	161 	66 	109 	109 
006782 	161 	66 	109 	109 
006783 	161 	66 	109 	109 
006784 	161 	66 	109 	109 
006785 	161 	66 	109 	109 
006786 	150 	66 	108 	109 
006787 	150 	66 	108 	109 
006788 	150 	66 	108 	109 
006789 	150 	66 	108 	109 
006790 	150 	66 	108 	109 
006791 	150 	66 	108 	109 
006792 	150 	66 	108 	109 
006793 	150 	66 	108 	109 
006794 	150 	66 	108 	109 
006795 	161 	66 	109 	109 
006796 	161 	66 	109 	109 
006797 	161 	66 	109 	109 
006798 	161 	66 	109 	109 
006799 	161 	66 	109 	109 
006800 	164 	75 	91 	91 
006801 	150 	66 	108 	109 
006802 	150 	66 	108 	109 
006803 	150 	66 	108 	109 
006804 	150 	66 	108 	109 
006805 	150 	66 	108 	109 
006806 	150 	78 	108 	109 
006807 	150 	78 	108 	109 
006808 	150 	78 	108 	109 
006809 	150 	66 	108 	109 
006810 	150 	66 	108 	109 
006811 	150 	66 	108 	109 
006812 	150 	66 	108 	109 
006813 	150 	66 	108 	109 
006814 	150 	66 	108 	109 
006815 	150 	66 	108 	109 
006816 	150 	66 	108 	109 
006817 	150 	66 	108 	109 
006818 	150 	66 	108 	109 
006819 	150 	66 	108 	109 
006820 	150 	66 	108 	109 
006821 	161 	66 	109 	109 
006822 	151 	66 	130 	130 
006823 	161 	78 	109 	109 
006824 	161 	78 	109 	109 
006825 	161 	78 	109 	109 
006826 	161 	78 	109 	109 
006827 	161 	78 	109 	109 
006828 	161 	78 	109 	109 
006829 	151 	66 	130 	130 
006830 	151 	66 	130 	130 
006831 	150 	66 	108 	109 
006832 	150 	66 	108 	109 
006833 	150 	66 	108 	109 
006834 	150 	66 	108 	109 
006835 	150 	66 	108 	109 
006836 	150 	66 	108 	109 
006837 	150 	66 	108 	109 
006838 	150 	66 	108 	109 
006839 	150 	66 	108 	109 
006840 	150 	66 	108 	109 
006841 	150 	66 	108 	109 
006842 	150 	66 	108 	109 
006843 	150 	66 	108 	109 
006844 	150 	78 	108 	109 
006845 	150 	78 	108 	109 
006846 	150 	78 	108 	109 
006847 	150 	78 	108 	109 
006848 	150 	66 	108 	109 
006849 	150 	66 	108 	109 
006850 	150 	66 	108 	109 
006851 	150 	66 	108 	109 
006852 	150 	66 	108 	109 
006853 	150 	66 	108 	109 
006854 	150 	66 	108 	109 
006855 	150 	66 	108 	109 
006856 	150 	66 	108 	109 
006857 	150 	66 	108 	109 
006858 	150 	66 	108 	109 
006859 	150 	66 	108 	109 
006860 	150 	66 	108 	109 
006861 	150 	66 	108 	109 
006862 	150 	66 	108 	109 
006863 	150 	66 	108 	109 
006864 	150 	66 	108 	109 
006865 	150 	66 	108 	109 
006866 	150 	66 	108 	109 
006867 	150 	66 	108 	109 
006868 	150 	66 	108 	109 
006869 	150 	66 	108 	109 
006870 	150 	66 	108 	109 
006871 	150 	66 	108 	109 
006872 	150 	66 	108 	109 
006873 	150 	66 	108 	109 
006874 	150 	66 	108 	109 
006875 	150 	66 	108 	109 
006876 	150 	66 	108 	109 
006877 	150 	66 	108 	109 
006878 	150 	66 	108 	109 
006879 	150 	66 	108 	109 
006880 	150 	66 	108 	109 
006881 	150 	66 	108 	109 
006882 	154 	85 	91 	91 
006883 	138 	66 	108 	109 
006884 	154 	85 	91 	91 
006885 	138 	78 	108 	109 
006886 	138 	78 	108 	109 
006887 	138 	78 	108 	109 
006888 	138 	78 	108 	109 
006889 	138 	78 	108 	109 
006890 	138 	78 	108 	109 
006891 	138 	78 	108 	109 
006892 	138 	78 	108 	109 
006893 	138 	78 	108 	109 
006894 	138 	78 	108 	109 
006895 	154 	85 	91 	91 
006896 	154 	85 	91 	91 
006897 	154 	85 	91 	91 
006898 	154 	85 	91 	91 
006899 	154 	85 	91 	91 
006900 	154 	85 	91 	91 
006901 	154 	85 	91 	91 
006902 	154 	85 	91 	91 
006903 	154 	85 	91 	91 
006904 	154 	85 	91 	91 
006905 	154 	75 	91 	91 
006906 	154 	75 	91 	91 
006907 	138 	66 	108 	109 
006908 	138 	66 	108 	109 
006909 	138 	66 	108 	109 
006910 	138 	66 	108 	109 
006911 	138 	66 	108 	109 
006912 	138 	66 	108 	109 
006913 	138 	66 	108 	109 
006914 	138 	66 	108 	109 
006915 	138 	66 	108 	109 
006916 	138 	66 	108 	109 
006917 	138 	66 	108 	109 
006918 	138 	66 	108 	109 
006919 	138 	66 	108 	109 
006920 	138 	66 	108 	109 
006921 	138 	66 	108 	109 
006922 	138 	66 	108 	109 
006923 	138 	66 	108 	109 
006924 	138 	66 	108 	109 
006925 	154 	75 	91 	91 
006926 	154 	75 	91 	91 
006927 	150 	66 	108 	109 
006928 	150 	66 	108 	109 
006929 	150 	66 	108 	109 
006930 	150 	66 	108 	109 
006931 	150 	66 	108 	109 
006932 	150 	78 	108 	109 
006933 	150 	78 	108 	109 
006934 	150 	78 	108 	109 
006935 	150 	78 	108 	109 
006936 	150 	78 	108 	109 
006937 	150 	78 	108 	109 
006938 	150 	66 	108 	109 
006939 	150 	66 	108 	109 
006940 	150 	66 	108 	109 
006941 	150 	66 	108 	109 
006942 	154 	85 	91 	91 
006943 	154 	85 	91 	91 
006944 	154 	85 	91 	91 
006945 	154 	85 	91 	91 
006946 	154 	85 	91 	91 
006947 	154 	85 	91 	91 
006948 	154 	85 	91 	91 
006949 	154 	85 	91 	91 
006950 	154 	85 	91 	91 
006951 	154 	85 	91 	91 
006952 	150 	66 	108 	109 
006953 	150 	66 	108 	109 
006954 	150 	66 	108 	109 
006955 	154 	85 	91 	91 
006956 	138 	66 	108 	109 
006957 	138 	78 	108 	109 
006958 	138 	78 	108 	109 
006959 	138 	78 	108 	109 
006960 	138 	78 	108 	109 
006961 	138 	78 	108 	109 
006962 	138 	78 	108 	109 
006963 	138 	78 	108 	109 
006964 	138 	78 	108 	109 
006965 	138 	78 	108 	109 
006966 	138 	78 	108 	109 
006967 	138 	78 	108 	109 
006968 	138 	78 	108 	109 
006969 	138 	78 	108 	109 
006970 	138 	78 	108 	109 
006971 	138 	78 	108 	109 
006972 	138 	78 	108 	109 
006973 	138 	78 	108 	109 
006974 	138 	78 	108 	109 
006975 	138 	78 	108 	109 
006976 	138 	78 	108 	109 
006977 	138 	78 	108 	109 
006978 	138 	78 	108 	109 
006979 	138 	78 	108 	109 
006980 	138 	78 	108 	109 
006981 	138 	78 	108 	109 
006982 	138 	66 	108 	109 
006983 	138 	66 	108 	109 
006984 	154 	75 	91 	91 
006985 	150 	66 	108 	109 
006986 	154 	85 	91 	91 
006987 	138 	66 	108 	109 
006988 	138 	66 	108 	109 
006989 	150 	66 	108 	109 
006990 	150 	66 	108 	109 
006991 	150 	66 	108 	109 
006992 	150 	66 	108 	109 
006993 	150 	66 	108 	109 
006994 	154 	85 	91 	91 
006995 	154 	75 	91 	91 
006996 	154 	85 	91 	91 
006997 	154 	85 	91 	91 
006998 	154 	85 	91 	91 
006999 	150 	66 	108 	109 
007000 	150 	66 	108 	109 
007001 	150 	66 	108 	109 
007002 	150 	66 	108 	109 
007003 	150 	66 	108 	109 
007004 	150 	66 	108 	109 
007005 	150 	66 	108 	109 
007006 	150 	66 	108 	109 
007007 	150 	66 	108 	109 
007008 	150 	66 	108 	109 
007009 	150 	66 	108 	109 
007010 	150 	66 	108 	109 
007011 	150 	66 	108 	109 
007012 	150 	66 	108 	109 
007013 	150 	66 	108 	109 
007014 	150 	66 	108 	109 
007015 	150 	66 	108 	109 
007016 	150 	66 	108 	109 
007017 	154 	85 	91 	91 
007018 	154 	85 	91 	91 
007019 	154 	85 	91 	91 
007020 	154 	85 	91 	91 
007021 	154 	85 	91 	91 
007022 	138 	78 	108 	109 
007023 	138 	78 	108 	109 
007024 	138 	78 	108 	109 
007025 	138 	66 	108 	109 
007026 	138 	66 	108 	109 
007027 	138 	66 	108 	109 
007028 	138 	66 	108 	109 
007029 	138 	66 	108 	109 
007030 	138 	66 	108 	109 
007031 	138 	66 	108 	109 
007032 	138 	66 	108 	109 
007033 	138 	66 	108 	109 
007034 	138 	66 	108 	109 
007035 	138 	66 	108 	109 
007036 	138 	66 	108 	109 
007037 	138 	66 	108 	109 
007038 	138 	66 	108 	109 
007039 	138 	66 	108 	109 
007040 	138 	66 	108 	109 
007041 	138 	66 	108 	109 
007042 	154 	75 	91 	91 
007043 	154 	75 	91 	91 
007044 	154 	75 	91 	91 
007045 	138 	66 	108 	109 
007046 	138 	66 	108 	109 
007047 	154 	75 	91 	91 
007048 	138 	66 	108 	109 
007049 	138 	66 	108 	109 
007050 	138 	66 	108 	109 
007051 	138 	66 	108 	109 
007052 	138 	66 	108 	109 
007053 	138 	66 	108 	109 
007054 	154 	75 	91 	91 
007055 	154 	75 	91 	91 
007056 	154 	75 	91 	91 
007057 	138 	66 	108 	109 
007058 	138 	66 	108 	109 
007059 	138 	66 	108 	109 
007060 	138 	66 	108 	109 
007061 	138 	66 	108 	109 
007062 	138 	66 	108 	109 
007063 	138 	66 	108 	109 
007064 	154 	75 	91 	91 
007065 	154 	75 	91 	91 
007066 	154 	75 	91 	91 
007067 	150 	66 	108 	109 
007068 	150 	66 	108 	109 
007069 	150 	66 	108 	109 
007070 	150 	66 	108 	109 
007071 	150 	66 	108 	109 
007072 	150 	66 	108 	109 
007073 	150 	66 	108 	109 
007074 	150 	66 	108 	109 
007075 	150 	66 	108 	109 
007076 	150 	66 	108 	109 
007077 	150 	66 	108 	109 
007078 	150 	66 	108 	109 
007079 	150 	66 	108 	109 
007080 	150 	66 	108 	109 
007081 	150 	66 	108 	109 
007082 	150 	66 	108 	109 
007083 	150 	66 	108 	109 
007084 	150 	66 	108 	109 
007085 	150 	66 	108 	109 
007086 	150 	66 	108 	109 
007087 	150 	66 	108 	109 
007088 	150 	66 	108 	109 
007089 	150 	66 	108 	109 
007090 	150 	66 	108 	109 
007091 	150 	66 	108 	109 
007092 	150 	66 	108 	109 
007093 	150 	66 	108 	109 
007094 	154 	75 	91 	91 
007095 	154 	75 	91 	91 
007096 	154 	75 	91 	91 
007097 	154 	75 	91 	91 
007098 	154 	75 	91 	91 
007099 	150 	66 	108 	109 
007100 	150 	66 	108 	109 
007101 	150 	66 	108 	109 
007102 	150 	66 	108 	109 
007103 	150 	66 	108 	109 
007104 	150 	66 	108 	109 
007105 	150 	66 	108 	109 
007106 	150 	66 	108 	109 
007107 	150 	66 	108 	109 
007108 	150 	66 	108 	109 
007109 	150 	66 	108 	109 
007110 	150 	66 	108 	109 
007111 	150 	66 	108 	109 
007112 	150 	66 	108 	109 
007113 	150 	66 	108 	109 
007114 	161 	66 	109 	109 
007115 	161 	66 	109 	109 
007116 	161 	66 	109 	109 
007117 	161 	66 	109 	109 
007118 	161 	66 	109 	109 
007119 	150 	66 	108 	109 
007120 	150 	66 	108 	109 
007121 	150 	66 	108 	109 
007122 	150 	66 	108 	109 
007123 	150 	66 	108 	109 
007124 	150 	66 	108 	109 
007125 	150 	66 	108 	109 
007126 	150 	66 	108 	109 
007127 	150 	66 	108 	109 
007128 	150 	66 	108 	109 
007129 	150 	66 	108 	109 
007130 	150 	66 	108 	109 
007131 	150 	66 	108 	109 
007132 	150 	66 	108 	109 
007133 	150 	66 	108 	109 
007134 	150 	66 	108 	109 
007135 	150 	66 	108 	109 
007136 	150 	66 	108 	109 
007137 	150 	66 	108 	109 
007138 	150 	66 	108 	109 
007139 	150 	66 	108 	109 
007140 	150 	66 	108 	109 
007141 	150 	66 	108 	109 
007142 	150 	66 	108 	109 
007143 	150 	66 	108 	109 
007144 	150 	66 	108 	109 
007145 	150 	66 	108 	109 
007146 	150 	66 	108 	109 
007147 	150 	66 	108 	109 
007148 	150 	66 	108 	109 
007149 	150 	66 	108 	109 
