Identity  : 	id10276
Reference : 	X1Yr4eI2oRw
Offset    : 	-5
FV Conf   : 	15.190
ASD Conf  : 	6.759

FRAME 	X 	Y 	W 	H 
019191 	377 	43 	53 	53 
019192 	385 	50 	37 	37 
019193 	377 	43 	53 	53 
019194 	377 	43 	53 	53 
019195 	377 	43 	53 	53 
019196 	377 	43 	53 	53 
019197 	386 	45 	44 	45 
019198 	386 	45 	44 	45 
019199 	386 	45 	44 	45 
019200 	386 	45 	44 	45 
019201 	386 	45 	44 	45 
019202 	386 	45 	44 	45 
019203 	386 	45 	44 	45 
019204 	377 	43 	53 	53 
019205 	377 	43 	53 	53 
019206 	377 	43 	53 	53 
019207 	377 	43 	53 	53 
019208 	377 	43 	53 	53 
019209 	386 	45 	44 	45 
019210 	386 	45 	44 	45 
019211 	386 	45 	44 	45 
019212 	386 	45 	44 	45 
019213 	386 	45 	44 	45 
019214 	386 	45 	44 	45 
019215 	386 	45 	44 	45 
019216 	386 	45 	44 	45 
019217 	386 	45 	44 	45 
019218 	386 	45 	44 	45 
019219 	386 	45 	44 	45 
019220 	386 	45 	44 	45 
019221 	386 	45 	44 	45 
019222 	386 	45 	44 	45 
019223 	386 	45 	44 	45 
019224 	386 	45 	44 	45 
019225 	386 	45 	44 	45 
019226 	386 	45 	44 	45 
019227 	386 	45 	44 	45 
019228 	377 	43 	53 	53 
019229 	377 	43 	53 	53 
019230 	377 	43 	53 	53 
019231 	377 	43 	53 	53 
019232 	377 	43 	53 	53 
019233 	377 	43 	53 	53 
019234 	381 	45 	44 	45 
019235 	381 	45 	44 	45 
019236 	381 	45 	44 	45 
019237 	381 	45 	44 	45 
019238 	381 	45 	44 	45 
019239 	381 	45 	44 	45 
019240 	381 	45 	44 	45 
019241 	381 	45 	44 	45 
019242 	381 	45 	44 	45 
019243 	381 	45 	44 	45 
019244 	385 	50 	37 	37 
019245 	385 	50 	37 	37 
019246 	381 	45 	44 	45 
019247 	377 	43 	53 	53 
019248 	377 	43 	53 	53 
019249 	377 	43 	53 	53 
019250 	377 	43 	53 	53 
019251 	385 	50 	37 	37 
019252 	377 	43 	53 	53 
019253 	377 	43 	53 	53 
019254 	385 	50 	37 	37 
019255 	385 	50 	37 	37 
019256 	377 	43 	53 	53 
019257 	377 	43 	53 	53 
019258 	377 	43 	53 	53 
019259 	385 	50 	37 	37 
019260 	377 	43 	53 	53 
019261 	385 	50 	37 	37 
019262 	385 	50 	37 	37 
019263 	377 	43 	53 	53 
019264 	377 	43 	53 	53 
019265 	377 	43 	53 	53 
019266 	377 	43 	53 	53 
019267 	377 	43 	53 	53 
019268 	377 	43 	53 	53 
019269 	377 	43 	53 	53 
019270 	377 	43 	53 	53 
019271 	377 	43 	53 	53 
019272 	377 	43 	53 	53 
019273 	377 	43 	53 	53 
019274 	377 	43 	53 	53 
019275 	377 	43 	53 	53 
019276 	377 	43 	53 	53 
019277 	377 	43 	53 	53 
019278 	377 	43 	53 	53 
019279 	377 	43 	53 	53 
019280 	377 	43 	53 	53 
019281 	377 	43 	53 	53 
019282 	377 	43 	53 	53 
019283 	377 	43 	53 	53 
019284 	377 	43 	53 	53 
019285 	377 	43 	53 	53 
019286 	377 	43 	53 	53 
019287 	377 	43 	53 	53 
019288 	377 	43 	53 	53 
019289 	377 	43 	53 	53 
019290 	377 	43 	53 	53 
019291 	377 	43 	53 	53 
019292 	377 	43 	53 	53 
019293 	377 	43 	53 	53 
019294 	377 	43 	53 	53 
019295 	377 	43 	53 	53 
019296 	386 	45 	44 	45 
019297 	386 	45 	44 	45 
019298 	386 	45 	44 	45 
019299 	377 	43 	53 	53 
019300 	377 	43 	53 	53 
019301 	377 	43 	53 	53 
019302 	381 	45 	44 	45 
019303 	377 	37 	53 	53 
019304 	377 	37 	53 	53 
019305 	389 	42 	37 	37 
019306 	377 	37 	53 	53 
019307 	377 	43 	53 	53 
019308 	377 	43 	53 	53 
019309 	377 	43 	53 	53 
019310 	377 	43 	53 	53 
019311 	377 	43 	53 	53 
019312 	377 	43 	53 	53 
019313 	377 	43 	53 	53 
019314 	377 	43 	53 	53 
019315 	377 	43 	53 	53 
019316 	377 	43 	53 	53 
019317 	377 	43 	53 	53 
019318 	377 	43 	53 	53 
019319 	377 	43 	53 	53 
019320 	377 	43 	53 	53 
019321 	377 	43 	53 	53 
019322 	377 	43 	53 	53 
019323 	377 	43 	53 	53 
019324 	377 	43 	53 	53 
019325 	377 	43 	53 	53 
019326 	377 	43 	53 	53 
019327 	377 	43 	53 	53 
019328 	377 	43 	53 	53 
019329 	377 	43 	53 	53 
019330 	377 	43 	53 	53 
019331 	377 	43 	53 	53 
019332 	377 	43 	53 	53 
019333 	377 	43 	53 	53 
019334 	386 	50 	44 	44 
019335 	377 	43 	53 	53 
019336 	386 	45 	44 	45 
019337 	386 	50 	44 	44 
019338 	386 	50 	44 	44 
019339 	377 	43 	53 	53 
019340 	377 	43 	53 	53 
019341 	386 	50 	44 	44 
019342 	386 	50 	44 	44 
019343 	386 	50 	44 	44 
019344 	386 	50 	44 	44 
019345 	386 	50 	44 	44 
019346 	386 	50 	44 	44 
019347 	377 	43 	53 	53 
019348 	386 	50 	44 	44 
019349 	386 	50 	44 	44 
019350 	386 	50 	44 	44 
019351 	386 	50 	44 	44 
019352 	386 	50 	44 	44 
019353 	386 	50 	44 	44 
019354 	386 	50 	44 	44 
019355 	386 	50 	44 	44 
019356 	377 	43 	53 	53 
019357 	377 	43 	53 	53 
019358 	377 	43 	53 	53 
019359 	377 	43 	53 	53 
019360 	377 	43 	53 	53 
019361 	377 	43 	53 	53 
019362 	377 	43 	53 	53 
019363 	377 	43 	53 	53 
019364 	377 	43 	53 	53 
019365 	377 	43 	53 	53 
019366 	386 	45 	44 	45 
019367 	386 	45 	44 	45 
019368 	386 	45 	44 	45 
019369 	386 	45 	44 	45 
019370 	386 	45 	44 	45 
019371 	386 	45 	44 	45 
019372 	386 	45 	44 	45 
019373 	386 	45 	44 	45 
019374 	386 	45 	44 	45 
019375 	385 	45 	45 	46 
019376 	384 	45 	46 	46 
019377 	384 	44 	46 	47 
019378 	383 	44 	47 	48 
019379 	382 	44 	48 	49 
019380 	381 	44 	49 	49 
019381 	380 	44 	50 	50 
019382 	379 	44 	51 	51 
019383 	379 	43 	51 	52 
019384 	378 	43 	52 	52 
019385 	377 	43 	53 	53 
019386 	377 	43 	53 	53 
019387 	377 	43 	53 	53 
019388 	377 	43 	53 	53 
019389 	377 	43 	53 	53 
019390 	377 	43 	53 	53 
019391 	377 	43 	53 	53 
019392 	377 	43 	53 	53 
019393 	381 	50 	44 	44 
019394 	377 	43 	53 	53 
019395 	377 	43 	53 	53 
019396 	377 	43 	53 	53 
019397 	377 	43 	53 	53 
019398 	377 	43 	53 	53 
019399 	377 	43 	53 	53 
019400 	377 	43 	53 	53 
019401 	377 	43 	53 	53 
019402 	377 	43 	53 	53 
019403 	377 	43 	53 	53 
019404 	377 	43 	53 	53 
019405 	377 	43 	53 	53 
019406 	381 	45 	44 	45 
019407 	377 	43 	53 	53 
019408 	377 	43 	53 	53 
019409 	377 	43 	53 	53 
019410 	377 	43 	53 	53 
019411 	377 	43 	53 	53 
019412 	377 	43 	53 	53 
019413 	377 	43 	53 	53 
019414 	377 	43 	53 	53 
019415 	377 	43 	53 	53 
019416 	377 	43 	53 	53 
019417 	377 	43 	53 	53 
019418 	377 	43 	53 	53 
019419 	377 	43 	53 	53 
019420 	377 	43 	53 	53 
019421 	377 	43 	53 	53 
019422 	377 	43 	53 	53 
019423 	377 	43 	53 	53 
019424 	377 	43 	53 	53 
019425 	377 	43 	53 	53 
019426 	377 	43 	53 	53 
019427 	377 	43 	53 	53 
019428 	377 	43 	53 	53 
019429 	377 	43 	53 	53 
019430 	377 	43 	53 	53 
019431 	377 	43 	53 	53 
019432 	377 	43 	53 	53 
019433 	377 	43 	53 	53 
019434 	377 	43 	53 	53 
019435 	377 	43 	53 	53 
019436 	377 	43 	53 	53 
019437 	377 	43 	53 	53 
019438 	377 	43 	53 	53 
019439 	377 	43 	53 	53 
019440 	377 	43 	53 	53 
019441 	381 	50 	44 	44 
019442 	381 	50 	44 	44 
019443 	377 	43 	53 	53 
019444 	377 	43 	53 	53 
019445 	385 	50 	37 	37 
019446 	385 	50 	37 	37 
019447 	382 	48 	42 	42 
019448 	380 	45 	48 	48 
019449 	377 	43 	53 	53 
019450 	377 	43 	53 	53 
