Identity  : 	id10306
Reference : 	SBO7kM1IPaY
Offset    : 	-1
FV Conf   : 	16.352
ASD Conf  : 	6.656

FRAME 	X 	Y 	W 	H 
000937 	410 	71 	76 	75 
000938 	410 	71 	76 	75 
000939 	410 	71 	76 	75 
000940 	403 	65 	91 	91 
000941 	403 	65 	91 	91 
000942 	403 	65 	91 	91 
000943 	403 	65 	91 	91 
000944 	403 	65 	91 	91 
000945 	403 	65 	91 	91 
000946 	403 	65 	91 	91 
000947 	403 	65 	91 	91 
000948 	403 	65 	91 	91 
000949 	403 	65 	91 	91 
000950 	410 	79 	76 	76 
000951 	410 	79 	76 	76 
000952 	410 	79 	76 	76 
000953 	410 	79 	76 	76 
000954 	410 	79 	76 	76 
000955 	410 	79 	76 	76 
000956 	410 	79 	76 	76 
000957 	403 	65 	91 	91 
000958 	403 	65 	91 	91 
000959 	410 	79 	76 	76 
000960 	410 	79 	76 	76 
000961 	410 	79 	76 	76 
000962 	403 	65 	91 	91 
000963 	403 	65 	91 	91 
000964 	403 	65 	91 	91 
000965 	411 	80 	63 	63 
000966 	411 	80 	63 	63 
000967 	403 	65 	91 	91 
000968 	403 	65 	91 	91 
000969 	403 	65 	91 	91 
000970 	403 	65 	91 	91 
000971 	410 	79 	76 	76 
000972 	410 	79 	76 	76 
000973 	410 	79 	76 	76 
000974 	403 	65 	91 	91 
000975 	403 	65 	91 	91 
000976 	410 	71 	76 	75 
000977 	410 	71 	76 	75 
000978 	410 	71 	76 	75 
000979 	410 	71 	76 	75 
000980 	403 	65 	91 	91 
000981 	403 	65 	91 	91 
000982 	410 	79 	76 	76 
000983 	403 	65 	91 	91 
000984 	393 	65 	91 	91 
000985 	393 	65 	91 	91 
000986 	402 	79 	76 	76 
000987 	403 	65 	91 	91 
000988 	403 	65 	91 	91 
000989 	393 	65 	91 	91 
000990 	393 	65 	91 	91 
000991 	393 	65 	91 	91 
000992 	410 	71 	76 	75 
000993 	403 	65 	91 	91 
000994 	410 	71 	76 	75 
000995 	393 	65 	91 	91 
000996 	402 	71 	76 	75 
000997 	402 	71 	76 	75 
000998 	402 	71 	76 	75 
000999 	402 	71 	76 	75 
001000 	393 	65 	91 	91 
001001 	402 	79 	76 	76 
001002 	402 	79 	76 	76 
001003 	402 	79 	76 	76 
001004 	402 	71 	76 	75 
001005 	402 	79 	76 	76 
001006 	402 	79 	76 	76 
001007 	402 	79 	76 	76 
001008 	402 	79 	76 	76 
001009 	402 	79 	76 	76 
001010 	402 	79 	76 	76 
001011 	402 	79 	76 	76 
001012 	402 	79 	76 	76 
001013 	402 	79 	76 	76 
001014 	402 	79 	76 	76 
001015 	402 	79 	76 	76 
001016 	402 	79 	76 	76 
001017 	402 	79 	76 	76 
001018 	402 	79 	76 	76 
001019 	402 	79 	76 	76 
001020 	402 	79 	76 	76 
001021 	402 	79 	76 	76 
001022 	402 	79 	76 	76 
001023 	402 	79 	76 	76 
001024 	402 	79 	76 	76 
001025 	402 	79 	76 	76 
001026 	402 	79 	76 	76 
001027 	402 	79 	76 	76 
001028 	402 	79 	76 	76 
001029 	402 	79 	76 	76 
001030 	402 	79 	76 	76 
001031 	402 	79 	76 	76 
001032 	402 	79 	76 	76 
001033 	402 	79 	76 	76 
001034 	402 	79 	76 	76 
001035 	402 	79 	76 	76 
001036 	402 	79 	76 	76 
001037 	402 	79 	76 	76 
001038 	402 	79 	76 	76 
001039 	402 	79 	76 	76 
001040 	402 	79 	76 	76 
001041 	402 	79 	76 	76 
001042 	402 	79 	76 	76 
001043 	402 	79 	76 	76 
001044 	402 	79 	76 	76 
001045 	402 	79 	76 	76 
001046 	410 	79 	76 	76 
001047 	410 	79 	76 	76 
001048 	410 	79 	76 	76 
001049 	410 	79 	76 	76 
001050 	410 	79 	76 	76 
001051 	410 	79 	76 	76 
001052 	410 	79 	76 	76 
001053 	410 	79 	76 	76 
001054 	410 	79 	76 	76 
001055 	410 	79 	76 	76 
001056 	410 	79 	76 	76 
001057 	410 	79 	76 	76 
001058 	410 	79 	76 	76 
001059 	410 	79 	76 	76 
001060 	410 	79 	76 	76 
001061 	410 	79 	76 	76 
001062 	410 	79 	76 	76 
001063 	410 	79 	76 	76 
001064 	410 	79 	76 	76 
001065 	410 	79 	76 	76 
001066 	403 	65 	91 	91 
001067 	403 	65 	91 	91 
001068 	410 	71 	76 	75 
001069 	410 	71 	76 	75 
001070 	410 	71 	76 	75 
001071 	419 	71 	75 	75 
001072 	419 	71 	75 	75 
001073 	419 	71 	75 	75 
001074 	419 	71 	75 	75 
001075 	419 	71 	75 	75 
001076 	419 	71 	75 	75 
001077 	419 	71 	75 	75 
001078 	419 	71 	75 	75 
001079 	419 	71 	75 	75 
001080 	419 	71 	75 	75 
001081 	419 	71 	75 	75 
001082 	419 	71 	75 	75 
001083 	419 	71 	75 	75 
001084 	419 	71 	75 	75 
001085 	419 	71 	75 	75 
001086 	410 	71 	76 	75 
001087 	410 	71 	76 	75 
001088 	410 	71 	76 	75 
001089 	410 	71 	76 	75 
001090 	410 	71 	76 	75 
001091 	410 	71 	76 	75 
001092 	410 	71 	76 	75 
001093 	410 	71 	76 	75 
001094 	410 	71 	76 	75 
001095 	410 	71 	76 	75 
001096 	410 	71 	76 	75 
001097 	410 	71 	76 	75 
001098 	410 	71 	76 	75 
001099 	410 	71 	76 	75 
001100 	410 	71 	76 	75 
001101 	410 	71 	76 	75 
001102 	410 	71 	76 	75 
001103 	410 	71 	76 	75 
001104 	410 	71 	76 	75 
001105 	410 	71 	76 	75 
001106 	410 	71 	76 	75 
001107 	410 	71 	76 	75 
001108 	410 	71 	76 	75 
001109 	410 	71 	76 	75 
001110 	410 	71 	76 	75 
001111 	410 	71 	76 	75 
001112 	403 	55 	91 	91 
001113 	403 	55 	91 	91 
001114 	410 	71 	76 	75 
001115 	410 	71 	76 	75 
001116 	410 	71 	76 	75 
001117 	410 	71 	76 	75 
001118 	410 	71 	76 	75 
001119 	410 	71 	76 	75 
001120 	410 	71 	76 	75 
001121 	410 	71 	76 	75 
001122 	410 	71 	76 	75 
001123 	410 	71 	76 	75 
001124 	410 	71 	76 	75 
001125 	410 	71 	76 	75 
001126 	410 	71 	76 	75 
001127 	410 	71 	76 	75 
001128 	410 	71 	76 	75 
001129 	410 	71 	76 	75 
001130 	410 	71 	76 	75 
001131 	410 	71 	76 	75 
