Identity  : 	id10306
Reference : 	SBO7kM1IPaY
Offset    : 	-1
FV Conf   : 	18.717
ASD Conf  : 	7.694

FRAME 	X 	Y 	W 	H 
003617 	419 	79 	75 	76 
003618 	419 	79 	75 	76 
003619 	419 	79 	75 	76 
003620 	419 	79 	75 	76 
003621 	419 	79 	75 	76 
003622 	419 	79 	75 	76 
003623 	419 	79 	75 	76 
003624 	419 	79 	75 	76 
003625 	419 	79 	75 	76 
003626 	419 	79 	75 	76 
003627 	419 	79 	75 	76 
003628 	419 	79 	75 	76 
003629 	419 	79 	75 	76 
003630 	419 	79 	75 	76 
003631 	419 	79 	75 	76 
003632 	419 	79 	75 	76 
003633 	419 	79 	75 	76 
003634 	419 	79 	75 	76 
003635 	419 	79 	75 	76 
003636 	419 	79 	75 	76 
003637 	419 	79 	75 	76 
003638 	419 	79 	75 	76 
003639 	419 	79 	75 	76 
003640 	419 	79 	75 	76 
003641 	419 	79 	75 	76 
003642 	410 	79 	76 	76 
003643 	410 	79 	76 	76 
003644 	410 	71 	76 	75 
003645 	410 	71 	76 	75 
003646 	410 	71 	76 	75 
003647 	410 	71 	76 	75 
003648 	410 	71 	76 	75 
003649 	410 	79 	76 	76 
003650 	410 	79 	76 	76 
003651 	410 	79 	76 	76 
003652 	410 	79 	76 	76 
003653 	410 	79 	76 	76 
003654 	410 	71 	76 	75 
003655 	410 	71 	76 	75 
003656 	410 	71 	76 	75 
003657 	410 	71 	76 	75 
003658 	410 	71 	76 	75 
003659 	410 	71 	76 	75 
003660 	410 	71 	76 	75 
003661 	410 	71 	76 	75 
003662 	410 	71 	76 	75 
003663 	410 	71 	76 	75 
003664 	410 	71 	76 	75 
003665 	410 	71 	76 	75 
003666 	410 	71 	76 	75 
003667 	410 	71 	76 	75 
003668 	410 	71 	76 	75 
003669 	410 	71 	76 	75 
003670 	410 	71 	76 	75 
003671 	410 	71 	76 	75 
003672 	410 	71 	76 	75 
003673 	410 	71 	76 	75 
003674 	410 	71 	76 	75 
003675 	410 	71 	76 	75 
003676 	410 	71 	76 	75 
003677 	410 	71 	76 	75 
003678 	410 	71 	76 	75 
003679 	410 	71 	76 	75 
003680 	410 	71 	76 	75 
003681 	410 	71 	76 	75 
003682 	410 	71 	76 	75 
003683 	410 	71 	76 	75 
003684 	410 	71 	76 	75 
003685 	402 	71 	76 	75 
003686 	402 	71 	76 	75 
003687 	406 	71 	76 	75 
003688 	410 	71 	76 	75 
003689 	410 	71 	76 	75 
003690 	419 	71 	75 	75 
003691 	419 	71 	75 	75 
003692 	427 	71 	76 	75 
003693 	427 	71 	76 	75 
003694 	427 	71 	76 	75 
003695 	427 	71 	76 	75 
003696 	427 	71 	76 	75 
003697 	427 	71 	76 	75 
003698 	427 	71 	76 	75 
003699 	427 	71 	76 	75 
003700 	427 	71 	76 	75 
003701 	427 	71 	76 	75 
003702 	427 	71 	76 	75 
003703 	427 	71 	76 	75 
003704 	427 	71 	76 	75 
003705 	427 	71 	76 	75 
003706 	427 	71 	76 	75 
003707 	427 	71 	76 	75 
003708 	427 	71 	76 	75 
003709 	427 	71 	76 	75 
003710 	427 	71 	76 	75 
003711 	427 	71 	76 	75 
003712 	427 	71 	76 	75 
003713 	427 	71 	76 	75 
003714 	427 	71 	76 	75 
003715 	427 	71 	76 	75 
003716 	427 	71 	76 	75 
003717 	423 	65 	91 	91 
003718 	423 	65 	91 	91 
003719 	423 	65 	91 	91 
003720 	423 	65 	91 	91 
003721 	423 	65 	91 	91 
003722 	427 	71 	76 	75 
003723 	427 	71 	76 	75 
003724 	427 	71 	76 	75 
003725 	427 	71 	76 	75 
003726 	427 	71 	76 	75 
003727 	427 	71 	76 	75 
003728 	427 	71 	76 	75 
003729 	427 	71 	76 	75 
003730 	423 	65 	91 	91 
003731 	427 	71 	76 	75 
003732 	423 	65 	91 	91 
003733 	427 	79 	76 	76 
003734 	427 	79 	76 	76 
003735 	427 	79 	76 	76 
003736 	427 	79 	76 	76 
003737 	427 	79 	76 	76 
003738 	427 	79 	76 	76 
003739 	427 	87 	76 	76 
003740 	427 	87 	76 	76 
003741 	427 	87 	76 	76 
003742 	427 	87 	76 	76 
003743 	427 	87 	76 	76 
003744 	427 	87 	76 	76 
003745 	427 	87 	76 	76 
003746 	427 	87 	76 	76 
003747 	435 	87 	76 	76 
003748 	435 	87 	76 	76 
003749 	435 	87 	76 	76 
003750 	435 	87 	76 	76 
003751 	445 	93 	64 	64 
003752 	444 	87 	75 	76 
003753 	444 	87 	75 	76 
003754 	444 	87 	75 	76 
