Identity  : 	id10306
Reference : 	SBO7kM1IPaY
Offset    : 	-1
FV Conf   : 	18.717
ASD Conf  : 	6.289

FRAME 	X 	Y 	W 	H 
003832 	439 	93 	63 	64 
003833 	439 	93 	63 	64 
003834 	439 	93 	63 	64 
003835 	439 	93 	63 	64 
003836 	435 	87 	76 	76 
003837 	435 	87 	76 	76 
003838 	435 	87 	76 	76 
003839 	435 	87 	76 	76 
003840 	435 	87 	76 	76 
003841 	435 	87 	76 	76 
003842 	435 	87 	76 	76 
003843 	435 	87 	76 	76 
003844 	439 	87 	63 	63 
003845 	439 	87 	63 	63 
003846 	440 	89 	53 	53 
003847 	427 	87 	76 	76 
003848 	427 	87 	76 	76 
003849 	427 	87 	76 	76 
003850 	427 	87 	76 	76 
003851 	427 	87 	76 	76 
003852 	427 	87 	76 	76 
003853 	427 	87 	76 	76 
003854 	427 	87 	76 	76 
003855 	427 	87 	76 	76 
003856 	423 	75 	91 	91 
003857 	435 	79 	76 	76 
003858 	445 	87 	64 	63 
003859 	444 	79 	75 	76 
003860 	444 	79 	75 	76 
003861 	444 	79 	75 	76 
003862 	444 	79 	75 	76 
003863 	444 	79 	75 	76 
003864 	444 	79 	75 	76 
003865 	444 	79 	75 	76 
003866 	444 	79 	75 	76 
003867 	444 	79 	75 	76 
003868 	444 	79 	75 	76 
003869 	444 	79 	75 	76 
003870 	444 	79 	75 	76 
003871 	444 	79 	75 	76 
003872 	444 	79 	75 	76 
003873 	452 	79 	75 	76 
003874 	452 	71 	75 	75 
003875 	452 	71 	75 	75 
003876 	452 	71 	75 	75 
003877 	452 	71 	75 	75 
003878 	452 	79 	75 	76 
003879 	452 	79 	75 	76 
003880 	452 	71 	75 	75 
003881 	452 	71 	75 	75 
003882 	452 	71 	75 	75 
003883 	452 	79 	75 	76 
003884 	452 	79 	75 	76 
003885 	452 	79 	75 	76 
003886 	452 	71 	75 	75 
003887 	452 	71 	75 	75 
003888 	452 	79 	75 	76 
003889 	452 	79 	75 	76 
003890 	452 	79 	75 	76 
003891 	452 	71 	75 	75 
003892 	452 	71 	75 	75 
003893 	452 	79 	75 	76 
003894 	452 	79 	75 	76 
003895 	452 	79 	75 	76 
003896 	452 	79 	75 	76 
003897 	452 	79 	75 	76 
003898 	452 	79 	75 	76 
003899 	452 	79 	75 	76 
003900 	452 	79 	75 	76 
003901 	452 	79 	75 	76 
003902 	452 	79 	75 	76 
003903 	452 	79 	75 	76 
003904 	452 	79 	75 	76 
003905 	452 	79 	75 	76 
003906 	452 	79 	75 	76 
003907 	452 	79 	75 	76 
003908 	452 	79 	75 	76 
003909 	443 	65 	90 	91 
003910 	443 	65 	90 	91 
003911 	443 	65 	90 	91 
003912 	452 	79 	75 	76 
003913 	443 	65 	90 	91 
003914 	452 	71 	75 	75 
003915 	452 	71 	75 	75 
003916 	452 	79 	75 	76 
003917 	452 	71 	75 	75 
003918 	444 	71 	75 	75 
003919 	444 	71 	75 	75 
003920 	444 	71 	75 	75 
003921 	444 	71 	75 	75 
003922 	444 	71 	75 	75 
003923 	444 	71 	75 	75 
003924 	444 	71 	75 	75 
003925 	444 	71 	75 	75 
003926 	444 	71 	75 	75 
003927 	448 	71 	75 	75 
003928 	452 	71 	75 	75 
003929 	452 	71 	75 	75 
003930 	452 	71 	75 	75 
003931 	452 	71 	75 	75 
003932 	452 	71 	75 	75 
003933 	452 	71 	75 	75 
003934 	452 	71 	75 	75 
003935 	452 	71 	75 	75 
003936 	452 	71 	75 	75 
003937 	452 	71 	75 	75 
003938 	452 	71 	75 	75 
003939 	452 	71 	75 	75 
003940 	452 	71 	75 	75 
003941 	452 	71 	75 	75 
003942 	452 	79 	75 	76 
003943 	452 	79 	75 	76 
003944 	452 	79 	75 	76 
003945 	452 	79 	75 	76 
003946 	452 	79 	75 	76 
003947 	452 	79 	75 	76 
003948 	452 	79 	75 	76 
003949 	452 	79 	75 	76 
003950 	452 	79 	75 	76 
003951 	452 	79 	75 	76 
003952 	452 	71 	75 	75 
003953 	452 	71 	75 	75 
003954 	452 	71 	75 	75 
003955 	452 	71 	75 	75 
003956 	452 	71 	75 	75 
003957 	452 	79 	75 	76 
003958 	452 	79 	75 	76 
003959 	452 	79 	75 	76 
003960 	443 	65 	90 	91 
003961 	452 	71 	75 	75 
003962 	452 	71 	75 	75 
003963 	452 	71 	75 	75 
003964 	452 	71 	75 	75 
003965 	452 	71 	75 	75 
003966 	452 	79 	75 	76 
003967 	452 	79 	75 	76 
003968 	452 	79 	75 	76 
003969 	452 	79 	75 	76 
003970 	452 	71 	75 	75 
003971 	452 	71 	75 	75 
003972 	452 	79 	75 	76 
003973 	452 	79 	75 	76 
003974 	452 	79 	75 	76 
003975 	452 	79 	75 	76 
003976 	452 	71 	75 	75 
003977 	452 	71 	75 	75 
003978 	452 	71 	75 	75 
003979 	452 	71 	75 	75 
003980 	452 	71 	75 	75 
003981 	452 	71 	75 	75 
003982 	452 	71 	75 	75 
003983 	452 	71 	75 	75 
003984 	452 	71 	75 	75 
003985 	452 	71 	75 	75 
003986 	452 	71 	75 	75 
003987 	452 	71 	75 	75 
003988 	452 	79 	75 	76 
003989 	452 	79 	75 	76 
003990 	452 	71 	75 	75 
003991 	452 	71 	75 	75 
003992 	452 	71 	75 	75 
003993 	452 	71 	75 	75 
003994 	452 	79 	75 	76 
003995 	452 	79 	75 	76 
003996 	452 	71 	75 	75 
003997 	452 	71 	75 	75 
003998 	452 	71 	75 	75 
003999 	444 	71 	75 	75 
004000 	444 	71 	75 	75 
004001 	452 	79 	75 	76 
004002 	452 	79 	75 	76 
004003 	452 	79 	75 	76 
004004 	452 	79 	75 	76 
004005 	452 	71 	75 	75 
004006 	452 	71 	75 	75 
004007 	452 	71 	75 	75 
004008 	452 	71 	75 	75 
004009 	452 	79 	75 	76 
004010 	452 	79 	75 	76 
004011 	452 	79 	75 	76 
004012 	452 	79 	75 	76 
004013 	452 	79 	75 	76 
004014 	452 	79 	75 	76 
004015 	452 	79 	75 	76 
004016 	452 	79 	75 	76 
004017 	452 	79 	75 	76 
004018 	452 	79 	75 	76 
004019 	452 	79 	75 	76 
004020 	452 	79 	75 	76 
004021 	452 	79 	75 	76 
004022 	452 	79 	75 	76 
004023 	452 	79 	75 	76 
004024 	452 	79 	75 	76 
004025 	452 	79 	75 	76 
004026 	452 	79 	75 	76 
004027 	452 	79 	75 	76 
004028 	452 	79 	75 	76 
004029 	460 	79 	76 	76 
004030 	460 	79 	76 	76 
004031 	460 	79 	76 	76 
004032 	460 	79 	76 	76 
004033 	460 	79 	76 	76 
004034 	452 	71 	75 	75 
004035 	452 	79 	75 	76 
004036 	452 	79 	75 	76 
004037 	452 	79 	75 	76 
004038 	452 	79 	75 	76 
004039 	452 	79 	75 	76 
004040 	452 	79 	75 	76 
004041 	452 	79 	75 	76 
004042 	452 	79 	75 	76 
004043 	452 	79 	75 	76 
004044 	452 	71 	75 	75 
004045 	452 	71 	75 	75 
004046 	452 	71 	75 	75 
004047 	452 	71 	75 	75 
004048 	452 	71 	75 	75 
004049 	452 	71 	75 	75 
004050 	452 	71 	75 	75 
004051 	452 	71 	75 	75 
004052 	452 	71 	75 	75 
004053 	452 	71 	75 	75 
004054 	452 	71 	75 	75 
004055 	452 	71 	75 	75 
004056 	452 	71 	75 	75 
004057 	444 	71 	75 	75 
004058 	444 	71 	75 	75 
004059 	444 	79 	75 	76 
004060 	444 	79 	75 	76 
004061 	444 	79 	75 	76 
004062 	444 	79 	75 	76 
004063 	444 	79 	75 	76 
004064 	444 	79 	75 	76 
004065 	444 	79 	75 	76 
004066 	444 	79 	75 	76 
004067 	444 	79 	75 	76 
004068 	444 	79 	75 	76 
004069 	444 	79 	75 	76 
004070 	444 	79 	75 	76 
004071 	444 	79 	75 	76 
004072 	444 	79 	75 	76 
004073 	444 	79 	75 	76 
004074 	444 	79 	75 	76 
