Identity  : 	id10298
Reference : 	DWT9P35cXT4
Offset    : 	-1
FV Conf   : 	15.084
ASD Conf  : 	7.522

FRAME 	X 	Y 	W 	H 
003253 	329 	78 	108 	109 
003254 	329 	78 	108 	109 
003255 	329 	78 	108 	109 
003256 	329 	78 	108 	109 
003257 	329 	78 	108 	109 
003258 	329 	78 	108 	109 
003259 	329 	78 	108 	109 
003260 	317 	78 	108 	109 
003261 	317 	78 	108 	109 
003262 	329 	78 	108 	109 
003263 	317 	78 	108 	109 
003264 	317 	78 	108 	109 
003265 	317 	78 	108 	109 
003266 	317 	78 	108 	109 
003267 	317 	78 	108 	109 
003268 	317 	78 	108 	109 
003269 	317 	78 	108 	109 
003270 	317 	78 	108 	109 
003271 	317 	78 	108 	109 
003272 	317 	78 	108 	109 
003273 	317 	78 	108 	109 
003274 	317 	78 	108 	109 
003275 	317 	78 	108 	109 
003276 	317 	78 	108 	109 
003277 	317 	78 	108 	109 
003278 	317 	78 	108 	109 
003279 	317 	78 	108 	109 
003280 	317 	78 	108 	109 
003281 	317 	78 	108 	109 
003282 	317 	78 	108 	109 
003283 	317 	90 	108 	109 
003284 	317 	90 	108 	109 
003285 	317 	90 	108 	109 
003286 	317 	90 	108 	109 
003287 	329 	90 	108 	109 
003288 	329 	90 	108 	109 
003289 	329 	90 	108 	109 
003290 	329 	90 	108 	109 
003291 	341 	90 	108 	109 
003292 	341 	90 	108 	109 
003293 	341 	90 	108 	109 
003294 	341 	90 	108 	109 
003295 	341 	102 	108 	109 
003296 	341 	102 	108 	109 
003297 	341 	102 	108 	109 
003298 	341 	102 	108 	109 
003299 	329 	102 	108 	109 
003300 	317 	102 	108 	109 
003301 	305 	102 	108 	109 
003302 	305 	102 	108 	109 
003303 	305 	102 	108 	109 
003304 	305 	102 	108 	109 
003305 	305 	90 	108 	109 
003306 	305 	90 	108 	109 
003307 	305 	90 	108 	109 
003308 	305 	90 	108 	109 
003309 	305 	90 	108 	109 
003310 	305 	90 	108 	109 
003311 	305 	90 	108 	109 
003312 	305 	90 	108 	109 
003313 	305 	90 	108 	109 
003314 	305 	90 	108 	109 
003315 	305 	90 	108 	109 
003316 	305 	78 	108 	109 
003317 	305 	78 	108 	109 
003318 	305 	78 	108 	109 
003319 	305 	78 	108 	109 
003320 	317 	78 	108 	109 
003321 	317 	78 	108 	109 
003322 	317 	78 	108 	109 
003323 	317 	78 	108 	109 
003324 	317 	78 	108 	109 
003325 	329 	78 	108 	109 
003326 	329 	78 	108 	109 
003327 	329 	78 	108 	109 
003328 	341 	78 	108 	109 
003329 	341 	78 	108 	109 
003330 	353 	78 	108 	109 
003331 	353 	78 	108 	109 
003332 	353 	78 	108 	109 
003333 	365 	78 	108 	109 
003334 	365 	78 	108 	109 
003335 	376 	78 	109 	109 
003336 	383 	85 	91 	91 
003337 	393 	85 	91 	91 
003338 	388 	66 	109 	109 
003339 	388 	78 	109 	109 
003340 	388 	66 	109 	109 
003341 	388 	66 	109 	109 
003342 	388 	66 	109 	109 
003343 	388 	66 	109 	109 
003344 	388 	66 	109 	109 
003345 	376 	66 	109 	109 
003346 	376 	66 	109 	109 
003347 	376 	66 	109 	109 
003348 	376 	66 	109 	109 
003349 	376 	66 	109 	109 
003350 	365 	66 	108 	109 
003351 	365 	66 	108 	109 
003352 	365 	66 	108 	109 
003353 	365 	66 	108 	109 
003354 	383 	85 	91 	91 
003355 	383 	85 	91 	91 
003356 	383 	85 	91 	91 
003357 	376 	66 	109 	109 
003358 	376 	78 	109 	109 
003359 	376 	78 	109 	109 
003360 	376 	78 	109 	109 
003361 	365 	78 	108 	109 
003362 	365 	66 	108 	109 
003363 	365 	78 	108 	109 
003364 	365 	78 	108 	109 
003365 	365 	78 	108 	109 
003366 	365 	78 	108 	109 
003367 	365 	78 	108 	109 
003368 	365 	78 	108 	109 
003369 	365 	78 	108 	109 
003370 	353 	78 	108 	109 
003371 	365 	78 	108 	109 
003372 	365 	78 	108 	109 
003373 	365 	78 	108 	109 
003374 	365 	78 	108 	109 
003375 	388 	90 	109 	109 
003376 	388 	90 	109 	109 
003377 	388 	90 	109 	109 
003378 	403 	95 	91 	91 
003379 	400 	90 	109 	109 
003380 	400 	90 	109 	109 
003381 	400 	90 	109 	109 
003382 	400 	90 	109 	109 
003383 	412 	90 	109 	109 
003384 	412 	90 	109 	109 
003385 	412 	90 	109 	109 
003386 	412 	90 	109 	109 
003387 	412 	90 	109 	109 
003388 	412 	90 	109 	109 
003389 	412 	90 	109 	109 
003390 	412 	90 	109 	109 
003391 	412 	90 	109 	109 
003392 	412 	90 	109 	109 
003393 	412 	90 	109 	109 
003394 	412 	90 	109 	109 
003395 	400 	90 	109 	109 
003396 	400 	90 	109 	109 
003397 	388 	78 	109 	109 
003398 	388 	78 	109 	109 
003399 	388 	78 	109 	109 
003400 	376 	78 	109 	109 
003401 	376 	78 	109 	109 
003402 	376 	78 	109 	109 
003403 	376 	78 	109 	109 
003404 	376 	78 	109 	109 
003405 	376 	78 	109 	109 
003406 	376 	78 	109 	109 
003407 	376 	90 	109 	109 
003408 	376 	90 	109 	109 
003409 	376 	102 	109 	109 
003410 	376 	102 	109 	109 
003411 	376 	102 	109 	109 
003412 	376 	102 	109 	109 
003413 	376 	102 	109 	109 
003414 	376 	102 	109 	109 
003415 	376 	102 	109 	109 
003416 	376 	102 	109 	109 
003417 	376 	102 	109 	109 
003418 	376 	102 	109 	109 
003419 	376 	102 	109 	109 
003420 	376 	102 	109 	109 
003421 	376 	102 	109 	109 
003422 	376 	102 	109 	109 
003423 	376 	102 	109 	109 
003424 	376 	102 	109 	109 
003425 	376 	102 	109 	109 
003426 	376 	102 	109 	109 
003427 	376 	102 	109 	109 
003428 	376 	102 	109 	109 
003429 	365 	90 	108 	109 
003430 	365 	90 	108 	109 
003431 	365 	90 	108 	109 
003432 	365 	78 	108 	109 
003433 	365 	78 	108 	109 
003434 	365 	78 	108 	109 
003435 	365 	78 	108 	109 
003436 	365 	78 	108 	109 
003437 	365 	78 	108 	109 
003438 	365 	78 	108 	109 
003439 	365 	66 	108 	109 
003440 	365 	66 	108 	109 
