Identity  : 	id10298
Reference : 	DWT9P35cXT4
Offset    : 	-1
FV Conf   : 	18.078
ASD Conf  : 	7.470

FRAME 	X 	Y 	W 	H 
005181 	329 	78 	108 	109 
005182 	329 	78 	108 	109 
005183 	329 	78 	108 	109 
005184 	329 	78 	108 	109 
005185 	329 	78 	108 	109 
005186 	309 	66 	130 	130 
005187 	309 	66 	130 	130 
005188 	309 	66 	130 	130 
005189 	317 	78 	108 	109 
005190 	309 	66 	130 	130 
005191 	317 	78 	108 	109 
005192 	317 	78 	108 	109 
005193 	317 	78 	108 	109 
005194 	317 	78 	108 	109 
005195 	317 	78 	108 	109 
005196 	317 	78 	108 	109 
005197 	317 	78 	108 	109 
005198 	317 	66 	108 	109 
005199 	317 	66 	108 	109 
005200 	317 	66 	108 	109 
005201 	317 	66 	108 	109 
005202 	317 	66 	108 	109 
005203 	317 	66 	108 	109 
005204 	317 	66 	108 	109 
005205 	317 	66 	108 	109 
005206 	317 	66 	108 	109 
005207 	317 	66 	108 	109 
005208 	317 	66 	108 	109 
005209 	317 	66 	108 	109 
005210 	317 	78 	108 	109 
005211 	317 	78 	108 	109 
005212 	317 	78 	108 	109 
005213 	317 	78 	108 	109 
005214 	317 	78 	108 	109 
005215 	317 	78 	108 	109 
005216 	317 	78 	108 	109 
005217 	317 	78 	108 	109 
005218 	317 	78 	108 	109 
005219 	317 	78 	108 	109 
005220 	317 	78 	108 	109 
005221 	317 	78 	108 	109 
005222 	317 	78 	108 	109 
005223 	317 	78 	108 	109 
005224 	317 	78 	108 	109 
005225 	317 	78 	108 	109 
005226 	317 	78 	108 	109 
005227 	317 	78 	108 	109 
005228 	317 	78 	108 	109 
005229 	317 	78 	108 	109 
005230 	317 	78 	108 	109 
005231 	317 	78 	108 	109 
005232 	317 	78 	108 	109 
005233 	317 	78 	108 	109 
005234 	317 	78 	108 	109 
005235 	317 	78 	108 	109 
005236 	317 	78 	108 	109 
005237 	317 	78 	108 	109 
005238 	317 	78 	108 	109 
005239 	317 	78 	108 	109 
005240 	317 	78 	108 	109 
005241 	317 	78 	108 	109 
005242 	317 	78 	108 	109 
005243 	317 	78 	108 	109 
005244 	317 	78 	108 	109 
005245 	317 	78 	108 	109 
005246 	317 	78 	108 	109 
005247 	317 	78 	108 	109 
005248 	317 	78 	108 	109 
005249 	309 	66 	130 	130 
005250 	309 	66 	130 	130 
005251 	329 	66 	108 	109 
005252 	329 	66 	108 	109 
005253 	329 	66 	108 	109 
005254 	329 	66 	108 	109 
005255 	329 	66 	108 	109 
005256 	329 	66 	108 	109 
005257 	329 	66 	108 	109 
005258 	329 	66 	108 	109 
005259 	329 	66 	108 	109 
005260 	329 	66 	108 	109 
005261 	329 	66 	108 	109 
005262 	329 	66 	108 	109 
005263 	329 	66 	108 	109 
005264 	329 	66 	108 	109 
005265 	329 	66 	108 	109 
005266 	329 	66 	108 	109 
005267 	341 	54 	108 	109 
005268 	341 	54 	108 	109 
005269 	341 	54 	108 	109 
005270 	341 	54 	108 	109 
005271 	341 	54 	108 	109 
005272 	329 	54 	108 	109 
005273 	329 	54 	108 	109 
005274 	329 	66 	108 	109 
005275 	329 	66 	108 	109 
005276 	329 	66 	108 	109 
005277 	341 	66 	108 	109 
005278 	323 	51 	130 	130 
005279 	341 	66 	108 	109 
005280 	329 	66 	108 	109 
005281 	317 	66 	108 	109 
005282 	317 	66 	108 	109 
005283 	317 	66 	108 	109 
005284 	317 	54 	108 	109 
005285 	317 	54 	108 	109 
005286 	317 	54 	108 	109 
005287 	305 	54 	108 	109 
005288 	305 	54 	108 	109 
005289 	305 	66 	108 	109 
005290 	305 	66 	108 	109 
005291 	293 	66 	108 	109 
005292 	293 	66 	108 	109 
005293 	293 	66 	108 	109 
005294 	293 	66 	108 	109 
005295 	293 	66 	108 	109 
005296 	293 	66 	108 	109 
005297 	293 	66 	108 	109 
005298 	293 	66 	108 	109 
005299 	293 	66 	108 	109 
005300 	293 	78 	108 	109 
005301 	293 	78 	108 	109 
005302 	293 	66 	108 	109 
005303 	293 	66 	108 	109 
005304 	293 	66 	108 	109 
005305 	293 	66 	108 	109 
005306 	305 	66 	108 	109 
005307 	305 	66 	108 	109 
005308 	305 	66 	108 	109 
005309 	305 	66 	108 	109 
005310 	305 	66 	108 	109 
005311 	305 	66 	108 	109 
005312 	305 	66 	108 	109 
005313 	305 	66 	108 	109 
005314 	305 	66 	108 	109 
005315 	305 	66 	108 	109 
005316 	317 	66 	108 	109 
005317 	317 	66 	108 	109 
005318 	317 	66 	108 	109 
005319 	317 	66 	108 	109 
005320 	317 	66 	108 	109 
005321 	317 	66 	108 	109 
005322 	317 	66 	108 	109 
005323 	317 	66 	108 	109 
005324 	317 	66 	108 	109 
005325 	317 	66 	108 	109 
005326 	317 	66 	108 	109 
005327 	317 	66 	108 	109 
005328 	317 	66 	108 	109 
005329 	317 	66 	108 	109 
005330 	317 	66 	108 	109 
005331 	317 	78 	108 	109 
005332 	317 	78 	108 	109 
005333 	317 	78 	108 	109 
005334 	317 	78 	108 	109 
005335 	317 	78 	108 	109 
005336 	317 	78 	108 	109 
005337 	305 	78 	108 	109 
005338 	305 	78 	108 	109 
005339 	305 	78 	108 	109 
005340 	294 	66 	130 	130 
005341 	294 	66 	130 	130 
005342 	294 	66 	130 	130 
005343 	317 	78 	108 	109 
005344 	317 	78 	108 	109 
005345 	317 	78 	108 	109 
005346 	317 	78 	108 	109 
005347 	317 	78 	108 	109 
005348 	294 	66 	130 	130 
005349 	294 	66 	130 	130 
005350 	294 	66 	130 	130 
005351 	294 	66 	130 	130 
005352 	305 	78 	108 	109 
005353 	305 	78 	108 	109 
005354 	305 	78 	108 	109 
005355 	305 	78 	108 	109 
005356 	305 	78 	108 	109 
005357 	305 	78 	108 	109 
005358 	305 	78 	108 	109 
005359 	293 	78 	108 	109 
005360 	280 	80 	130 	130 
005361 	293 	90 	108 	109 
005362 	293 	90 	108 	109 
005363 	293 	90 	108 	109 
005364 	293 	90 	108 	109 
005365 	293 	90 	108 	109 
005366 	293 	102 	108 	109 
005367 	293 	102 	108 	109 
005368 	293 	102 	108 	109 
005369 	293 	102 	108 	109 
005370 	293 	102 	108 	109 
005371 	293 	102 	108 	109 
005372 	293 	102 	108 	109 
005373 	293 	102 	108 	109 
005374 	293 	102 	108 	109 
005375 	293 	102 	108 	109 
005376 	293 	102 	108 	109 
005377 	293 	102 	108 	109 
005378 	293 	102 	108 	109 
005379 	293 	102 	108 	109 
005380 	293 	90 	108 	109 
005381 	293 	90 	108 	109 
005382 	293 	90 	108 	109 
005383 	293 	90 	108 	109 
005384 	280 	80 	130 	130 
005385 	293 	78 	108 	109 
005386 	305 	78 	108 	109 
005387 	305 	78 	108 	109 
005388 	305 	78 	108 	109 
005389 	305 	78 	108 	109 
005390 	305 	78 	108 	109 
005391 	305 	78 	108 	109 
005392 	305 	78 	108 	109 
005393 	305 	78 	108 	109 
005394 	305 	78 	108 	109 
005395 	305 	78 	108 	109 
005396 	305 	78 	108 	109 
005397 	294 	80 	130 	130 
005398 	294 	80 	130 	130 
005399 	294 	80 	130 	130 
005400 	294 	80 	130 	130 
005401 	317 	90 	108 	109 
005402 	317 	90 	108 	109 
005403 	317 	90 	108 	109 
005404 	317 	90 	108 	109 
005405 	317 	90 	108 	109 
005406 	309 	80 	130 	130 
005407 	329 	90 	108 	109 
005408 	329 	90 	108 	109 
005409 	329 	90 	108 	109 
005410 	341 	78 	108 	109 
005411 	337 	66 	130 	130 
005412 	337 	66 	130 	130 
005413 	337 	66 	130 	130 
005414 	352 	66 	130 	130 
005415 	376 	66 	109 	109 
005416 	376 	66 	109 	109 
005417 	376 	66 	109 	109 
005418 	376 	78 	109 	109 
005419 	388 	78 	109 	109 
005420 	388 	78 	109 	109 
005421 	388 	78 	109 	109 
005422 	388 	78 	109 	109 
005423 	388 	78 	109 	109 
005424 	388 	78 	109 	109 
005425 	388 	78 	109 	109 
005426 	388 	78 	109 	109 
005427 	388 	78 	109 	109 
005428 	388 	78 	109 	109 
005429 	388 	78 	109 	109 
005430 	388 	78 	109 	109 
005431 	388 	78 	109 	109 
005432 	388 	78 	109 	109 
005433 	388 	78 	109 	109 
005434 	388 	78 	109 	109 
005435 	388 	78 	109 	109 
005436 	388 	78 	109 	109 
005437 	388 	78 	109 	109 
005438 	388 	78 	109 	109 
005439 	376 	78 	109 	109 
005440 	376 	78 	109 	109 
005441 	376 	78 	109 	109 
005442 	376 	78 	109 	109 
005443 	376 	78 	109 	109 
005444 	365 	78 	108 	109 
005445 	365 	78 	108 	109 
005446 	365 	78 	108 	109 
005447 	365 	78 	108 	109 
005448 	365 	78 	108 	109 
005449 	352 	66 	130 	130 
005450 	352 	66 	130 	130 
005451 	352 	66 	130 	130 
005452 	365 	66 	108 	109 
005453 	365 	66 	108 	109 
005454 	365 	54 	108 	109 
005455 	353 	54 	108 	109 
005456 	353 	54 	108 	109 
005457 	353 	54 	108 	109 
005458 	353 	54 	108 	109 
005459 	353 	54 	108 	109 
005460 	341 	54 	108 	109 
005461 	341 	54 	108 	109 
005462 	341 	54 	108 	109 
005463 	341 	54 	108 	109 
005464 	323 	51 	130 	130 
005465 	323 	51 	130 	130 
005466 	329 	66 	108 	109 
005467 	329 	66 	108 	109 
005468 	329 	66 	108 	109 
005469 	329 	66 	108 	109 
005470 	329 	66 	108 	109 
005471 	329 	66 	108 	109 
005472 	329 	66 	108 	109 
005473 	317 	66 	108 	109 
005474 	317 	66 	108 	109 
005475 	317 	66 	108 	109 
005476 	317 	66 	108 	109 
005477 	317 	66 	108 	109 
005478 	317 	78 	108 	109 
005479 	317 	78 	108 	109 
005480 	317 	78 	108 	109 
005481 	317 	78 	108 	109 
005482 	317 	78 	108 	109 
005483 	294 	66 	130 	130 
005484 	294 	66 	130 	130 
005485 	305 	78 	108 	109 
005486 	305 	78 	108 	109 
005487 	305 	78 	108 	109 
005488 	305 	78 	108 	109 
005489 	305 	78 	108 	109 
005490 	305 	90 	108 	109 
005491 	305 	90 	108 	109 
005492 	305 	90 	108 	109 
005493 	305 	90 	108 	109 
005494 	305 	90 	108 	109 
005495 	305 	90 	108 	109 
005496 	305 	90 	108 	109 
005497 	305 	90 	108 	109 
005498 	305 	78 	108 	109 
005499 	305 	78 	108 	109 
005500 	305 	78 	108 	109 
005501 	305 	78 	108 	109 
005502 	305 	78 	108 	109 
005503 	305 	78 	108 	109 
005504 	305 	78 	108 	109 
005505 	305 	78 	108 	109 
005506 	305 	78 	108 	109 
005507 	305 	78 	108 	109 
005508 	305 	78 	108 	109 
005509 	305 	78 	108 	109 
005510 	305 	78 	108 	109 
005511 	305 	78 	108 	109 
