Identity  : 	id10282
Reference : 	Zbz058o9j6s
Offset    : 	-1
FV Conf   : 	18.490
ASD Conf  : 	5.355

FRAME 	X 	Y 	W 	H 
002664 	293 	102 	108 	109 
002665 	293 	102 	108 	109 
002666 	293 	102 	108 	109 
002667 	293 	102 	108 	109 
002668 	280 	94 	130 	130 
002669 	280 	94 	130 	130 
002670 	280 	94 	130 	130 
002671 	280 	94 	130 	130 
002672 	280 	94 	130 	130 
002673 	280 	94 	130 	130 
002674 	280 	94 	130 	130 
002675 	280 	94 	130 	130 
002676 	280 	94 	130 	130 
002677 	280 	94 	130 	130 
002678 	294 	94 	130 	130 
002679 	294 	94 	130 	130 
002680 	294 	94 	130 	130 
002681 	294 	94 	130 	130 
002682 	294 	94 	130 	130 
002683 	294 	94 	130 	130 
002684 	294 	94 	130 	130 
002685 	294 	94 	130 	130 
002686 	280 	94 	130 	130 
002687 	280 	94 	130 	130 
002688 	280 	94 	130 	130 
002689 	280 	109 	130 	130 
002690 	280 	109 	130 	130 
002691 	280 	109 	130 	130 
002692 	266 	109 	130 	130 
002693 	250 	96 	156 	156 
002694 	251 	109 	130 	130 
002695 	237 	109 	130 	130 
002696 	223 	109 	130 	130 
002697 	223 	109 	130 	130 
002698 	199 	96 	155 	156 
002699 	199 	96 	155 	156 
002700 	199 	96 	155 	156 
002701 	223 	109 	130 	130 
002702 	223 	109 	130 	130 
002703 	223 	109 	130 	130 
002704 	223 	123 	130 	130 
002705 	223 	123 	130 	130 
002706 	216 	96 	156 	156 
002707 	216 	96 	156 	156 
002708 	237 	109 	130 	130 
002709 	233 	96 	156 	156 
002710 	233 	96 	156 	156 
002711 	251 	109 	130 	130 
002712 	251 	109 	130 	130 
002713 	251 	109 	130 	130 
002714 	251 	109 	130 	130 
002715 	251 	109 	130 	130 
002716 	266 	109 	130 	130 
002717 	266 	109 	130 	130 
002718 	266 	109 	130 	130 
002719 	266 	109 	130 	130 
002720 	266 	109 	130 	130 
002721 	266 	109 	130 	130 
002722 	266 	109 	130 	130 
002723 	266 	109 	130 	130 
002724 	280 	109 	130 	130 
002725 	280 	109 	130 	130 
002726 	280 	109 	130 	130 
002727 	280 	109 	130 	130 
002728 	280 	109 	130 	130 
002729 	280 	109 	130 	130 
002730 	280 	109 	130 	130 
002731 	280 	109 	130 	130 
002732 	280 	109 	130 	130 
002733 	280 	109 	130 	130 
002734 	280 	109 	130 	130 
002735 	280 	109 	130 	130 
002736 	280 	109 	130 	130 
002737 	280 	109 	130 	130 
002738 	294 	109 	130 	130 
002739 	294 	109 	130 	130 
002740 	294 	109 	130 	130 
002741 	294 	109 	130 	130 
002742 	294 	109 	130 	130 
002743 	294 	109 	130 	130 
002744 	294 	109 	130 	130 
002745 	294 	109 	130 	130 
002746 	294 	109 	130 	130 
002747 	280 	109 	130 	130 
002748 	280 	109 	130 	130 
002749 	280 	109 	130 	130 
002750 	280 	94 	130 	130 
002751 	280 	94 	130 	130 
002752 	266 	94 	130 	130 
002753 	266 	94 	130 	130 
002754 	266 	94 	130 	130 
002755 	266 	94 	130 	130 
002756 	266 	94 	130 	130 
002757 	251 	94 	130 	130 
002758 	266 	94 	130 	130 
002759 	266 	94 	130 	130 
002760 	266 	94 	130 	130 
002761 	266 	94 	130 	130 
002762 	266 	94 	130 	130 
002763 	266 	109 	130 	130 
002764 	280 	109 	130 	130 
