Identity  : 	id10289
Reference : 	Rn0Z_lIiL1w
Offset    : 	-1
FV Conf   : 	23.498
ASD Conf  : 	6.659

FRAME 	X 	Y 	W 	H 
000852 	365 	78 	108 	109 
000853 	365 	78 	108 	109 
000854 	376 	90 	109 	109 
000855 	376 	90 	109 	109 
000856 	376 	90 	109 	109 
000857 	376 	90 	109 	109 
000858 	376 	90 	109 	109 
000859 	376 	90 	109 	109 
000860 	365 	90 	108 	109 
000861 	365 	90 	108 	109 
000862 	365 	90 	108 	109 
000863 	365 	90 	108 	109 
000864 	365 	90 	108 	109 
000865 	365 	90 	108 	109 
000866 	365 	90 	108 	109 
000867 	365 	90 	108 	109 
000868 	365 	90 	108 	109 
000869 	365 	90 	108 	109 
000870 	376 	90 	109 	109 
000871 	376 	90 	109 	109 
000872 	376 	90 	109 	109 
000873 	376 	90 	109 	109 
000874 	376 	102 	109 	109 
000875 	376 	102 	109 	109 
000876 	376 	102 	109 	109 
000877 	376 	102 	109 	109 
000878 	376 	102 	109 	109 
000879 	376 	102 	109 	109 
000880 	376 	102 	109 	109 
000881 	376 	102 	109 	109 
000882 	376 	102 	109 	109 
000883 	376 	102 	109 	109 
000884 	376 	102 	109 	109 
000885 	376 	102 	109 	109 
000886 	365 	102 	108 	109 
000887 	365 	102 	108 	109 
000888 	365 	102 	108 	109 
000889 	353 	90 	108 	109 
000890 	341 	90 	108 	109 
000891 	341 	90 	108 	109 
000892 	341 	90 	108 	109 
000893 	341 	102 	108 	109 
000894 	341 	102 	108 	109 
000895 	341 	90 	108 	109 
000896 	341 	90 	108 	109 
000897 	341 	90 	108 	109 
000898 	341 	90 	108 	109 
000899 	341 	78 	108 	109 
000900 	341 	78 	108 	109 
000901 	337 	66 	130 	130 
000902 	353 	78 	108 	109 
000903 	353 	90 	108 	109 
000904 	365 	90 	108 	109 
000905 	365 	90 	108 	109 
000906 	365 	102 	108 	109 
000907 	376 	102 	109 	109 
000908 	376 	102 	109 	109 
000909 	376 	102 	109 	109 
000910 	376 	102 	109 	109 
000911 	388 	102 	109 	109 
000912 	388 	102 	109 	109 
000913 	388 	102 	109 	109 
000914 	388 	114 	109 	109 
000915 	388 	114 	109 	109 
000916 	388 	114 	109 	109 
000917 	388 	114 	109 	109 
000918 	376 	102 	109 	109 
000919 	376 	102 	109 	109 
000920 	376 	102 	109 	109 
000921 	376 	102 	109 	109 
000922 	376 	102 	109 	109 
000923 	376 	102 	109 	109 
000924 	376 	102 	109 	109 
000925 	376 	114 	109 	109 
000926 	376 	114 	109 	109 
000927 	376 	114 	109 	109 
000928 	376 	114 	109 	109 
000929 	376 	114 	109 	109 
000930 	376 	114 	109 	109 
000931 	376 	114 	109 	109 
000932 	376 	114 	109 	109 
000933 	376 	114 	109 	109 
000934 	376 	114 	109 	109 
000935 	376 	114 	109 	109 
000936 	376 	114 	109 	109 
000937 	376 	114 	109 	109 
000938 	376 	114 	109 	109 
000939 	376 	114 	109 	109 
000940 	376 	114 	109 	109 
000941 	376 	114 	109 	109 
000942 	376 	114 	109 	109 
000943 	376 	114 	109 	109 
000944 	376 	114 	109 	109 
000945 	376 	114 	109 	109 
000946 	376 	114 	109 	109 
000947 	376 	114 	109 	109 
000948 	376 	114 	109 	109 
000949 	376 	114 	109 	109 
000950 	376 	114 	109 	109 
000951 	376 	114 	109 	109 
000952 	376 	114 	109 	109 
000953 	376 	114 	109 	109 
000954 	376 	114 	109 	109 
000955 	376 	114 	109 	109 
000956 	376 	114 	109 	109 
000957 	376 	114 	109 	109 
000958 	376 	114 	109 	109 
000959 	376 	114 	109 	109 
000960 	376 	114 	109 	109 
000961 	376 	114 	109 	109 
000962 	376 	114 	109 	109 
000963 	376 	114 	109 	109 
000964 	376 	114 	109 	109 
000965 	376 	114 	109 	109 
000966 	376 	114 	109 	109 
000967 	376 	114 	109 	109 
000968 	376 	114 	109 	109 
000969 	376 	114 	109 	109 
000970 	376 	114 	109 	109 
000971 	376 	114 	109 	109 
000972 	376 	114 	109 	109 
000973 	376 	114 	109 	109 
000974 	376 	114 	109 	109 
000975 	376 	114 	109 	109 
000976 	376 	114 	109 	109 
000977 	388 	114 	109 	109 
000978 	388 	114 	109 	109 
000979 	388 	114 	109 	109 
000980 	388 	114 	109 	109 
000981 	388 	114 	109 	109 
000982 	388 	114 	109 	109 
000983 	376 	114 	109 	109 
000984 	376 	114 	109 	109 
000985 	376 	114 	109 	109 
000986 	376 	114 	109 	109 
000987 	376 	126 	109 	109 
000988 	376 	126 	109 	109 
000989 	376 	126 	109 	109 
000990 	376 	126 	109 	109 
000991 	376 	126 	109 	109 
000992 	376 	114 	109 	109 
000993 	376 	114 	109 	109 
000994 	376 	114 	109 	109 
000995 	376 	114 	109 	109 
000996 	376 	114 	109 	109 
000997 	376 	114 	109 	109 
000998 	376 	114 	109 	109 
000999 	376 	114 	109 	109 
001000 	376 	114 	109 	109 
001001 	376 	114 	109 	109 
001002 	376 	114 	109 	109 
001003 	376 	114 	109 	109 
001004 	376 	114 	109 	109 
001005 	376 	114 	109 	109 
001006 	376 	114 	109 	109 
001007 	376 	114 	109 	109 
001008 	376 	114 	109 	109 
001009 	376 	114 	109 	109 
001010 	376 	114 	109 	109 
001011 	365 	102 	108 	109 
001012 	365 	102 	108 	109 
001013 	365 	102 	108 	109 
001014 	365 	102 	108 	109 
001015 	365 	102 	108 	109 
001016 	376 	102 	109 	109 
001017 	376 	102 	109 	109 
001018 	376 	102 	109 	109 
001019 	376 	102 	109 	109 
001020 	376 	102 	109 	109 
001021 	376 	102 	109 	109 
001022 	376 	114 	109 	109 
001023 	376 	114 	109 	109 
001024 	376 	114 	109 	109 
001025 	376 	114 	109 	109 
001026 	376 	114 	109 	109 
001027 	376 	114 	109 	109 
001028 	376 	102 	109 	109 
001029 	376 	102 	109 	109 
001030 	376 	102 	109 	109 
001031 	376 	114 	109 	109 
001032 	376 	114 	109 	109 
001033 	376 	114 	109 	109 
001034 	376 	114 	109 	109 
001035 	376 	114 	109 	109 
001036 	376 	102 	109 	109 
001037 	376 	102 	109 	109 
001038 	376 	102 	109 	109 
001039 	376 	102 	109 	109 
001040 	376 	102 	109 	109 
001041 	376 	114 	109 	109 
001042 	376 	102 	109 	109 
001043 	376 	102 	109 	109 
001044 	376 	102 	109 	109 
001045 	376 	102 	109 	109 
001046 	376 	102 	109 	109 
001047 	376 	102 	109 	109 
