Identity  : 	id10283
Reference : 	vaK4t1-WD4M
Offset    : 	0
FV Conf   : 	15.567
ASD Conf  : 	5.802

FRAME 	X 	Y 	W 	H 
000157 	444 	96 	75 	75 
000158 	444 	96 	75 	75 
000159 	444 	96 	75 	75 
000160 	444 	96 	75 	75 
000161 	444 	96 	75 	75 
000162 	444 	96 	75 	75 
000163 	444 	96 	75 	75 
000164 	444 	96 	75 	75 
000165 	444 	96 	75 	75 
000166 	444 	96 	75 	75 
000167 	444 	96 	75 	75 
000168 	444 	96 	75 	75 
000169 	444 	96 	75 	75 
000170 	444 	96 	75 	75 
000171 	444 	96 	75 	75 
000172 	444 	96 	75 	75 
000173 	444 	96 	75 	75 
000174 	435 	96 	76 	75 
000175 	435 	96 	76 	75 
000176 	435 	96 	76 	75 
000177 	435 	96 	76 	75 
000178 	435 	104 	76 	76 
000179 	435 	104 	76 	76 
000180 	435 	104 	76 	76 
000181 	435 	104 	76 	76 
000182 	435 	104 	76 	76 
000183 	435 	104 	76 	76 
000184 	435 	104 	76 	76 
000185 	435 	104 	76 	76 
000186 	435 	104 	76 	76 
000187 	435 	104 	76 	76 
000188 	435 	104 	76 	76 
000189 	435 	104 	76 	76 
000190 	435 	104 	76 	76 
000191 	435 	104 	76 	76 
000192 	435 	104 	76 	76 
000193 	435 	104 	76 	76 
000194 	435 	104 	76 	76 
000195 	435 	104 	76 	76 
000196 	435 	104 	76 	76 
000197 	435 	96 	76 	75 
000198 	435 	104 	76 	76 
000199 	435 	96 	76 	75 
000200 	435 	96 	76 	75 
000201 	435 	96 	76 	75 
000202 	435 	96 	76 	75 
000203 	435 	96 	76 	75 
000204 	427 	96 	76 	75 
000205 	427 	96 	76 	75 
000206 	427 	96 	76 	75 
000207 	427 	96 	76 	75 
000208 	427 	96 	76 	75 
000209 	427 	96 	76 	75 
000210 	427 	96 	76 	75 
000211 	427 	96 	76 	75 
000212 	427 	87 	76 	76 
000213 	427 	87 	76 	76 
000214 	427 	96 	76 	75 
000215 	427 	96 	76 	75 
000216 	427 	96 	76 	75 
000217 	419 	96 	75 	75 
000218 	419 	96 	75 	75 
000219 	419 	96 	75 	75 
000220 	419 	96 	75 	75 
000221 	419 	96 	75 	75 
000222 	419 	96 	75 	75 
000223 	419 	96 	75 	75 
000224 	419 	96 	75 	75 
000225 	419 	96 	75 	75 
000226 	419 	96 	75 	75 
000227 	419 	96 	75 	75 
000228 	419 	96 	75 	75 
000229 	419 	96 	75 	75 
000230 	419 	96 	75 	75 
000231 	419 	96 	75 	75 
000232 	419 	96 	75 	75 
000233 	419 	96 	75 	75 
000234 	419 	96 	75 	75 
000235 	419 	96 	75 	75 
000236 	419 	96 	75 	75 
000237 	419 	96 	75 	75 
000238 	419 	96 	75 	75 
000239 	427 	87 	76 	76 
000240 	427 	87 	76 	76 
000241 	427 	87 	76 	76 
000242 	427 	87 	76 	76 
000243 	427 	87 	76 	76 
000244 	427 	87 	76 	76 
000245 	427 	87 	76 	76 
000246 	427 	87 	76 	76 
000247 	427 	96 	76 	75 
000248 	427 	96 	76 	75 
000249 	427 	87 	76 	76 
000250 	427 	87 	76 	76 
000251 	427 	87 	76 	76 
000252 	427 	87 	76 	76 
000253 	432 	93 	63 	64 
000254 	419 	87 	75 	76 
000255 	419 	87 	75 	76 
000256 	419 	96 	75 	75 
000257 	419 	96 	75 	75 
000258 	419 	96 	75 	75 
