Identity  : 	id10283
Reference : 	vaK4t1-WD4M
Offset    : 	-1
FV Conf   : 	13.607
ASD Conf  : 	6.180

FRAME 	X 	Y 	W 	H 
007577 	413 	55 	91 	91 
007578 	413 	55 	91 	91 
007579 	400 	43 	109 	108 
007580 	400 	43 	109 	108 
007581 	403 	55 	91 	91 
007582 	403 	55 	91 	91 
007583 	403 	55 	91 	91 
007584 	403 	55 	91 	91 
007585 	403 	55 	91 	91 
007586 	403 	55 	91 	91 
007587 	403 	55 	91 	91 
007588 	403 	55 	91 	91 
007589 	403 	55 	91 	91 
007590 	403 	55 	91 	91 
007591 	403 	55 	91 	91 
007592 	403 	55 	91 	91 
007593 	403 	55 	91 	91 
007594 	403 	45 	91 	91 
007595 	403 	45 	91 	91 
007596 	403 	55 	91 	91 
007597 	403 	55 	91 	91 
007598 	403 	55 	91 	91 
007599 	403 	55 	91 	91 
007600 	403 	55 	91 	91 
007601 	403 	55 	91 	91 
007602 	388 	43 	109 	108 
007603 	403 	55 	91 	91 
007604 	403 	55 	91 	91 
007605 	388 	43 	109 	108 
007606 	388 	43 	109 	108 
007607 	388 	43 	109 	108 
007608 	388 	43 	109 	108 
007609 	388 	43 	109 	108 
007610 	388 	43 	109 	108 
007611 	388 	43 	109 	108 
007612 	388 	43 	109 	108 
007613 	388 	43 	109 	108 
007614 	388 	43 	109 	108 
007615 	388 	43 	109 	108 
007616 	388 	43 	109 	108 
007617 	388 	43 	109 	108 
007618 	388 	43 	109 	108 
007619 	388 	43 	109 	108 
007620 	388 	43 	109 	108 
007621 	388 	43 	109 	108 
007622 	388 	43 	109 	108 
007623 	388 	43 	109 	108 
007624 	388 	43 	109 	108 
007625 	388 	43 	109 	108 
007626 	388 	43 	109 	108 
007627 	388 	43 	109 	108 
007628 	388 	43 	109 	108 
007629 	388 	43 	109 	108 
007630 	388 	43 	109 	108 
007631 	388 	43 	109 	108 
007632 	388 	43 	109 	108 
007633 	388 	43 	109 	108 
007634 	388 	43 	109 	108 
007635 	388 	43 	109 	108 
007636 	388 	43 	109 	108 
007637 	388 	43 	109 	108 
007638 	388 	43 	109 	108 
007639 	388 	43 	109 	108 
007640 	388 	43 	109 	108 
007641 	388 	43 	109 	108 
007642 	388 	43 	109 	108 
007643 	388 	43 	109 	108 
007644 	388 	43 	109 	108 
007645 	388 	43 	109 	108 
007646 	388 	43 	109 	108 
007647 	388 	43 	109 	108 
007648 	388 	43 	109 	108 
007649 	388 	43 	109 	108 
007650 	388 	43 	109 	108 
007651 	388 	43 	109 	108 
007652 	388 	43 	109 	108 
007653 	388 	43 	109 	108 
007654 	388 	43 	109 	108 
007655 	388 	43 	109 	108 
007656 	388 	43 	109 	108 
007657 	388 	43 	109 	108 
007658 	403 	55 	91 	91 
007659 	403 	55 	91 	91 
007660 	400 	43 	109 	108 
007661 	400 	43 	109 	108 
007662 	400 	43 	109 	108 
007663 	400 	43 	109 	108 
007664 	400 	43 	109 	108 
007665 	400 	43 	109 	108 
007666 	400 	43 	109 	108 
007667 	400 	43 	109 	108 
007668 	400 	43 	109 	108 
007669 	400 	43 	109 	108 
007670 	400 	43 	109 	108 
007671 	400 	43 	109 	108 
007672 	400 	43 	109 	108 
007673 	400 	43 	109 	108 
007674 	400 	43 	109 	108 
007675 	400 	43 	109 	108 
007676 	400 	43 	109 	108 
007677 	400 	43 	109 	108 
007678 	400 	43 	109 	108 
007679 	400 	43 	109 	108 
007680 	400 	43 	109 	108 
007681 	400 	43 	109 	108 
007682 	400 	43 	109 	108 
007683 	400 	43 	109 	108 
007684 	400 	43 	109 	108 
007685 	400 	43 	109 	108 
007686 	413 	55 	91 	91 
007687 	413 	55 	91 	91 
007688 	413 	55 	91 	91 
007689 	413 	55 	91 	91 
007690 	413 	55 	91 	91 
007691 	400 	43 	109 	108 
007692 	400 	43 	109 	108 
007693 	400 	43 	109 	108 
007694 	400 	43 	109 	108 
007695 	400 	43 	109 	108 
007696 	400 	43 	109 	108 
007697 	400 	43 	109 	108 
007698 	400 	43 	109 	108 
007699 	400 	43 	109 	108 
007700 	400 	43 	109 	108 
007701 	400 	43 	109 	108 
007702 	400 	43 	109 	108 
007703 	400 	43 	109 	108 
007704 	400 	43 	109 	108 
007705 	403 	55 	91 	91 
007706 	400 	43 	109 	108 
007707 	400 	43 	109 	108 
007708 	400 	43 	109 	108 
007709 	400 	43 	109 	108 
007710 	400 	31 	109 	108 
007711 	400 	31 	109 	108 
007712 	400 	31 	109 	108 
007713 	400 	31 	109 	108 
007714 	400 	31 	109 	108 
007715 	400 	31 	109 	108 
007716 	400 	31 	109 	108 
007717 	400 	31 	109 	108 
007718 	403 	45 	91 	91 
007719 	403 	45 	91 	91 
007720 	403 	45 	91 	91 
007721 	400 	43 	109 	108 
007722 	400 	43 	109 	108 
007723 	400 	43 	109 	108 
007724 	400 	43 	109 	108 
007725 	400 	43 	109 	108 
007726 	400 	43 	109 	108 
007727 	400 	43 	109 	108 
007728 	400 	43 	109 	108 
007729 	400 	43 	109 	108 
007730 	400 	43 	109 	108 
007731 	400 	43 	109 	108 
007732 	400 	31 	109 	108 
007733 	400 	31 	109 	108 
007734 	400 	31 	109 	108 
007735 	413 	35 	91 	91 
007736 	412 	31 	109 	108 
007737 	412 	31 	109 	108 
007738 	412 	31 	109 	108 
007739 	412 	31 	109 	108 
007740 	412 	31 	109 	108 
007741 	400 	31 	109 	108 
007742 	400 	31 	109 	108 
007743 	400 	31 	109 	108 
007744 	412 	31 	109 	108 
007745 	412 	31 	109 	108 
007746 	412 	31 	109 	108 
007747 	412 	31 	109 	108 
007748 	412 	31 	109 	108 
007749 	400 	31 	109 	108 
007750 	400 	31 	109 	108 
007751 	400 	31 	109 	108 
007752 	400 	31 	109 	108 
007753 	400 	31 	109 	108 
007754 	400 	43 	109 	108 
007755 	400 	43 	109 	108 
007756 	400 	43 	109 	108 
007757 	400 	31 	109 	108 
007758 	400 	31 	109 	108 
007759 	400 	31 	109 	108 
007760 	400 	31 	109 	108 
007761 	400 	31 	109 	108 
007762 	400 	31 	109 	108 
007763 	400 	31 	109 	108 
007764 	400 	31 	109 	108 
007765 	400 	31 	109 	108 
007766 	400 	31 	109 	108 
007767 	400 	31 	109 	108 
007768 	400 	31 	109 	108 
007769 	400 	31 	109 	108 
007770 	400 	31 	109 	108 
007771 	400 	31 	109 	108 
007772 	400 	31 	109 	108 
007773 	400 	31 	109 	108 
007774 	400 	31 	109 	108 
007775 	400 	31 	109 	108 
007776 	400 	31 	109 	108 
007777 	412 	31 	109 	108 
007778 	412 	31 	109 	108 
007779 	412 	31 	109 	108 
007780 	412 	31 	109 	108 
007781 	412 	31 	109 	108 
007782 	412 	31 	109 	108 
007783 	412 	31 	109 	108 
007784 	412 	31 	109 	108 
007785 	412 	31 	109 	108 
007786 	412 	31 	109 	108 
007787 	412 	31 	109 	108 
007788 	412 	31 	109 	108 
007789 	412 	31 	109 	108 
007790 	412 	31 	109 	108 
007791 	400 	31 	109 	108 
007792 	400 	31 	109 	108 
007793 	400 	19 	109 	108 
007794 	400 	19 	109 	108 
007795 	400 	19 	109 	108 
007796 	400 	19 	109 	108 
007797 	400 	19 	109 	108 
007798 	400 	31 	109 	108 
007799 	400 	31 	109 	108 
007800 	400 	31 	109 	108 
007801 	400 	31 	109 	108 
007802 	400 	31 	109 	108 
007803 	400 	31 	109 	108 
007804 	400 	31 	109 	108 
007805 	400 	31 	109 	108 
007806 	400 	31 	109 	108 
007807 	400 	43 	109 	108 
007808 	400 	43 	109 	108 
007809 	400 	43 	109 	108 
007810 	400 	43 	109 	108 
007811 	400 	43 	109 	108 
007812 	400 	43 	109 	108 
007813 	400 	43 	109 	108 
007814 	400 	43 	109 	108 
007815 	400 	43 	109 	108 
007816 	400 	31 	109 	108 
007817 	400 	31 	109 	108 
007818 	400 	31 	109 	108 
007819 	413 	35 	91 	91 
007820 	413 	35 	91 	91 
007821 	413 	35 	91 	91 
007822 	412 	31 	109 	108 
007823 	412 	31 	109 	108 
007824 	412 	31 	109 	108 
007825 	412 	31 	109 	108 
007826 	412 	31 	109 	108 
007827 	412 	31 	109 	108 
007828 	412 	31 	109 	108 
007829 	412 	31 	109 	108 
007830 	412 	31 	109 	108 
007831 	412 	31 	109 	108 
007832 	412 	31 	109 	108 
007833 	412 	31 	109 	108 
007834 	412 	31 	109 	108 
007835 	412 	31 	109 	108 
007836 	412 	31 	109 	108 
007837 	412 	31 	109 	108 
007838 	412 	31 	109 	108 
007839 	423 	35 	91 	91 
007840 	412 	19 	109 	108 
007841 	412 	19 	109 	108 
007842 	412 	31 	109 	108 
007843 	412 	31 	109 	108 
007844 	412 	31 	109 	108 
007845 	412 	31 	109 	108 
007846 	412 	31 	109 	108 
007847 	412 	31 	109 	108 
007848 	412 	31 	109 	108 
007849 	412 	31 	109 	108 
007850 	412 	31 	109 	108 
007851 	412 	31 	109 	108 
007852 	412 	43 	109 	108 
007853 	412 	43 	109 	108 
007854 	412 	43 	109 	108 
007855 	412 	43 	109 	108 
007856 	412 	43 	109 	108 
007857 	412 	31 	109 	108 
007858 	412 	31 	109 	108 
007859 	412 	31 	109 	108 
007860 	412 	31 	109 	108 
007861 	412 	31 	109 	108 
007862 	412 	31 	109 	108 
007863 	412 	31 	109 	108 
007864 	412 	31 	109 	108 
007865 	412 	31 	109 	108 
007866 	412 	31 	109 	108 
007867 	412 	31 	109 	108 
007868 	412 	31 	109 	108 
007869 	412 	31 	109 	108 
007870 	412 	31 	109 	108 
007871 	413 	45 	91 	91 
007872 	413 	45 	91 	91 
007873 	400 	43 	109 	108 
007874 	400 	43 	109 	108 
007875 	400 	43 	109 	108 
007876 	400 	43 	109 	108 
007877 	400 	43 	109 	108 
007878 	412 	43 	109 	108 
007879 	412 	31 	109 	108 
007880 	412 	31 	109 	108 
007881 	412 	31 	109 	108 
007882 	412 	43 	109 	108 
007883 	412 	43 	109 	108 
007884 	413 	45 	91 	91 
007885 	413 	45 	91 	91 
007886 	413 	45 	91 	91 
007887 	413 	45 	91 	91 
007888 	413 	45 	91 	91 
007889 	400 	31 	109 	108 
007890 	400 	31 	109 	108 
007891 	400 	31 	109 	108 
007892 	400 	31 	109 	108 
007893 	400 	31 	109 	108 
007894 	400 	31 	109 	108 
007895 	400 	31 	109 	108 
007896 	400 	31 	109 	108 
007897 	400 	31 	109 	108 
007898 	400 	43 	109 	108 
007899 	400 	43 	109 	108 
007900 	400 	43 	109 	108 
007901 	400 	43 	109 	108 
007902 	400 	43 	109 	108 
007903 	400 	43 	109 	108 
007904 	400 	43 	109 	108 
007905 	400 	43 	109 	108 
007906 	400 	43 	109 	108 
007907 	400 	43 	109 	108 
007908 	400 	43 	109 	108 
007909 	400 	43 	109 	108 
007910 	400 	43 	109 	108 
