Identity  : 	id10283
Reference : 	vaK4t1-WD4M
Offset    : 	-1
FV Conf   : 	14.716
ASD Conf  : 	5.993

FRAME 	X 	Y 	W 	H 
010435 	403 	65 	91 	91 
010436 	403 	65 	91 	91 
010437 	403 	65 	91 	91 
010438 	403 	65 	91 	91 
010439 	403 	65 	91 	91 
010440 	403 	65 	91 	91 
010441 	403 	55 	91 	91 
010442 	403 	55 	91 	91 
010443 	403 	55 	91 	91 
010444 	403 	55 	91 	91 
010445 	403 	55 	91 	91 
010446 	403 	55 	91 	91 
010447 	403 	55 	91 	91 
010448 	403 	55 	91 	91 
010449 	403 	55 	91 	91 
010450 	403 	55 	91 	91 
010451 	403 	55 	91 	91 
010452 	403 	55 	91 	91 
010453 	403 	55 	91 	91 
010454 	403 	55 	91 	91 
010455 	403 	55 	91 	91 
010456 	403 	55 	91 	91 
010457 	403 	55 	91 	91 
010458 	400 	54 	109 	109 
010459 	400 	54 	109 	109 
010460 	400 	54 	109 	109 
010461 	400 	54 	109 	109 
010462 	400 	54 	109 	109 
010463 	400 	54 	109 	109 
010464 	400 	54 	109 	109 
010465 	400 	54 	109 	109 
010466 	400 	54 	109 	109 
010467 	400 	54 	109 	109 
010468 	400 	54 	109 	109 
010469 	400 	54 	109 	109 
010470 	400 	54 	109 	109 
010471 	400 	54 	109 	109 
010472 	400 	54 	109 	109 
010473 	400 	54 	109 	109 
010474 	400 	54 	109 	109 
010475 	400 	54 	109 	109 
010476 	400 	54 	109 	109 
010477 	388 	43 	109 	108 
010478 	388 	43 	109 	108 
010479 	388 	43 	109 	108 
010480 	388 	43 	109 	108 
010481 	388 	43 	109 	108 
010482 	388 	43 	109 	108 
010483 	388 	43 	109 	108 
010484 	393 	55 	91 	91 
010485 	393 	55 	91 	91 
010486 	393 	55 	91 	91 
010487 	393 	55 	91 	91 
010488 	393 	55 	91 	91 
010489 	388 	43 	109 	108 
010490 	388 	43 	109 	108 
010491 	388 	43 	109 	108 
010492 	388 	43 	109 	108 
010493 	388 	43 	109 	108 
010494 	388 	43 	109 	108 
010495 	388 	43 	109 	108 
010496 	388 	43 	109 	108 
010497 	388 	43 	109 	108 
010498 	388 	43 	109 	108 
010499 	388 	43 	109 	108 
010500 	388 	43 	109 	108 
010501 	388 	43 	109 	108 
010502 	388 	43 	109 	108 
010503 	388 	43 	109 	108 
010504 	388 	43 	109 	108 
010505 	388 	43 	109 	108 
010506 	388 	43 	109 	108 
010507 	388 	43 	109 	108 
010508 	388 	43 	109 	108 
010509 	393 	55 	91 	91 
010510 	388 	43 	109 	108 
010511 	388 	43 	109 	108 
010512 	388 	43 	109 	108 
010513 	388 	43 	109 	108 
010514 	388 	43 	109 	108 
010515 	388 	43 	109 	108 
010516 	388 	43 	109 	108 
010517 	388 	43 	109 	108 
010518 	400 	43 	109 	108 
010519 	413 	55 	91 	91 
010520 	412 	54 	109 	109 
010521 	423 	55 	91 	91 
010522 	423 	55 	91 	91 
010523 	433 	55 	91 	91 
010524 	424 	43 	109 	108 
010525 	424 	43 	109 	108 
010526 	424 	43 	109 	108 
010527 	424 	43 	109 	108 
010528 	424 	43 	109 	108 
010529 	424 	43 	109 	108 
010530 	424 	43 	109 	108 
010531 	424 	43 	109 	108 
010532 	424 	43 	109 	108 
010533 	412 	43 	109 	108 
010534 	412 	43 	109 	108 
010535 	412 	43 	109 	108 
010536 	412 	43 	109 	108 
010537 	412 	43 	109 	108 
010538 	412 	43 	109 	108 
010539 	412 	43 	109 	108 
010540 	400 	43 	109 	108 
