Identity  : 	id10283
Reference : 	vaK4t1-WD4M
Offset    : 	-1
FV Conf   : 	14.311
ASD Conf  : 	6.704

FRAME 	X 	Y 	W 	H 
016286 	413 	65 	91 	91 
016287 	413 	65 	91 	91 
016288 	413 	55 	91 	91 
016289 	413 	55 	91 	91 
016290 	413 	55 	91 	91 
016291 	413 	55 	91 	91 
016292 	400 	43 	109 	108 
016293 	400 	43 	109 	108 
016294 	400 	43 	109 	108 
016295 	400 	43 	109 	108 
016296 	400 	43 	109 	108 
016297 	400 	43 	109 	108 
016298 	400 	43 	109 	108 
016299 	400 	43 	109 	108 
016300 	400 	43 	109 	108 
016301 	400 	43 	109 	108 
016302 	400 	43 	109 	108 
016303 	400 	43 	109 	108 
016304 	400 	43 	109 	108 
016305 	400 	43 	109 	108 
016306 	400 	43 	109 	108 
016307 	400 	43 	109 	108 
016308 	400 	43 	109 	108 
016309 	400 	43 	109 	108 
016310 	400 	43 	109 	108 
016311 	400 	43 	109 	108 
016312 	400 	43 	109 	108 
016313 	400 	43 	109 	108 
016314 	400 	43 	109 	108 
016315 	400 	43 	109 	108 
016316 	388 	43 	109 	108 
016317 	388 	43 	109 	108 
016318 	388 	43 	109 	108 
016319 	388 	43 	109 	108 
016320 	388 	43 	109 	108 
016321 	388 	43 	109 	108 
016322 	388 	43 	109 	108 
016323 	400 	43 	109 	108 
016324 	400 	43 	109 	108 
016325 	400 	43 	109 	108 
016326 	400 	43 	109 	108 
016327 	400 	43 	109 	108 
016328 	400 	43 	109 	108 
016329 	403 	55 	91 	91 
016330 	403 	55 	91 	91 
016331 	403 	55 	91 	91 
016332 	403 	55 	91 	91 
016333 	388 	43 	109 	108 
016334 	388 	43 	109 	108 
016335 	388 	43 	109 	108 
016336 	388 	43 	109 	108 
016337 	388 	43 	109 	108 
016338 	388 	43 	109 	108 
016339 	388 	43 	109 	108 
016340 	388 	54 	109 	109 
016341 	388 	54 	109 	109 
016342 	388 	43 	109 	108 
016343 	388 	43 	109 	108 
016344 	388 	43 	109 	108 
016345 	388 	43 	109 	108 
016346 	388 	43 	109 	108 
016347 	388 	43 	109 	108 
016348 	388 	43 	109 	108 
016349 	403 	55 	91 	91 
016350 	400 	43 	109 	108 
016351 	400 	43 	109 	108 
016352 	400 	43 	109 	108 
016353 	400 	43 	109 	108 
016354 	400 	43 	109 	108 
016355 	400 	43 	109 	108 
016356 	400 	43 	109 	108 
016357 	400 	43 	109 	108 
016358 	413 	55 	91 	91 
016359 	413 	55 	91 	91 
016360 	413 	55 	91 	91 
016361 	413 	55 	91 	91 
016362 	413 	55 	91 	91 
016363 	413 	55 	91 	91 
016364 	413 	55 	91 	91 
016365 	413 	55 	91 	91 
016366 	413 	55 	91 	91 
016367 	413 	55 	91 	91 
016368 	400 	43 	109 	108 
016369 	400 	43 	109 	108 
016370 	400 	43 	109 	108 
016371 	400 	43 	109 	108 
016372 	400 	43 	109 	108 
016373 	400 	43 	109 	108 
016374 	400 	43 	109 	108 
016375 	400 	43 	109 	108 
016376 	400 	43 	109 	108 
016377 	400 	43 	109 	108 
016378 	400 	43 	109 	108 
016379 	400 	43 	109 	108 
016380 	400 	43 	109 	108 
016381 	400 	43 	109 	108 
016382 	400 	43 	109 	108 
016383 	413 	55 	91 	91 
016384 	400 	43 	109 	108 
016385 	400 	43 	109 	108 
016386 	400 	43 	109 	108 
016387 	400 	43 	109 	108 
016388 	400 	43 	109 	108 
016389 	388 	43 	109 	108 
016390 	388 	43 	109 	108 
016391 	388 	43 	109 	108 
016392 	388 	43 	109 	108 
016393 	400 	43 	109 	108 
016394 	413 	45 	91 	91 
016395 	413 	45 	91 	91 
016396 	413 	45 	91 	91 
016397 	400 	43 	109 	108 
016398 	400 	43 	109 	108 
016399 	403 	55 	91 	91 
016400 	400 	54 	109 	109 
016401 	400 	54 	109 	109 
016402 	400 	54 	109 	109 
016403 	413 	55 	91 	91 
016404 	400 	43 	109 	108 
016405 	413 	55 	91 	91 
016406 	413 	55 	91 	91 
016407 	413 	55 	91 	91 
016408 	413 	55 	91 	91 
016409 	400 	43 	109 	108 
016410 	400 	43 	109 	108 
016411 	400 	43 	109 	108 
016412 	413 	55 	91 	91 
016413 	400 	43 	109 	108 
016414 	413 	45 	91 	91 
016415 	413 	55 	91 	91 
016416 	413 	55 	91 	91 
016417 	413 	55 	91 	91 
016418 	413 	55 	91 	91 
016419 	403 	55 	91 	91 
016420 	403 	55 	91 	91 
016421 	403 	55 	91 	91 
016422 	403 	55 	91 	91 
016423 	403 	55 	91 	91 
016424 	403 	55 	91 	91 
016425 	403 	55 	91 	91 
016426 	403 	55 	91 	91 
016427 	403 	55 	91 	91 
016428 	403 	55 	91 	91 
016429 	403 	55 	91 	91 
016430 	403 	55 	91 	91 
016431 	403 	55 	91 	91 
016432 	403 	55 	91 	91 
016433 	403 	55 	91 	91 
016434 	388 	43 	109 	108 
016435 	388 	43 	109 	108 
016436 	388 	43 	109 	108 
016437 	388 	43 	109 	108 
016438 	388 	43 	109 	108 
016439 	388 	43 	109 	108 
016440 	388 	43 	109 	108 
016441 	388 	43 	109 	108 
016442 	403 	55 	91 	91 
016443 	403 	55 	91 	91 
016444 	413 	55 	91 	91 
016445 	413 	55 	91 	91 
016446 	400 	54 	109 	109 
016447 	400 	54 	109 	109 
016448 	403 	55 	91 	91 
016449 	403 	55 	91 	91 
016450 	403 	55 	91 	91 
016451 	388 	43 	109 	108 
016452 	388 	43 	109 	108 
016453 	388 	43 	109 	108 
016454 	388 	43 	109 	108 
016455 	388 	43 	109 	108 
016456 	403 	55 	91 	91 
016457 	403 	55 	91 	91 
016458 	403 	55 	91 	91 
016459 	403 	55 	91 	91 
016460 	403 	55 	91 	91 
016461 	388 	43 	109 	108 
016462 	388 	43 	109 	108 
016463 	388 	43 	109 	108 
016464 	388 	43 	109 	108 
016465 	388 	43 	109 	108 
016466 	388 	43 	109 	108 
016467 	388 	43 	109 	108 
016468 	388 	43 	109 	108 
016469 	388 	43 	109 	108 
016470 	388 	43 	109 	108 
016471 	388 	43 	109 	108 
016472 	388 	43 	109 	108 
016473 	388 	43 	109 	108 
016474 	403 	65 	91 	91 
016475 	403 	55 	91 	91 
016476 	400 	54 	109 	109 
016477 	413 	55 	91 	91 
016478 	413 	55 	91 	91 
016479 	413 	55 	91 	91 
016480 	413 	55 	91 	91 
016481 	413 	55 	91 	91 
016482 	413 	55 	91 	91 
016483 	413 	55 	91 	91 
016484 	413 	55 	91 	91 
016485 	413 	55 	91 	91 
016486 	413 	55 	91 	91 
016487 	413 	55 	91 	91 
016488 	413 	55 	91 	91 
016489 	413 	55 	91 	91 
016490 	413 	55 	91 	91 
016491 	403 	55 	91 	91 
016492 	403 	55 	91 	91 
016493 	403 	55 	91 	91 
016494 	388 	43 	109 	108 
016495 	388 	43 	109 	108 
016496 	388 	43 	109 	108 
016497 	388 	43 	109 	108 
016498 	393 	45 	91 	91 
016499 	393 	45 	91 	91 
016500 	393 	45 	91 	91 
016501 	393 	45 	91 	91 
016502 	376 	43 	109 	108 
016503 	376 	43 	109 	108 
016504 	376 	43 	109 	108 
016505 	376 	43 	109 	108 
016506 	393 	45 	91 	91 
016507 	393 	45 	91 	91 
016508 	388 	43 	109 	108 
016509 	388 	43 	109 	108 
016510 	388 	43 	109 	108 
016511 	388 	43 	109 	108 
016512 	388 	43 	109 	108 
016513 	388 	43 	109 	108 
016514 	388 	43 	109 	108 
016515 	403 	55 	91 	91 
016516 	403 	55 	91 	91 
016517 	400 	43 	109 	108 
016518 	400 	43 	109 	108 
016519 	400 	43 	109 	108 
016520 	400 	43 	109 	108 
016521 	400 	43 	109 	108 
016522 	400 	43 	109 	108 
016523 	400 	43 	109 	108 
016524 	413 	55 	91 	91 
016525 	400 	43 	109 	108 
016526 	400 	43 	109 	108 
016527 	400 	43 	109 	108 
016528 	403 	55 	91 	91 
016529 	403 	55 	91 	91 
016530 	403 	55 	91 	91 
016531 	403 	55 	91 	91 
016532 	388 	43 	109 	108 
016533 	388 	43 	109 	108 
016534 	388 	43 	109 	108 
016535 	388 	43 	109 	108 
016536 	388 	43 	109 	108 
016537 	388 	43 	109 	108 
016538 	388 	43 	109 	108 
016539 	388 	43 	109 	108 
016540 	403 	55 	91 	91 
016541 	400 	43 	109 	108 
016542 	400 	43 	109 	108 
016543 	400 	43 	109 	108 
016544 	413 	55 	91 	91 
016545 	413 	55 	91 	91 
016546 	413 	55 	91 	91 
016547 	413 	55 	91 	91 
016548 	413 	55 	91 	91 
016549 	413 	55 	91 	91 
016550 	413 	55 	91 	91 
016551 	400 	43 	109 	108 
016552 	400 	43 	109 	108 
016553 	400 	43 	109 	108 
016554 	400 	43 	109 	108 
016555 	400 	43 	109 	108 
016556 	400 	43 	109 	108 
016557 	400 	43 	109 	108 
016558 	413 	55 	91 	91 
016559 	413 	55 	91 	91 
016560 	413 	55 	91 	91 
016561 	413 	55 	91 	91 
016562 	400 	43 	109 	108 
016563 	400 	43 	109 	108 
016564 	400 	43 	109 	108 
016565 	400 	43 	109 	108 
016566 	400 	43 	109 	108 
016567 	400 	43 	109 	108 
016568 	400 	43 	109 	108 
016569 	400 	43 	109 	108 
016570 	403 	55 	91 	91 
016571 	388 	43 	109 	108 
016572 	388 	54 	109 	109 
016573 	388 	54 	109 	109 
016574 	388 	54 	109 	109 
016575 	388 	54 	109 	109 
016576 	388 	54 	109 	109 
016577 	388 	54 	109 	109 
016578 	388 	54 	109 	109 
016579 	388 	54 	109 	109 
016580 	388 	43 	109 	108 
016581 	388 	43 	109 	108 
016582 	388 	43 	109 	108 
016583 	388 	43 	109 	108 
016584 	403 	45 	91 	91 
016585 	400 	43 	109 	108 
016586 	400 	43 	109 	108 
016587 	400 	43 	109 	108 
016588 	403 	55 	91 	91 
016589 	400 	43 	109 	108 
016590 	400 	43 	109 	108 
016591 	400 	43 	109 	108 
016592 	400 	43 	109 	108 
016593 	400 	43 	109 	108 
016594 	400 	43 	109 	108 
016595 	400 	43 	109 	108 
016596 	400 	43 	109 	108 
016597 	413 	45 	91 	91 
016598 	412 	43 	109 	108 
016599 	412 	43 	109 	108 
016600 	412 	31 	109 	108 
016601 	412 	31 	109 	108 
016602 	412 	31 	109 	108 
016603 	412 	31 	109 	108 
016604 	412 	31 	109 	108 
016605 	412 	31 	109 	108 
016606 	412 	31 	109 	108 
016607 	412 	31 	109 	108 
016608 	412 	31 	109 	108 
016609 	412 	31 	109 	108 
016610 	412 	31 	109 	108 
016611 	412 	31 	109 	108 
016612 	400 	31 	109 	108 
016613 	400 	31 	109 	108 
016614 	400 	31 	109 	108 
016615 	413 	45 	91 	91 
016616 	413 	45 	91 	91 
016617 	413 	45 	91 	91 
016618 	413 	45 	91 	91 
016619 	413 	45 	91 	91 
016620 	413 	45 	91 	91 
016621 	413 	45 	91 	91 
016622 	413 	45 	91 	91 
016623 	413 	45 	91 	91 
016624 	413 	45 	91 	91 
016625 	413 	45 	91 	91 
016626 	414 	45 	91 	91 
016627 	414 	45 	91 	91 
016628 	414 	45 	91 	91 
016629 	414 	45 	91 	91 
016630 	414 	45 	91 	91 
016631 	414 	45 	91 	91 
016632 	414 	45 	91 	91 
016633 	414 	45 	91 	91 
016634 	414 	45 	91 	91 
016635 	414 	45 	91 	91 
016636 	414 	45 	91 	91 
016637 	414 	45 	91 	91 
016638 	414 	45 	91 	91 
016639 	414 	45 	91 	91 
016640 	415 	45 	91 	91 
016641 	415 	45 	91 	91 
016642 	415 	45 	91 	91 
016643 	415 	45 	91 	91 
016644 	415 	45 	91 	91 
016645 	415 	45 	91 	91 
016646 	415 	45 	91 	91 
016647 	415 	45 	91 	91 
016648 	415 	45 	91 	91 
016649 	415 	45 	91 	91 
016650 	415 	45 	91 	91 
016651 	415 	45 	91 	91 
016652 	415 	45 	91 	91 
016653 	415 	45 	91 	91 
016654 	416 	45 	91 	91 
016655 	416 	45 	91 	91 
016656 	416 	45 	91 	91 
016657 	416 	45 	91 	91 
016658 	416 	45 	91 	91 
016659 	416 	45 	91 	91 
016660 	416 	45 	91 	91 
016661 	416 	45 	91 	91 
016662 	416 	45 	91 	91 
016663 	416 	45 	91 	91 
016664 	416 	45 	91 	91 
016665 	416 	45 	91 	91 
016666 	416 	45 	91 	91 
016667 	417 	45 	91 	91 
016668 	417 	45 	91 	91 
016669 	417 	45 	91 	91 
016670 	417 	45 	91 	91 
016671 	417 	45 	91 	91 
016672 	417 	45 	91 	91 
016673 	417 	45 	91 	91 
016674 	417 	45 	91 	91 
016675 	417 	45 	91 	91 
016676 	417 	45 	91 	91 
016677 	417 	45 	91 	91 
016678 	417 	45 	91 	91 
016679 	417 	45 	91 	91 
016680 	417 	45 	91 	91 
016681 	418 	45 	91 	91 
016682 	418 	45 	91 	91 
016683 	418 	45 	91 	91 
016684 	418 	45 	91 	91 
016685 	418 	45 	91 	91 
016686 	418 	45 	91 	91 
016687 	418 	45 	91 	91 
016688 	418 	45 	91 	91 
016689 	418 	45 	91 	91 
016690 	418 	45 	91 	91 
016691 	418 	45 	91 	91 
016692 	418 	45 	91 	91 
016693 	418 	45 	91 	91 
016694 	418 	45 	91 	91 
016695 	419 	45 	91 	91 
016696 	419 	45 	91 	91 
016697 	419 	45 	91 	91 
016698 	419 	45 	91 	91 
016699 	419 	45 	91 	91 
016700 	419 	45 	91 	91 
016701 	419 	45 	91 	91 
016702 	419 	45 	91 	91 
016703 	419 	45 	91 	91 
016704 	419 	45 	91 	91 
016705 	419 	45 	91 	91 
016706 	419 	45 	91 	91 
016707 	419 	45 	91 	91 
016708 	419 	45 	91 	91 
016709 	420 	45 	91 	91 
016710 	420 	45 	91 	91 
016711 	420 	45 	91 	91 
016712 	420 	45 	91 	91 
016713 	420 	45 	91 	91 
016714 	420 	45 	91 	91 
016715 	420 	45 	91 	91 
016716 	420 	45 	91 	91 
016717 	420 	45 	91 	91 
016718 	420 	45 	91 	91 
