Identity  : 	id10283
Reference : 	vaK4t1-WD4M
Offset    : 	-1
FV Conf   : 	14.311
ASD Conf  : 	6.266

FRAME 	X 	Y 	W 	H 
015527 	423 	55 	91 	91 
015528 	423 	55 	91 	91 
015529 	423 	55 	91 	91 
015530 	423 	55 	91 	91 
015531 	423 	55 	91 	91 
015532 	423 	55 	91 	91 
015533 	413 	55 	91 	91 
015534 	400 	43 	109 	108 
015535 	400 	43 	109 	108 
015536 	400 	43 	109 	108 
015537 	400 	43 	109 	108 
015538 	400 	43 	109 	108 
015539 	412 	43 	109 	108 
015540 	412 	43 	109 	108 
015541 	423 	55 	91 	91 
015542 	423 	55 	91 	91 
015543 	423 	55 	91 	91 
015544 	423 	55 	91 	91 
015545 	423 	55 	91 	91 
015546 	423 	55 	91 	91 
015547 	423 	55 	91 	91 
015548 	423 	55 	91 	91 
015549 	423 	55 	91 	91 
015550 	423 	55 	91 	91 
015551 	423 	55 	91 	91 
015552 	423 	55 	91 	91 
015553 	423 	55 	91 	91 
015554 	423 	55 	91 	91 
015555 	423 	55 	91 	91 
015556 	423 	55 	91 	91 
015557 	423 	55 	91 	91 
015558 	412 	54 	109 	109 
015559 	412 	54 	109 	109 
015560 	412 	54 	109 	109 
015561 	423 	65 	91 	91 
015562 	423 	65 	91 	91 
015563 	413 	65 	91 	91 
015564 	413 	65 	91 	91 
015565 	413 	65 	91 	91 
015566 	413 	65 	91 	91 
015567 	413 	65 	91 	91 
015568 	400 	54 	109 	109 
015569 	400 	54 	109 	109 
015570 	400 	54 	109 	109 
015571 	388 	54 	109 	109 
015572 	388 	54 	109 	109 
015573 	388 	54 	109 	109 
015574 	388 	54 	109 	109 
015575 	388 	54 	109 	109 
015576 	388 	54 	109 	109 
015577 	388 	54 	109 	109 
015578 	388 	54 	109 	109 
015579 	388 	54 	109 	109 
015580 	403 	55 	91 	91 
015581 	403 	55 	91 	91 
015582 	403 	55 	91 	91 
015583 	400 	54 	109 	109 
015584 	400 	54 	109 	109 
015585 	400 	54 	109 	109 
015586 	400 	54 	109 	109 
015587 	400 	54 	109 	109 
015588 	400 	54 	109 	109 
015589 	413 	65 	91 	91 
015590 	400 	54 	109 	109 
015591 	413 	65 	91 	91 
015592 	413 	65 	91 	91 
015593 	413 	65 	91 	91 
015594 	413 	65 	91 	91 
015595 	413 	65 	91 	91 
015596 	413 	65 	91 	91 
015597 	413 	65 	91 	91 
015598 	413 	65 	91 	91 
015599 	413 	65 	91 	91 
015600 	413 	65 	91 	91 
015601 	413 	65 	91 	91 
015602 	413 	65 	91 	91 
015603 	400 	54 	109 	109 
015604 	413 	65 	91 	91 
015605 	400 	54 	109 	109 
015606 	400 	54 	109 	109 
015607 	400 	54 	109 	109 
015608 	413 	65 	91 	91 
015609 	413 	65 	91 	91 
015610 	413 	65 	91 	91 
015611 	413 	65 	91 	91 
015612 	413 	65 	91 	91 
015613 	413 	65 	91 	91 
015614 	413 	65 	91 	91 
015615 	413 	65 	91 	91 
015616 	413 	65 	91 	91 
015617 	413 	65 	91 	91 
015618 	413 	65 	91 	91 
015619 	413 	65 	91 	91 
015620 	413 	65 	91 	91 
015621 	413 	65 	91 	91 
015622 	413 	65 	91 	91 
015623 	413 	65 	91 	91 
015624 	413 	55 	91 	91 
015625 	413 	55 	91 	91 
015626 	413 	55 	91 	91 
015627 	413 	55 	91 	91 
015628 	413 	55 	91 	91 
015629 	413 	55 	91 	91 
015630 	413 	55 	91 	91 
015631 	413 	65 	91 	91 
015632 	413 	65 	91 	91 
015633 	413 	65 	91 	91 
015634 	413 	65 	91 	91 
015635 	400 	54 	109 	109 
015636 	400 	54 	109 	109 
015637 	400 	54 	109 	109 
015638 	400 	54 	109 	109 
015639 	400 	54 	109 	109 
015640 	403 	55 	91 	91 
015641 	403 	55 	91 	91 
015642 	403 	55 	91 	91 
015643 	403 	55 	91 	91 
015644 	403 	55 	91 	91 
015645 	388 	43 	109 	108 
015646 	388 	43 	109 	108 
015647 	388 	43 	109 	108 
015648 	388 	43 	109 	108 
015649 	388 	43 	109 	108 
015650 	400 	43 	109 	108 
015651 	400 	43 	109 	108 
015652 	400 	43 	109 	108 
015653 	400 	43 	109 	108 
015654 	400 	43 	109 	108 
015655 	413 	55 	91 	91 
015656 	413 	55 	91 	91 
015657 	413 	55 	91 	91 
015658 	413 	55 	91 	91 
015659 	413 	55 	91 	91 
015660 	413 	55 	91 	91 
015661 	413 	55 	91 	91 
015662 	413 	55 	91 	91 
015663 	413 	55 	91 	91 
015664 	413 	55 	91 	91 
015665 	413 	55 	91 	91 
015666 	413 	55 	91 	91 
015667 	413 	55 	91 	91 
015668 	413 	55 	91 	91 
015669 	413 	55 	91 	91 
015670 	413 	55 	91 	91 
015671 	413 	55 	91 	91 
015672 	413 	55 	91 	91 
015673 	413 	55 	91 	91 
015674 	413 	55 	91 	91 
015675 	413 	55 	91 	91 
015676 	413 	55 	91 	91 
015677 	413 	55 	91 	91 
015678 	413 	55 	91 	91 
015679 	400 	43 	109 	108 
015680 	400 	43 	109 	108 
015681 	400 	43 	109 	108 
015682 	400 	43 	109 	108 
015683 	403 	55 	91 	91 
015684 	403 	55 	91 	91 
015685 	403 	55 	91 	91 
015686 	403 	55 	91 	91 
015687 	403 	55 	91 	91 
015688 	403 	55 	91 	91 
015689 	403 	55 	91 	91 
015690 	403 	55 	91 	91 
015691 	403 	55 	91 	91 
015692 	403 	55 	91 	91 
015693 	403 	55 	91 	91 
015694 	403 	55 	91 	91 
015695 	403 	55 	91 	91 
015696 	403 	55 	91 	91 
015697 	400 	43 	109 	108 
015698 	400 	43 	109 	108 
015699 	403 	55 	91 	91 
015700 	403 	55 	91 	91 
015701 	400 	43 	109 	108 
015702 	400 	43 	109 	108 
015703 	400 	43 	109 	108 
015704 	400 	43 	109 	108 
015705 	400 	43 	109 	108 
015706 	400 	43 	109 	108 
015707 	400 	43 	109 	108 
015708 	400 	43 	109 	108 
015709 	400 	43 	109 	108 
015710 	400 	43 	109 	108 
015711 	400 	43 	109 	108 
015712 	400 	43 	109 	108 
015713 	403 	55 	91 	91 
015714 	388 	43 	109 	108 
015715 	388 	43 	109 	108 
015716 	388 	54 	109 	109 
015717 	388 	54 	109 	109 
015718 	388 	54 	109 	109 
015719 	388 	54 	109 	109 
015720 	403 	65 	91 	91 
015721 	403 	65 	91 	91 
015722 	400 	54 	109 	109 
015723 	400 	54 	109 	109 
015724 	413 	65 	91 	91 
015725 	413 	65 	91 	91 
015726 	413 	65 	91 	91 
015727 	413 	65 	91 	91 
015728 	412 	54 	109 	109 
015729 	412 	54 	109 	109 
015730 	423 	55 	91 	91 
015731 	423 	55 	91 	91 
015732 	423 	55 	91 	91 
015733 	423 	55 	91 	91 
015734 	423 	55 	91 	91 
015735 	423 	55 	91 	91 
015736 	423 	55 	91 	91 
015737 	423 	55 	91 	91 
015738 	423 	55 	91 	91 
015739 	412 	54 	109 	109 
015740 	412 	54 	109 	109 
015741 	412 	54 	109 	109 
015742 	412 	54 	109 	109 
015743 	412 	54 	109 	109 
015744 	423 	65 	91 	91 
015745 	412 	54 	109 	109 
015746 	412 	54 	109 	109 
015747 	413 	65 	91 	91 
015748 	413 	65 	91 	91 
015749 	413 	65 	91 	91 
015750 	413 	65 	91 	91 
015751 	403 	65 	91 	91 
015752 	403 	55 	91 	91 
015753 	403 	55 	91 	91 
015754 	388 	43 	109 	108 
015755 	393 	55 	91 	91 
015756 	393 	55 	91 	91 
015757 	393 	55 	91 	91 
015758 	393 	55 	91 	91 
015759 	393 	55 	91 	91 
015760 	388 	43 	109 	108 
015761 	388 	43 	109 	108 
015762 	388 	43 	109 	108 
015763 	388 	43 	109 	108 
015764 	388 	43 	109 	108 
015765 	388 	43 	109 	108 
015766 	403 	55 	91 	91 
015767 	403 	55 	91 	91 
015768 	400 	43 	109 	108 
015769 	400 	43 	109 	108 
015770 	400 	43 	109 	108 
015771 	400 	43 	109 	108 
015772 	413 	55 	91 	91 
015773 	412 	43 	109 	108 
015774 	423 	55 	91 	91 
015775 	423 	55 	91 	91 
015776 	423 	55 	91 	91 
015777 	423 	55 	91 	91 
015778 	412 	54 	109 	109 
015779 	412 	54 	109 	109 
015780 	413 	55 	91 	91 
015781 	413 	65 	91 	91 
015782 	413 	65 	91 	91 
015783 	413 	65 	91 	91 
015784 	413 	65 	91 	91 
015785 	413 	65 	91 	91 
015786 	413 	65 	91 	91 
015787 	413 	65 	91 	91 
015788 	400 	54 	109 	109 
015789 	400 	54 	109 	109 
015790 	400 	43 	109 	108 
015791 	400 	43 	109 	108 
015792 	400 	43 	109 	108 
015793 	400 	43 	109 	108 
015794 	400 	43 	109 	108 
015795 	400 	43 	109 	108 
015796 	400 	43 	109 	108 
015797 	400 	43 	109 	108 
015798 	400 	43 	109 	108 
015799 	400 	43 	109 	108 
015800 	400 	43 	109 	108 
015801 	400 	43 	109 	108 
015802 	400 	43 	109 	108 
015803 	400 	43 	109 	108 
015804 	400 	43 	109 	108 
015805 	400 	43 	109 	108 
015806 	413 	65 	91 	91 
015807 	413 	65 	91 	91 
015808 	413 	65 	91 	91 
015809 	413 	65 	91 	91 
015810 	413 	65 	91 	91 
015811 	413 	65 	91 	91 
015812 	413 	65 	91 	91 
015813 	413 	65 	91 	91 
015814 	413 	65 	91 	91 
015815 	413 	65 	91 	91 
015816 	413 	55 	91 	91 
015817 	413 	55 	91 	91 
015818 	413 	55 	91 	91 
015819 	413 	55 	91 	91 
015820 	413 	55 	91 	91 
015821 	423 	55 	91 	91 
015822 	413 	55 	91 	91 
015823 	413 	55 	91 	91 
015824 	413 	55 	91 	91 
015825 	413 	55 	91 	91 
015826 	413 	55 	91 	91 
015827 	413 	55 	91 	91 
015828 	400 	43 	109 	108 
015829 	400 	43 	109 	108 
015830 	403 	55 	91 	91 
015831 	403 	55 	91 	91 
015832 	403 	55 	91 	91 
015833 	403 	45 	91 	91 
015834 	403 	45 	91 	91 
015835 	403 	45 	91 	91 
015836 	403 	45 	91 	91 
015837 	403 	45 	91 	91 
015838 	403 	45 	91 	91 
015839 	388 	31 	109 	108 
015840 	388 	43 	109 	108 
015841 	388 	43 	109 	108 
015842 	403 	45 	91 	91 
015843 	388 	43 	109 	108 
015844 	403 	45 	91 	91 
015845 	388 	43 	109 	108 
015846 	400 	43 	109 	108 
015847 	400 	43 	109 	108 
015848 	400 	43 	109 	108 
015849 	400 	43 	109 	108 
015850 	400 	43 	109 	108 
015851 	413 	55 	91 	91 
015852 	413 	55 	91 	91 
015853 	413 	55 	91 	91 
015854 	413 	55 	91 	91 
015855 	413 	55 	91 	91 
015856 	413 	55 	91 	91 
015857 	413 	55 	91 	91 
015858 	413 	55 	91 	91 
015859 	413 	55 	91 	91 
015860 	413 	55 	91 	91 
015861 	413 	55 	91 	91 
015862 	400 	43 	109 	108 
015863 	400 	43 	109 	108 
015864 	413 	55 	91 	91 
015865 	400 	43 	109 	108 
015866 	400 	43 	109 	108 
015867 	400 	43 	109 	108 
015868 	400 	43 	109 	108 
015869 	400 	43 	109 	108 
015870 	400 	43 	109 	108 
015871 	400 	43 	109 	108 
015872 	388 	43 	109 	108 
015873 	388 	43 	109 	108 
015874 	403 	55 	91 	91 
015875 	400 	54 	109 	109 
015876 	400 	54 	109 	109 
015877 	400 	54 	109 	109 
015878 	400 	54 	109 	109 
015879 	400 	54 	109 	109 
015880 	400 	54 	109 	109 
015881 	400 	54 	109 	109 
015882 	400 	54 	109 	109 
015883 	400 	54 	109 	109 
015884 	400 	43 	109 	108 
015885 	400 	43 	109 	108 
015886 	400 	43 	109 	108 
015887 	400 	43 	109 	108 
015888 	400 	31 	109 	108 
015889 	400 	31 	109 	108 
015890 	412 	31 	109 	108 
015891 	412 	43 	109 	108 
015892 	412 	43 	109 	108 
015893 	412 	43 	109 	108 
015894 	412 	43 	109 	108 
015895 	412 	43 	109 	108 
015896 	423 	55 	91 	91 
015897 	423 	55 	91 	91 
015898 	423 	55 	91 	91 
015899 	423 	55 	91 	91 
015900 	423 	55 	91 	91 
015901 	423 	55 	91 	91 
015902 	412 	54 	109 	109 
015903 	412 	54 	109 	109 
015904 	413 	55 	91 	91 
015905 	413 	55 	91 	91 
015906 	413 	55 	91 	91 
015907 	413 	55 	91 	91 
015908 	413 	55 	91 	91 
015909 	413 	55 	91 	91 
015910 	413 	55 	91 	91 
015911 	413 	55 	91 	91 
015912 	413 	55 	91 	91 
015913 	413 	55 	91 	91 
015914 	413 	55 	91 	91 
015915 	413 	55 	91 	91 
015916 	423 	55 	91 	91 
015917 	423 	55 	91 	91 
015918 	412 	54 	109 	109 
015919 	412 	54 	109 	109 
015920 	413 	55 	91 	91 
015921 	400 	43 	109 	108 
015922 	400 	54 	109 	109 
015923 	400 	54 	109 	109 
015924 	400 	54 	109 	109 
015925 	403 	55 	91 	91 
015926 	403 	55 	91 	91 
015927 	403 	55 	91 	91 
015928 	400 	43 	109 	108 
015929 	400 	43 	109 	108 
015930 	413 	55 	91 	91 
015931 	413 	55 	91 	91 
015932 	413 	55 	91 	91 
015933 	413 	55 	91 	91 
015934 	413 	55 	91 	91 
015935 	413 	55 	91 	91 
015936 	423 	55 	91 	91 
015937 	423 	55 	91 	91 
015938 	412 	54 	109 	109 
015939 	412 	54 	109 	109 
015940 	413 	55 	91 	91 
015941 	413 	55 	91 	91 
015942 	413 	55 	91 	91 
015943 	413 	55 	91 	91 
015944 	413 	55 	91 	91 
015945 	413 	55 	91 	91 
015946 	400 	43 	109 	108 
015947 	400 	43 	109 	108 
015948 	400 	43 	109 	108 
015949 	400 	43 	109 	108 
015950 	400 	43 	109 	108 
015951 	400 	43 	109 	108 
015952 	400 	43 	109 	108 
015953 	400 	43 	109 	108 
015954 	400 	43 	109 	108 
015955 	400 	54 	109 	109 
015956 	400 	54 	109 	109 
015957 	400 	54 	109 	109 
015958 	400 	54 	109 	109 
015959 	400 	54 	109 	109 
015960 	400 	54 	109 	109 
015961 	413 	65 	91 	91 
015962 	413 	65 	91 	91 
015963 	413 	65 	91 	91 
015964 	413 	65 	91 	91 
015965 	413 	65 	91 	91 
015966 	413 	65 	91 	91 
015967 	413 	65 	91 	91 
015968 	413 	65 	91 	91 
015969 	412 	54 	109 	109 
015970 	412 	54 	109 	109 
015971 	412 	54 	109 	109 
015972 	412 	54 	109 	109 
015973 	412 	54 	109 	109 
015974 	412 	54 	109 	109 
015975 	412 	54 	109 	109 
015976 	413 	65 	91 	91 
015977 	413 	65 	91 	91 
015978 	413 	65 	91 	91 
015979 	413 	65 	91 	91 
015980 	400 	43 	109 	108 
015981 	403 	55 	91 	91 
015982 	388 	43 	109 	108 
015983 	388 	43 	109 	108 
015984 	388 	43 	109 	108 
015985 	388 	43 	109 	108 
015986 	393 	55 	91 	91 
015987 	393 	55 	91 	91 
015988 	376 	43 	109 	108 
015989 	376 	43 	109 	108 
015990 	376 	43 	109 	108 
015991 	388 	43 	109 	108 
015992 	388 	43 	109 	108 
015993 	388 	43 	109 	108 
015994 	388 	43 	109 	108 
015995 	388 	43 	109 	108 
015996 	388 	43 	109 	108 
015997 	400 	43 	109 	108 
015998 	400 	43 	109 	108 
015999 	400 	43 	109 	108 
016000 	400 	43 	109 	108 
016001 	400 	43 	109 	108 
016002 	412 	43 	109 	108 
016003 	412 	43 	109 	108 
016004 	412 	43 	109 	108 
016005 	412 	43 	109 	108 
016006 	412 	43 	109 	108 
016007 	412 	54 	109 	109 
016008 	412 	54 	109 	109 
016009 	412 	54 	109 	109 
016010 	423 	55 	91 	91 
016011 	412 	54 	109 	109 
016012 	412 	54 	109 	109 
016013 	412 	54 	109 	109 
016014 	412 	54 	109 	109 
016015 	412 	54 	109 	109 
016016 	412 	54 	109 	109 
016017 	413 	55 	91 	91 
016018 	413 	55 	91 	91 
016019 	413 	55 	91 	91 
016020 	413 	55 	91 	91 
016021 	413 	55 	91 	91 
016022 	413 	55 	91 	91 
016023 	413 	55 	91 	91 
016024 	413 	55 	91 	91 
016025 	413 	55 	91 	91 
016026 	400 	54 	109 	109 
016027 	400 	54 	109 	109 
016028 	403 	55 	91 	91 
016029 	403 	55 	91 	91 
016030 	403 	55 	91 	91 
016031 	388 	43 	109 	108 
016032 	388 	43 	109 	108 
016033 	388 	43 	109 	108 
016034 	388 	43 	109 	108 
016035 	388 	43 	109 	108 
016036 	403 	55 	91 	91 
016037 	403 	55 	91 	91 
016038 	403 	55 	91 	91 
016039 	403 	55 	91 	91 
016040 	400 	54 	109 	109 
016041 	413 	65 	91 	91 
016042 	413 	65 	91 	91 
016043 	413 	55 	91 	91 
016044 	412 	54 	109 	109 
016045 	412 	54 	109 	109 
016046 	413 	55 	91 	91 
016047 	413 	55 	91 	91 
016048 	413 	55 	91 	91 
016049 	413 	65 	91 	91 
016050 	400 	54 	109 	109 
016051 	400 	54 	109 	109 
016052 	400 	54 	109 	109 
016053 	400 	54 	109 	109 
016054 	400 	54 	109 	109 
016055 	400 	54 	109 	109 
016056 	400 	54 	109 	109 
016057 	400 	54 	109 	109 
016058 	400 	54 	109 	109 
016059 	400 	54 	109 	109 
016060 	400 	54 	109 	109 
016061 	400 	54 	109 	109 
016062 	400 	54 	109 	109 
016063 	400 	54 	109 	109 
016064 	400 	54 	109 	109 
016065 	400 	54 	109 	109 
016066 	400 	54 	109 	109 
016067 	403 	65 	91 	91 
016068 	403 	65 	91 	91 
016069 	403 	65 	91 	91 
016070 	403 	65 	91 	91 
016071 	403 	65 	91 	91 
016072 	403 	65 	91 	91 
016073 	388 	54 	109 	109 
016074 	388 	54 	109 	109 
016075 	388 	54 	109 	109 
016076 	388 	54 	109 	109 
016077 	393 	65 	91 	91 
016078 	393 	55 	91 	91 
016079 	388 	43 	109 	108 
016080 	388 	43 	109 	108 
016081 	388 	43 	109 	108 
016082 	388 	43 	109 	108 
016083 	388 	43 	109 	108 
016084 	388 	43 	109 	108 
016085 	388 	43 	109 	108 
016086 	403 	55 	91 	91 
016087 	403 	55 	91 	91 
016088 	400 	43 	109 	108 
016089 	388 	43 	109 	108 
016090 	400 	43 	109 	108 
016091 	403 	55 	91 	91 
016092 	403 	55 	91 	91 
016093 	403 	55 	91 	91 
016094 	400 	43 	109 	108 
016095 	400 	43 	109 	108 
016096 	400 	43 	109 	108 
016097 	400 	43 	109 	108 
016098 	400 	43 	109 	108 
016099 	403 	55 	91 	91 
016100 	403 	55 	91 	91 
016101 	403 	55 	91 	91 
016102 	403 	55 	91 	91 
016103 	403 	55 	91 	91 
016104 	400 	43 	109 	108 
016105 	400 	43 	109 	108 
016106 	400 	43 	109 	108 
016107 	400 	43 	109 	108 
016108 	400 	43 	109 	108 
016109 	400 	43 	109 	108 
016110 	400 	43 	109 	108 
016111 	400 	43 	109 	108 
016112 	400 	43 	109 	108 
016113 	400 	43 	109 	108 
016114 	400 	43 	109 	108 
016115 	400 	43 	109 	108 
016116 	400 	43 	109 	108 
016117 	400 	43 	109 	108 
016118 	400 	43 	109 	108 
016119 	400 	43 	109 	108 
016120 	400 	43 	109 	108 
016121 	400 	43 	109 	108 
016122 	403 	55 	91 	91 
016123 	403 	55 	91 	91 
016124 	388 	54 	109 	109 
016125 	388 	54 	109 	109 
016126 	388 	54 	109 	109 
016127 	403 	55 	91 	91 
016128 	403 	55 	91 	91 
016129 	388 	43 	109 	108 
016130 	388 	43 	109 	108 
016131 	388 	54 	109 	109 
016132 	388 	54 	109 	109 
016133 	388 	54 	109 	109 
016134 	388 	54 	109 	109 
016135 	388 	43 	109 	108 
016136 	388 	43 	109 	108 
016137 	388 	43 	109 	108 
016138 	388 	43 	109 	108 
016139 	388 	43 	109 	108 
016140 	388 	43 	109 	108 
016141 	388 	43 	109 	108 
016142 	388 	43 	109 	108 
016143 	388 	43 	109 	108 
016144 	388 	43 	109 	108 
016145 	403 	55 	91 	91 
016146 	403 	55 	91 	91 
016147 	403 	55 	91 	91 
016148 	400 	54 	109 	109 
016149 	413 	65 	91 	91 
016150 	413 	65 	91 	91 
016151 	423 	65 	91 	91 
016152 	423 	65 	91 	91 
016153 	423 	65 	91 	91 
016154 	412 	54 	109 	109 
016155 	412 	54 	109 	109 
016156 	413 	65 	91 	91 
016157 	413 	65 	91 	91 
016158 	413 	65 	91 	91 
016159 	413 	65 	91 	91 
016160 	413 	65 	91 	91 
016161 	413 	65 	91 	91 
016162 	400 	54 	109 	109 
016163 	400 	43 	109 	108 
016164 	400 	43 	109 	108 
016165 	400 	43 	109 	108 
016166 	400 	43 	109 	108 
016167 	400 	43 	109 	108 
016168 	400 	43 	109 	108 
016169 	400 	43 	109 	108 
016170 	403 	55 	91 	91 
016171 	403 	55 	91 	91 
016172 	403 	55 	91 	91 
016173 	403 	55 	91 	91 
016174 	403 	55 	91 	91 
016175 	403 	55 	91 	91 
016176 	388 	54 	109 	109 
016177 	388 	54 	109 	109 
016178 	388 	54 	109 	109 
016179 	388 	54 	109 	109 
016180 	388 	54 	109 	109 
016181 	388 	54 	109 	109 
016182 	388 	54 	109 	109 
016183 	388 	54 	109 	109 
016184 	388 	54 	109 	109 
016185 	403 	55 	91 	91 
016186 	403 	55 	91 	91 
016187 	403 	55 	91 	91 
016188 	403 	55 	91 	91 
016189 	388 	43 	109 	108 
016190 	403 	55 	91 	91 
016191 	403 	55 	91 	91 
016192 	403 	55 	91 	91 
016193 	400 	54 	109 	109 
016194 	403 	55 	91 	91 
016195 	400 	43 	109 	108 
016196 	400 	43 	109 	108 
016197 	400 	43 	109 	108 
016198 	400 	43 	109 	108 
016199 	400 	43 	109 	108 
016200 	400 	43 	109 	108 
016201 	400 	43 	109 	108 
016202 	400 	43 	109 	108 
016203 	400 	43 	109 	108 
016204 	400 	43 	109 	108 
016205 	400 	43 	109 	108 
016206 	400 	43 	109 	108 
016207 	400 	43 	109 	108 
016208 	400 	43 	109 	108 
016209 	400 	43 	109 	108 
016210 	400 	43 	109 	108 
016211 	400 	43 	109 	108 
016212 	400 	43 	109 	108 
016213 	400 	43 	109 	108 
016214 	400 	43 	109 	108 
016215 	403 	55 	91 	91 
016216 	388 	43 	109 	108 
016217 	388 	43 	109 	108 
016218 	388 	43 	109 	108 
016219 	388 	43 	109 	108 
016220 	388 	43 	109 	108 
016221 	388 	43 	109 	108 
016222 	388 	43 	109 	108 
016223 	400 	43 	109 	108 
016224 	400 	43 	109 	108 
016225 	400 	43 	109 	108 
016226 	403 	55 	91 	91 
016227 	403 	55 	91 	91 
016228 	403 	55 	91 	91 
016229 	403 	55 	91 	91 
016230 	403 	55 	91 	91 
016231 	403 	55 	91 	91 
016232 	403 	55 	91 	91 
016233 	388 	43 	109 	108 
016234 	388 	43 	109 	108 
016235 	388 	43 	109 	108 
016236 	388 	43 	109 	108 
016237 	403 	55 	91 	91 
016238 	388 	43 	109 	108 
016239 	388 	43 	109 	108 
016240 	388 	43 	109 	108 
016241 	388 	43 	109 	108 
016242 	388 	43 	109 	108 
016243 	388 	43 	109 	108 
016244 	403 	55 	91 	91 
016245 	403 	55 	91 	91 
016246 	388 	43 	109 	108 
016247 	403 	55 	91 	91 
016248 	403 	55 	91 	91 
016249 	403 	55 	91 	91 
016250 	403 	55 	91 	91 
016251 	403 	55 	91 	91 
016252 	403 	55 	91 	91 
016253 	388 	43 	109 	108 
016254 	388 	43 	109 	108 
016255 	388 	43 	109 	108 
016256 	388 	43 	109 	108 
016257 	403 	55 	91 	91 
016258 	403 	55 	91 	91 
016259 	400 	54 	109 	109 
016260 	400 	54 	109 	109 
016261 	400 	54 	109 	109 
016262 	400 	54 	109 	109 
016263 	403 	55 	91 	91 
016264 	403 	55 	91 	91 
016265 	388 	43 	109 	108 
016266 	388 	43 	109 	108 
016267 	388 	43 	109 	108 
016268 	388 	43 	109 	108 
016269 	388 	43 	109 	108 
016270 	403 	55 	91 	91 
