Identity  : 	id10283
Reference : 	vaK4t1-WD4M
Offset    : 	-1
FV Conf   : 	14.311
ASD Conf  : 	5.752

FRAME 	X 	Y 	W 	H 
017099 	400 	43 	109 	108 
017100 	400 	43 	109 	108 
017101 	400 	43 	109 	108 
017102 	400 	43 	109 	108 
017103 	403 	55 	91 	91 
017104 	403 	55 	91 	91 
017105 	403 	55 	91 	91 
017106 	403 	55 	91 	91 
017107 	403 	55 	91 	91 
017108 	403 	55 	91 	91 
017109 	403 	55 	91 	91 
017110 	403 	55 	91 	91 
017111 	403 	55 	91 	91 
017112 	403 	55 	91 	91 
017113 	403 	55 	91 	91 
017114 	403 	55 	91 	91 
017115 	403 	55 	91 	91 
017116 	403 	55 	91 	91 
017117 	403 	45 	91 	91 
017118 	403 	45 	91 	91 
017119 	388 	31 	109 	108 
017120 	388 	31 	109 	108 
017121 	388 	31 	109 	108 
017122 	388 	31 	109 	108 
017123 	388 	31 	109 	108 
017124 	388 	31 	109 	108 
017125 	388 	31 	109 	108 
017126 	388 	31 	109 	108 
017127 	388 	31 	109 	108 
017128 	403 	45 	91 	91 
017129 	403 	45 	91 	91 
017130 	403 	45 	91 	91 
017131 	403 	45 	91 	91 
017132 	403 	45 	91 	91 
017133 	388 	31 	109 	108 
017134 	403 	45 	91 	91 
017135 	403 	45 	91 	91 
017136 	403 	45 	91 	91 
017137 	388 	31 	109 	108 
017138 	388 	31 	109 	108 
017139 	388 	31 	109 	108 
017140 	388 	31 	109 	108 
017141 	388 	31 	109 	108 
017142 	388 	31 	109 	108 
017143 	388 	31 	109 	108 
017144 	388 	31 	109 	108 
017145 	388 	31 	109 	108 
017146 	388 	31 	109 	108 
017147 	388 	31 	109 	108 
017148 	388 	31 	109 	108 
017149 	388 	43 	109 	108 
017150 	388 	43 	109 	108 
017151 	388 	43 	109 	108 
017152 	388 	43 	109 	108 
017153 	388 	43 	109 	108 
017154 	388 	43 	109 	108 
017155 	388 	43 	109 	108 
017156 	388 	43 	109 	108 
017157 	388 	43 	109 	108 
017158 	388 	43 	109 	108 
017159 	388 	43 	109 	108 
017160 	388 	43 	109 	108 
017161 	388 	54 	109 	109 
017162 	388 	54 	109 	109 
017163 	376 	43 	109 	108 
017164 	376 	43 	109 	108 
017165 	376 	43 	109 	108 
017166 	376 	43 	109 	108 
017167 	376 	43 	109 	108 
017168 	383 	55 	91 	91 
017169 	376 	43 	109 	108 
017170 	376 	43 	109 	108 
017171 	376 	43 	109 	108 
017172 	376 	43 	109 	108 
017173 	376 	43 	109 	108 
017174 	393 	45 	91 	91 
017175 	393 	45 	91 	91 
017176 	393 	45 	91 	91 
017177 	388 	43 	109 	108 
017178 	388 	31 	109 	108 
017179 	388 	31 	109 	108 
017180 	388 	31 	109 	108 
017181 	388 	31 	109 	108 
017182 	388 	31 	109 	108 
017183 	388 	31 	109 	108 
017184 	388 	31 	109 	108 
017185 	403 	45 	91 	91 
017186 	403 	45 	91 	91 
017187 	403 	45 	91 	91 
017188 	400 	31 	109 	108 
017189 	400 	31 	109 	108 
017190 	400 	31 	109 	108 
017191 	400 	31 	109 	108 
017192 	400 	31 	109 	108 
017193 	400 	43 	109 	108 
017194 	400 	43 	109 	108 
017195 	400 	43 	109 	108 
017196 	400 	43 	109 	108 
017197 	400 	43 	109 	108 
017198 	400 	43 	109 	108 
017199 	400 	43 	109 	108 
017200 	400 	43 	109 	108 
017201 	400 	43 	109 	108 
