Identity  : 	id10283
Reference : 	vaK4t1-WD4M
Offset    : 	0
FV Conf   : 	15.487
ASD Conf  : 	5.821

FRAME 	X 	Y 	W 	H 
026109 	412 	43 	109 	108 
026110 	412 	43 	109 	108 
026111 	412 	43 	109 	108 
026112 	412 	43 	109 	108 
026113 	412 	43 	109 	108 
026114 	412 	43 	109 	108 
026115 	412 	43 	109 	108 
026116 	412 	43 	109 	108 
026117 	412 	43 	109 	108 
026118 	412 	43 	109 	108 
026119 	412 	43 	109 	108 
026120 	412 	43 	109 	108 
026121 	412 	43 	109 	108 
026122 	412 	43 	109 	108 
026123 	412 	43 	109 	108 
026124 	412 	43 	109 	108 
026125 	412 	43 	109 	108 
026126 	412 	43 	109 	108 
026127 	412 	43 	109 	108 
026128 	412 	43 	109 	108 
026129 	412 	43 	109 	108 
026130 	412 	43 	109 	108 
026131 	412 	43 	109 	108 
026132 	423 	55 	91 	91 
026133 	400 	43 	109 	108 
026134 	413 	55 	91 	91 
026135 	400 	43 	109 	108 
026136 	413 	55 	91 	91 
026137 	400 	43 	109 	108 
026138 	400 	43 	109 	108 
026139 	400 	43 	109 	108 
026140 	400 	43 	109 	108 
026141 	412 	43 	109 	108 
026142 	400 	43 	109 	108 
026143 	400 	43 	109 	108 
026144 	400 	43 	109 	108 
026145 	400 	43 	109 	108 
026146 	400 	43 	109 	108 
026147 	413 	45 	91 	91 
026148 	400 	43 	109 	108 
026149 	400 	43 	109 	108 
026150 	400 	43 	109 	108 
026151 	400 	43 	109 	108 
026152 	400 	43 	109 	108 
026153 	400 	43 	109 	108 
026154 	400 	43 	109 	108 
026155 	388 	43 	109 	108 
026156 	388 	43 	109 	108 
026157 	388 	43 	109 	108 
026158 	388 	43 	109 	108 
026159 	393 	55 	91 	91 
026160 	393 	55 	91 	91 
026161 	376 	43 	109 	108 
026162 	376 	43 	109 	108 
026163 	376 	43 	109 	108 
026164 	393 	55 	91 	91 
026165 	393 	55 	91 	91 
026166 	388 	43 	109 	108 
026167 	388 	43 	109 	108 
026168 	388 	43 	109 	108 
026169 	388 	43 	109 	108 
026170 	388 	43 	109 	108 
026171 	403 	55 	91 	91 
026172 	400 	43 	109 	108 
026173 	400 	43 	109 	108 
026174 	413 	55 	91 	91 
026175 	413 	55 	91 	91 
026176 	413 	55 	91 	91 
026177 	400 	43 	109 	108 
026178 	400 	43 	109 	108 
026179 	403 	55 	91 	91 
026180 	403 	55 	91 	91 
026181 	388 	43 	109 	108 
026182 	388 	43 	109 	108 
026183 	388 	43 	109 	108 
026184 	388 	43 	109 	108 
026185 	388 	43 	109 	108 
026186 	388 	43 	109 	108 
026187 	388 	43 	109 	108 
026188 	388 	43 	109 	108 
026189 	388 	43 	109 	108 
026190 	388 	43 	109 	108 
026191 	388 	43 	109 	108 
026192 	388 	43 	109 	108 
026193 	388 	43 	109 	108 
026194 	388 	43 	109 	108 
026195 	388 	43 	109 	108 
026196 	403 	55 	91 	91 
026197 	400 	43 	109 	108 
026198 	400 	43 	109 	108 
026199 	400 	43 	109 	108 
026200 	400 	43 	109 	108 
026201 	400 	43 	109 	108 
026202 	403 	55 	91 	91 
026203 	403 	55 	91 	91 
026204 	403 	55 	91 	91 
026205 	403 	55 	91 	91 
026206 	403 	55 	91 	91 
026207 	388 	43 	109 	108 
026208 	388 	43 	109 	108 
026209 	388 	43 	109 	108 
026210 	388 	43 	109 	108 
026211 	388 	43 	109 	108 
026212 	393 	55 	91 	91 
