Identity  : 	id10289
Reference : 	GIhCMsZrHF0
Offset    : 	-3
FV Conf   : 	22.066
ASD Conf  : 	7.618

FRAME 	X 	Y 	W 	H 
000963 	223 	94 	130 	130 
000964 	223 	94 	130 	130 
000965 	223 	80 	130 	130 
000966 	216 	62 	156 	155 
000967 	199 	62 	155 	155 
000968 	199 	62 	155 	155 
000969 	199 	62 	155 	155 
000970 	199 	62 	155 	155 
000971 	199 	62 	155 	155 
000972 	216 	62 	156 	155 
000973 	223 	80 	130 	130 
000974 	216 	62 	156 	155 
000975 	216 	62 	156 	155 
000976 	216 	62 	156 	155 
000977 	216 	62 	156 	155 
000978 	216 	62 	156 	155 
000979 	199 	62 	155 	155 
000980 	199 	62 	155 	155 
000981 	216 	44 	156 	156 
000982 	216 	44 	156 	156 
000983 	216 	44 	156 	156 
000984 	216 	44 	156 	156 
000985 	216 	44 	156 	156 
000986 	216 	44 	156 	156 
000987 	216 	44 	156 	156 
000988 	216 	44 	156 	156 
000989 	216 	44 	156 	156 
000990 	216 	44 	156 	156 
000991 	216 	44 	156 	156 
000992 	216 	44 	156 	156 
000993 	216 	44 	156 	156 
000994 	216 	44 	156 	156 
000995 	216 	44 	156 	156 
000996 	199 	44 	155 	156 
000997 	199 	44 	155 	156 
000998 	199 	44 	155 	156 
000999 	199 	44 	155 	156 
001000 	199 	44 	155 	156 
001001 	199 	44 	155 	156 
001002 	199 	44 	155 	156 
001003 	199 	44 	155 	156 
001004 	199 	44 	155 	156 
001005 	216 	44 	156 	156 
001006 	216 	44 	156 	156 
001007 	216 	44 	156 	156 
001008 	233 	44 	156 	156 
001009 	233 	44 	156 	156 
001010 	239 	33 	186 	187 
001011 	228 	33 	186 	187 
001012 	218 	33 	187 	187 
001013 	233 	62 	156 	155 
001014 	218 	53 	187 	187 
001015 	218 	53 	187 	187 
001016 	218 	53 	187 	187 
001017 	218 	53 	187 	187 
001018 	218 	53 	187 	187 
001019 	233 	79 	156 	156 
001020 	233 	79 	156 	156 
001021 	216 	79 	156 	156 
001022 	233 	79 	156 	156 
001023 	216 	79 	156 	156 
001024 	216 	62 	156 	155 
001025 	216 	62 	156 	155 
001026 	216 	44 	156 	156 
001027 	199 	44 	155 	156 
001028 	199 	44 	155 	156 
001029 	199 	44 	155 	156 
001030 	199 	44 	155 	156 
001031 	199 	44 	155 	156 
001032 	199 	44 	155 	156 
001033 	199 	44 	155 	156 
001034 	216 	44 	156 	156 
001035 	216 	44 	156 	156 
001036 	216 	44 	156 	156 
001037 	216 	44 	156 	156 
001038 	216 	44 	156 	156 
001039 	216 	62 	156 	155 
001040 	216 	62 	156 	155 
001041 	216 	62 	156 	155 
001042 	216 	62 	156 	155 
001043 	216 	62 	156 	155 
001044 	216 	62 	156 	155 
001045 	216 	62 	156 	155 
001046 	216 	62 	156 	155 
001047 	216 	62 	156 	155 
001048 	199 	79 	155 	156 
001049 	199 	79 	155 	156 
001050 	216 	79 	156 	156 
001051 	216 	79 	156 	156 
001052 	216 	79 	156 	156 
001053 	216 	79 	156 	156 
001054 	216 	79 	156 	156 
001055 	216 	96 	156 	156 
001056 	216 	96 	156 	156 
001057 	216 	96 	156 	156 
001058 	216 	96 	156 	156 
001059 	216 	79 	156 	156 
001060 	216 	79 	156 	156 
001061 	216 	79 	156 	156 
001062 	216 	79 	156 	156 
001063 	233 	79 	156 	156 
001064 	233 	79 	156 	156 
001065 	233 	79 	156 	156 
001066 	233 	79 	156 	156 
001067 	233 	79 	156 	156 
001068 	233 	79 	156 	156 
001069 	233 	79 	156 	156 
001070 	216 	79 	156 	156 
001071 	215 	79 	157 	157 
001072 	215 	78 	157 	157 
001073 	214 	78 	158 	158 
001074 	213 	77 	158 	158 
001075 	212 	77 	159 	159 
001076 	212 	76 	159 	159 
001077 	211 	76 	160 	160 
001078 	210 	75 	161 	161 
001079 	210 	75 	161 	161 
001080 	209 	74 	162 	162 
001081 	208 	74 	162 	162 
001082 	207 	73 	163 	163 
001083 	207 	73 	163 	163 
001084 	206 	72 	164 	164 
001085 	205 	72 	165 	165 
001086 	204 	71 	165 	165 
001087 	204 	71 	166 	166 
001088 	203 	70 	166 	166 
001089 	202 	70 	167 	167 
001090 	202 	69 	167 	167 
001091 	201 	69 	168 	168 
001092 	200 	68 	169 	169 
001093 	199 	68 	169 	169 
001094 	199 	67 	170 	170 
001095 	198 	67 	170 	170 
001096 	197 	66 	171 	171 
