Identity  : 	id10289
Reference : 	GIhCMsZrHF0
Offset    : 	-3
FV Conf   : 	24.731
ASD Conf  : 	6.951

FRAME 	X 	Y 	W 	H 
000741 	147 	44 	156 	156 
000742 	147 	44 	156 	156 
000743 	147 	44 	156 	156 
000744 	164 	44 	156 	156 
000745 	164 	44 	156 	156 
000746 	164 	44 	156 	156 
000747 	164 	44 	156 	156 
000748 	181 	44 	156 	156 
000749 	181 	44 	156 	156 
000750 	181 	44 	156 	156 
000751 	181 	44 	156 	156 
000752 	181 	44 	156 	156 
000753 	199 	62 	155 	155 
000754 	199 	62 	155 	155 
000755 	199 	62 	155 	155 
000756 	199 	62 	155 	155 
000757 	199 	62 	155 	155 
000758 	199 	62 	155 	155 
000759 	199 	62 	155 	155 
000760 	199 	62 	155 	155 
000761 	199 	62 	155 	155 
000762 	199 	62 	155 	155 
000763 	177 	33 	187 	187 
000764 	177 	33 	187 	187 
000765 	181 	44 	156 	156 
000766 	181 	44 	156 	156 
000767 	181 	44 	156 	156 
000768 	181 	44 	156 	156 
000769 	181 	44 	156 	156 
000770 	181 	44 	156 	156 
000771 	181 	44 	156 	156 
000772 	181 	27 	156 	156 
000773 	181 	27 	156 	156 
000774 	181 	27 	156 	156 
000775 	181 	27 	156 	156 
000776 	181 	27 	156 	156 
000777 	181 	27 	156 	156 
000778 	181 	27 	156 	156 
000779 	181 	27 	156 	156 
000780 	181 	27 	156 	156 
000781 	164 	27 	156 	156 
000782 	164 	27 	156 	156 
000783 	164 	44 	156 	156 
000784 	164 	44 	156 	156 
000785 	156 	33 	187 	187 
000786 	164 	44 	156 	156 
000787 	164 	44 	156 	156 
000788 	156 	33 	187 	187 
000789 	164 	62 	156 	155 
000790 	164 	62 	156 	155 
000791 	164 	62 	156 	155 
000792 	164 	62 	156 	155 
000793 	164 	62 	156 	155 
000794 	164 	62 	156 	155 
000795 	164 	62 	156 	155 
000796 	164 	62 	156 	155 
000797 	164 	62 	156 	155 
000798 	164 	44 	156 	156 
000799 	164 	44 	156 	156 
000800 	164 	27 	156 	156 
000801 	164 	27 	156 	156 
000802 	164 	27 	156 	156 
000803 	164 	27 	156 	156 
000804 	164 	27 	156 	156 
000805 	164 	27 	156 	156 
000806 	156 	12 	187 	187 
000807 	181 	27 	156 	156 
000808 	181 	27 	156 	156 
000809 	181 	27 	156 	156 
000810 	181 	27 	156 	156 
000811 	181 	27 	156 	156 
000812 	181 	27 	156 	156 
000813 	181 	27 	156 	156 
000814 	181 	27 	156 	156 
000815 	181 	27 	156 	156 
000816 	181 	44 	156 	156 
000817 	181 	44 	156 	156 
000818 	181 	44 	156 	156 
000819 	181 	44 	156 	156 
000820 	181 	44 	156 	156 
000821 	181 	44 	156 	156 
000822 	181 	44 	156 	156 
000823 	181 	44 	156 	156 
000824 	181 	44 	156 	156 
000825 	181 	44 	156 	156 
000826 	181 	44 	156 	156 
000827 	181 	44 	156 	156 
000828 	181 	44 	156 	156 
000829 	181 	44 	156 	156 
000830 	181 	44 	156 	156 
000831 	181 	44 	156 	156 
000832 	177 	33 	187 	187 
000833 	177 	33 	187 	187 
000834 	181 	62 	156 	155 
000835 	181 	62 	156 	155 
000836 	177 	53 	187 	187 
000837 	199 	62 	155 	155 
000838 	181 	62 	156 	155 
000839 	181 	62 	156 	155 
000840 	181 	62 	156 	155 
000841 	177 	33 	187 	187 
000842 	177 	33 	187 	187 
000843 	177 	33 	187 	187 
000844 	177 	33 	187 	187 
000845 	177 	33 	187 	187 
000846 	177 	33 	187 	187 
000847 	177 	33 	187 	187 
000848 	177 	33 	187 	187 
000849 	199 	44 	155 	156 
000850 	177 	33 	187 	187 
000851 	177 	33 	187 	187 
000852 	181 	44 	156 	156 
000853 	181 	44 	156 	156 
000854 	181 	44 	156 	156 
000855 	181 	44 	156 	156 
000856 	181 	44 	156 	156 
000857 	177 	33 	187 	187 
000858 	199 	44 	155 	156 
000859 	177 	33 	187 	187 
000860 	177 	33 	187 	187 
000861 	181 	44 	156 	156 
000862 	181 	44 	156 	156 
000863 	156 	33 	187 	187 
000864 	156 	33 	187 	187 
000865 	156 	33 	187 	187 
000866 	156 	33 	187 	187 
000867 	164 	44 	156 	156 
000868 	164 	44 	156 	156 
000869 	164 	44 	156 	156 
000870 	164 	44 	156 	156 
000871 	164 	44 	156 	156 
000872 	156 	12 	187 	187 
000873 	181 	27 	156 	156 
000874 	177 	12 	187 	187 
000875 	199 	27 	155 	156 
000876 	181 	27 	156 	156 
000877 	181 	44 	156 	156 
000878 	164 	27 	156 	156 
000879 	164 	27 	156 	156 
000880 	164 	27 	156 	156 
000881 	147 	27 	156 	156 
000882 	147 	27 	156 	156 
000883 	147 	27 	156 	156 
000884 	147 	27 	156 	156 
000885 	164 	27 	156 	156 
000886 	164 	27 	156 	156 
000887 	156 	33 	187 	187 
000888 	181 	44 	156 	156 
000889 	181 	62 	156 	155 
000890 	181 	62 	156 	155 
000891 	199 	62 	155 	155 
000892 	199 	62 	155 	155 
000893 	199 	62 	155 	155 
000894 	199 	62 	155 	155 
000895 	199 	62 	155 	155 
000896 	181 	62 	156 	155 
000897 	181 	62 	156 	155 
000898 	181 	44 	156 	156 
000899 	181 	44 	156 	156 
000900 	156 	33 	187 	187 
000901 	156 	33 	187 	187 
000902 	164 	44 	156 	156 
000903 	164 	44 	156 	156 
000904 	164 	44 	156 	156 
000905 	164 	44 	156 	156 
000906 	164 	44 	156 	156 
000907 	164 	44 	156 	156 
000908 	164 	44 	156 	156 
000909 	164 	62 	156 	155 
000910 	164 	62 	156 	155 
000911 	164 	62 	156 	155 
000912 	164 	62 	156 	155 
000913 	164 	62 	156 	155 
