Identity  : 	id10304
Reference : 	CN6JpPYbHCQ
Offset    : 	-1
FV Conf   : 	18.498
ASD Conf  : 	6.020

FRAME 	X 	Y 	W 	H 
001213 	285 	79 	155 	156 
001214 	280 	53 	187 	187 
001215 	280 	53 	187 	187 
001216 	302 	96 	156 	156 
001217 	302 	96 	156 	156 
001218 	302 	96 	156 	156 
001219 	302 	79 	156 	156 
001220 	302 	79 	156 	156 
001221 	280 	53 	187 	187 
001222 	302 	79 	156 	156 
001223 	302 	79 	156 	156 
001224 	302 	79 	156 	156 
001225 	302 	79 	156 	156 
001226 	302 	79 	156 	156 
001227 	302 	79 	156 	156 
001228 	302 	79 	156 	156 
001229 	302 	79 	156 	156 
001230 	280 	53 	187 	187 
001231 	280 	53 	187 	187 
001232 	302 	79 	156 	156 
001233 	285 	79 	155 	156 
001234 	285 	79 	155 	156 
001235 	285 	79 	155 	156 
001236 	285 	79 	155 	156 
001237 	285 	79 	155 	156 
001238 	285 	79 	155 	156 
001239 	285 	79 	155 	156 
001240 	285 	79 	155 	156 
001241 	285 	79 	155 	156 
001242 	285 	79 	155 	156 
001243 	285 	79 	155 	156 
001244 	285 	79 	155 	156 
001245 	285 	79 	155 	156 
001246 	285 	79 	155 	156 
001247 	285 	79 	155 	156 
001248 	285 	79 	155 	156 
001249 	285 	79 	155 	156 
001250 	285 	79 	155 	156 
001251 	285 	79 	155 	156 
001252 	285 	79 	155 	156 
001253 	285 	79 	155 	156 
001254 	285 	79 	155 	156 
001255 	285 	79 	155 	156 
001256 	285 	79 	155 	156 
001257 	285 	79 	155 	156 
001258 	285 	79 	155 	156 
001259 	285 	79 	155 	156 
001260 	285 	79 	155 	156 
001261 	285 	79 	155 	156 
001262 	285 	79 	155 	156 
001263 	280 	74 	187 	187 
001264 	302 	96 	156 	156 
001265 	302 	96 	156 	156 
001266 	302 	96 	156 	156 
001267 	302 	96 	156 	156 
001268 	319 	96 	156 	156 
001269 	319 	96 	156 	156 
001270 	319 	96 	156 	156 
001271 	319 	96 	156 	156 
001272 	319 	96 	156 	156 
001273 	319 	79 	156 	156 
001274 	319 	79 	156 	156 
001275 	319 	79 	156 	156 
001276 	319 	79 	156 	156 
001277 	319 	79 	156 	156 
001278 	319 	79 	156 	156 
001279 	319 	79 	156 	156 
001280 	319 	79 	156 	156 
001281 	319 	79 	156 	156 
001282 	319 	79 	156 	156 
001283 	319 	79 	156 	156 
001284 	319 	79 	156 	156 
001285 	319 	79 	156 	156 
001286 	319 	79 	156 	156 
001287 	319 	79 	156 	156 
001288 	319 	96 	156 	156 
001289 	319 	96 	156 	156 
001290 	302 	96 	156 	156 
001291 	302 	96 	156 	156 
001292 	302 	96 	156 	156 
001293 	285 	79 	155 	156 
001294 	285 	79 	155 	156 
001295 	285 	79 	155 	156 
001296 	259 	53 	187 	187 
001297 	267 	79 	156 	156 
001298 	267 	79 	156 	156 
001299 	267 	79 	156 	156 
001300 	267 	79 	156 	156 
001301 	267 	79 	156 	156 
001302 	267 	79 	156 	156 
001303 	267 	79 	156 	156 
001304 	267 	79 	156 	156 
001305 	267 	79 	156 	156 
001306 	267 	79 	156 	156 
001307 	267 	79 	156 	156 
001308 	267 	79 	156 	156 
001309 	267 	79 	156 	156 
001310 	267 	79 	156 	156 
001311 	267 	79 	156 	156 
001312 	267 	79 	156 	156 
001313 	267 	79 	156 	156 
001314 	259 	53 	187 	187 
001315 	259 	53 	187 	187 
001316 	285 	79 	155 	156 
001317 	285 	79 	155 	156 
001318 	285 	79 	155 	156 
001319 	285 	79 	155 	156 
001320 	285 	79 	155 	156 
001321 	285 	79 	155 	156 
001322 	285 	79 	155 	156 
001323 	285 	79 	155 	156 
001324 	285 	79 	155 	156 
001325 	285 	79 	155 	156 
001326 	285 	79 	155 	156 
001327 	285 	79 	155 	156 
001328 	267 	79 	156 	156 
001329 	267 	79 	156 	156 
001330 	267 	79 	156 	156 
001331 	267 	79 	156 	156 
001332 	267 	79 	156 	156 
001333 	267 	79 	156 	156 
001334 	267 	79 	156 	156 
001335 	267 	79 	156 	156 
001336 	267 	79 	156 	156 
001337 	267 	79 	156 	156 
001338 	267 	79 	156 	156 
001339 	267 	79 	156 	156 
001340 	267 	79 	156 	156 
001341 	267 	79 	156 	156 
001342 	267 	79 	156 	156 
001343 	267 	79 	156 	156 
001344 	267 	79 	156 	156 
001345 	267 	79 	156 	156 
001346 	267 	79 	156 	156 
001347 	267 	79 	156 	156 
001348 	267 	79 	156 	156 
001349 	267 	79 	156 	156 
001350 	267 	79 	156 	156 
001351 	267 	79 	156 	156 
001352 	267 	79 	156 	156 
001353 	267 	79 	156 	156 
001354 	267 	79 	156 	156 
001355 	267 	79 	156 	156 
001356 	267 	79 	156 	156 
001357 	267 	79 	156 	156 
001358 	267 	79 	156 	156 
001359 	267 	79 	156 	156 
001360 	267 	79 	156 	156 
001361 	267 	79 	156 	156 
001362 	267 	79 	156 	156 
001363 	267 	79 	156 	156 
001364 	267 	79 	156 	156 
001365 	267 	79 	156 	156 
001366 	267 	79 	156 	156 
001367 	267 	79 	156 	156 
001368 	267 	79 	156 	156 
001369 	267 	79 	156 	156 
001370 	267 	79 	156 	156 
001371 	267 	79 	156 	156 
001372 	267 	79 	156 	156 
001373 	267 	79 	156 	156 
001374 	267 	79 	156 	156 
001375 	267 	79 	156 	156 
001376 	267 	79 	156 	156 
001377 	250 	96 	156 	156 
001378 	239 	74 	186 	187 
001379 	267 	79 	156 	156 
001380 	239 	74 	186 	187 
001381 	250 	96 	156 	156 
001382 	250 	96 	156 	156 
001383 	250 	96 	156 	156 
001384 	250 	96 	156 	156 
001385 	250 	96 	156 	156 
001386 	250 	96 	156 	156 
001387 	250 	96 	156 	156 
001388 	250 	96 	156 	156 
001389 	250 	96 	156 	156 
001390 	250 	96 	156 	156 
001391 	250 	96 	156 	156 
001392 	250 	96 	156 	156 
