Identity  : 	id10304
Reference : 	CN6JpPYbHCQ
Offset    : 	-1
FV Conf   : 	20.460
ASD Conf  : 	5.454

FRAME 	X 	Y 	W 	H 
001724 	280 	74 	187 	187 
001725 	302 	96 	156 	156 
001726 	302 	96 	156 	156 
001727 	302 	113 	156 	156 
001728 	301 	95 	186 	186 
001729 	301 	95 	186 	186 
001730 	301 	115 	186 	187 
001731 	301 	115 	186 	187 
001732 	301 	115 	186 	187 
001733 	301 	115 	186 	187 
001734 	299 	112 	186 	187 
001735 	298 	109 	186 	187 
001736 	296 	106 	186 	187 
001737 	295 	102 	186 	187 
001738 	293 	99 	186 	187 
001739 	291 	96 	186 	187 
001740 	290 	93 	187 	187 
001741 	288 	90 	187 	187 
001742 	286 	87 	187 	187 
001743 	285 	83 	187 	187 
001744 	283 	80 	187 	187 
001745 	282 	77 	187 	187 
001746 	280 	74 	187 	187 
001747 	280 	74 	187 	187 
001748 	278 	76 	187 	187 
001749 	276 	78 	187 	187 
001750 	274 	80 	187 	187 
001751 	272 	82 	187 	187 
001752 	270 	84 	187 	186 
001753 	267 	87 	187 	186 
001754 	265 	89 	187 	186 
001755 	263 	91 	187 	186 
001756 	261 	93 	187 	186 
001757 	259 	95 	187 	186 
001758 	259 	95 	187 	186 
001759 	259 	84 	187 	186 
001760 	259 	74 	187 	187 
001761 	259 	74 	187 	187 
001762 	259 	74 	187 	187 
001763 	259 	74 	187 	187 
001764 	259 	84 	187 	186 
001765 	259 	95 	187 	186 
001766 	259 	95 	187 	186 
001767 	259 	95 	187 	186 
001768 	259 	95 	187 	186 
001769 	259 	74 	187 	187 
001770 	259 	74 	187 	187 
001771 	259 	95 	187 	186 
001772 	259 	95 	187 	186 
001773 	259 	95 	187 	186 
001774 	259 	95 	187 	186 
001775 	259 	95 	187 	186 
001776 	259 	95 	187 	186 
001777 	259 	95 	187 	186 
001778 	259 	95 	187 	186 
001779 	259 	74 	187 	187 
001780 	259 	74 	187 	187 
001781 	259 	74 	187 	187 
001782 	259 	74 	187 	187 
001783 	259 	74 	187 	187 
001784 	259 	74 	187 	187 
001785 	267 	113 	156 	156 
001786 	259 	95 	187 	186 
001787 	259 	95 	187 	186 
001788 	259 	95 	187 	186 
001789 	259 	95 	187 	186 
001790 	259 	95 	187 	186 
001791 	259 	95 	187 	186 
001792 	259 	95 	187 	186 
001793 	267 	113 	156 	156 
001794 	267 	113 	156 	156 
001795 	267 	113 	156 	156 
001796 	267 	113 	156 	156 
001797 	267 	113 	156 	156 
001798 	267 	113 	156 	156 
001799 	267 	113 	156 	156 
001800 	267 	113 	156 	156 
001801 	267 	113 	156 	156 
001802 	267 	113 	156 	156 
001803 	267 	113 	156 	156 
001804 	267 	113 	156 	156 
001805 	267 	113 	156 	156 
001806 	267 	113 	156 	156 
001807 	267 	113 	156 	156 
001808 	267 	113 	156 	156 
001809 	267 	113 	156 	156 
001810 	267 	113 	156 	156 
001811 	267 	113 	156 	156 
001812 	267 	113 	156 	156 
001813 	267 	113 	156 	156 
001814 	267 	113 	156 	156 
001815 	267 	113 	156 	156 
001816 	267 	113 	156 	156 
001817 	267 	113 	156 	156 
001818 	267 	113 	156 	156 
001819 	267 	113 	156 	156 
001820 	267 	113 	156 	156 
001821 	267 	113 	156 	156 
001822 	267 	113 	156 	156 
001823 	267 	113 	156 	156 
001824 	267 	113 	156 	156 
001825 	239 	95 	186 	186 
001826 	239 	95 	186 	186 
001827 	239 	95 	186 	186 
001828 	239 	95 	186 	186 
001829 	239 	95 	186 	186 
001830 	239 	95 	186 	186 
001831 	239 	95 	186 	186 
