Identity  : 	id10291
Reference : 	oa10caYOOzk
Offset    : 	-2
FV Conf   : 	16.271
ASD Conf  : 	7.957

FRAME 	X 	Y 	W 	H 
000789 	218 	95 	187 	186 
000790 	218 	95 	187 	186 
000791 	218 	95 	187 	186 
000792 	218 	95 	187 	186 
000793 	218 	95 	187 	186 
000794 	218 	95 	187 	186 
000795 	218 	95 	187 	186 
000796 	218 	95 	187 	186 
000797 	218 	95 	187 	186 
000798 	218 	95 	187 	186 
000799 	218 	95 	187 	186 
000800 	218 	95 	187 	186 
000801 	218 	95 	187 	186 
000802 	218 	95 	187 	186 
000803 	218 	95 	187 	186 
000804 	218 	95 	187 	186 
000805 	218 	95 	187 	186 
000806 	218 	95 	187 	186 
000807 	218 	95 	187 	186 
000808 	218 	95 	187 	186 
000809 	218 	95 	187 	186 
000810 	218 	95 	187 	186 
000811 	218 	95 	187 	186 
000812 	218 	95 	187 	186 
000813 	218 	95 	187 	186 
000814 	218 	95 	187 	186 
000815 	218 	95 	187 	186 
000816 	218 	95 	187 	186 
000817 	218 	95 	187 	186 
000818 	218 	95 	187 	186 
000819 	218 	95 	187 	186 
000820 	218 	95 	187 	186 
000821 	218 	95 	187 	186 
000822 	218 	95 	187 	186 
000823 	218 	95 	187 	186 
000824 	218 	95 	187 	186 
000825 	218 	95 	187 	186 
000826 	218 	95 	187 	186 
000827 	218 	95 	187 	186 
000828 	218 	95 	187 	186 
000829 	218 	95 	187 	186 
000830 	218 	95 	187 	186 
000831 	218 	95 	187 	186 
000832 	218 	95 	187 	186 
000833 	218 	95 	187 	186 
000834 	218 	95 	187 	186 
000835 	218 	95 	187 	186 
000836 	218 	95 	187 	186 
000837 	218 	95 	187 	186 
000838 	218 	95 	187 	186 
000839 	218 	95 	187 	186 
000840 	218 	95 	187 	186 
000841 	218 	95 	187 	186 
000842 	218 	95 	187 	186 
000843 	218 	95 	187 	186 
000844 	218 	95 	187 	186 
000845 	218 	95 	187 	186 
000846 	197 	95 	187 	186 
000847 	197 	95 	187 	186 
000848 	197 	95 	187 	186 
000849 	197 	95 	187 	186 
000850 	197 	95 	187 	186 
000851 	197 	95 	187 	186 
000852 	197 	95 	187 	186 
000853 	218 	95 	187 	186 
000854 	218 	95 	187 	186 
000855 	218 	95 	187 	186 
000856 	218 	115 	187 	187 
000857 	218 	95 	187 	186 
000858 	218 	95 	187 	186 
000859 	218 	95 	187 	186 
000860 	218 	95 	187 	186 
000861 	218 	95 	187 	186 
000862 	218 	95 	187 	186 
000863 	218 	95 	187 	186 
000864 	218 	95 	187 	186 
000865 	218 	95 	187 	186 
000866 	218 	95 	187 	186 
000867 	218 	95 	187 	186 
000868 	218 	95 	187 	186 
000869 	218 	95 	187 	186 
000870 	218 	95 	187 	186 
000871 	218 	95 	187 	186 
000872 	218 	95 	187 	186 
000873 	218 	95 	187 	186 
000874 	218 	95 	187 	186 
000875 	218 	95 	187 	186 
000876 	218 	95 	187 	186 
000877 	218 	95 	187 	186 
000878 	218 	115 	187 	187 
000879 	239 	95 	186 	186 
000880 	218 	115 	187 	187 
000881 	239 	115 	186 	187 
000882 	239 	95 	186 	186 
000883 	239 	115 	186 	187 
000884 	239 	95 	186 	186 
000885 	239 	95 	186 	186 
000886 	239 	95 	186 	186 
000887 	239 	95 	186 	186 
000888 	239 	95 	186 	186 
000889 	239 	115 	186 	187 
000890 	239 	95 	186 	186 
000891 	239 	95 	186 	186 
000892 	239 	95 	186 	186 
000893 	239 	95 	186 	186 
000894 	239 	95 	186 	186 
000895 	239 	95 	186 	186 
000896 	239 	95 	186 	186 
000897 	239 	115 	186 	187 
000898 	259 	95 	187 	186 
000899 	259 	95 	187 	186 
000900 	259 	115 	187 	187 
000901 	239 	95 	186 	186 
000902 	239 	115 	186 	187 
000903 	239 	115 	186 	187 
000904 	218 	115 	187 	187 
000905 	218 	115 	187 	187 
000906 	218 	115 	187 	187 
000907 	218 	115 	187 	187 
000908 	218 	115 	187 	187 
000909 	218 	115 	187 	187 
000910 	218 	115 	187 	187 
000911 	218 	115 	187 	187 
000912 	218 	115 	187 	187 
000913 	218 	115 	187 	187 
000914 	218 	115 	187 	187 
000915 	197 	115 	187 	187 
000916 	188 	89 	224 	224 
000917 	188 	89 	224 	224 
000918 	197 	95 	187 	186 
000919 	197 	95 	187 	186 
000920 	218 	95 	187 	186 
000921 	218 	95 	187 	186 
000922 	218 	95 	187 	186 
000923 	218 	95 	187 	186 
000924 	218 	95 	187 	186 
000925 	218 	95 	187 	186 
000926 	218 	95 	187 	186 
000927 	218 	95 	187 	186 
000928 	218 	95 	187 	186 
000929 	218 	95 	187 	186 
000930 	218 	95 	187 	186 
000931 	218 	95 	187 	186 
000932 	218 	95 	187 	186 
000933 	218 	95 	187 	186 
