Identity  : 	id10281
Reference : 	o-L8P0xj3qk
Offset    : 	0
FV Conf   : 	15.451
ASD Conf  : 	6.031

FRAME 	X 	Y 	W 	H 
001937 	164 	96 	156 	156 
001938 	164 	96 	156 	156 
001939 	164 	79 	156 	156 
001940 	164 	79 	156 	156 
001941 	164 	79 	156 	156 
001942 	180 	94 	130 	130 
001943 	164 	79 	156 	156 
001944 	165 	80 	130 	130 
001945 	165 	94 	130 	130 
001946 	165 	94 	130 	130 
001947 	165 	94 	130 	130 
001948 	165 	94 	130 	130 
001949 	165 	94 	130 	130 
001950 	165 	94 	130 	130 
001951 	164 	96 	156 	156 
001952 	164 	96 	156 	156 
001953 	164 	96 	156 	156 
001954 	164 	96 	156 	156 
001955 	164 	96 	156 	156 
001956 	164 	96 	156 	156 
001957 	164 	96 	156 	156 
001958 	164 	96 	156 	156 
001959 	164 	96 	156 	156 
001960 	164 	96 	156 	156 
001961 	164 	96 	156 	156 
001962 	164 	96 	156 	156 
001963 	180 	109 	130 	130 
001964 	180 	109 	130 	130 
001965 	180 	109 	130 	130 
001966 	180 	109 	130 	130 
001967 	180 	109 	130 	130 
001968 	164 	96 	156 	156 
001969 	180 	109 	130 	130 
001970 	180 	109 	130 	130 
001971 	180 	109 	130 	130 
001972 	180 	109 	130 	130 
001973 	180 	109 	130 	130 
001974 	164 	96 	156 	156 
001975 	180 	109 	130 	130 
001976 	180 	109 	130 	130 
001977 	180 	109 	130 	130 
001978 	180 	109 	130 	130 
001979 	180 	109 	130 	130 
001980 	180 	109 	130 	130 
001981 	180 	109 	130 	130 
001982 	180 	109 	130 	130 
001983 	180 	109 	130 	130 
001984 	180 	109 	130 	130 
001985 	180 	109 	130 	130 
001986 	180 	109 	130 	130 
001987 	164 	96 	156 	156 
001988 	164 	96 	156 	156 
001989 	164 	96 	156 	156 
001990 	180 	109 	130 	130 
001991 	180 	109 	130 	130 
001992 	180 	109 	130 	130 
001993 	180 	109 	130 	130 
001994 	180 	109 	130 	130 
001995 	180 	109 	130 	130 
001996 	180 	109 	130 	130 
001997 	180 	109 	130 	130 
001998 	180 	109 	130 	130 
001999 	180 	109 	130 	130 
002000 	180 	109 	130 	130 
002001 	180 	109 	130 	130 
002002 	180 	109 	130 	130 
002003 	180 	109 	130 	130 
002004 	180 	109 	130 	130 
002005 	180 	109 	130 	130 
002006 	180 	109 	130 	130 
002007 	180 	109 	130 	130 
002008 	180 	109 	130 	130 
002009 	180 	109 	130 	130 
002010 	180 	109 	130 	130 
002011 	180 	109 	130 	130 
002012 	180 	109 	130 	130 
002013 	180 	109 	130 	130 
002014 	180 	109 	130 	130 
002015 	180 	109 	130 	130 
002016 	164 	96 	156 	156 
002017 	164 	96 	156 	156 
002018 	164 	96 	156 	156 
002019 	164 	96 	156 	156 
002020 	164 	96 	156 	156 
002021 	164 	96 	156 	156 
002022 	180 	94 	130 	130 
002023 	180 	94 	130 	130 
002024 	180 	94 	130 	130 
002025 	180 	94 	130 	130 
002026 	180 	94 	130 	130 
002027 	180 	94 	130 	130 
002028 	180 	94 	130 	130 
002029 	180 	94 	130 	130 
002030 	164 	79 	156 	156 
002031 	180 	94 	130 	130 
002032 	180 	94 	130 	130 
002033 	180 	94 	130 	130 
002034 	180 	94 	130 	130 
002035 	180 	94 	130 	130 
002036 	180 	94 	130 	130 
002037 	180 	94 	130 	130 
002038 	180 	94 	130 	130 
002039 	180 	94 	130 	130 
002040 	180 	94 	130 	130 
002041 	180 	94 	130 	130 
002042 	180 	94 	130 	130 
002043 	180 	94 	130 	130 
002044 	164 	79 	156 	156 
002045 	164 	79 	156 	156 
002046 	165 	109 	130 	130 
002047 	165 	94 	130 	130 
002048 	165 	94 	130 	130 
002049 	165 	94 	130 	130 
002050 	165 	94 	130 	130 
002051 	165 	94 	130 	130 
002052 	165 	94 	130 	130 
002053 	165 	94 	130 	130 
002054 	165 	94 	130 	130 
002055 	165 	94 	130 	130 
002056 	165 	94 	130 	130 
002057 	165 	94 	130 	130 
002058 	165 	94 	130 	130 
002059 	165 	94 	130 	130 
002060 	165 	94 	130 	130 
002061 	165 	94 	130 	130 
002062 	165 	94 	130 	130 
002063 	165 	94 	130 	130 
002064 	165 	94 	130 	130 
002065 	165 	94 	130 	130 
002066 	165 	94 	130 	130 
002067 	147 	96 	156 	156 
002068 	147 	96 	156 	156 
002069 	147 	96 	156 	156 
002070 	147 	96 	156 	156 
002071 	147 	96 	156 	156 
002072 	147 	96 	156 	156 
002073 	147 	96 	156 	156 
002074 	147 	96 	156 	156 
002075 	147 	96 	156 	156 
002076 	147 	96 	156 	156 
002077 	165 	109 	130 	130 
002078 	147 	96 	156 	156 
002079 	147 	96 	156 	156 
002080 	165 	94 	130 	130 
002081 	165 	94 	130 	130 
002082 	147 	79 	156 	156 
002083 	147 	79 	156 	156 
002084 	147 	79 	156 	156 
002085 	147 	79 	156 	156 
002086 	165 	94 	130 	130 
002087 	165 	94 	130 	130 
002088 	165 	109 	130 	130 
002089 	165 	109 	130 	130 
002090 	165 	109 	130 	130 
002091 	165 	109 	130 	130 
002092 	165 	109 	130 	130 
002093 	165 	109 	130 	130 
002094 	165 	109 	130 	130 
002095 	165 	109 	130 	130 
002096 	165 	109 	130 	130 
002097 	165 	109 	130 	130 
002098 	165 	109 	130 	130 
002099 	165 	109 	130 	130 
002100 	165 	109 	130 	130 
002101 	147 	96 	156 	156 
002102 	147 	96 	156 	156 
002103 	147 	96 	156 	156 
002104 	147 	96 	156 	156 
002105 	147 	96 	156 	156 
002106 	147 	96 	156 	156 
002107 	151 	94 	130 	130 
002108 	151 	94 	130 	130 
002109 	151 	94 	130 	130 
002110 	151 	94 	130 	130 
002111 	151 	94 	130 	130 
002112 	151 	94 	130 	130 
002113 	151 	94 	130 	130 
002114 	151 	94 	130 	130 
002115 	151 	94 	130 	130 
002116 	151 	94 	130 	130 
002117 	151 	94 	130 	130 
002118 	151 	94 	130 	130 
002119 	147 	79 	156 	156 
002120 	147 	79 	156 	156 
002121 	147 	79 	156 	156 
002122 	147 	79 	156 	156 
002123 	147 	79 	156 	156 
002124 	147 	79 	156 	156 
002125 	147 	79 	156 	156 
002126 	147 	79 	156 	156 
002127 	147 	79 	156 	156 
002128 	147 	79 	156 	156 
002129 	147 	79 	156 	156 
002130 	147 	79 	156 	156 
002131 	147 	79 	156 	156 
002132 	147 	79 	156 	156 
002133 	147 	79 	156 	156 
002134 	147 	79 	156 	156 
002135 	147 	79 	156 	156 
002136 	147 	79 	156 	156 
002137 	147 	79 	156 	156 
002138 	147 	79 	156 	156 
002139 	165 	94 	130 	130 
