Identity  : 	id10306
Reference : 	ST2JZXcyYkE
Offset    : 	-2
FV Conf   : 	16.739
ASD Conf  : 	7.927

FRAME 	X 	Y 	W 	H 
006219 	369 	79 	76 	76 
006220 	369 	79 	76 	76 
006221 	376 	87 	64 	63 
006222 	369 	79 	76 	76 
006223 	369 	79 	76 	76 
006224 	369 	79 	76 	76 
006225 	369 	79 	76 	76 
006226 	369 	79 	76 	76 
006227 	369 	79 	76 	76 
006228 	369 	79 	76 	76 
006229 	369 	79 	76 	76 
006230 	369 	79 	76 	76 
006231 	369 	79 	76 	76 
006232 	377 	79 	76 	76 
006233 	377 	79 	76 	76 
006234 	377 	79 	76 	76 
006235 	373 	65 	91 	91 
006236 	385 	71 	76 	75 
006237 	385 	71 	76 	75 
006238 	383 	65 	91 	91 
006239 	394 	71 	75 	75 
006240 	394 	71 	75 	75 
006241 	394 	71 	75 	75 
006242 	393 	65 	91 	91 
006243 	410 	79 	76 	76 
006244 	419 	71 	75 	75 
006245 	419 	71 	75 	75 
006246 	419 	71 	75 	75 
006247 	419 	71 	75 	75 
006248 	419 	71 	75 	75 
006249 	419 	71 	75 	75 
006250 	419 	71 	75 	75 
006251 	419 	71 	75 	75 
006252 	419 	71 	75 	75 
006253 	419 	71 	75 	75 
006254 	419 	71 	75 	75 
006255 	419 	71 	75 	75 
006256 	419 	71 	75 	75 
006257 	419 	71 	75 	75 
006258 	419 	71 	75 	75 
006259 	419 	71 	75 	75 
006260 	419 	71 	75 	75 
006261 	419 	79 	75 	76 
006262 	419 	79 	75 	76 
006263 	419 	79 	75 	76 
006264 	419 	79 	75 	76 
006265 	419 	79 	75 	76 
006266 	419 	79 	75 	76 
006267 	419 	79 	75 	76 
006268 	419 	79 	75 	76 
006269 	419 	79 	75 	76 
006270 	419 	79 	75 	76 
006271 	419 	79 	75 	76 
006272 	419 	79 	75 	76 
006273 	410 	79 	76 	76 
006274 	410 	79 	76 	76 
006275 	410 	79 	76 	76 
006276 	410 	79 	76 	76 
006277 	410 	79 	76 	76 
006278 	410 	79 	76 	76 
006279 	410 	79 	76 	76 
006280 	419 	79 	75 	76 
006281 	419 	79 	75 	76 
006282 	419 	79 	75 	76 
006283 	419 	79 	75 	76 
006284 	419 	79 	75 	76 
006285 	419 	79 	75 	76 
006286 	419 	79 	75 	76 
006287 	419 	79 	75 	76 
006288 	419 	79 	75 	76 
006289 	419 	79 	75 	76 
006290 	419 	79 	75 	76 
006291 	419 	79 	75 	76 
006292 	419 	79 	75 	76 
006293 	419 	79 	75 	76 
006294 	419 	79 	75 	76 
006295 	419 	79 	75 	76 
006296 	419 	79 	75 	76 
006297 	419 	79 	75 	76 
006298 	419 	79 	75 	76 
006299 	419 	79 	75 	76 
006300 	419 	79 	75 	76 
006301 	419 	79 	75 	76 
006302 	427 	79 	76 	76 
006303 	427 	79 	76 	76 
006304 	427 	79 	76 	76 
006305 	427 	79 	76 	76 
006306 	427 	79 	76 	76 
006307 	427 	79 	76 	76 
006308 	427 	79 	76 	76 
006309 	427 	79 	76 	76 
006310 	427 	79 	76 	76 
006311 	427 	79 	76 	76 
006312 	427 	79 	76 	76 
006313 	427 	79 	76 	76 
006314 	427 	79 	76 	76 
006315 	427 	79 	76 	76 
006316 	427 	79 	76 	76 
006317 	427 	79 	76 	76 
006318 	427 	79 	76 	76 
006319 	427 	79 	76 	76 
006320 	427 	79 	76 	76 
006321 	427 	79 	76 	76 
006322 	427 	79 	76 	76 
006323 	427 	79 	76 	76 
006324 	427 	79 	76 	76 
006325 	427 	79 	76 	76 
006326 	427 	79 	76 	76 
006327 	427 	79 	76 	76 
006328 	427 	79 	76 	76 
006329 	427 	79 	76 	76 
006330 	427 	79 	76 	76 
006331 	427 	79 	76 	76 
006332 	427 	79 	76 	76 
006333 	427 	79 	76 	76 
006334 	427 	79 	76 	76 
006335 	419 	79 	75 	76 
006336 	419 	79 	75 	76 
006337 	419 	79 	75 	76 
006338 	419 	79 	75 	76 
006339 	419 	79 	75 	76 
006340 	419 	79 	75 	76 
006341 	419 	79 	75 	76 
006342 	419 	79 	75 	76 
006343 	419 	79 	75 	76 
006344 	419 	79 	75 	76 
006345 	419 	79 	75 	76 
006346 	419 	79 	75 	76 
006347 	419 	79 	75 	76 
006348 	419 	79 	75 	76 
006349 	419 	79 	75 	76 
006350 	419 	79 	75 	76 
006351 	419 	79 	75 	76 
006352 	419 	79 	75 	76 
006353 	410 	79 	76 	76 
006354 	410 	79 	76 	76 
006355 	410 	79 	76 	76 
006356 	410 	79 	76 	76 
006357 	402 	79 	76 	76 
006358 	402 	79 	76 	76 
006359 	402 	79 	76 	76 
006360 	402 	79 	76 	76 
006361 	394 	79 	75 	76 
006362 	394 	79 	75 	76 
006363 	394 	79 	75 	76 
006364 	394 	79 	75 	76 
006365 	394 	79 	75 	76 
006366 	394 	79 	75 	76 
006367 	383 	75 	91 	91 
006368 	383 	75 	91 	91 
006369 	394 	87 	75 	76 
006370 	393 	86 	76 	77 
006371 	392 	85 	76 	77 
006372 	391 	84 	77 	78 
006373 	390 	83 	78 	78 
006374 	390 	82 	78 	79 
006375 	389 	82 	79 	80 
006376 	388 	81 	80 	80 
006377 	387 	80 	80 	81 
006378 	386 	79 	81 	82 
006379 	385 	78 	82 	82 
006380 	384 	77 	82 	83 
006381 	384 	76 	83 	84 
006382 	383 	75 	84 	84 
006383 	382 	74 	84 	85 
006384 	381 	73 	85 	85 
006385 	380 	72 	86 	86 
006386 	379 	71 	86 	87 
006387 	378 	70 	87 	87 
006388 	377 	70 	88 	88 
006389 	376 	69 	88 	89 
006390 	376 	68 	89 	89 
006391 	375 	67 	90 	90 
006392 	374 	66 	90 	90 
006393 	373 	65 	91 	91 
006394 	373 	65 	91 	91 
006395 	373 	65 	91 	91 
006396 	373 	65 	91 	91 
006397 	373 	65 	91 	91 
006398 	373 	65 	91 	91 
006399 	373 	65 	91 	91 
