Identity  : 	id10306
Reference : 	ST2JZXcyYkE
Offset    : 	-2
FV Conf   : 	15.721
ASD Conf  : 	6.649

FRAME 	X 	Y 	W 	H 
009248 	393 	75 	91 	91 
009249 	402 	79 	76 	76 
009250 	393 	75 	91 	91 
009251 	393 	75 	91 	91 
009252 	393 	75 	91 	91 
009253 	393 	75 	91 	91 
009254 	393 	75 	91 	91 
009255 	393 	75 	91 	91 
009256 	393 	75 	91 	91 
009257 	393 	75 	91 	91 
009258 	393 	75 	91 	91 
009259 	393 	75 	91 	91 
009260 	404 	93 	63 	64 
009261 	404 	93 	63 	64 
009262 	404 	93 	63 	64 
009263 	404 	93 	63 	64 
009264 	404 	87 	63 	63 
009265 	393 	75 	91 	91 
009266 	404 	93 	63 	64 
009267 	404 	93 	63 	64 
009268 	393 	75 	91 	91 
009269 	393 	75 	91 	91 
009270 	402 	87 	76 	76 
009271 	393 	75 	91 	91 
009272 	393 	75 	91 	91 
009273 	393 	75 	91 	91 
009274 	404 	93 	63 	64 
009275 	404 	93 	63 	64 
009276 	404 	93 	63 	64 
009277 	404 	93 	63 	64 
009278 	404 	93 	63 	64 
009279 	404 	93 	63 	64 
009280 	404 	93 	63 	64 
009281 	398 	84 	77 	78 
009282 	393 	75 	91 	91 
009283 	393 	75 	91 	91 
009284 	393 	75 	91 	91 
009285 	393 	75 	91 	91 
009286 	393 	75 	91 	91 
009287 	404 	93 	63 	64 
009288 	394 	87 	75 	76 
009289 	394 	87 	75 	76 
009290 	394 	87 	75 	76 
009291 	394 	87 	75 	76 
009292 	394 	87 	75 	76 
009293 	394 	79 	75 	76 
009294 	394 	87 	75 	76 
009295 	394 	87 	75 	76 
009296 	394 	79 	75 	76 
009297 	394 	79 	75 	76 
009298 	394 	87 	75 	76 
009299 	394 	87 	75 	76 
009300 	394 	87 	75 	76 
009301 	394 	87 	75 	76 
009302 	394 	87 	75 	76 
009303 	394 	87 	75 	76 
009304 	394 	87 	75 	76 
009305 	394 	87 	75 	76 
009306 	394 	87 	75 	76 
009307 	394 	87 	75 	76 
009308 	394 	87 	75 	76 
009309 	394 	87 	75 	76 
009310 	394 	87 	75 	76 
009311 	394 	87 	75 	76 
009312 	394 	87 	75 	76 
009313 	394 	87 	75 	76 
009314 	394 	87 	75 	76 
009315 	394 	87 	75 	76 
009316 	394 	87 	75 	76 
009317 	394 	87 	75 	76 
009318 	394 	87 	75 	76 
009319 	394 	87 	75 	76 
009320 	394 	87 	75 	76 
009321 	394 	87 	75 	76 
009322 	394 	87 	75 	76 
009323 	394 	87 	75 	76 
009324 	394 	87 	75 	76 
009325 	394 	87 	75 	76 
009326 	394 	87 	75 	76 
009327 	394 	87 	75 	76 
009328 	394 	87 	75 	76 
009329 	394 	87 	75 	76 
009330 	383 	75 	91 	91 
009331 	383 	75 	91 	91 
009332 	394 	87 	75 	76 
009333 	383 	75 	91 	91 
009334 	383 	75 	91 	91 
009335 	394 	79 	75 	76 
009336 	394 	79 	75 	76 
009337 	394 	79 	75 	76 
009338 	394 	79 	75 	76 
009339 	394 	79 	75 	76 
009340 	394 	79 	75 	76 
009341 	394 	79 	75 	76 
009342 	394 	79 	75 	76 
009343 	394 	79 	75 	76 
009344 	394 	79 	75 	76 
009345 	394 	79 	75 	76 
009346 	394 	79 	75 	76 
009347 	402 	79 	76 	76 
009348 	402 	79 	76 	76 
009349 	402 	79 	76 	76 
009350 	402 	79 	76 	76 
009351 	402 	79 	76 	76 
009352 	402 	79 	76 	76 
009353 	402 	79 	76 	76 
009354 	402 	79 	76 	76 
009355 	402 	79 	76 	76 
009356 	410 	79 	76 	76 
009357 	410 	79 	76 	76 
009358 	410 	79 	76 	76 
009359 	410 	79 	76 	76 
009360 	419 	79 	75 	76 
009361 	419 	79 	75 	76 
009362 	419 	79 	75 	76 
009363 	419 	79 	75 	76 
009364 	419 	79 	75 	76 
009365 	419 	79 	75 	76 
009366 	419 	79 	75 	76 
009367 	419 	79 	75 	76 
009368 	419 	79 	75 	76 
009369 	419 	79 	75 	76 
009370 	419 	79 	75 	76 
009371 	419 	79 	75 	76 
009372 	410 	79 	76 	76 
009373 	410 	79 	76 	76 
009374 	410 	79 	76 	76 
009375 	410 	79 	76 	76 
009376 	410 	79 	76 	76 
009377 	410 	79 	76 	76 
009378 	410 	79 	76 	76 
009379 	410 	79 	76 	76 
009380 	410 	79 	76 	76 
009381 	410 	79 	76 	76 
009382 	410 	79 	76 	76 
009383 	410 	79 	76 	76 
009384 	410 	79 	76 	76 
009385 	410 	79 	76 	76 
009386 	410 	79 	76 	76 
009387 	410 	79 	76 	76 
009388 	411 	87 	63 	63 
009389 	402 	71 	76 	75 
009390 	402 	71 	76 	75 
009391 	394 	71 	75 	75 
009392 	394 	71 	75 	75 
009393 	393 	65 	91 	91 
009394 	402 	79 	76 	76 
009395 	402 	79 	76 	76 
009396 	402 	79 	76 	76 
009397 	402 	79 	76 	76 
009398 	402 	79 	76 	76 
009399 	402 	79 	76 	76 
009400 	402 	79 	76 	76 
009401 	402 	71 	76 	75 
009402 	402 	71 	76 	75 
009403 	402 	71 	76 	75 
009404 	402 	71 	76 	75 
009405 	402 	71 	76 	75 
009406 	402 	71 	76 	75 
009407 	402 	71 	76 	75 
009408 	402 	71 	76 	75 
009409 	402 	71 	76 	75 
009410 	402 	71 	76 	75 
009411 	402 	71 	76 	75 
009412 	402 	71 	76 	75 
009413 	402 	71 	76 	75 
009414 	402 	71 	76 	75 
009415 	402 	71 	76 	75 
009416 	411 	73 	63 	63 
009417 	411 	73 	63 	63 
009418 	402 	62 	76 	76 
009419 	402 	71 	76 	75 
009420 	402 	71 	76 	75 
009421 	402 	71 	76 	75 
009422 	402 	71 	76 	75 
009423 	402 	71 	76 	75 
009424 	402 	71 	76 	75 
009425 	402 	71 	76 	75 
009426 	404 	73 	63 	63 
009427 	402 	71 	76 	75 
009428 	402 	71 	76 	75 
009429 	404 	80 	63 	63 
009430 	404 	80 	63 	63 
009431 	404 	80 	63 	63 
009432 	404 	80 	63 	63 
009433 	394 	71 	75 	75 
009434 	404 	73 	63 	63 
009435 	404 	73 	63 	63 
009436 	402 	71 	76 	75 
009437 	402 	71 	76 	75 
009438 	402 	71 	76 	75 
009439 	402 	71 	76 	75 
009440 	404 	73 	63 	63 
009441 	394 	71 	75 	75 
009442 	385 	71 	76 	75 
009443 	390 	73 	63 	63 
009444 	377 	71 	76 	75 
009445 	377 	71 	76 	75 
009446 	377 	71 	76 	75 
009447 	369 	71 	76 	75 
009448 	369 	71 	76 	75 
009449 	369 	71 	76 	75 
009450 	369 	71 	76 	75 
009451 	369 	71 	76 	75 
009452 	376 	80 	64 	63 
009453 	369 	71 	76 	75 
009454 	369 	71 	76 	75 
009455 	376 	80 	64 	63 
009456 	369 	71 	76 	75 
009457 	377 	79 	76 	76 
009458 	377 	71 	76 	75 
009459 	377 	71 	76 	75 
009460 	383 	80 	63 	63 
009461 	377 	71 	76 	75 
009462 	377 	71 	76 	75 
009463 	377 	71 	76 	75 
009464 	377 	71 	76 	75 
009465 	377 	71 	76 	75 
009466 	377 	71 	76 	75 
009467 	377 	71 	76 	75 
009468 	377 	71 	76 	75 
009469 	377 	71 	76 	75 
009470 	377 	71 	76 	75 
009471 	377 	71 	76 	75 
009472 	377 	71 	76 	75 
009473 	377 	71 	76 	75 
009474 	377 	71 	76 	75 
009475 	377 	71 	76 	75 
009476 	377 	71 	76 	75 
009477 	377 	79 	76 	76 
009478 	383 	80 	63 	63 
009479 	377 	79 	76 	76 
009480 	377 	79 	76 	76 
009481 	377 	79 	76 	76 
009482 	383 	80 	63 	63 
009483 	383 	80 	63 	63 
009484 	383 	80 	63 	63 
009485 	383 	80 	63 	63 
009486 	377 	79 	76 	76 
009487 	377 	79 	76 	76 
009488 	377 	79 	76 	76 
009489 	377 	79 	76 	76 
009490 	377 	79 	76 	76 
009491 	377 	79 	76 	76 
009492 	377 	79 	76 	76 
009493 	377 	79 	76 	76 
009494 	377 	79 	76 	76 
009495 	377 	79 	76 	76 
009496 	377 	79 	76 	76 
009497 	377 	79 	76 	76 
009498 	377 	79 	76 	76 
009499 	377 	79 	76 	76 
009500 	377 	79 	76 	76 
009501 	377 	79 	76 	76 
009502 	377 	79 	76 	76 
009503 	377 	79 	76 	76 
009504 	377 	71 	76 	75 
009505 	377 	71 	76 	75 
009506 	377 	71 	76 	75 
009507 	377 	79 	76 	76 
009508 	383 	80 	63 	63 
009509 	377 	79 	76 	76 
009510 	377 	79 	76 	76 
009511 	377 	79 	76 	76 
009512 	369 	79 	76 	76 
009513 	369 	79 	76 	76 
009514 	369 	79 	76 	76 
009515 	369 	79 	76 	76 
009516 	369 	79 	76 	76 
009517 	369 	79 	76 	76 
009518 	377 	79 	76 	76 
009519 	377 	79 	76 	76 
009520 	377 	79 	76 	76 
009521 	377 	79 	76 	76 
009522 	377 	79 	76 	76 
009523 	369 	79 	76 	76 
009524 	369 	79 	76 	76 
009525 	369 	79 	76 	76 
009526 	369 	79 	76 	76 
009527 	369 	79 	76 	76 
009528 	369 	79 	76 	76 
009529 	369 	79 	76 	76 
009530 	369 	79 	76 	76 
009531 	369 	79 	76 	76 
009532 	369 	79 	76 	76 
009533 	369 	79 	76 	76 
009534 	369 	79 	76 	76 
009535 	369 	79 	76 	76 
009536 	369 	79 	76 	76 
009537 	369 	79 	76 	76 
009538 	369 	79 	76 	76 
009539 	369 	79 	76 	76 
009540 	369 	79 	76 	76 
009541 	369 	79 	76 	76 
009542 	369 	79 	76 	76 
009543 	369 	79 	76 	76 
009544 	369 	79 	76 	76 
009545 	369 	79 	76 	76 
009546 	369 	79 	76 	76 
009547 	369 	79 	76 	76 
009548 	369 	79 	76 	76 
009549 	369 	79 	76 	76 
009550 	369 	79 	76 	76 
009551 	376 	80 	64 	63 
009552 	376 	80 	64 	63 
009553 	369 	79 	76 	76 
009554 	369 	79 	76 	76 
009555 	369 	79 	76 	76 
009556 	369 	79 	76 	76 
009557 	369 	79 	76 	76 
009558 	369 	79 	76 	76 
009559 	369 	79 	76 	76 
009560 	369 	79 	76 	76 
009561 	369 	79 	76 	76 
009562 	369 	79 	76 	76 
009563 	369 	79 	76 	76 
009564 	369 	79 	76 	76 
009565 	369 	79 	76 	76 
009566 	369 	79 	76 	76 
009567 	369 	79 	76 	76 
009568 	369 	79 	76 	76 
009569 	369 	79 	76 	76 
009570 	369 	79 	76 	76 
009571 	369 	79 	76 	76 
009572 	369 	79 	76 	76 
009573 	369 	79 	76 	76 
009574 	369 	79 	76 	76 
009575 	369 	79 	76 	76 
009576 	369 	79 	76 	76 
009577 	369 	79 	76 	76 
009578 	369 	79 	76 	76 
