Identity  : 	id10281
Reference : 	R1RQnIQGy10
Offset    : 	-2
FV Conf   : 	17.267
ASD Conf  : 	7.639

FRAME 	X 	Y 	W 	H 
000794 	266 	100 	63 	64 
000795 	266 	100 	63 	64 
000796 	266 	100 	63 	64 
000797 	266 	100 	63 	64 
000798 	259 	100 	63 	64 
000799 	259 	100 	63 	64 
000800 	259 	100 	63 	64 
000801 	259 	93 	63 	64 
000802 	259 	93 	63 	64 
000803 	259 	93 	63 	64 
000804 	259 	93 	63 	64 
000805 	252 	100 	63 	64 
000806 	252 	100 	63 	64 
000807 	244 	96 	76 	75 
000808 	244 	96 	76 	75 
000809 	244 	96 	76 	75 
000810 	244 	96 	76 	75 
000811 	244 	96 	76 	75 
000812 	244 	96 	76 	75 
000813 	244 	96 	76 	75 
000814 	244 	96 	76 	75 
000815 	252 	107 	63 	63 
000816 	252 	107 	63 	63 
000817 	252 	107 	63 	63 
000818 	252 	107 	63 	63 
000819 	252 	107 	63 	63 
000820 	252 	107 	63 	63 
000821 	252 	107 	63 	63 
000822 	252 	107 	63 	63 
000823 	252 	107 	63 	63 
000824 	252 	107 	63 	63 
000825 	252 	107 	63 	63 
000826 	252 	107 	63 	63 
000827 	252 	107 	63 	63 
000828 	252 	107 	63 	63 
000829 	252 	107 	63 	63 
000830 	244 	104 	76 	76 
000831 	252 	107 	63 	63 
000832 	252 	107 	63 	63 
000833 	252 	107 	63 	63 
000834 	244 	104 	76 	76 
000835 	244 	104 	76 	76 
000836 	244 	104 	76 	76 
000837 	259 	107 	63 	63 
000838 	259 	107 	63 	63 
000839 	259 	107 	63 	63 
000840 	259 	107 	63 	63 
000841 	259 	107 	63 	63 
000842 	259 	107 	63 	63 
000843 	259 	107 	63 	63 
000844 	266 	107 	63 	63 
000845 	261 	104 	76 	76 
000846 	261 	96 	76 	75 
000847 	273 	107 	63 	63 
000848 	273 	107 	63 	63 
000849 	273 	107 	63 	63 
000850 	273 	107 	63 	63 
000851 	273 	107 	63 	63 
000852 	273 	107 	63 	63 
000853 	273 	107 	63 	63 
000854 	273 	107 	63 	63 
000855 	273 	107 	63 	63 
000856 	273 	107 	63 	63 
000857 	273 	107 	63 	63 
000858 	266 	107 	63 	63 
000859 	266 	107 	63 	63 
000860 	266 	107 	63 	63 
000861 	266 	107 	63 	63 
000862 	266 	107 	63 	63 
000863 	266 	107 	63 	63 
000864 	266 	107 	63 	63 
000865 	266 	107 	63 	63 
000866 	266 	107 	63 	63 
000867 	266 	107 	63 	63 
000868 	266 	107 	63 	63 
000869 	266 	107 	63 	63 
000870 	266 	107 	63 	63 
000871 	253 	96 	75 	75 
000872 	259 	107 	63 	63 
000873 	259 	107 	63 	63 
000874 	259 	107 	63 	63 
000875 	253 	104 	75 	76 
000876 	259 	107 	63 	63 
000877 	253 	104 	75 	76 
000878 	253 	104 	75 	76 
000879 	253 	104 	75 	76 
000880 	253 	104 	75 	76 
000881 	253 	104 	75 	76 
000882 	253 	104 	75 	76 
000883 	253 	104 	75 	76 
000884 	253 	104 	75 	76 
000885 	253 	104 	75 	76 
000886 	253 	104 	75 	76 
000887 	253 	104 	75 	76 
000888 	253 	104 	75 	76 
000889 	253 	104 	75 	76 
000890 	253 	104 	75 	76 
000891 	253 	104 	75 	76 
000892 	253 	104 	75 	76 
000893 	253 	104 	75 	76 
000894 	253 	104 	75 	76 
000895 	266 	107 	63 	63 
000896 	266 	107 	63 	63 
000897 	266 	107 	63 	63 
000898 	266 	107 	63 	63 
000899 	266 	107 	63 	63 
000900 	266 	114 	63 	63 
000901 	261 	104 	76 	76 
000902 	261 	104 	76 	76 
000903 	261 	104 	76 	76 
000904 	266 	114 	63 	63 
000905 	266 	114 	63 	63 
000906 	266 	114 	63 	63 
000907 	266 	114 	63 	63 
000908 	266 	114 	63 	63 
000909 	261 	104 	76 	76 
000910 	261 	104 	76 	76 
000911 	261 	104 	76 	76 
000912 	261 	104 	76 	76 
000913 	261 	104 	76 	76 
000914 	266 	114 	63 	63 
000915 	266 	114 	63 	63 
000916 	266 	114 	63 	63 
000917 	266 	114 	63 	63 
000918 	266 	114 	63 	63 
000919 	266 	114 	63 	63 
000920 	266 	114 	63 	63 
000921 	266 	114 	63 	63 
000922 	266 	114 	63 	63 
000923 	266 	114 	63 	63 
000924 	266 	114 	63 	63 
000925 	266 	114 	63 	63 
000926 	266 	114 	63 	63 
000927 	266 	114 	63 	63 
000928 	266 	114 	63 	63 
000929 	261 	112 	76 	76 
000930 	266 	114 	63 	63 
000931 	261 	112 	76 	76 
000932 	266 	114 	63 	63 
000933 	266 	114 	63 	63 
000934 	266 	114 	63 	63 
000935 	266 	114 	63 	63 
000936 	266 	114 	63 	63 
000937 	266 	114 	63 	63 
000938 	261 	104 	76 	76 
000939 	261 	104 	76 	76 
000940 	261 	104 	76 	76 
000941 	261 	104 	76 	76 
000942 	261 	104 	76 	76 
