Identity  : 	id10274
Reference : 	7rkVfW2yw0c
Offset    : 	0
FV Conf   : 	17.827
ASD Conf  : 	8.869

FRAME 	X 	Y 	W 	H 
005766 	245 	78 	109 	109 
005767 	245 	78 	109 	109 
005768 	233 	78 	109 	109 
005769 	233 	78 	109 	109 
005770 	233 	90 	109 	109 
005771 	233 	78 	109 	109 
005772 	233 	78 	109 	109 
005773 	221 	78 	109 	109 
005774 	221 	78 	109 	109 
005775 	221 	78 	109 	109 
005776 	209 	78 	109 	109 
005777 	209 	78 	109 	109 
005778 	209 	66 	109 	109 
005779 	209 	66 	109 	109 
005780 	197 	66 	109 	109 
005781 	197 	66 	109 	109 
005782 	197 	66 	109 	109 
005783 	197 	66 	109 	109 
005784 	197 	66 	109 	109 
005785 	197 	66 	109 	109 
005786 	197 	66 	109 	109 
005787 	197 	66 	109 	109 
005788 	204 	65 	91 	91 
005789 	197 	54 	109 	109 
005790 	197 	54 	109 	109 
005791 	197 	54 	109 	109 
005792 	197 	54 	109 	109 
005793 	214 	65 	91 	91 
005794 	214 	65 	91 	91 
005795 	209 	54 	109 	109 
005796 	209 	54 	109 	109 
005797 	209 	54 	109 	109 
005798 	209 	54 	109 	109 
005799 	209 	54 	109 	109 
005800 	221 	66 	109 	109 
005801 	221 	66 	109 	109 
005802 	221 	66 	109 	109 
005803 	221 	66 	109 	109 
005804 	221 	66 	109 	109 
005805 	221 	78 	109 	109 
005806 	221 	78 	109 	109 
005807 	221 	78 	109 	109 
005808 	233 	78 	109 	109 
005809 	233 	78 	109 	109 
005810 	233 	78 	109 	109 
005811 	233 	78 	109 	109 
005812 	233 	78 	109 	109 
005813 	233 	78 	109 	109 
005814 	233 	78 	109 	109 
005815 	245 	78 	109 	109 
005816 	245 	78 	109 	109 
005817 	245 	78 	109 	109 
005818 	245 	78 	109 	109 
005819 	245 	78 	109 	109 
005820 	245 	78 	109 	109 
005821 	245 	78 	109 	109 
005822 	245 	78 	109 	109 
005823 	245 	78 	109 	109 
005824 	257 	78 	109 	109 
005825 	257 	78 	109 	109 
005826 	257 	78 	109 	109 
005827 	257 	78 	109 	109 
005828 	257 	78 	109 	109 
005829 	257 	90 	109 	109 
005830 	257 	90 	109 	109 
005831 	257 	90 	109 	109 
005832 	257 	78 	109 	109 
005833 	257 	90 	109 	109 
005834 	257 	90 	109 	109 
005835 	257 	90 	109 	109 
005836 	257 	78 	109 	109 
005837 	257 	78 	109 	109 
005838 	257 	90 	109 	109 
005839 	257 	90 	109 	109 
005840 	257 	90 	109 	109 
005841 	257 	78 	109 	109 
005842 	257 	78 	109 	109 
005843 	257 	78 	109 	109 
005844 	257 	78 	109 	109 
005845 	257 	78 	109 	109 
005846 	257 	90 	109 	109 
005847 	257 	90 	109 	109 
005848 	257 	90 	109 	109 
005849 	257 	90 	109 	109 
005850 	257 	90 	109 	109 
005851 	257 	90 	109 	109 
005852 	257 	90 	109 	109 
005853 	257 	90 	109 	109 
005854 	257 	90 	109 	109 
005855 	257 	102 	109 	109 
005856 	269 	90 	108 	109 
005857 	269 	102 	108 	109 
005858 	269 	102 	108 	109 
005859 	269 	102 	108 	109 
005860 	269 	102 	108 	109 
005861 	269 	102 	108 	109 
005862 	251 	80 	130 	130 
005863 	251 	80 	130 	130 
005864 	251 	80 	130 	130 
005865 	257 	90 	109 	109 
005866 	257 	90 	109 	109 
005867 	257 	90 	109 	109 
005868 	257 	90 	109 	109 
005869 	257 	90 	109 	109 
005870 	257 	90 	109 	109 
005871 	257 	90 	109 	109 
005872 	257 	90 	109 	109 
005873 	257 	90 	109 	109 
005874 	257 	90 	109 	109 
005875 	257 	78 	109 	109 
005876 	257 	78 	109 	109 
005877 	257 	78 	109 	109 
005878 	257 	78 	109 	109 
005879 	257 	78 	109 	109 
005880 	257 	78 	109 	109 
005881 	257 	78 	109 	109 
005882 	257 	78 	109 	109 
005883 	257 	78 	109 	109 
005884 	269 	78 	108 	109 
005885 	269 	78 	108 	109 
005886 	269 	78 	108 	109 
005887 	269 	78 	108 	109 
005888 	269 	78 	108 	109 
005889 	269 	78 	108 	109 
005890 	269 	78 	108 	109 
005891 	269 	78 	108 	109 
005892 	269 	78 	108 	109 
005893 	269 	78 	108 	109 
005894 	269 	78 	108 	109 
005895 	281 	90 	108 	109 
005896 	281 	90 	108 	109 
005897 	281 	90 	108 	109 
005898 	281 	90 	108 	109 
005899 	281 	90 	108 	109 
005900 	266 	80 	130 	130 
