Identity  : 	id10292
Reference : 	57KbI2UvGss
Offset    : 	-3
FV Conf   : 	13.459
ASD Conf  : 	8.201

FRAME 	X 	Y 	W 	H 
012058 	113 	79 	155 	156 
012059 	113 	79 	155 	156 
012060 	113 	79 	155 	156 
012061 	113 	79 	155 	156 
012062 	113 	79 	155 	156 
012063 	113 	79 	155 	156 
012064 	113 	79 	155 	156 
012065 	113 	79 	155 	156 
012066 	113 	79 	155 	156 
012067 	113 	79 	155 	156 
012068 	113 	79 	155 	156 
012069 	113 	79 	155 	156 
012070 	130 	79 	156 	156 
012071 	130 	79 	156 	156 
012072 	130 	79 	156 	156 
012073 	130 	79 	156 	156 
012074 	130 	79 	156 	156 
012075 	147 	79 	156 	156 
012076 	147 	79 	156 	156 
012077 	147 	62 	156 	155 
012078 	147 	62 	156 	155 
012079 	147 	62 	156 	155 
012080 	147 	62 	156 	155 
012081 	147 	62 	156 	155 
012082 	147 	62 	156 	155 
012083 	147 	62 	156 	155 
012084 	147 	79 	156 	156 
012085 	147 	79 	156 	156 
012086 	147 	79 	156 	156 
012087 	147 	79 	156 	156 
012088 	147 	79 	156 	156 
012089 	147 	79 	156 	156 
012090 	147 	79 	156 	156 
012091 	147 	79 	156 	156 
012092 	147 	79 	156 	156 
012093 	147 	79 	156 	156 
012094 	147 	79 	156 	156 
012095 	147 	96 	156 	156 
012096 	147 	96 	156 	156 
012097 	151 	109 	130 	130 
012098 	151 	109 	130 	130 
012099 	151 	94 	130 	130 
012100 	151 	94 	130 	130 
012101 	130 	79 	156 	156 
012102 	130 	79 	156 	156 
012103 	130 	79 	156 	156 
012104 	137 	94 	130 	130 
012105 	113 	62 	155 	155 
012106 	113 	62 	155 	155 
012107 	113 	62 	155 	155 
012108 	113 	62 	155 	155 
012109 	113 	62 	155 	155 
012110 	113 	62 	155 	155 
012111 	113 	62 	155 	155 
012112 	113 	62 	155 	155 
012113 	113 	62 	155 	155 
012114 	137 	94 	130 	130 
012115 	130 	62 	156 	155 
012116 	130 	62 	156 	155 
012117 	130 	79 	156 	156 
012118 	130 	79 	156 	156 
012119 	130 	79 	156 	156 
012120 	147 	79 	156 	156 
012121 	147 	79 	156 	156 
012122 	147 	79 	156 	156 
012123 	147 	79 	156 	156 
012124 	147 	79 	156 	156 
012125 	147 	79 	156 	156 
012126 	147 	79 	156 	156 
012127 	147 	79 	156 	156 
012128 	147 	79 	156 	156 
012129 	147 	79 	156 	156 
012130 	147 	62 	156 	155 
012131 	147 	62 	156 	155 
012132 	147 	62 	156 	155 
012133 	130 	62 	156 	155 
012134 	130 	62 	156 	155 
012135 	130 	62 	156 	155 
012136 	130 	62 	156 	155 
012137 	130 	62 	156 	155 
012138 	137 	94 	130 	130 
012139 	137 	94 	130 	130 
012140 	130 	79 	156 	156 
012141 	130 	79 	156 	156 
012142 	113 	79 	155 	156 
012143 	137 	109 	130 	130 
012144 	137 	109 	130 	130 
012145 	130 	79 	156 	156 
012146 	130 	79 	156 	156 
012147 	130 	79 	156 	156 
012148 	130 	79 	156 	156 
012149 	147 	79 	156 	156 
012150 	147 	79 	156 	156 
012151 	147 	79 	156 	156 
012152 	147 	96 	156 	156 
012153 	147 	96 	156 	156 
012154 	147 	96 	156 	156 
012155 	147 	79 	156 	156 
012156 	147 	79 	156 	156 
012157 	147 	79 	156 	156 
012158 	147 	96 	156 	156 
012159 	147 	96 	156 	156 
012160 	164 	96 	156 	156 
012161 	164 	96 	156 	156 
012162 	164 	96 	156 	156 
012163 	164 	96 	156 	156 
012164 	164 	96 	156 	156 
012165 	164 	96 	156 	156 
012166 	164 	96 	156 	156 
012167 	164 	96 	156 	156 
012168 	164 	96 	156 	156 
