Identity  : 	id10300
Reference : 	1ZyvrJaiLQk
Offset    : 	-3
FV Conf   : 	21.756
ASD Conf  : 	7.360

FRAME 	X 	Y 	W 	H 
005516 	264 	65 	90 	91 
005517 	264 	65 	90 	91 
005518 	264 	65 	90 	91 
005519 	264 	65 	90 	91 
005520 	264 	65 	90 	91 
005521 	264 	65 	90 	91 
005522 	264 	65 	90 	91 
005523 	264 	65 	90 	91 
005524 	264 	65 	90 	91 
005525 	264 	65 	90 	91 
005526 	264 	65 	90 	91 
005527 	264 	65 	90 	91 
005528 	264 	65 	90 	91 
005529 	264 	65 	90 	91 
005530 	264 	65 	90 	91 
005531 	264 	65 	90 	91 
005532 	264 	65 	90 	91 
005533 	264 	65 	90 	91 
005534 	264 	65 	90 	91 
005535 	264 	65 	90 	91 
005536 	264 	65 	90 	91 
005537 	264 	65 	90 	91 
005538 	264 	65 	90 	91 
005539 	264 	65 	90 	91 
005540 	264 	65 	90 	91 
005541 	264 	65 	90 	91 
005542 	264 	65 	90 	91 
005543 	264 	65 	90 	91 
005544 	264 	65 	90 	91 
005545 	264 	65 	90 	91 
005546 	264 	65 	90 	91 
005547 	264 	65 	90 	91 
005548 	264 	65 	90 	91 
005549 	264 	65 	90 	91 
005550 	264 	65 	90 	91 
005551 	264 	65 	90 	91 
005552 	264 	65 	90 	91 
005553 	264 	65 	90 	91 
005554 	264 	65 	90 	91 
005555 	264 	65 	90 	91 
005556 	264 	65 	90 	91 
005557 	264 	65 	90 	91 
005558 	264 	65 	90 	91 
005559 	264 	65 	90 	91 
005560 	264 	65 	90 	91 
005561 	264 	65 	90 	91 
005562 	264 	65 	90 	91 
005563 	274 	65 	90 	91 
005564 	274 	65 	90 	91 
005565 	274 	55 	90 	91 
005566 	274 	65 	90 	91 
005567 	274 	55 	90 	91 
005568 	274 	55 	90 	91 
005569 	274 	55 	90 	91 
005570 	274 	55 	90 	91 
005571 	274 	55 	90 	91 
005572 	274 	55 	90 	91 
005573 	274 	55 	90 	91 
005574 	274 	55 	90 	91 
005575 	264 	65 	90 	91 
005576 	264 	55 	90 	91 
005577 	274 	55 	90 	91 
005578 	274 	55 	90 	91 
005579 	274 	55 	90 	91 
005580 	274 	55 	90 	91 
005581 	264 	65 	90 	91 
005582 	264 	65 	90 	91 
005583 	264 	65 	90 	91 
005584 	264 	65 	90 	91 
005585 	264 	65 	90 	91 
005586 	264 	65 	90 	91 
005587 	264 	65 	90 	91 
005588 	264 	65 	90 	91 
005589 	264 	65 	90 	91 
005590 	264 	65 	90 	91 
005591 	264 	55 	90 	91 
005592 	264 	55 	90 	91 
005593 	264 	55 	90 	91 
005594 	254 	55 	90 	91 
005595 	254 	55 	90 	91 
005596 	264 	55 	90 	91 
005597 	264 	55 	90 	91 
005598 	264 	55 	90 	91 
005599 	264 	55 	90 	91 
005600 	269 	62 	76 	76 
005601 	254 	55 	90 	91 
005602 	264 	55 	90 	91 
005603 	264 	55 	90 	91 
005604 	264 	55 	90 	91 
005605 	264 	55 	90 	91 
005606 	264 	55 	90 	91 
005607 	264 	55 	90 	91 
005608 	264 	55 	90 	91 
005609 	264 	55 	90 	91 
005610 	254 	55 	90 	91 
005611 	254 	55 	90 	91 
005612 	254 	55 	90 	91 
005613 	254 	55 	90 	91 
005614 	254 	55 	90 	91 
005615 	254 	55 	90 	91 
005616 	254 	55 	90 	91 
005617 	254 	55 	90 	91 
005618 	254 	55 	90 	91 
005619 	254 	55 	90 	91 
005620 	254 	55 	90 	91 
005621 	254 	55 	90 	91 
005622 	254 	55 	90 	91 
005623 	254 	55 	90 	91 
005624 	254 	55 	90 	91 
005625 	254 	55 	90 	91 
005626 	254 	55 	90 	91 
005627 	254 	55 	90 	91 
005628 	254 	65 	90 	91 
005629 	254 	55 	90 	91 
005630 	254 	65 	90 	91 
005631 	254 	55 	90 	91 
005632 	254 	65 	90 	91 
005633 	254 	55 	90 	91 
005634 	254 	65 	90 	91 
005635 	254 	65 	90 	91 
005636 	264 	65 	90 	91 
005637 	264 	65 	90 	91 
005638 	264 	65 	90 	91 
005639 	264 	65 	90 	91 
005640 	264 	65 	90 	91 
005641 	264 	65 	90 	91 
005642 	264 	65 	90 	91 
005643 	264 	65 	90 	91 
005644 	269 	71 	76 	75 
005645 	264 	65 	90 	91 
005646 	264 	65 	90 	91 
005647 	264 	65 	90 	91 
005648 	264 	65 	90 	91 
005649 	264 	65 	90 	91 
005650 	264 	65 	90 	91 
005651 	264 	65 	90 	91 
005652 	264 	65 	90 	91 
005653 	264 	65 	90 	91 
005654 	264 	65 	90 	91 
005655 	264 	65 	90 	91 
005656 	264 	65 	90 	91 
005657 	264 	65 	90 	91 
005658 	264 	65 	90 	91 
005659 	264 	65 	90 	91 
005660 	264 	65 	90 	91 
005661 	264 	65 	90 	91 
005662 	264 	65 	90 	91 
005663 	264 	65 	90 	91 
005664 	264 	65 	90 	91 
005665 	264 	65 	90 	91 
005666 	264 	65 	90 	91 
005667 	264 	65 	90 	91 
005668 	264 	65 	90 	91 
005669 	264 	65 	90 	91 
005670 	264 	65 	90 	91 
005671 	264 	65 	90 	91 
005672 	264 	65 	90 	91 
005673 	264 	65 	90 	91 
005674 	264 	65 	90 	91 
005675 	264 	65 	90 	91 
005676 	264 	65 	90 	91 
005677 	264 	65 	90 	91 
005678 	264 	65 	90 	91 
005679 	264 	65 	90 	91 
005680 	264 	65 	90 	91 
005681 	264 	65 	90 	91 
005682 	264 	65 	90 	91 
005683 	264 	65 	90 	91 
005684 	269 	71 	76 	75 
005685 	254 	55 	90 	91 
005686 	254 	55 	90 	91 
005687 	254 	55 	90 	91 
005688 	261 	71 	76 	75 
005689 	261 	71 	76 	75 
005690 	254 	65 	90 	91 
005691 	254 	65 	90 	91 
005692 	261 	71 	76 	75 
005693 	254 	65 	90 	91 
005694 	254 	65 	90 	91 
005695 	254 	65 	90 	91 
005696 	254 	65 	90 	91 
005697 	254 	65 	90 	91 
005698 	254 	65 	90 	91 
005699 	254 	65 	90 	91 
005700 	254 	65 	90 	91 
005701 	254 	65 	90 	91 
005702 	254 	65 	90 	91 
005703 	254 	65 	90 	91 
005704 	254 	65 	90 	91 
005705 	244 	55 	90 	91 
005706 	254 	55 	90 	91 
005707 	254 	55 	90 	91 
005708 	254 	55 	90 	91 
005709 	254 	55 	90 	91 
005710 	254 	65 	90 	91 
005711 	261 	71 	76 	75 
005712 	244 	65 	90 	91 
005713 	244 	65 	90 	91 
005714 	244 	65 	90 	91 
005715 	244 	65 	90 	91 
005716 	244 	65 	90 	91 
005717 	244 	65 	90 	91 
005718 	244 	65 	90 	91 
005719 	244 	65 	90 	91 
005720 	244 	65 	90 	91 
005721 	244 	65 	90 	91 
005722 	244 	65 	90 	91 
005723 	244 	65 	90 	91 
005724 	244 	65 	90 	91 
005725 	244 	65 	90 	91 
005726 	244 	65 	90 	91 
005727 	254 	65 	90 	91 
005728 	254 	65 	90 	91 
005729 	254 	65 	90 	91 
005730 	261 	71 	76 	75 
005731 	254 	65 	90 	91 
005732 	254 	65 	90 	91 
005733 	254 	65 	90 	91 
005734 	254 	65 	90 	91 
005735 	254 	65 	90 	91 
005736 	254 	65 	90 	91 
005737 	261 	71 	76 	75 
005738 	261 	71 	76 	75 
005739 	261 	71 	76 	75 
005740 	254 	55 	90 	91 
005741 	254 	55 	90 	91 
005742 	254 	55 	90 	91 
005743 	254 	55 	90 	91 
005744 	254 	55 	90 	91 
005745 	254 	55 	90 	91 
005746 	254 	55 	90 	91 
005747 	254 	55 	90 	91 
005748 	254 	55 	90 	91 
005749 	254 	55 	90 	91 
005750 	254 	55 	90 	91 
005751 	254 	55 	90 	91 
005752 	261 	71 	76 	75 
005753 	261 	71 	76 	75 
005754 	261 	71 	76 	75 
