Identity  : 	id10300
Reference : 	1ZyvrJaiLQk
Offset    : 	-3
FV Conf   : 	20.999
ASD Conf  : 	7.164

FRAME 	X 	Y 	W 	H 
016284 	274 	75 	90 	91 
016285 	274 	75 	90 	91 
016286 	274 	75 	90 	91 
016287 	274 	75 	90 	91 
016288 	274 	75 	90 	91 
016289 	274 	75 	90 	91 
016290 	274 	75 	90 	91 
016291 	274 	75 	90 	91 
016292 	274 	75 	90 	91 
016293 	274 	75 	90 	91 
016294 	274 	75 	90 	91 
016295 	274 	75 	90 	91 
016296 	274 	75 	90 	91 
016297 	274 	75 	90 	91 
016298 	274 	75 	90 	91 
016299 	274 	75 	90 	91 
016300 	274 	75 	90 	91 
016301 	274 	75 	90 	91 
016302 	269 	54 	108 	109 
016303 	284 	75 	90 	91 
016304 	294 	75 	90 	91 
016305 	294 	75 	90 	91 
016306 	294 	75 	90 	91 
016307 	294 	75 	90 	91 
016308 	294 	75 	90 	91 
016309 	294 	75 	90 	91 
016310 	294 	75 	90 	91 
016311 	294 	75 	90 	91 
016312 	294 	75 	90 	91 
016313 	294 	75 	90 	91 
016314 	294 	75 	90 	91 
016315 	294 	75 	90 	91 
016316 	294 	75 	90 	91 
016317 	294 	75 	90 	91 
016318 	294 	75 	90 	91 
016319 	294 	75 	90 	91 
016320 	284 	75 	90 	91 
016321 	294 	75 	90 	91 
016322 	294 	65 	90 	91 
016323 	294 	65 	90 	91 
016324 	294 	65 	90 	91 
016325 	294 	65 	90 	91 
016326 	294 	65 	90 	91 
016327 	294 	65 	90 	91 
016328 	281 	66 	108 	109 
016329 	294 	65 	90 	91 
016330 	281 	66 	108 	109 
016331 	281 	66 	108 	109 
016332 	281 	66 	108 	109 
016333 	281 	66 	108 	109 
016334 	281 	66 	108 	109 
016335 	281 	66 	108 	109 
016336 	281 	66 	108 	109 
016337 	281 	66 	108 	109 
016338 	281 	66 	108 	109 
016339 	281 	66 	108 	109 
016340 	281 	66 	108 	109 
016341 	281 	66 	108 	109 
016342 	281 	66 	108 	109 
016343 	281 	66 	108 	109 
016344 	281 	66 	108 	109 
016345 	281 	66 	108 	109 
016346 	281 	66 	108 	109 
016347 	281 	66 	108 	109 
016348 	281 	66 	108 	109 
016349 	294 	65 	90 	91 
016350 	294 	65 	90 	91 
016351 	294 	65 	90 	91 
016352 	294 	65 	90 	91 
016353 	294 	65 	90 	91 
016354 	281 	66 	108 	109 
016355 	294 	65 	90 	91 
016356 	281 	66 	108 	109 
016357 	281 	66 	108 	109 
016358 	281 	66 	108 	109 
016359 	281 	66 	108 	109 
016360 	281 	66 	108 	109 
016361 	281 	66 	108 	109 
016362 	281 	66 	108 	109 
016363 	281 	66 	108 	109 
016364 	281 	66 	108 	109 
016365 	281 	66 	108 	109 
016366 	281 	66 	108 	109 
016367 	281 	66 	108 	109 
016368 	281 	66 	108 	109 
016369 	281 	66 	108 	109 
016370 	294 	75 	90 	91 
016371 	281 	66 	108 	109 
016372 	294 	75 	90 	91 
016373 	304 	65 	90 	91 
016374 	304 	65 	90 	91 
016375 	304 	65 	90 	91 
016376 	304 	65 	90 	91 
016377 	304 	65 	90 	91 
016378 	304 	65 	90 	91 
016379 	304 	65 	90 	91 
016380 	304 	65 	90 	91 
016381 	304 	65 	90 	91 
016382 	304 	65 	90 	91 
016383 	304 	65 	90 	91 
016384 	304 	65 	90 	91 
016385 	304 	65 	90 	91 
016386 	304 	65 	90 	91 
016387 	304 	65 	90 	91 
016388 	304 	65 	90 	91 
016389 	304 	65 	90 	91 
016390 	304 	65 	90 	91 
016391 	304 	65 	90 	91 
016392 	304 	65 	90 	91 
016393 	304 	65 	90 	91 
016394 	304 	65 	90 	91 
016395 	304 	65 	90 	91 
016396 	304 	65 	90 	91 
016397 	304 	65 	90 	91 
016398 	304 	65 	90 	91 
016399 	304 	65 	90 	91 
016400 	304 	65 	90 	91 
016401 	304 	65 	90 	91 
016402 	304 	65 	90 	91 
016403 	304 	65 	90 	91 
016404 	293 	66 	108 	109 
016405 	293 	66 	108 	109 
016406 	293 	66 	108 	109 
016407 	304 	75 	90 	91 
016408 	293 	66 	108 	109 
016409 	304 	75 	90 	91 
016410 	304 	75 	90 	91 
016411 	304 	75 	90 	91 
016412 	304 	75 	90 	91 
016413 	304 	75 	90 	91 
016414 	304 	75 	90 	91 
016415 	304 	75 	90 	91 
016416 	304 	75 	90 	91 
016417 	304 	75 	90 	91 
016418 	304 	75 	90 	91 
016419 	304 	75 	90 	91 
016420 	294 	75 	90 	91 
016421 	294 	75 	90 	91 
016422 	294 	75 	90 	91 
016423 	294 	75 	90 	91 
016424 	294 	75 	90 	91 
016425 	294 	75 	90 	91 
016426 	294 	75 	90 	91 
016427 	294 	75 	90 	91 
016428 	294 	65 	90 	91 
016429 	304 	65 	90 	91 
016430 	304 	65 	90 	91 
016431 	304 	65 	90 	91 
016432 	304 	65 	90 	91 
016433 	293 	54 	108 	109 
016434 	293 	54 	108 	109 
016435 	304 	55 	90 	91 
016436 	304 	55 	90 	91 
016437 	304 	55 	90 	91 
016438 	304 	55 	90 	91 
016439 	304 	55 	90 	91 
016440 	304 	55 	90 	91 
016441 	304 	55 	90 	91 
016442 	304 	55 	90 	91 
016443 	304 	55 	90 	91 
016444 	294 	55 	90 	91 
016445 	304 	55 	90 	91 
016446 	293 	54 	108 	109 
016447 	293 	54 	108 	109 
016448 	293 	54 	108 	109 
016449 	293 	54 	108 	109 
016450 	293 	54 	108 	109 
016451 	293 	54 	108 	109 
016452 	293 	54 	108 	109 
016453 	293 	54 	108 	109 
016454 	293 	54 	108 	109 
016455 	293 	54 	108 	109 
016456 	293 	54 	108 	109 
016457 	293 	54 	108 	109 
016458 	293 	54 	108 	109 
016459 	294 	55 	90 	91 
016460 	294 	55 	90 	91 
016461 	294 	55 	90 	91 
016462 	294 	55 	90 	91 
016463 	294 	55 	90 	91 
016464 	294 	65 	90 	91 
016465 	294 	65 	90 	91 
016466 	294 	65 	90 	91 
016467 	294 	65 	90 	91 
016468 	294 	65 	90 	91 
016469 	294 	65 	90 	91 
016470 	294 	65 	90 	91 
016471 	294 	65 	90 	91 
016472 	294 	65 	90 	91 
016473 	294 	65 	90 	91 
016474 	294 	65 	90 	91 
016475 	294 	65 	90 	91 
016476 	294 	65 	90 	91 
016477 	294 	65 	90 	91 
016478 	294 	65 	90 	91 
016479 	294 	65 	90 	91 
016480 	294 	65 	90 	91 
016481 	294 	65 	90 	91 
016482 	294 	65 	90 	91 
016483 	294 	65 	90 	91 
016484 	294 	65 	90 	91 
016485 	294 	65 	90 	91 
016486 	294 	65 	90 	91 
016487 	294 	65 	90 	91 
016488 	294 	65 	90 	91 
016489 	294 	65 	90 	91 
016490 	294 	65 	90 	91 
016491 	294 	65 	90 	91 
016492 	304 	65 	90 	91 
016493 	304 	65 	90 	91 
016494 	304 	65 	90 	91 
016495 	304 	65 	90 	91 
016496 	304 	65 	90 	91 
016497 	304 	65 	90 	91 
016498 	304 	65 	90 	91 
016499 	304 	65 	90 	91 
016500 	294 	65 	90 	91 
016501 	294 	65 	90 	91 
016502 	294 	65 	90 	91 
016503 	294 	65 	90 	91 
016504 	294 	65 	90 	91 
016505 	294 	65 	90 	91 
016506 	294 	65 	90 	91 
016507 	294 	65 	90 	91 
016508 	294 	65 	90 	91 
016509 	294 	65 	90 	91 
016510 	294 	65 	90 	91 
016511 	294 	65 	90 	91 
016512 	294 	65 	90 	91 
016513 	294 	65 	90 	91 
