Identity  : 	id10300
Reference : 	1ZyvrJaiLQk
Offset    : 	-3
FV Conf   : 	17.784
ASD Conf  : 	7.113

FRAME 	X 	Y 	W 	H 
012274 	254 	65 	90 	91 
012275 	254 	65 	90 	91 
012276 	254 	65 	90 	91 
012277 	254 	65 	90 	91 
012278 	254 	65 	90 	91 
012279 	254 	65 	90 	91 
012280 	254 	65 	90 	91 
012281 	254 	65 	90 	91 
012282 	254 	65 	90 	91 
012283 	254 	65 	90 	91 
012284 	254 	65 	90 	91 
012285 	254 	65 	90 	91 
012286 	254 	65 	90 	91 
012287 	254 	65 	90 	91 
012288 	254 	65 	90 	91 
012289 	254 	65 	90 	91 
012290 	254 	65 	90 	91 
012291 	254 	65 	90 	91 
012292 	254 	55 	90 	91 
012293 	254 	55 	90 	91 
012294 	254 	55 	90 	91 
012295 	264 	55 	90 	91 
012296 	264 	55 	90 	91 
012297 	264 	55 	90 	91 
012298 	264 	55 	90 	91 
012299 	269 	62 	76 	76 
012300 	264 	55 	90 	91 
012301 	264 	55 	90 	91 
012302 	264 	55 	90 	91 
012303 	264 	55 	90 	91 
012304 	264 	55 	90 	91 
012305 	264 	65 	90 	91 
012306 	264 	65 	90 	91 
012307 	264 	65 	90 	91 
012308 	274 	65 	90 	91 
012309 	274 	65 	90 	91 
012310 	274 	65 	90 	91 
012311 	274 	65 	90 	91 
012312 	274 	65 	90 	91 
012313 	274 	65 	90 	91 
012314 	274 	65 	90 	91 
012315 	274 	65 	90 	91 
012316 	274 	65 	90 	91 
012317 	274 	65 	90 	91 
012318 	274 	65 	90 	91 
012319 	274 	65 	90 	91 
012320 	274 	65 	90 	91 
012321 	274 	65 	90 	91 
012322 	274 	65 	90 	91 
012323 	274 	65 	90 	91 
012324 	264 	65 	90 	91 
012325 	264 	65 	90 	91 
012326 	264 	65 	90 	91 
012327 	264 	65 	90 	91 
012328 	264 	65 	90 	91 
012329 	264 	65 	90 	91 
012330 	264 	65 	90 	91 
012331 	264 	65 	90 	91 
012332 	264 	65 	90 	91 
012333 	264 	65 	90 	91 
012334 	264 	65 	90 	91 
012335 	264 	65 	90 	91 
012336 	274 	65 	90 	91 
012337 	274 	65 	90 	91 
012338 	264 	65 	90 	91 
012339 	274 	65 	90 	91 
012340 	274 	65 	90 	91 
012341 	274 	65 	90 	91 
012342 	274 	65 	90 	91 
012343 	274 	65 	90 	91 
012344 	274 	65 	90 	91 
012345 	274 	65 	90 	91 
012346 	274 	65 	90 	91 
012347 	274 	65 	90 	91 
012348 	274 	65 	90 	91 
012349 	274 	65 	90 	91 
012350 	264 	55 	90 	91 
012351 	264 	55 	90 	91 
012352 	264 	55 	90 	91 
012353 	264 	55 	90 	91 
012354 	264 	55 	90 	91 
012355 	264 	55 	90 	91 
012356 	264 	55 	90 	91 
012357 	264 	55 	90 	91 
012358 	264 	55 	90 	91 
012359 	264 	55 	90 	91 
012360 	264 	65 	90 	91 
012361 	264 	65 	90 	91 
012362 	264 	65 	90 	91 
012363 	264 	65 	90 	91 
012364 	264 	65 	90 	91 
012365 	264 	65 	90 	91 
012366 	264 	65 	90 	91 
012367 	264 	65 	90 	91 
012368 	264 	65 	90 	91 
012369 	264 	65 	90 	91 
012370 	264 	65 	90 	91 
012371 	264 	65 	90 	91 
012372 	274 	65 	90 	91 
012373 	274 	65 	90 	91 
012374 	274 	65 	90 	91 
012375 	274 	65 	90 	91 
012376 	274 	65 	90 	91 
012377 	274 	65 	90 	91 
012378 	274 	65 	90 	91 
012379 	274 	65 	90 	91 
012380 	274 	65 	90 	91 
012381 	274 	65 	90 	91 
012382 	274 	65 	90 	91 
012383 	274 	65 	90 	91 
012384 	274 	65 	90 	91 
012385 	274 	65 	90 	91 
012386 	274 	65 	90 	91 
012387 	274 	65 	90 	91 
012388 	274 	65 	90 	91 
012389 	257 	66 	109 	109 
012390 	264 	75 	90 	91 
012391 	257 	66 	109 	109 
012392 	257 	66 	109 	109 
012393 	264 	75 	90 	91 
012394 	257 	66 	109 	109 
012395 	264 	75 	90 	91 
012396 	264 	75 	90 	91 
012397 	264 	75 	90 	91 
012398 	264 	75 	90 	91 
012399 	264 	75 	90 	91 
012400 	274 	75 	90 	91 
012401 	274 	75 	90 	91 
012402 	274 	75 	90 	91 
012403 	274 	75 	90 	91 
012404 	274 	75 	90 	91 
012405 	274 	75 	90 	91 
012406 	274 	75 	90 	91 
012407 	274 	75 	90 	91 
012408 	274 	75 	90 	91 
012409 	274 	75 	90 	91 
012410 	274 	75 	90 	91 
012411 	274 	75 	90 	91 
012412 	274 	75 	90 	91 
012413 	274 	75 	90 	91 
012414 	274 	75 	90 	91 
012415 	274 	65 	90 	91 
012416 	274 	65 	90 	91 
012417 	274 	65 	90 	91 
012418 	274 	65 	90 	91 
