Identity  : 	id10300
Reference : 	1ZyvrJaiLQk
Offset    : 	-2
FV Conf   : 	18.902
ASD Conf  : 	6.147

FRAME 	X 	Y 	W 	H 
022658 	254 	65 	90 	91 
022659 	245 	54 	109 	109 
022660 	245 	54 	109 	109 
022661 	245 	54 	109 	109 
022662 	254 	65 	90 	91 
022663 	245 	54 	109 	109 
022664 	254 	65 	90 	91 
022665 	245 	54 	109 	109 
022666 	245 	54 	109 	109 
022667 	245 	54 	109 	109 
022668 	245 	54 	109 	109 
022669 	245 	54 	109 	109 
022670 	245 	54 	109 	109 
022671 	245 	54 	109 	109 
022672 	245 	54 	109 	109 
022673 	245 	54 	109 	109 
022674 	245 	54 	109 	109 
022675 	245 	54 	109 	109 
022676 	245 	54 	109 	109 
022677 	245 	54 	109 	109 
022678 	245 	54 	109 	109 
022679 	245 	54 	109 	109 
022680 	245 	54 	109 	109 
022681 	245 	54 	109 	109 
022682 	245 	54 	109 	109 
022683 	245 	54 	109 	109 
022684 	245 	54 	109 	109 
022685 	245 	54 	109 	109 
022686 	245 	54 	109 	109 
022687 	245 	54 	109 	109 
022688 	245 	54 	109 	109 
022689 	245 	54 	109 	109 
022690 	245 	54 	109 	109 
022691 	245 	54 	109 	109 
022692 	264 	55 	90 	91 
022693 	254 	55 	90 	91 
022694 	254 	55 	90 	91 
022695 	254 	55 	90 	91 
022696 	254 	55 	90 	91 
022697 	245 	54 	109 	109 
022698 	245 	54 	109 	109 
022699 	245 	54 	109 	109 
022700 	245 	54 	109 	109 
022701 	245 	54 	109 	109 
022702 	245 	54 	109 	109 
022703 	245 	54 	109 	109 
022704 	245 	54 	109 	109 
022705 	245 	54 	109 	109 
022706 	245 	54 	109 	109 
022707 	245 	54 	109 	109 
022708 	245 	54 	109 	109 
022709 	245 	54 	109 	109 
022710 	245 	54 	109 	109 
022711 	245 	54 	109 	109 
022712 	245 	54 	109 	109 
022713 	245 	54 	109 	109 
022714 	245 	54 	109 	109 
022715 	245 	54 	109 	109 
022716 	245 	54 	109 	109 
022717 	245 	54 	109 	109 
022718 	254 	65 	90 	91 
022719 	245 	54 	109 	109 
022720 	245 	54 	109 	109 
022721 	254 	65 	90 	91 
022722 	245 	54 	109 	109 
022723 	245 	54 	109 	109 
022724 	264 	65 	90 	91 
022725 	257 	54 	109 	109 
022726 	264 	65 	90 	91 
022727 	264 	55 	90 	91 
022728 	264 	55 	90 	91 
022729 	264 	55 	90 	91 
022730 	264 	55 	90 	91 
022731 	254 	55 	90 	91 
022732 	264 	65 	90 	91 
022733 	245 	54 	109 	109 
022734 	245 	54 	109 	109 
022735 	245 	54 	109 	109 
022736 	245 	54 	109 	109 
022737 	245 	54 	109 	109 
022738 	245 	54 	109 	109 
022739 	245 	54 	109 	109 
022740 	245 	54 	109 	109 
022741 	245 	54 	109 	109 
022742 	245 	54 	109 	109 
022743 	245 	54 	109 	109 
022744 	245 	54 	109 	109 
022745 	245 	54 	109 	109 
022746 	245 	54 	109 	109 
022747 	245 	54 	109 	109 
022748 	245 	54 	109 	109 
022749 	245 	54 	109 	109 
022750 	245 	54 	109 	109 
022751 	245 	54 	109 	109 
022752 	245 	54 	109 	109 
022753 	254 	65 	90 	91 
022754 	254 	65 	90 	91 
022755 	254 	65 	90 	91 
022756 	254 	65 	90 	91 
022757 	254 	65 	90 	91 
022758 	254 	65 	90 	91 
022759 	254 	65 	90 	91 
022760 	254 	65 	90 	91 
022761 	254 	65 	90 	91 
022762 	254 	65 	90 	91 
022763 	254 	55 	90 	91 
022764 	254 	65 	90 	91 
022765 	264 	55 	90 	91 
022766 	264 	55 	90 	91 
022767 	264 	55 	90 	91 
022768 	264 	55 	90 	91 
022769 	264 	55 	90 	91 
022770 	254 	55 	90 	91 
022771 	254 	55 	90 	91 
022772 	254 	55 	90 	91 
022773 	254 	55 	90 	91 
022774 	254 	55 	90 	91 
022775 	254 	55 	90 	91 
022776 	254 	55 	90 	91 
022777 	254 	55 	90 	91 
022778 	254 	55 	90 	91 
022779 	254 	55 	90 	91 
022780 	254 	55 	90 	91 
022781 	254 	55 	90 	91 
022782 	254 	55 	90 	91 
022783 	254 	55 	90 	91 
