Identity  : 	id10300
Reference : 	1ZyvrJaiLQk
Offset    : 	-3
FV Conf   : 	15.068
ASD Conf  : 	6.781

FRAME 	X 	Y 	W 	H 
030042 	293 	66 	108 	109 
030043 	293 	66 	108 	109 
030044 	293 	78 	108 	109 
030045 	293 	78 	108 	109 
030046 	293 	78 	108 	109 
030047 	293 	78 	108 	109 
030048 	293 	78 	108 	109 
030049 	293 	78 	108 	109 
030050 	293 	78 	108 	109 
030051 	293 	78 	108 	109 
030052 	293 	78 	108 	109 
030053 	293 	78 	108 	109 
030054 	293 	78 	108 	109 
030055 	293 	78 	108 	109 
030056 	293 	78 	108 	109 
030057 	293 	78 	108 	109 
030058 	293 	78 	108 	109 
030059 	293 	78 	108 	109 
030060 	293 	78 	108 	109 
030061 	293 	78 	108 	109 
030062 	293 	78 	108 	109 
030063 	293 	78 	108 	109 
030064 	293 	78 	108 	109 
030065 	293 	90 	108 	109 
030066 	293 	78 	108 	109 
030067 	293 	78 	108 	109 
030068 	293 	78 	108 	109 
030069 	293 	78 	108 	109 
030070 	293 	78 	108 	109 
030071 	293 	78 	108 	109 
030072 	293 	78 	108 	109 
030073 	293 	78 	108 	109 
030074 	293 	78 	108 	109 
030075 	293 	78 	108 	109 
030076 	293 	78 	108 	109 
030077 	293 	78 	108 	109 
030078 	293 	78 	108 	109 
030079 	305 	90 	108 	109 
030080 	305 	90 	108 	109 
030081 	305 	90 	108 	109 
030082 	305 	90 	108 	109 
030083 	305 	90 	108 	109 
030084 	305 	90 	108 	109 
030085 	293 	90 	108 	109 
030086 	293 	90 	108 	109 
030087 	293 	90 	108 	109 
030088 	293 	90 	108 	109 
030089 	293 	90 	108 	109 
030090 	293 	90 	108 	109 
030091 	293 	90 	108 	109 
030092 	293 	90 	108 	109 
030093 	293 	90 	108 	109 
030094 	293 	90 	108 	109 
030095 	293 	90 	108 	109 
030096 	293 	90 	108 	109 
030097 	293 	90 	108 	109 
030098 	293 	90 	108 	109 
030099 	293 	90 	108 	109 
030100 	293 	90 	108 	109 
030101 	293 	90 	108 	109 
030102 	293 	90 	108 	109 
030103 	293 	90 	108 	109 
030104 	293 	90 	108 	109 
030105 	293 	90 	108 	109 
030106 	293 	90 	108 	109 
030107 	293 	90 	108 	109 
030108 	293 	90 	108 	109 
030109 	293 	90 	108 	109 
030110 	293 	90 	108 	109 
030111 	293 	90 	108 	109 
030112 	293 	90 	108 	109 
030113 	293 	78 	108 	109 
030114 	293 	78 	108 	109 
030115 	293 	78 	108 	109 
030116 	293 	78 	108 	109 
030117 	293 	78 	108 	109 
030118 	293 	66 	108 	109 
030119 	305 	66 	108 	109 
030120 	305 	66 	108 	109 
030121 	305 	66 	108 	109 
030122 	305 	66 	108 	109 
030123 	305 	66 	108 	109 
030124 	305 	66 	108 	109 
030125 	305 	66 	108 	109 
030126 	305 	78 	108 	109 
030127 	305 	78 	108 	109 
030128 	305 	78 	108 	109 
030129 	305 	78 	108 	109 
030130 	317 	78 	108 	109 
030131 	317 	78 	108 	109 
030132 	317 	78 	108 	109 
030133 	317 	78 	108 	109 
030134 	317 	78 	108 	109 
030135 	317 	78 	108 	109 
030136 	317 	78 	108 	109 
030137 	317 	78 	108 	109 
030138 	317 	78 	108 	109 
030139 	317 	78 	108 	109 
030140 	317 	78 	108 	109 
030141 	317 	78 	108 	109 
030142 	317 	78 	108 	109 
030143 	317 	78 	108 	109 
030144 	317 	78 	108 	109 
030145 	317 	78 	108 	109 
030146 	317 	78 	108 	109 
030147 	317 	78 	108 	109 
030148 	317 	78 	108 	109 
030149 	317 	78 	108 	109 
030150 	317 	78 	108 	109 
030151 	317 	78 	108 	109 
030152 	317 	78 	108 	109 
030153 	317 	78 	108 	109 
030154 	317 	78 	108 	109 
030155 	317 	78 	108 	109 
030156 	317 	78 	108 	109 
030157 	317 	78 	108 	109 
030158 	333 	95 	91 	91 
030159 	333 	95 	91 	91 
030160 	333 	95 	91 	91 
030161 	333 	95 	91 	91 
030162 	333 	95 	91 	91 
030163 	333 	95 	91 	91 
030164 	333 	95 	91 	91 
030165 	317 	90 	108 	109 
030166 	309 	80 	130 	130 
030167 	317 	90 	108 	109 
030168 	317 	90 	108 	109 
030169 	317 	90 	108 	109 
030170 	317 	90 	108 	109 
030171 	317 	90 	108 	109 
030172 	317 	90 	108 	109 
030173 	317 	90 	108 	109 
