Identity  : 	id10293
Reference : 	OMOpC0gi-gQ
Offset    : 	-2
FV Conf   : 	20.150
ASD Conf  : 	6.319

FRAME 	X 	Y 	W 	H 
001591 	393 	65 	91 	91 
001592 	393 	65 	91 	91 
001593 	393 	65 	91 	91 
001594 	393 	65 	91 	91 
001595 	393 	65 	91 	91 
001596 	393 	65 	91 	91 
001597 	393 	65 	91 	91 
001598 	393 	65 	91 	91 
001599 	393 	65 	91 	91 
001600 	393 	65 	91 	91 
001601 	393 	65 	91 	91 
001602 	393 	65 	91 	91 
001603 	393 	65 	91 	91 
001604 	393 	65 	91 	91 
001605 	393 	65 	91 	91 
001606 	393 	65 	91 	91 
001607 	393 	65 	91 	91 
001608 	393 	65 	91 	91 
001609 	393 	65 	91 	91 
001610 	393 	65 	91 	91 
001611 	393 	65 	91 	91 
001612 	393 	65 	91 	91 
001613 	393 	65 	91 	91 
001614 	393 	65 	91 	91 
001615 	393 	65 	91 	91 
001616 	393 	65 	91 	91 
001617 	393 	65 	91 	91 
001618 	393 	65 	91 	91 
001619 	393 	65 	91 	91 
001620 	393 	65 	91 	91 
001621 	393 	65 	91 	91 
001622 	393 	65 	91 	91 
001623 	393 	65 	91 	91 
001624 	393 	65 	91 	91 
001625 	393 	65 	91 	91 
001626 	393 	65 	91 	91 
001627 	393 	65 	91 	91 
001628 	393 	65 	91 	91 
001629 	393 	65 	91 	91 
001630 	393 	65 	91 	91 
001631 	393 	65 	91 	91 
001632 	393 	65 	91 	91 
001633 	393 	65 	91 	91 
001634 	393 	65 	91 	91 
001635 	393 	65 	91 	91 
001636 	393 	65 	91 	91 
001637 	393 	65 	91 	91 
001638 	393 	65 	91 	91 
001639 	393 	65 	91 	91 
001640 	393 	65 	91 	91 
001641 	393 	65 	91 	91 
001642 	393 	65 	91 	91 
001643 	393 	65 	91 	91 
001644 	393 	65 	91 	91 
001645 	393 	65 	91 	91 
001646 	393 	65 	91 	91 
001647 	393 	65 	91 	91 
001648 	393 	65 	91 	91 
001649 	393 	65 	91 	91 
001650 	393 	65 	91 	91 
001651 	393 	65 	91 	91 
001652 	393 	65 	91 	91 
001653 	393 	65 	91 	91 
001654 	393 	65 	91 	91 
001655 	393 	65 	91 	91 
001656 	393 	65 	91 	91 
001657 	393 	65 	91 	91 
001658 	393 	65 	91 	91 
001659 	393 	65 	91 	91 
001660 	393 	65 	91 	91 
001661 	393 	65 	91 	91 
001662 	393 	65 	91 	91 
001663 	393 	65 	91 	91 
001664 	393 	65 	91 	91 
001665 	393 	65 	91 	91 
001666 	393 	65 	91 	91 
001667 	393 	65 	91 	91 
001668 	393 	65 	91 	91 
001669 	393 	65 	91 	91 
001670 	393 	65 	91 	91 
001671 	393 	65 	91 	91 
001672 	393 	65 	91 	91 
001673 	393 	65 	91 	91 
001674 	393 	65 	91 	91 
001675 	393 	65 	91 	91 
001676 	393 	65 	91 	91 
001677 	393 	65 	91 	91 
001678 	393 	65 	91 	91 
001679 	393 	65 	91 	91 
001680 	393 	65 	91 	91 
001681 	393 	65 	91 	91 
001682 	393 	65 	91 	91 
001683 	393 	65 	91 	91 
001684 	393 	65 	91 	91 
001685 	393 	65 	91 	91 
001686 	393 	65 	91 	91 
001687 	393 	65 	91 	91 
001688 	393 	65 	91 	91 
001689 	393 	65 	91 	91 
001690 	393 	65 	91 	91 
001691 	393 	65 	91 	91 
001692 	393 	65 	91 	91 
001693 	393 	65 	91 	91 
001694 	393 	65 	91 	91 
001695 	393 	65 	91 	91 
001696 	393 	65 	91 	91 
001697 	393 	65 	91 	91 
001698 	393 	65 	91 	91 
001699 	393 	65 	91 	91 
001700 	393 	65 	91 	91 
001701 	393 	65 	91 	91 
001702 	393 	65 	91 	91 
001703 	393 	65 	91 	91 
001704 	393 	65 	91 	91 
001705 	393 	65 	91 	91 
001706 	393 	65 	91 	91 
001707 	393 	65 	91 	91 
001708 	393 	65 	91 	91 
001709 	393 	65 	91 	91 
001710 	393 	65 	91 	91 
001711 	393 	65 	91 	91 
001712 	393 	65 	91 	91 
001713 	393 	65 	91 	91 
001714 	393 	65 	91 	91 
001715 	393 	65 	91 	91 
001716 	393 	65 	91 	91 
001717 	393 	65 	91 	91 
001718 	393 	65 	91 	91 
001719 	393 	65 	91 	91 
001720 	393 	55 	91 	91 
001721 	393 	55 	91 	91 
001722 	393 	55 	91 	91 
001723 	393 	55 	91 	91 
001724 	393 	55 	91 	91 
001725 	393 	55 	91 	91 
001726 	393 	55 	91 	91 
001727 	383 	55 	91 	91 
001728 	383 	55 	91 	91 
001729 	383 	55 	91 	91 
001730 	383 	55 	91 	91 
001731 	373 	55 	91 	91 
001732 	373 	55 	91 	91 
001733 	373 	55 	91 	91 
001734 	373 	55 	91 	91 
001735 	373 	55 	91 	91 
001736 	373 	55 	91 	91 
001737 	383 	55 	91 	91 
001738 	383 	55 	91 	91 
001739 	383 	55 	91 	91 
001740 	383 	55 	91 	91 
001741 	383 	55 	91 	91 
001742 	383 	55 	91 	91 
001743 	373 	55 	91 	91 
001744 	373 	55 	91 	91 
001745 	373 	55 	91 	91 
001746 	373 	55 	91 	91 
001747 	373 	55 	91 	91 
001748 	373 	55 	91 	91 
001749 	373 	55 	91 	91 
001750 	373 	55 	91 	91 
001751 	373 	55 	91 	91 
001752 	373 	55 	91 	91 
001753 	373 	55 	91 	91 
001754 	373 	55 	91 	91 
001755 	373 	55 	91 	91 
001756 	383 	55 	91 	91 
001757 	383 	55 	91 	91 
001758 	383 	55 	91 	91 
001759 	383 	55 	91 	91 
001760 	383 	55 	91 	91 
001761 	383 	55 	91 	91 
001762 	383 	55 	91 	91 
001763 	383 	55 	91 	91 
001764 	383 	55 	91 	91 
001765 	383 	55 	91 	91 
001766 	373 	55 	91 	91 
001767 	373 	55 	91 	91 
001768 	373 	55 	91 	91 
001769 	373 	55 	91 	91 
001770 	373 	55 	91 	91 
001771 	373 	55 	91 	91 
001772 	373 	55 	91 	91 
001773 	373 	55 	91 	91 
001774 	373 	55 	91 	91 
001775 	373 	55 	91 	91 
001776 	373 	55 	91 	91 
001777 	373 	55 	91 	91 
001778 	383 	55 	91 	91 
001779 	383 	55 	91 	91 
001780 	383 	55 	91 	91 
001781 	383 	55 	91 	91 
001782 	383 	55 	91 	91 
001783 	383 	55 	91 	91 
001784 	383 	55 	91 	91 
001785 	383 	55 	91 	91 
001786 	383 	55 	91 	91 
001787 	383 	55 	91 	91 
001788 	373 	55 	91 	91 
001789 	373 	55 	91 	91 
001790 	373 	55 	91 	91 
001791 	373 	55 	91 	91 
001792 	373 	55 	91 	91 
001793 	373 	55 	91 	91 
001794 	373 	55 	91 	91 
001795 	373 	55 	91 	91 
001796 	373 	55 	91 	91 
001797 	373 	55 	91 	91 
001798 	373 	55 	91 	91 
001799 	373 	55 	91 	91 
001800 	373 	55 	91 	91 
001801 	373 	55 	91 	91 
001802 	373 	55 	91 	91 
001803 	373 	55 	91 	91 
001804 	373 	55 	91 	91 
001805 	373 	55 	91 	91 
001806 	373 	55 	91 	91 
001807 	373 	55 	91 	91 
001808 	373 	55 	91 	91 
001809 	373 	55 	91 	91 
001810 	373 	55 	91 	91 
001811 	373 	55 	91 	91 
001812 	373 	55 	91 	91 
001813 	373 	55 	91 	91 
001814 	373 	55 	91 	91 
001815 	373 	55 	91 	91 
001816 	373 	55 	91 	91 
001817 	373 	55 	91 	91 
001818 	373 	55 	91 	91 
001819 	373 	55 	91 	91 
001820 	373 	55 	91 	91 
001821 	373 	55 	91 	91 
001822 	373 	55 	91 	91 
001823 	373 	55 	91 	91 
001824 	373 	55 	91 	91 
001825 	373 	55 	91 	91 
001826 	373 	55 	91 	91 
001827 	373 	55 	91 	91 
001828 	373 	55 	91 	91 
001829 	373 	55 	91 	91 
001830 	373 	55 	91 	91 
001831 	373 	55 	91 	91 
001832 	373 	55 	91 	91 
001833 	373 	55 	91 	91 
001834 	373 	55 	91 	91 
001835 	373 	55 	91 	91 
001836 	373 	55 	91 	91 
001837 	373 	55 	91 	91 
001838 	373 	55 	91 	91 
001839 	373 	55 	91 	91 
001840 	373 	55 	91 	91 
001841 	373 	55 	91 	91 
001842 	373 	55 	91 	91 
001843 	373 	55 	91 	91 
001844 	373 	55 	91 	91 
001845 	373 	55 	91 	91 
001846 	383 	55 	91 	91 
001847 	383 	55 	91 	91 
001848 	383 	55 	91 	91 
001849 	383 	55 	91 	91 
001850 	383 	55 	91 	91 
001851 	383 	55 	91 	91 
001852 	383 	55 	91 	91 
001853 	383 	55 	91 	91 
