Identity  : 	id10293
Reference : 	OMOpC0gi-gQ
Offset    : 	-2
FV Conf   : 	17.203
ASD Conf  : 	6.997

FRAME 	X 	Y 	W 	H 
004848 	403 	55 	91 	91 
004849 	403 	55 	91 	91 
004850 	403 	55 	91 	91 
004851 	403 	55 	91 	91 
004852 	403 	55 	91 	91 
004853 	403 	55 	91 	91 
004854 	403 	55 	91 	91 
004855 	403 	55 	91 	91 
004856 	403 	55 	91 	91 
004857 	403 	55 	91 	91 
004858 	403 	55 	91 	91 
004859 	403 	55 	91 	91 
004860 	403 	55 	91 	91 
004861 	403 	55 	91 	91 
004862 	413 	55 	91 	91 
004863 	413 	55 	91 	91 
004864 	403 	55 	91 	91 
004865 	403 	55 	91 	91 
004866 	403 	55 	91 	91 
004867 	403 	55 	91 	91 
004868 	403 	55 	91 	91 
004869 	403 	55 	91 	91 
004870 	403 	65 	91 	91 
004871 	403 	65 	91 	91 
004872 	403 	65 	91 	91 
004873 	403 	55 	91 	91 
004874 	403 	55 	91 	91 
004875 	403 	55 	91 	91 
004876 	403 	55 	91 	91 
004877 	403 	55 	91 	91 
004878 	403 	55 	91 	91 
004879 	403 	55 	91 	91 
004880 	403 	55 	91 	91 
004881 	403 	55 	91 	91 
004882 	403 	55 	91 	91 
004883 	403 	55 	91 	91 
004884 	403 	55 	91 	91 
004885 	403 	55 	91 	91 
004886 	403 	55 	91 	91 
004887 	403 	55 	91 	91 
004888 	403 	65 	91 	91 
004889 	403 	65 	91 	91 
004890 	403 	65 	91 	91 
004891 	403 	65 	91 	91 
004892 	403 	65 	91 	91 
004893 	403 	65 	91 	91 
004894 	403 	55 	91 	91 
004895 	403 	55 	91 	91 
004896 	403 	55 	91 	91 
004897 	403 	55 	91 	91 
004898 	403 	55 	91 	91 
004899 	403 	65 	91 	91 
004900 	403 	65 	91 	91 
004901 	403 	65 	91 	91 
004902 	403 	65 	91 	91 
004903 	403 	65 	91 	91 
004904 	403 	65 	91 	91 
004905 	403 	65 	91 	91 
004906 	403 	65 	91 	91 
004907 	403 	65 	91 	91 
004908 	403 	65 	91 	91 
004909 	403 	65 	91 	91 
004910 	403 	65 	91 	91 
004911 	403 	65 	91 	91 
004912 	403 	65 	91 	91 
004913 	403 	65 	91 	91 
004914 	403 	65 	91 	91 
004915 	403 	65 	91 	91 
004916 	403 	65 	91 	91 
004917 	403 	65 	91 	91 
004918 	403 	65 	91 	91 
004919 	403 	65 	91 	91 
004920 	403 	65 	91 	91 
004921 	403 	65 	91 	91 
004922 	403 	65 	91 	91 
004923 	403 	65 	91 	91 
004924 	403 	65 	91 	91 
004925 	403 	65 	91 	91 
004926 	403 	65 	91 	91 
004927 	403 	65 	91 	91 
004928 	403 	65 	91 	91 
004929 	403 	65 	91 	91 
004930 	403 	65 	91 	91 
004931 	403 	65 	91 	91 
004932 	403 	65 	91 	91 
004933 	403 	65 	91 	91 
004934 	403 	65 	91 	91 
004935 	403 	65 	91 	91 
004936 	403 	65 	91 	91 
004937 	403 	65 	91 	91 
004938 	403 	65 	91 	91 
004939 	403 	65 	91 	91 
004940 	403 	65 	91 	91 
004941 	403 	65 	91 	91 
004942 	403 	65 	91 	91 
004943 	403 	65 	91 	91 
004944 	403 	65 	91 	91 
004945 	403 	65 	91 	91 
004946 	403 	65 	91 	91 
004947 	403 	65 	91 	91 
004948 	403 	65 	91 	91 
004949 	403 	65 	91 	91 
004950 	403 	65 	91 	91 
004951 	403 	65 	91 	91 
004952 	403 	65 	91 	91 
004953 	403 	65 	91 	91 
004954 	403 	65 	91 	91 
004955 	403 	65 	91 	91 
004956 	403 	65 	91 	91 
004957 	403 	65 	91 	91 
004958 	403 	65 	91 	91 
004959 	403 	65 	91 	91 
004960 	403 	65 	91 	91 
004961 	403 	65 	91 	91 
004962 	403 	65 	91 	91 
004963 	403 	65 	91 	91 
004964 	403 	65 	91 	91 
004965 	403 	65 	91 	91 
004966 	403 	65 	91 	91 
004967 	403 	65 	91 	91 
004968 	403 	65 	91 	91 
004969 	403 	65 	91 	91 
004970 	403 	65 	91 	91 
004971 	403 	65 	91 	91 
004972 	403 	65 	91 	91 
004973 	403 	65 	91 	91 
004974 	403 	65 	91 	91 
004975 	403 	65 	91 	91 
004976 	403 	65 	91 	91 
004977 	403 	65 	91 	91 
004978 	403 	65 	91 	91 
004979 	403 	65 	91 	91 
004980 	403 	65 	91 	91 
004981 	403 	65 	91 	91 
004982 	403 	65 	91 	91 
004983 	403 	65 	91 	91 
004984 	403 	65 	91 	91 
004985 	403 	65 	91 	91 
004986 	403 	65 	91 	91 
004987 	403 	65 	91 	91 
004988 	403 	65 	91 	91 
004989 	403 	65 	91 	91 
004990 	403 	65 	91 	91 
004991 	403 	65 	91 	91 
004992 	403 	65 	91 	91 
004993 	403 	65 	91 	91 
004994 	403 	65 	91 	91 
004995 	403 	65 	91 	91 
004996 	403 	65 	91 	91 
004997 	403 	65 	91 	91 
004998 	403 	65 	91 	91 
004999 	403 	65 	91 	91 
005000 	403 	65 	91 	91 
005001 	403 	65 	91 	91 
005002 	403 	65 	91 	91 
005003 	403 	65 	91 	91 
005004 	403 	65 	91 	91 
005005 	403 	65 	91 	91 
005006 	403 	65 	91 	91 
005007 	403 	65 	91 	91 
005008 	403 	65 	91 	91 
005009 	403 	65 	91 	91 
005010 	403 	65 	91 	91 
005011 	403 	65 	91 	91 
005012 	403 	65 	91 	91 
005013 	403 	65 	91 	91 
005014 	393 	65 	91 	91 
005015 	393 	65 	91 	91 
005016 	403 	65 	91 	91 
005017 	393 	65 	91 	91 
005018 	393 	65 	91 	91 
005019 	393 	65 	91 	91 
005020 	393 	65 	91 	91 
005021 	393 	65 	91 	91 
005022 	393 	65 	91 	91 
005023 	393 	65 	91 	91 
005024 	393 	65 	91 	91 
005025 	393 	65 	91 	91 
005026 	393 	65 	91 	91 
005027 	393 	65 	91 	91 
005028 	393 	65 	91 	91 
005029 	393 	65 	91 	91 
005030 	403 	65 	91 	91 
005031 	403 	65 	91 	91 
005032 	403 	65 	91 	91 
005033 	403 	65 	91 	91 
005034 	403 	65 	91 	91 
005035 	403 	65 	91 	91 
005036 	403 	65 	91 	91 
005037 	403 	65 	91 	91 
005038 	403 	65 	91 	91 
005039 	403 	65 	91 	91 
005040 	403 	65 	91 	91 
005041 	403 	65 	91 	91 
005042 	403 	65 	91 	91 
005043 	403 	65 	91 	91 
005044 	403 	65 	91 	91 
005045 	403 	65 	91 	91 
005046 	403 	65 	91 	91 
005047 	403 	55 	91 	91 
005048 	413 	55 	91 	91 
005049 	413 	55 	91 	91 
005050 	413 	55 	91 	91 
005051 	423 	55 	91 	91 
005052 	423 	55 	91 	91 
005053 	423 	55 	91 	91 
005054 	423 	55 	91 	91 
005055 	423 	55 	91 	91 
005056 	423 	55 	91 	91 
005057 	423 	55 	91 	91 
005058 	423 	55 	91 	91 
005059 	423 	55 	91 	91 
005060 	423 	55 	91 	91 
005061 	423 	55 	91 	91 
005062 	423 	55 	91 	91 
005063 	423 	55 	91 	91 
005064 	423 	55 	91 	91 
005065 	423 	55 	91 	91 
005066 	423 	55 	91 	91 
005067 	423 	55 	91 	91 
005068 	423 	55 	91 	91 
005069 	423 	55 	91 	91 
005070 	423 	65 	91 	91 
005071 	423 	65 	91 	91 
005072 	423 	65 	91 	91 
005073 	423 	65 	91 	91 
005074 	423 	65 	91 	91 
005075 	423 	65 	91 	91 
005076 	423 	65 	91 	91 
005077 	423 	65 	91 	91 
005078 	423 	65 	91 	91 
005079 	423 	65 	91 	91 
005080 	423 	65 	91 	91 
005081 	423 	65 	91 	91 
005082 	423 	65 	91 	91 
005083 	423 	65 	91 	91 
005084 	423 	65 	91 	91 
005085 	423 	65 	91 	91 
005086 	435 	79 	76 	76 
005087 	423 	65 	91 	91 
005088 	423 	65 	91 	91 
