Identity  : 	id10293
Reference : 	OMOpC0gi-gQ
Offset    : 	-2
FV Conf   : 	17.840
ASD Conf  : 	6.587

FRAME 	X 	Y 	W 	H 
000280 	443 	55 	90 	91 
000281 	443 	55 	90 	91 
000282 	433 	55 	91 	91 
000283 	433 	55 	91 	91 
000284 	423 	55 	91 	91 
000285 	423 	55 	91 	91 
000286 	413 	55 	91 	91 
000287 	403 	55 	91 	91 
000288 	403 	55 	91 	91 
000289 	403 	55 	91 	91 
000290 	393 	55 	91 	91 
000291 	393 	55 	91 	91 
000292 	383 	55 	91 	91 
000293 	383 	55 	91 	91 
000294 	383 	55 	91 	91 
000295 	383 	55 	91 	91 
000296 	383 	55 	91 	91 
000297 	383 	55 	91 	91 
000298 	383 	55 	91 	91 
000299 	383 	55 	91 	91 
000300 	383 	55 	91 	91 
000301 	383 	55 	91 	91 
000302 	383 	55 	91 	91 
000303 	393 	55 	91 	91 
000304 	393 	55 	91 	91 
000305 	393 	55 	91 	91 
000306 	393 	55 	91 	91 
000307 	393 	55 	91 	91 
000308 	393 	55 	91 	91 
000309 	393 	55 	91 	91 
000310 	393 	55 	91 	91 
000311 	393 	55 	91 	91 
000312 	393 	55 	91 	91 
000313 	393 	55 	91 	91 
000314 	393 	65 	91 	91 
000315 	393 	65 	91 	91 
000316 	393 	55 	91 	91 
000317 	393 	55 	91 	91 
000318 	393 	55 	91 	91 
000319 	393 	55 	91 	91 
000320 	393 	55 	91 	91 
000321 	393 	55 	91 	91 
000322 	393 	55 	91 	91 
000323 	393 	55 	91 	91 
000324 	393 	55 	91 	91 
000325 	393 	55 	91 	91 
000326 	393 	55 	91 	91 
000327 	393 	55 	91 	91 
000328 	393 	55 	91 	91 
000329 	393 	55 	91 	91 
000330 	393 	55 	91 	91 
000331 	393 	65 	91 	91 
000332 	393 	65 	91 	91 
000333 	393 	65 	91 	91 
000334 	393 	65 	91 	91 
000335 	393 	65 	91 	91 
000336 	393 	65 	91 	91 
000337 	393 	65 	91 	91 
000338 	393 	65 	91 	91 
000339 	393 	65 	91 	91 
000340 	393 	65 	91 	91 
000341 	393 	55 	91 	91 
000342 	393 	65 	91 	91 
000343 	393 	65 	91 	91 
000344 	393 	65 	91 	91 
000345 	393 	65 	91 	91 
000346 	393 	65 	91 	91 
000347 	393 	65 	91 	91 
000348 	393 	65 	91 	91 
000349 	393 	65 	91 	91 
000350 	393 	65 	91 	91 
000351 	393 	65 	91 	91 
000352 	393 	55 	91 	91 
000353 	393 	65 	91 	91 
000354 	393 	65 	91 	91 
000355 	393 	65 	91 	91 
000356 	393 	65 	91 	91 
000357 	393 	65 	91 	91 
000358 	393 	65 	91 	91 
000359 	393 	65 	91 	91 
000360 	393 	65 	91 	91 
000361 	393 	65 	91 	91 
000362 	393 	55 	91 	91 
000363 	393 	55 	91 	91 
000364 	393 	65 	91 	91 
000365 	393 	65 	91 	91 
000366 	393 	65 	91 	91 
000367 	393 	65 	91 	91 
000368 	393 	65 	91 	91 
000369 	393 	65 	91 	91 
000370 	393 	65 	91 	91 
000371 	393 	65 	91 	91 
000372 	393 	65 	91 	91 
000373 	393 	65 	91 	91 
000374 	393 	65 	91 	91 
000375 	393 	65 	91 	91 
000376 	393 	65 	91 	91 
000377 	393 	65 	91 	91 
000378 	393 	65 	91 	91 
000379 	393 	65 	91 	91 
000380 	393 	65 	91 	91 
000381 	393 	65 	91 	91 
000382 	393 	65 	91 	91 
000383 	393 	65 	91 	91 
000384 	393 	65 	91 	91 
000385 	393 	65 	91 	91 
000386 	393 	65 	91 	91 
000387 	393 	65 	91 	91 
000388 	393 	65 	91 	91 
000389 	393 	65 	91 	91 
000390 	393 	55 	91 	91 
000391 	393 	55 	91 	91 
000392 	383 	55 	91 	91 
000393 	383 	55 	91 	91 
000394 	383 	55 	91 	91 
000395 	383 	55 	91 	91 
000396 	383 	55 	91 	91 
000397 	383 	55 	91 	91 
000398 	383 	55 	91 	91 
000399 	383 	55 	91 	91 
000400 	383 	55 	91 	91 
000401 	383 	55 	91 	91 
000402 	383 	55 	91 	91 
000403 	383 	55 	91 	91 
000404 	383 	55 	91 	91 
000405 	383 	55 	91 	91 
000406 	383 	55 	91 	91 
000407 	383 	55 	91 	91 
000408 	383 	55 	91 	91 
000409 	383 	55 	91 	91 
000410 	383 	55 	91 	91 
000411 	383 	55 	91 	91 
000412 	383 	55 	91 	91 
000413 	383 	55 	91 	91 
000414 	383 	55 	91 	91 
000415 	383 	55 	91 	91 
000416 	383 	55 	91 	91 
000417 	383 	55 	91 	91 
000418 	383 	55 	91 	91 
000419 	383 	55 	91 	91 
000420 	383 	55 	91 	91 
000421 	383 	55 	91 	91 
000422 	383 	55 	91 	91 
000423 	383 	55 	91 	91 
000424 	383 	55 	91 	91 
000425 	393 	55 	91 	91 
000426 	393 	55 	91 	91 
000427 	393 	55 	91 	91 
000428 	393 	55 	91 	91 
000429 	393 	55 	91 	91 
000430 	393 	55 	91 	91 
000431 	393 	55 	91 	91 
000432 	393 	55 	91 	91 
000433 	393 	55 	91 	91 
000434 	383 	55 	91 	91 
000435 	383 	55 	91 	91 
000436 	383 	55 	91 	91 
000437 	383 	55 	91 	91 
000438 	383 	55 	91 	91 
000439 	383 	55 	91 	91 
000440 	383 	55 	91 	91 
000441 	383 	55 	91 	91 
000442 	383 	55 	91 	91 
000443 	383 	55 	91 	91 
000444 	383 	55 	91 	91 
000445 	383 	55 	91 	91 
000446 	383 	55 	91 	91 
000447 	383 	55 	91 	91 
000448 	383 	55 	91 	91 
000449 	383 	55 	91 	91 
000450 	393 	55 	91 	91 
000451 	393 	55 	91 	91 
000452 	393 	55 	91 	91 
000453 	393 	55 	91 	91 
000454 	393 	55 	91 	91 
000455 	393 	55 	91 	91 
000456 	393 	55 	91 	91 
000457 	393 	65 	91 	91 
000458 	393 	65 	91 	91 
000459 	393 	65 	91 	91 
000460 	393 	65 	91 	91 
000461 	393 	65 	91 	91 
000462 	393 	65 	91 	91 
000463 	393 	65 	91 	91 
000464 	393 	65 	91 	91 
000465 	393 	65 	91 	91 
000466 	393 	65 	91 	91 
000467 	393 	65 	91 	91 
000468 	393 	65 	91 	91 
000469 	393 	65 	91 	91 
000470 	393 	65 	91 	91 
000471 	393 	65 	91 	91 
000472 	393 	65 	91 	91 
000473 	393 	65 	91 	91 
000474 	393 	65 	91 	91 
000475 	393 	65 	91 	91 
000476 	393 	65 	91 	91 
000477 	393 	65 	91 	91 
000478 	393 	65 	91 	91 
000479 	393 	65 	91 	91 
000480 	393 	65 	91 	91 
000481 	393 	65 	91 	91 
000482 	393 	65 	91 	91 
000483 	393 	65 	91 	91 
000484 	393 	65 	91 	91 
000485 	393 	65 	91 	91 
000486 	393 	65 	91 	91 
000487 	393 	65 	91 	91 
000488 	393 	65 	91 	91 
000489 	393 	65 	91 	91 
000490 	393 	65 	91 	91 
000491 	393 	65 	91 	91 
000492 	393 	55 	91 	91 
000493 	393 	55 	91 	91 
000494 	393 	55 	91 	91 
000495 	393 	55 	91 	91 
000496 	393 	55 	91 	91 
000497 	393 	55 	91 	91 
000498 	393 	55 	91 	91 
000499 	393 	55 	91 	91 
000500 	393 	55 	91 	91 
000501 	393 	55 	91 	91 
000502 	393 	55 	91 	91 
000503 	393 	55 	91 	91 
000504 	393 	55 	91 	91 
000505 	393 	55 	91 	91 
000506 	393 	55 	91 	91 
000507 	393 	55 	91 	91 
000508 	393 	55 	91 	91 
000509 	393 	55 	91 	91 
000510 	393 	55 	91 	91 
000511 	393 	55 	91 	91 
000512 	393 	55 	91 	91 
000513 	393 	55 	91 	91 
000514 	393 	55 	91 	91 
000515 	393 	55 	91 	91 
000516 	393 	55 	91 	91 
000517 	393 	55 	91 	91 
000518 	393 	55 	91 	91 
000519 	393 	55 	91 	91 
000520 	393 	55 	91 	91 
000521 	393 	55 	91 	91 
000522 	393 	55 	91 	91 
000523 	393 	65 	91 	91 
000524 	393 	55 	91 	91 
000525 	393 	65 	91 	91 
000526 	393 	65 	91 	91 
000527 	393 	55 	91 	91 
000528 	393 	55 	91 	91 
