Identity  : 	id10287
Reference : 	2iaCNe7ajII
Offset    : 	0
FV Conf   : 	25.995
ASD Conf  : 	5.589

FRAME 	X 	Y 	W 	H 
004396 	280 	81 	83 	83 
004397 	280 	81 	83 	83 
004398 	280 	81 	83 	83 
004399 	280 	81 	83 	83 
004400 	280 	81 	83 	83 
004401 	280 	81 	83 	84 
004402 	280 	81 	83 	84 
004403 	280 	81 	83 	84 
004404 	280 	81 	83 	84 
004405 	280 	81 	83 	84 
004406 	280 	81 	83 	84 
004407 	280 	81 	83 	84 
004408 	280 	81 	83 	84 
004409 	280 	81 	83 	84 
004410 	280 	81 	84 	84 
004411 	279 	80 	84 	84 
004412 	279 	80 	84 	84 
004413 	279 	80 	84 	84 
004414 	279 	80 	84 	84 
004415 	279 	80 	84 	84 
004416 	279 	80 	84 	84 
004417 	279 	80 	84 	85 
004418 	279 	80 	84 	85 
004419 	279 	80 	84 	85 
004420 	279 	80 	84 	85 
004421 	279 	80 	84 	85 
004422 	279 	80 	84 	85 
004423 	279 	80 	84 	85 
004424 	279 	80 	84 	85 
004425 	279 	80 	84 	85 
004426 	279 	80 	84 	85 
004427 	279 	80 	85 	85 
004428 	279 	80 	85 	85 
004429 	279 	80 	85 	85 
004430 	279 	80 	85 	85 
004431 	278 	79 	85 	85 
004432 	278 	79 	85 	85 
004433 	278 	79 	85 	86 
004434 	278 	79 	85 	86 
004435 	278 	79 	85 	86 
004436 	278 	79 	85 	86 
004437 	278 	79 	85 	86 
004438 	278 	79 	85 	86 
004439 	278 	79 	85 	86 
004440 	278 	79 	85 	86 
004441 	278 	79 	85 	86 
004442 	278 	79 	85 	86 
004443 	278 	79 	86 	86 
004444 	278 	79 	86 	86 
004445 	278 	79 	86 	86 
004446 	278 	79 	86 	86 
004447 	278 	79 	86 	86 
004448 	278 	79 	86 	87 
004449 	278 	79 	86 	87 
004450 	277 	78 	86 	87 
004451 	277 	78 	86 	87 
004452 	277 	78 	86 	87 
004453 	277 	78 	86 	87 
004454 	277 	78 	86 	87 
004455 	277 	78 	86 	87 
004456 	277 	78 	86 	87 
004457 	277 	78 	86 	87 
004458 	277 	78 	86 	87 
004459 	277 	78 	86 	87 
004460 	277 	78 	87 	87 
004461 	277 	78 	87 	87 
004462 	277 	78 	87 	87 
004463 	277 	78 	87 	87 
004464 	277 	78 	87 	88 
004465 	277 	78 	87 	88 
004466 	277 	78 	87 	88 
004467 	277 	78 	87 	88 
004468 	277 	78 	87 	88 
004469 	277 	78 	87 	88 
004470 	276 	77 	87 	88 
004471 	276 	77 	87 	88 
004472 	276 	77 	87 	88 
004473 	276 	77 	87 	88 
004474 	276 	77 	87 	88 
004475 	276 	77 	87 	88 
004476 	276 	77 	87 	88 
004477 	276 	77 	88 	88 
004478 	276 	77 	88 	88 
004479 	276 	77 	88 	88 
004480 	276 	77 	88 	89 
004481 	276 	77 	88 	89 
004482 	276 	77 	88 	89 
004483 	276 	77 	88 	89 
004484 	276 	77 	88 	89 
004485 	276 	77 	88 	89 
004486 	276 	77 	88 	89 
004487 	276 	77 	88 	89 
004488 	276 	77 	88 	89 
004489 	275 	76 	88 	89 
004490 	275 	76 	88 	89 
004491 	275 	76 	88 	89 
004492 	275 	76 	88 	89 
004493 	275 	76 	89 	89 
004494 	275 	76 	89 	89 
004495 	275 	76 	89 	90 
004496 	275 	76 	89 	90 
004497 	275 	76 	89 	90 
004498 	275 	76 	89 	90 
004499 	275 	76 	89 	90 
004500 	275 	76 	89 	90 
004501 	275 	76 	89 	90 
004502 	275 	76 	89 	90 
004503 	275 	76 	89 	90 
004504 	275 	76 	89 	90 
004505 	275 	76 	89 	90 
004506 	275 	76 	89 	90 
004507 	275 	76 	89 	90 
004508 	275 	76 	89 	90 
004509 	274 	75 	89 	90 
