Identity  : 	id10293
Reference : 	8lGvPwJszxI
Offset    : 	-2
FV Conf   : 	16.521
ASD Conf  : 	5.739

FRAME 	X 	Y 	W 	H 
000157 	221 	90 	109 	109 
000158 	221 	90 	109 	109 
000159 	221 	90 	109 	109 
000160 	221 	90 	109 	109 
000161 	208 	80 	130 	130 
000162 	208 	80 	130 	130 
000163 	209 	90 	109 	109 
000164 	209 	90 	109 	109 
000165 	209 	102 	109 	109 
000166 	209 	102 	109 	109 
000167 	197 	102 	109 	109 
000168 	197 	102 	109 	109 
000169 	197 	102 	109 	109 
000170 	197 	102 	109 	109 
000171 	197 	102 	109 	109 
000172 	197 	102 	109 	109 
000173 	197 	102 	109 	109 
000174 	197 	102 	109 	109 
000175 	197 	90 	109 	109 
000176 	197 	90 	109 	109 
000177 	197 	90 	109 	109 
000178 	180 	80 	130 	130 
000179 	180 	80 	130 	130 
000180 	180 	80 	130 	130 
000181 	185 	90 	109 	109 
000182 	185 	90 	109 	109 
000183 	185 	90 	109 	109 
000184 	185 	90 	109 	109 
000185 	185 	90 	109 	109 
000186 	185 	90 	109 	109 
000187 	185 	90 	109 	109 
000188 	185 	90 	109 	109 
000189 	185 	90 	109 	109 
000190 	185 	90 	109 	109 
000191 	185 	90 	109 	109 
000192 	185 	90 	109 	109 
000193 	180 	80 	130 	130 
000194 	197 	90 	109 	109 
000195 	197 	90 	109 	109 
000196 	197 	90 	109 	109 
000197 	197 	90 	109 	109 
000198 	197 	90 	109 	109 
000199 	197 	90 	109 	109 
000200 	197 	90 	109 	109 
000201 	185 	90 	109 	109 
000202 	185 	90 	109 	109 
000203 	185 	90 	109 	109 
000204 	185 	90 	109 	109 
000205 	185 	90 	109 	109 
000206 	185 	90 	109 	109 
000207 	185 	90 	109 	109 
000208 	185 	90 	109 	109 
000209 	185 	90 	109 	109 
000210 	185 	90 	109 	109 
000211 	185 	90 	109 	109 
000212 	185 	90 	109 	109 
000213 	185 	90 	109 	109 
000214 	185 	90 	109 	109 
000215 	185 	90 	109 	109 
000216 	185 	90 	109 	109 
000217 	185 	90 	109 	109 
000218 	185 	90 	109 	109 
000219 	185 	90 	109 	109 
000220 	185 	90 	109 	109 
000221 	185 	90 	109 	109 
000222 	185 	90 	109 	109 
000223 	185 	90 	109 	109 
000224 	185 	90 	109 	109 
000225 	185 	90 	109 	109 
000226 	185 	90 	109 	109 
000227 	185 	90 	109 	109 
000228 	185 	90 	109 	109 
000229 	185 	90 	109 	109 
000230 	185 	90 	109 	109 
000231 	185 	90 	109 	109 
000232 	185 	90 	109 	109 
000233 	185 	90 	109 	109 
000234 	185 	90 	109 	109 
000235 	185 	90 	109 	109 
000236 	185 	90 	109 	109 
000237 	185 	90 	109 	109 
000238 	185 	90 	109 	109 
000239 	185 	90 	109 	109 
000240 	185 	90 	109 	109 
000241 	185 	90 	109 	109 
000242 	180 	80 	130 	130 
000243 	197 	90 	109 	109 
000244 	197 	78 	109 	109 
000245 	197 	78 	109 	109 
000246 	197 	78 	109 	109 
000247 	197 	78 	109 	109 
000248 	197 	78 	109 	109 
000249 	197 	78 	109 	109 
000250 	197 	78 	109 	109 
000251 	197 	78 	109 	109 
000252 	185 	78 	109 	109 
000253 	185 	78 	109 	109 
000254 	185 	78 	109 	109 
000255 	185 	78 	109 	109 
000256 	185 	78 	109 	109 
000257 	185 	78 	109 	109 
000258 	185 	78 	109 	109 
000259 	185 	78 	109 	109 
000260 	185 	78 	109 	109 
000261 	185 	78 	109 	109 
000262 	197 	78 	109 	109 
000263 	197 	78 	109 	109 
000264 	209 	78 	109 	109 
000265 	209 	78 	109 	109 
000266 	209 	78 	109 	109 
000267 	209 	78 	109 	109 
000268 	209 	78 	109 	109 
000269 	209 	78 	109 	109 
000270 	197 	78 	109 	109 
000271 	197 	78 	109 	109 
000272 	185 	90 	109 	109 
000273 	185 	90 	109 	109 
000274 	185 	90 	109 	109 
000275 	173 	102 	109 	109 
000276 	173 	102 	109 	109 
000277 	173 	102 	109 	109 
000278 	173 	102 	109 	109 
000279 	173 	102 	109 	109 
000280 	173 	102 	109 	109 
000281 	173 	102 	109 	109 
000282 	161 	102 	109 	109 
000283 	174 	105 	91 	91 
000284 	161 	102 	109 	109 
000285 	174 	105 	91 	91 
000286 	161 	90 	109 	109 
000287 	161 	90 	109 	109 
000288 	161 	90 	109 	109 
000289 	161 	90 	109 	109 
000290 	161 	90 	109 	109 
000291 	161 	90 	109 	109 
000292 	161 	90 	109 	109 
000293 	161 	90 	109 	109 
000294 	161 	90 	109 	109 
000295 	161 	90 	109 	109 
000296 	161 	90 	109 	109 
000297 	161 	90 	109 	109 
000298 	161 	90 	109 	109 
000299 	161 	90 	109 	109 
000300 	161 	90 	109 	109 
000301 	161 	102 	109 	109 
000302 	161 	102 	109 	109 
000303 	164 	105 	91 	91 
000304 	164 	105 	91 	91 
000305 	150 	102 	108 	109 
000306 	150 	102 	108 	109 
000307 	150 	102 	108 	109 
000308 	150 	102 	108 	109 
000309 	150 	102 	108 	109 
000310 	150 	102 	108 	109 
000311 	150 	90 	108 	109 
000312 	150 	90 	108 	109 
000313 	150 	90 	108 	109 
000314 	150 	90 	108 	109 
000315 	150 	90 	108 	109 
000316 	150 	90 	108 	109 
000317 	150 	90 	108 	109 
000318 	161 	90 	109 	109 
000319 	161 	90 	109 	109 
000320 	161 	90 	109 	109 
000321 	161 	90 	109 	109 
000322 	161 	90 	109 	109 
000323 	174 	105 	91 	91 
000324 	174 	105 	91 	91 
000325 	174 	105 	91 	91 
000326 	174 	105 	91 	91 
000327 	174 	105 	91 	91 
000328 	174 	105 	91 	91 
000329 	174 	105 	91 	91 
000330 	174 	105 	91 	91 
000331 	174 	105 	91 	91 
000332 	174 	105 	91 	91 
000333 	174 	105 	91 	91 
000334 	174 	105 	91 	91 
000335 	174 	105 	91 	91 
000336 	174 	105 	91 	91 
000337 	174 	105 	91 	91 
000338 	174 	105 	91 	91 
000339 	174 	105 	91 	91 
000340 	174 	105 	91 	91 
000341 	174 	105 	91 	91 
000342 	174 	105 	91 	91 
000343 	174 	105 	91 	91 
000344 	174 	105 	91 	91 
000345 	174 	105 	91 	91 
000346 	161 	90 	109 	109 
000347 	161 	90 	109 	109 
000348 	173 	90 	109 	109 
000349 	173 	90 	109 	109 
000350 	173 	90 	109 	109 
000351 	173 	102 	109 	109 
000352 	174 	105 	91 	91 
000353 	174 	105 	91 	91 
000354 	174 	105 	91 	91 
000355 	174 	105 	91 	91 
000356 	174 	105 	91 	91 
000357 	173 	102 	109 	109 
000358 	173 	102 	109 	109 
000359 	173 	102 	109 	109 
000360 	173 	102 	109 	109 
000361 	173 	102 	109 	109 
000362 	173 	90 	109 	109 
000363 	173 	90 	109 	109 
000364 	173 	90 	109 	109 
000365 	173 	90 	109 	109 
000366 	173 	90 	109 	109 
000367 	173 	90 	109 	109 
000368 	173 	90 	109 	109 
000369 	161 	90 	109 	109 
000370 	161 	90 	109 	109 
000371 	161 	90 	109 	109 
000372 	161 	90 	109 	109 
000373 	161 	90 	109 	109 
000374 	161 	90 	109 	109 
000375 	161 	90 	109 	109 
000376 	161 	90 	109 	109 
000377 	161 	90 	109 	109 
000378 	161 	90 	109 	109 
000379 	161 	90 	109 	109 
000380 	161 	90 	109 	109 
000381 	161 	90 	109 	109 
000382 	161 	90 	109 	109 
000383 	161 	90 	109 	109 
000384 	161 	90 	109 	109 
000385 	161 	90 	109 	109 
000386 	161 	90 	109 	109 
000387 	161 	90 	109 	109 
000388 	161 	90 	109 	109 
000389 	161 	90 	109 	109 
000390 	161 	90 	109 	109 
000391 	150 	90 	108 	109 
000392 	150 	90 	108 	109 
000393 	150 	90 	108 	109 
000394 	150 	90 	108 	109 
000395 	150 	90 	108 	109 
000396 	150 	90 	108 	109 
000397 	150 	90 	108 	109 
000398 	161 	90 	109 	109 
000399 	161 	90 	109 	109 
000400 	161 	90 	109 	109 
000401 	161 	90 	109 	109 
000402 	161 	90 	109 	109 
000403 	161 	90 	109 	109 
000404 	161 	90 	109 	109 
000405 	161 	90 	109 	109 
000406 	161 	90 	109 	109 
000407 	161 	90 	109 	109 
000408 	161 	90 	109 	109 
000409 	161 	90 	109 	109 
000410 	161 	90 	109 	109 
000411 	161 	90 	109 	109 
000412 	161 	90 	109 	109 
000413 	161 	90 	109 	109 
000414 	161 	90 	109 	109 
000415 	161 	90 	109 	109 
000416 	161 	90 	109 	109 
000417 	161 	102 	109 	109 
000418 	161 	102 	109 	109 
000419 	161 	102 	109 	109 
000420 	161 	102 	109 	109 
