Identity  : 	id10286
Reference : 	DPPq8w5ILrA
Offset    : 	0
FV Conf   : 	19.092
ASD Conf  : 	7.775

FRAME 	X 	Y 	W 	H 
000600 	400 	78 	109 	109 
000601 	400 	78 	109 	109 
000602 	400 	78 	109 	109 
000603 	400 	78 	109 	109 
000604 	400 	78 	109 	109 
000605 	400 	78 	109 	109 
000606 	400 	78 	109 	109 
000607 	403 	75 	91 	91 
000608 	403 	75 	91 	91 
000609 	403 	85 	91 	91 
000610 	403 	85 	91 	91 
000611 	388 	78 	109 	109 
000612 	388 	78 	109 	109 
000613 	388 	78 	109 	109 
000614 	388 	78 	109 	109 
000615 	388 	78 	109 	109 
000616 	388 	78 	109 	109 
000617 	388 	78 	109 	109 
000618 	388 	78 	109 	109 
000619 	388 	78 	109 	109 
000620 	388 	78 	109 	109 
000621 	388 	66 	109 	109 
000622 	388 	66 	109 	109 
000623 	388 	78 	109 	109 
000624 	388 	66 	109 	109 
000625 	388 	66 	109 	109 
000626 	388 	78 	109 	109 
000627 	388 	78 	109 	109 
000628 	388 	78 	109 	109 
000629 	388 	78 	109 	109 
000630 	388 	78 	109 	109 
000631 	388 	78 	109 	109 
000632 	388 	78 	109 	109 
000633 	388 	78 	109 	109 
000634 	388 	78 	109 	109 
000635 	388 	78 	109 	109 
000636 	388 	78 	109 	109 
000637 	388 	78 	109 	109 
000638 	388 	78 	109 	109 
000639 	388 	78 	109 	109 
000640 	393 	85 	91 	91 
000641 	393 	85 	91 	91 
000642 	393 	85 	91 	91 
000643 	393 	85 	91 	91 
000644 	393 	85 	91 	91 
000645 	393 	85 	91 	91 
000646 	393 	85 	91 	91 
000647 	393 	85 	91 	91 
000648 	388 	78 	109 	109 
000649 	393 	85 	91 	91 
000650 	388 	78 	109 	109 
000651 	393 	85 	91 	91 
000652 	393 	85 	91 	91 
000653 	393 	85 	91 	91 
000654 	393 	85 	91 	91 
000655 	388 	78 	109 	109 
000656 	388 	78 	109 	109 
000657 	388 	78 	109 	109 
000658 	388 	78 	109 	109 
000659 	388 	78 	109 	109 
000660 	388 	78 	109 	109 
000661 	388 	78 	109 	109 
000662 	388 	78 	109 	109 
000663 	388 	78 	109 	109 
000664 	388 	78 	109 	109 
000665 	388 	78 	109 	109 
000666 	403 	85 	91 	91 
000667 	388 	78 	109 	109 
000668 	388 	78 	109 	109 
000669 	393 	75 	91 	91 
000670 	393 	65 	91 	91 
000671 	393 	65 	91 	91 
000672 	383 	65 	91 	91 
000673 	383 	65 	91 	91 
000674 	373 	65 	91 	91 
000675 	373 	65 	91 	91 
000676 	373 	65 	91 	91 
000677 	373 	65 	91 	91 
000678 	373 	65 	91 	91 
000679 	373 	65 	91 	91 
000680 	373 	65 	91 	91 
000681 	373 	65 	91 	91 
000682 	365 	54 	108 	109 
000683 	365 	54 	108 	109 
000684 	365 	54 	108 	109 
000685 	365 	54 	108 	109 
000686 	365 	54 	108 	109 
000687 	365 	54 	108 	109 
000688 	365 	54 	108 	109 
000689 	365 	54 	108 	109 
000690 	365 	54 	108 	109 
000691 	365 	54 	108 	109 
000692 	365 	54 	108 	109 
000693 	383 	75 	91 	91 
000694 	383 	75 	91 	91 
000695 	383 	75 	91 	91 
000696 	383 	75 	91 	91 
000697 	383 	75 	91 	91 
000698 	383 	75 	91 	91 
000699 	383 	75 	91 	91 
000700 	383 	75 	91 	91 
000701 	383 	75 	91 	91 
000702 	383 	75 	91 	91 
000703 	383 	75 	91 	91 
000704 	383 	75 	91 	91 
000705 	383 	75 	91 	91 
000706 	383 	75 	91 	91 
000707 	383 	75 	91 	91 
000708 	383 	75 	91 	91 
000709 	383 	75 	91 	91 
000710 	383 	75 	91 	91 
000711 	383 	75 	91 	91 
000712 	383 	75 	91 	91 
000713 	383 	75 	91 	91 
000714 	383 	75 	91 	91 
000715 	383 	75 	91 	91 
000716 	383 	75 	91 	91 
000717 	383 	75 	91 	91 
000718 	383 	75 	91 	91 
000719 	383 	75 	91 	91 
000720 	383 	75 	91 	91 
000721 	383 	75 	91 	91 
000722 	383 	75 	91 	91 
000723 	383 	75 	91 	91 
000724 	383 	75 	91 	91 
000725 	383 	75 	91 	91 
000726 	383 	75 	91 	91 
000727 	383 	75 	91 	91 
000728 	383 	75 	91 	91 
000729 	383 	75 	91 	91 
000730 	383 	75 	91 	91 
000731 	383 	75 	91 	91 
000732 	383 	75 	91 	91 
000733 	383 	75 	91 	91 
000734 	383 	75 	91 	91 
000735 	383 	75 	91 	91 
000736 	383 	75 	91 	91 
000737 	383 	75 	91 	91 
000738 	383 	75 	91 	91 
000739 	383 	75 	91 	91 
000740 	383 	75 	91 	91 
000741 	383 	75 	91 	91 
000742 	383 	75 	91 	91 
000743 	383 	75 	91 	91 
000744 	383 	75 	91 	91 
000745 	365 	54 	108 	109 
000746 	365 	54 	108 	109 
000747 	373 	65 	91 	91 
000748 	373 	55 	91 	91 
000749 	373 	55 	91 	91 
000750 	363 	55 	91 	91 
000751 	363 	55 	91 	91 
000752 	363 	55 	91 	91 
000753 	363 	55 	91 	91 
000754 	373 	55 	91 	91 
000755 	373 	55 	91 	91 
000756 	373 	55 	91 	91 
000757 	373 	55 	91 	91 
000758 	373 	55 	91 	91 
000759 	373 	55 	91 	91 
000760 	373 	65 	91 	91 
000761 	373 	65 	91 	91 
000762 	373 	65 	91 	91 
000763 	373 	65 	91 	91 
000764 	373 	65 	91 	91 
000765 	373 	65 	91 	91 
000766 	373 	65 	91 	91 
000767 	373 	65 	91 	91 
000768 	373 	65 	91 	91 
000769 	373 	65 	91 	91 
000770 	373 	65 	91 	91 
000771 	373 	65 	91 	91 
000772 	373 	65 	91 	91 
000773 	373 	65 	91 	91 
000774 	373 	65 	91 	91 
000775 	373 	65 	91 	91 
000776 	373 	65 	91 	91 
000777 	373 	65 	91 	91 
000778 	373 	65 	91 	91 
000779 	373 	65 	91 	91 
000780 	373 	65 	91 	91 
000781 	373 	65 	91 	91 
000782 	373 	65 	91 	91 
000783 	373 	65 	91 	91 
000784 	373 	65 	91 	91 
000785 	365 	54 	108 	109 
000786 	365 	54 	108 	109 
000787 	365 	54 	108 	109 
000788 	365 	54 	108 	109 
000789 	365 	54 	108 	109 
000790 	365 	54 	108 	109 
000791 	365 	66 	108 	109 
000792 	365 	54 	108 	109 
000793 	365 	54 	108 	109 
000794 	373 	75 	91 	91 
000795 	373 	75 	91 	91 
000796 	373 	75 	91 	91 
000797 	365 	54 	108 	109 
000798 	373 	75 	91 	91 
000799 	365 	54 	108 	109 
000800 	383 	75 	91 	91 
000801 	383 	75 	91 	91 
000802 	383 	75 	91 	91 
000803 	383 	75 	91 	91 
000804 	383 	75 	91 	91 
000805 	383 	75 	91 	91 
000806 	383 	75 	91 	91 
000807 	383 	75 	91 	91 
000808 	383 	75 	91 	91 
000809 	383 	75 	91 	91 
000810 	376 	66 	109 	109 
000811 	376 	66 	109 	109 
000812 	376 	66 	109 	109 
000813 	376 	66 	109 	109 
000814 	393 	75 	91 	91 
000815 	393 	85 	91 	91 
000816 	393 	85 	91 	91 
000817 	393 	85 	91 	91 
000818 	393 	85 	91 	91 
000819 	393 	85 	91 	91 
000820 	393 	85 	91 	91 
000821 	393 	85 	91 	91 
000822 	393 	85 	91 	91 
000823 	393 	85 	91 	91 
000824 	388 	78 	109 	109 
000825 	393 	85 	91 	91 
000826 	388 	78 	109 	109 
000827 	388 	78 	109 	109 
000828 	388 	78 	109 	109 
000829 	388 	78 	109 	109 
000830 	388 	78 	109 	109 
000831 	388 	78 	109 	109 
000832 	393 	75 	91 	91 
000833 	388 	78 	109 	109 
000834 	388 	78 	109 	109 
000835 	388 	78 	109 	109 
000836 	388 	78 	109 	109 
000837 	388 	78 	109 	109 
000838 	388 	78 	109 	109 
000839 	393 	75 	91 	91 
000840 	393 	75 	91 	91 
000841 	393 	75 	91 	91 
000842 	393 	75 	91 	91 
000843 	393 	75 	91 	91 
000844 	393 	85 	91 	91 
000845 	393 	75 	91 	91 
000846 	393 	75 	91 	91 
000847 	393 	75 	91 	91 
000848 	393 	75 	91 	91 
000849 	393 	75 	91 	91 
000850 	376 	54 	109 	109 
000851 	376 	54 	109 	109 
000852 	376 	54 	109 	109 
000853 	376 	54 	109 	109 
000854 	376 	54 	109 	109 
000855 	376 	54 	109 	109 
000856 	376 	54 	109 	109 
000857 	376 	54 	109 	109 
000858 	376 	54 	109 	109 
000859 	376 	54 	109 	109 
000860 	376 	54 	109 	109 
000861 	376 	54 	109 	109 
000862 	376 	54 	109 	109 
000863 	376 	54 	109 	109 
000864 	383 	75 	91 	91 
000865 	383 	75 	91 	91 
000866 	376 	66 	109 	109 
000867 	376 	66 	109 	109 
000868 	376 	66 	109 	109 
000869 	376 	66 	109 	109 
000870 	383 	75 	91 	91 
000871 	376 	66 	109 	109 
000872 	383 	75 	91 	91 
000873 	383 	75 	91 	91 
000874 	383 	75 	91 	91 
000875 	383 	75 	91 	91 
000876 	383 	75 	91 	91 
000877 	383 	75 	91 	91 
000878 	376 	54 	109 	109 
000879 	376 	54 	109 	109 
000880 	376 	54 	109 	109 
000881 	376 	54 	109 	109 
000882 	376 	54 	109 	109 
000883 	376 	54 	109 	109 
000884 	383 	65 	91 	91 
000885 	383 	65 	91 	91 
000886 	376 	54 	109 	109 
000887 	383 	65 	91 	91 
000888 	383 	65 	91 	91 
000889 	383 	65 	91 	91 
000890 	376 	54 	109 	109 
000891 	376 	54 	109 	109 
000892 	376 	54 	109 	109 
000893 	376 	54 	109 	109 
000894 	376 	54 	109 	109 
000895 	376 	54 	109 	109 
000896 	383 	65 	91 	91 
000897 	383 	75 	91 	91 
000898 	383 	75 	91 	91 
000899 	376 	66 	109 	109 
000900 	376 	66 	109 	109 
000901 	376 	66 	109 	109 
000902 	383 	75 	91 	91 
000903 	376 	54 	109 	109 
000904 	376 	54 	109 	109 
000905 	376 	54 	109 	109 
000906 	376 	54 	109 	109 
000907 	376 	54 	109 	109 
000908 	376 	54 	109 	109 
000909 	376 	54 	109 	109 
000910 	376 	54 	109 	109 
000911 	383 	75 	91 	91 
000912 	383 	75 	91 	91 
000913 	383 	75 	91 	91 
000914 	376 	66 	109 	109 
000915 	376 	66 	109 	109 
000916 	376 	66 	109 	109 
000917 	376 	66 	109 	109 
000918 	376 	66 	109 	109 
000919 	376 	66 	109 	109 
000920 	376 	66 	109 	109 
000921 	376 	66 	109 	109 
000922 	376 	66 	109 	109 
000923 	376 	66 	109 	109 
000924 	393 	85 	91 	91 
000925 	393 	85 	91 	91 
000926 	393 	85 	91 	91 
000927 	393 	85 	91 	91 
000928 	393 	85 	91 	91 
000929 	393 	85 	91 	91 
000930 	393 	85 	91 	91 
000931 	393 	85 	91 	91 
000932 	393 	85 	91 	91 
000933 	393 	85 	91 	91 
000934 	393 	85 	91 	91 
000935 	393 	85 	91 	91 
000936 	393 	85 	91 	91 
000937 	393 	85 	91 	91 
000938 	393 	85 	91 	91 
000939 	393 	85 	91 	91 
000940 	393 	85 	91 	91 
000941 	393 	85 	91 	91 
000942 	393 	85 	91 	91 
000943 	393 	85 	91 	91 
000944 	393 	85 	91 	91 
000945 	393 	85 	91 	91 
000946 	393 	85 	91 	91 
000947 	393 	85 	91 	91 
000948 	393 	85 	91 	91 
000949 	393 	85 	91 	91 
000950 	393 	85 	91 	91 
000951 	393 	85 	91 	91 
000952 	393 	85 	91 	91 
000953 	393 	85 	91 	91 
000954 	393 	85 	91 	91 
000955 	393 	85 	91 	91 
000956 	393 	85 	91 	91 
000957 	393 	85 	91 	91 
000958 	393 	85 	91 	91 
000959 	393 	85 	91 	91 
000960 	393 	85 	91 	91 
000961 	393 	85 	91 	91 
000962 	393 	85 	91 	91 
000963 	393 	85 	91 	91 
000964 	393 	85 	91 	91 
000965 	393 	85 	91 	91 
000966 	376 	66 	109 	109 
000967 	383 	75 	91 	91 
000968 	383 	75 	91 	91 
000969 	383 	75 	91 	91 
000970 	383 	75 	91 	91 
000971 	383 	75 	91 	91 
000972 	365 	54 	108 	109 
000973 	365 	54 	108 	109 
000974 	373 	65 	91 	91 
000975 	353 	54 	108 	109 
000976 	353 	75 	91 	91 
000977 	353 	75 	91 	91 
000978 	353 	75 	91 	91 
000979 	353 	75 	91 	91 
000980 	341 	54 	108 	109 
000981 	341 	54 	108 	109 
000982 	341 	54 	108 	109 
000983 	341 	54 	108 	109 
000984 	341 	54 	108 	109 
000985 	341 	54 	108 	109 
000986 	341 	54 	108 	109 
000987 	341 	54 	108 	109 
000988 	341 	54 	108 	109 
000989 	353 	54 	108 	109 
000990 	353 	54 	108 	109 
000991 	363 	75 	91 	91 
000992 	363 	75 	91 	91 
000993 	363 	75 	91 	91 
000994 	363 	75 	91 	91 
000995 	353 	54 	108 	109 
000996 	365 	54 	108 	109 
000997 	373 	75 	91 	91 
000998 	365 	54 	108 	109 
000999 	365 	54 	108 	109 
001000 	365 	54 	108 	109 
001001 	365 	54 	108 	109 
001002 	365 	54 	108 	109 
001003 	383 	75 	91 	91 
001004 	383 	75 	91 	91 
001005 	383 	65 	91 	91 
001006 	383 	65 	91 	91 
001007 	383 	65 	91 	91 
001008 	383 	65 	91 	91 
001009 	393 	65 	91 	91 
001010 	393 	65 	91 	91 
001011 	393 	65 	91 	91 
001012 	393 	65 	91 	91 
001013 	393 	65 	91 	91 
001014 	393 	65 	91 	91 
001015 	393 	65 	91 	91 
001016 	393 	65 	91 	91 
001017 	393 	65 	91 	91 
001018 	388 	66 	109 	109 
001019 	388 	66 	109 	109 
001020 	388 	66 	109 	109 
001021 	388 	66 	109 	109 
001022 	388 	66 	109 	109 
001023 	388 	66 	109 	109 
001024 	388 	66 	109 	109 
001025 	388 	66 	109 	109 
001026 	388 	66 	109 	109 
001027 	388 	66 	109 	109 
001028 	388 	66 	109 	109 
001029 	388 	66 	109 	109 
001030 	388 	66 	109 	109 
001031 	388 	66 	109 	109 
001032 	388 	66 	109 	109 
001033 	388 	66 	109 	109 
001034 	388 	66 	109 	109 
001035 	388 	66 	109 	109 
001036 	388 	66 	109 	109 
001037 	403 	65 	91 	91 
001038 	403 	65 	91 	91 
001039 	403 	65 	91 	91 
001040 	403 	65 	91 	91 
001041 	403 	65 	91 	91 
001042 	400 	43 	109 	108 
001043 	400 	43 	109 	108 
001044 	400 	43 	109 	108 
001045 	403 	55 	91 	91 
001046 	403 	55 	91 	91 
001047 	393 	55 	91 	91 
001048 	393 	55 	91 	91 
001049 	383 	55 	91 	91 
001050 	383 	55 	91 	91 
001051 	383 	65 	91 	91 
001052 	383 	65 	91 	91 
001053 	365 	43 	108 	108 
001054 	373 	65 	91 	91 
001055 	365 	54 	108 	109 
001056 	383 	65 	91 	91 
001057 	383 	65 	91 	91 
001058 	383 	65 	91 	91 
001059 	365 	54 	108 	109 
001060 	365 	54 	108 	109 
001061 	365 	54 	108 	109 
001062 	365 	54 	108 	109 
001063 	365 	54 	108 	109 
001064 	373 	75 	91 	91 
001065 	373 	75 	91 	91 
001066 	373 	75 	91 	91 
001067 	373 	75 	91 	91 
001068 	365 	66 	108 	109 
001069 	373 	75 	91 	91 
001070 	373 	75 	91 	91 
001071 	373 	75 	91 	91 
001072 	373 	75 	91 	91 
001073 	373 	75 	91 	91 
001074 	373 	75 	91 	91 
001075 	365 	54 	108 	109 
001076 	373 	65 	91 	91 
001077 	365 	54 	108 	109 
001078 	365 	54 	108 	109 
001079 	365 	54 	108 	109 
001080 	365 	54 	108 	109 
001081 	365 	54 	108 	109 
001082 	365 	54 	108 	109 
001083 	365 	54 	108 	109 
001084 	373 	65 	91 	91 
001085 	373 	65 	91 	91 
001086 	365 	54 	108 	109 
001087 	373 	65 	91 	91 
001088 	373 	65 	91 	91 
001089 	373 	65 	91 	91 
001090 	373 	65 	91 	91 
001091 	365 	54 	108 	109 
001092 	373 	65 	91 	91 
001093 	373 	65 	91 	91 
001094 	365 	54 	108 	109 
001095 	365 	54 	108 	109 
001096 	373 	65 	91 	91 
001097 	373 	65 	91 	91 
001098 	373 	65 	91 	91 
001099 	373 	65 	91 	91 
001100 	373 	65 	91 	91 
001101 	373 	65 	91 	91 
001102 	365 	54 	108 	109 
001103 	383 	65 	91 	91 
001104 	383 	65 	91 	91 
001105 	383 	65 	91 	91 
001106 	383 	65 	91 	91 
001107 	383 	65 	91 	91 
001108 	383 	65 	91 	91 
001109 	383 	65 	91 	91 
001110 	383 	65 	91 	91 
001111 	383 	65 	91 	91 
001112 	383 	65 	91 	91 
001113 	383 	65 	91 	91 
001114 	383 	65 	91 	91 
001115 	383 	65 	91 	91 
001116 	383 	65 	91 	91 
001117 	393 	65 	91 	91 
001118 	393 	65 	91 	91 
001119 	393 	65 	91 	91 
001120 	393 	65 	91 	91 
001121 	383 	65 	91 	91 
001122 	383 	65 	91 	91 
001123 	383 	65 	91 	91 
001124 	365 	54 	108 	109 
001125 	383 	75 	91 	91 
001126 	383 	75 	91 	91 
001127 	365 	54 	108 	109 
001128 	373 	75 	91 	91 
001129 	373 	75 	91 	91 
001130 	373 	65 	91 	91 
001131 	363 	65 	91 	91 
001132 	353 	43 	108 	108 
001133 	353 	43 	108 	108 
001134 	353 	43 	108 	108 
001135 	353 	43 	108 	108 
001136 	353 	65 	91 	91 
001137 	353 	65 	91 	91 
001138 	353 	65 	91 	91 
001139 	353 	54 	108 	109 
001140 	353 	66 	108 	109 
001141 	353 	66 	108 	109 
001142 	353 	54 	108 	109 
001143 	353 	54 	108 	109 
001144 	353 	54 	108 	109 
001145 	353 	54 	108 	109 
001146 	365 	66 	108 	109 
001147 	376 	54 	109 	109 
001148 	388 	54 	109 	109 
001149 	403 	65 	91 	91 
001150 	413 	65 	91 	91 
001151 	423 	65 	91 	91 
001152 	433 	65 	91 	91 
001153 	433 	55 	91 	91 
001154 	433 	55 	91 	91 
001155 	433 	55 	91 	91 
001156 	433 	65 	91 	91 
001157 	443 	65 	90 	91 
001158 	443 	55 	90 	91 
001159 	443 	55 	90 	91 
001160 	443 	65 	90 	91 
001161 	443 	65 	90 	91 
001162 	423 	65 	91 	91 
001163 	412 	54 	109 	109 
001164 	413 	55 	91 	91 
001165 	403 	55 	91 	91 
001166 	388 	43 	109 	108 
001167 	393 	55 	91 	91 
001168 	393 	55 	91 	91 
001169 	393 	55 	91 	91 
001170 	376 	43 	109 	108 
001171 	376 	43 	109 	108 
001172 	383 	55 	91 	91 
001173 	365 	43 	108 	108 
001174 	373 	55 	91 	91 
001175 	353 	43 	108 	108 
001176 	363 	55 	91 	91 
001177 	353 	65 	91 	91 
001178 	353 	65 	91 	91 
001179 	353 	65 	91 	91 
001180 	353 	65 	91 	91 
001181 	353 	65 	91 	91 
001182 	353 	65 	91 	91 
001183 	353 	65 	91 	91 
001184 	363 	65 	91 	91 
001185 	363 	65 	91 	91 
001186 	353 	54 	108 	109 
001187 	373 	75 	91 	91 
001188 	376 	66 	109 	109 
001189 	393 	75 	91 	91 
001190 	388 	66 	109 	109 
001191 	403 	75 	91 	91 
001192 	413 	75 	91 	91 
001193 	413 	75 	91 	91 
001194 	423 	75 	91 	91 
001195 	423 	75 	91 	91 
001196 	423 	75 	91 	91 
001197 	423 	75 	91 	91 
001198 	423 	75 	91 	91 
001199 	423 	75 	91 	91 
001200 	423 	75 	91 	91 
001201 	423 	75 	91 	91 
001202 	413 	75 	91 	91 
001203 	413 	75 	91 	91 
001204 	403 	75 	91 	91 
001205 	388 	66 	109 	109 
001206 	393 	75 	91 	91 
001207 	383 	75 	91 	91 
001208 	383 	75 	91 	91 
001209 	383 	75 	91 	91 
001210 	383 	75 	91 	91 
001211 	365 	66 	108 	109 
001212 	365 	66 	108 	109 
001213 	365 	66 	108 	109 
001214 	365 	66 	108 	109 
001215 	365 	66 	108 	109 
001216 	365 	66 	108 	109 
001217 	373 	75 	91 	91 
001218 	373 	75 	91 	91 
001219 	373 	75 	91 	91 
001220 	353 	66 	108 	109 
001221 	353 	66 	108 	109 
001222 	363 	65 	91 	91 
001223 	363 	65 	91 	91 
001224 	363 	65 	91 	91 
001225 	373 	65 	91 	91 
001226 	365 	54 	108 	109 
001227 	365 	54 	108 	109 
001228 	365 	54 	108 	109 
001229 	365 	54 	108 	109 
001230 	365 	54 	108 	109 
001231 	365 	66 	108 	109 
001232 	365 	66 	108 	109 
001233 	365 	66 	108 	109 
001234 	365 	66 	108 	109 
001235 	365 	66 	108 	109 
001236 	383 	85 	91 	91 
001237 	383 	85 	91 	91 
001238 	365 	78 	108 	109 
001239 	365 	78 	108 	109 
001240 	365 	78 	108 	109 
001241 	365 	78 	108 	109 
001242 	365 	78 	108 	109 
001243 	365 	78 	108 	109 
001244 	365 	78 	108 	109 
001245 	365 	78 	108 	109 
001246 	365 	78 	108 	109 
001247 	365 	78 	108 	109 
001248 	365 	78 	108 	109 
001249 	365 	78 	108 	109 
001250 	365 	78 	108 	109 
001251 	365 	78 	108 	109 
001252 	365 	78 	108 	109 
001253 	365 	78 	108 	109 
001254 	365 	78 	108 	109 
001255 	365 	78 	108 	109 
001256 	365 	78 	108 	109 
001257 	365 	78 	108 	109 
001258 	383 	85 	91 	91 
001259 	383 	85 	91 	91 
001260 	383 	85 	91 	91 
001261 	393 	85 	91 	91 
001262 	393 	85 	91 	91 
001263 	393 	85 	91 	91 
001264 	403 	85 	91 	91 
001265 	403 	85 	91 	91 
001266 	403 	85 	91 	91 
001267 	403 	85 	91 	91 
001268 	403 	85 	91 	91 
001269 	403 	85 	91 	91 
001270 	403 	85 	91 	91 
001271 	403 	85 	91 	91 
001272 	403 	85 	91 	91 
001273 	403 	85 	91 	91 
001274 	403 	85 	91 	91 
001275 	403 	85 	91 	91 
001276 	403 	85 	91 	91 
001277 	403 	85 	91 	91 
001278 	403 	85 	91 	91 
001279 	403 	85 	91 	91 
001280 	403 	85 	91 	91 
001281 	403 	85 	91 	91 
001282 	403 	85 	91 	91 
001283 	403 	85 	91 	91 
001284 	403 	85 	91 	91 
001285 	403 	85 	91 	91 
001286 	403 	85 	91 	91 
001287 	403 	85 	91 	91 
001288 	403 	85 	91 	91 
001289 	403 	85 	91 	91 
001290 	403 	85 	91 	91 
001291 	403 	85 	91 	91 
001292 	403 	85 	91 	91 
001293 	403 	85 	91 	91 
001294 	403 	85 	91 	91 
001295 	403 	85 	91 	91 
001296 	403 	85 	91 	91 
001297 	403 	85 	91 	91 
001298 	403 	85 	91 	91 
001299 	403 	85 	91 	91 
001300 	403 	85 	91 	91 
001301 	403 	85 	91 	91 
001302 	403 	85 	91 	91 
001303 	388 	78 	109 	109 
001304 	388 	78 	109 	109 
001305 	388 	78 	109 	109 
001306 	393 	85 	91 	91 
001307 	393 	85 	91 	91 
001308 	393 	85 	91 	91 
001309 	393 	85 	91 	91 
001310 	393 	85 	91 	91 
001311 	393 	85 	91 	91 
001312 	393 	85 	91 	91 
001313 	393 	85 	91 	91 
001314 	393 	85 	91 	91 
001315 	393 	85 	91 	91 
001316 	393 	85 	91 	91 
001317 	393 	85 	91 	91 
001318 	393 	85 	91 	91 
001319 	393 	85 	91 	91 
001320 	376 	66 	109 	109 
001321 	376 	66 	109 	109 
001322 	383 	65 	91 	91 
001323 	365 	43 	108 	108 
001324 	365 	43 	108 	108 
001325 	383 	65 	91 	91 
001326 	383 	65 	91 	91 
001327 	383 	75 	91 	91 
001328 	383 	75 	91 	91 
001329 	376 	66 	109 	109 
001330 	383 	85 	91 	91 
001331 	393 	85 	91 	91 
001332 	393 	85 	91 	91 
001333 	393 	85 	91 	91 
001334 	393 	85 	91 	91 
001335 	393 	85 	91 	91 
001336 	393 	85 	91 	91 
001337 	393 	85 	91 	91 
001338 	393 	85 	91 	91 
001339 	393 	85 	91 	91 
001340 	393 	85 	91 	91 
001341 	376 	78 	109 	109 
001342 	376 	78 	109 	109 
001343 	393 	95 	91 	91 
001344 	393 	95 	91 	91 
001345 	393 	95 	91 	91 
001346 	393 	95 	91 	91 
001347 	393 	95 	91 	91 
001348 	393 	95 	91 	91 
001349 	393 	95 	91 	91 
001350 	393 	95 	91 	91 
001351 	393 	95 	91 	91 
001352 	393 	95 	91 	91 
001353 	393 	85 	91 	91 
001354 	393 	85 	91 	91 
001355 	393 	85 	91 	91 
001356 	403 	85 	91 	91 
001357 	403 	85 	91 	91 
001358 	403 	75 	91 	91 
001359 	413 	75 	91 	91 
001360 	413 	75 	91 	91 
001361 	413 	75 	91 	91 
001362 	413 	75 	91 	91 
001363 	403 	75 	91 	91 
001364 	403 	75 	91 	91 
001365 	403 	75 	91 	91 
001366 	393 	75 	91 	91 
001367 	393 	75 	91 	91 
001368 	383 	85 	91 	91 
001369 	376 	78 	109 	109 
001370 	376 	78 	109 	109 
001371 	376 	78 	109 	109 
001372 	376 	78 	109 	109 
001373 	383 	85 	91 	91 
001374 	383 	85 	91 	91 
001375 	383 	85 	91 	91 
001376 	383 	85 	91 	91 
001377 	393 	85 	91 	91 
001378 	393 	85 	91 	91 
001379 	388 	78 	109 	109 
001380 	403 	75 	91 	91 
001381 	403 	75 	91 	91 
001382 	403 	75 	91 	91 
001383 	413 	75 	91 	91 
001384 	413 	75 	91 	91 
001385 	413 	75 	91 	91 
001386 	403 	75 	91 	91 
001387 	403 	75 	91 	91 
001388 	403 	75 	91 	91 
001389 	403 	85 	91 	91 
001390 	403 	85 	91 	91 
001391 	403 	85 	91 	91 
001392 	403 	85 	91 	91 
001393 	403 	85 	91 	91 
001394 	403 	85 	91 	91 
001395 	413 	95 	91 	91 
001396 	413 	95 	91 	91 
001397 	413 	95 	91 	91 
001398 	413 	95 	91 	91 
001399 	403 	95 	91 	91 
001400 	403 	95 	91 	91 
