Identity  : 	id10286
Reference : 	DPPq8w5ILrA
Offset    : 	0
FV Conf   : 	16.978
ASD Conf  : 	8.334

FRAME 	X 	Y 	W 	H 
002909 	383 	75 	91 	91 
002910 	365 	54 	108 	109 
002911 	383 	75 	91 	91 
002912 	365 	54 	108 	109 
002913 	373 	75 	91 	91 
002914 	363 	75 	91 	91 
002915 	363 	75 	91 	91 
002916 	373 	75 	91 	91 
002917 	373 	65 	91 	91 
002918 	373 	65 	91 	91 
002919 	363 	65 	91 	91 
002920 	353 	54 	108 	109 
002921 	353 	54 	108 	109 
002922 	353 	54 	108 	109 
002923 	353 	54 	108 	109 
002924 	347 	60 	108 	109 
002925 	341 	66 	108 	109 
002926 	341 	66 	108 	109 
002927 	341 	66 	108 	109 
002928 	353 	85 	91 	91 
002929 	353 	85 	91 	91 
002930 	353 	85 	91 	91 
002931 	353 	85 	91 	91 
002932 	353 	85 	91 	91 
002933 	353 	75 	91 	91 
002934 	353 	75 	91 	91 
002935 	353 	75 	91 	91 
002936 	353 	75 	91 	91 
002937 	353 	75 	91 	91 
002938 	353 	65 	91 	91 
002939 	353 	65 	91 	91 
002940 	353 	66 	100 	100 
002941 	353 	66 	108 	109 
002942 	353 	66 	108 	109 
002943 	353 	54 	108 	109 
002944 	363 	65 	91 	91 
002945 	373 	65 	91 	91 
002946 	365 	54 	108 	109 
002947 	373 	65 	91 	91 
002948 	373 	55 	91 	91 
002949 	365 	43 	108 	108 
002950 	353 	43 	108 	108 
002951 	363 	55 	91 	91 
002952 	358 	50 	91 	91 
002953 	353 	45 	91 	91 
002954 	353 	55 	91 	91 
002955 	353 	55 	91 	91 
002956 	353 	55 	91 	91 
002957 	353 	55 	91 	91 
002958 	353 	55 	91 	91 
002959 	353 	55 	91 	91 
002960 	353 	55 	91 	91 
002961 	353 	65 	91 	91 
002962 	353 	54 	108 	109 
002963 	353 	54 	108 	109 
002964 	353 	54 	108 	109 
002965 	363 	65 	91 	91 
002966 	363 	65 	91 	91 
002967 	373 	75 	91 	91 
002968 	373 	75 	91 	91 
002969 	373 	75 	91 	91 
002970 	365 	66 	108 	109 
002971 	383 	75 	91 	91 
002972 	383 	75 	91 	91 
002973 	383 	75 	91 	91 
002974 	365 	66 	108 	109 
002975 	365 	66 	108 	109 
002976 	383 	75 	91 	91 
002977 	383 	85 	91 	91 
002978 	376 	78 	109 	109 
002979 	393 	95 	91 	91 
002980 	393 	85 	91 	91 
002981 	393 	85 	91 	91 
002982 	393 	75 	91 	91 
002983 	393 	75 	91 	91 
002984 	393 	75 	91 	91 
002985 	376 	66 	109 	109 
002986 	376 	66 	109 	109 
002987 	383 	85 	91 	91 
002988 	376 	66 	109 	109 
002989 	376 	66 	109 	109 
002990 	376 	66 	109 	109 
002991 	393 	75 	91 	91 
002992 	393 	75 	91 	91 
002993 	376 	66 	109 	109 
002994 	376 	66 	109 	109 
002995 	376 	66 	109 	109 
002996 	376 	66 	109 	109 
002997 	376 	66 	109 	109 
002998 	376 	66 	109 	109 
002999 	376 	66 	109 	109 
003000 	376 	66 	109 	109 
003001 	376 	66 	109 	109 
003002 	376 	66 	109 	109 
003003 	393 	85 	91 	91 
003004 	393 	85 	91 	91 
003005 	393 	85 	91 	91 
003006 	388 	78 	109 	109 
003007 	403 	75 	91 	91 
003008 	403 	75 	91 	91 
003009 	403 	75 	91 	91 
003010 	403 	75 	91 	91 
003011 	403 	75 	91 	91 
003012 	403 	75 	91 	91 
003013 	403 	75 	91 	91 
003014 	403 	75 	91 	91 
003015 	403 	75 	91 	91 
003016 	403 	75 	91 	91 
003017 	403 	75 	91 	91 
003018 	403 	75 	91 	91 
003019 	403 	75 	91 	91 
003020 	388 	66 	109 	109 
003021 	388 	66 	109 	109 
003022 	388 	66 	109 	109 
003023 	388 	66 	109 	109 
003024 	388 	66 	109 	109 
003025 	388 	66 	109 	109 
003026 	388 	66 	109 	109 
003027 	388 	66 	109 	109 
003028 	388 	66 	109 	109 
003029 	388 	66 	109 	109 
003030 	388 	66 	109 	109 
003031 	393 	75 	91 	91 
003032 	393 	75 	91 	91 
003033 	393 	75 	91 	91 
003034 	393 	75 	91 	91 
003035 	393 	75 	91 	91 
003036 	393 	75 	91 	91 
003037 	393 	75 	91 	91 
003038 	393 	75 	91 	91 
003039 	393 	75 	91 	91 
003040 	388 	66 	109 	109 
003041 	403 	75 	91 	91 
003042 	403 	75 	91 	91 
003043 	400 	66 	109 	109 
003044 	413 	75 	91 	91 
003045 	413 	75 	91 	91 
003046 	413 	75 	91 	91 
003047 	413 	75 	91 	91 
003048 	403 	75 	91 	91 
003049 	403 	75 	91 	91 
003050 	403 	75 	91 	91 
003051 	403 	75 	91 	91 
003052 	403 	75 	91 	91 
003053 	393 	75 	91 	91 
003054 	393 	75 	91 	91 
003055 	388 	78 	109 	109 
003056 	393 	85 	91 	91 
003057 	393 	85 	91 	91 
003058 	393 	85 	91 	91 
003059 	393 	85 	91 	91 
003060 	393 	85 	91 	91 
003061 	393 	85 	91 	91 
003062 	393 	85 	91 	91 
003063 	393 	85 	91 	91 
003064 	393 	85 	91 	91 
003065 	393 	85 	91 	91 
003066 	393 	85 	91 	91 
003067 	393 	85 	91 	91 
003068 	393 	85 	91 	91 
003069 	393 	85 	91 	91 
003070 	393 	85 	91 	91 
003071 	393 	85 	91 	91 
003072 	393 	85 	91 	91 
003073 	393 	85 	91 	91 
003074 	393 	85 	91 	91 
003075 	393 	85 	91 	91 
003076 	393 	85 	91 	91 
003077 	383 	85 	91 	91 
003078 	383 	85 	91 	91 
003079 	383 	75 	91 	91 
003080 	383 	65 	91 	91 
003081 	373 	65 	91 	91 
003082 	373 	65 	91 	91 
003083 	373 	65 	91 	91 
003084 	373 	65 	91 	91 
003085 	373 	65 	91 	91 
003086 	373 	65 	91 	91 
003087 	373 	65 	91 	91 
003088 	373 	65 	91 	91 
003089 	373 	65 	91 	91 
003090 	373 	65 	91 	91 
003091 	365 	54 	108 	109 
003092 	373 	65 	91 	91 
003093 	365 	54 	108 	109 
003094 	365 	54 	108 	109 
003095 	365 	54 	108 	109 
003096 	373 	65 	91 	91 
003097 	373 	65 	91 	91 
003098 	373 	65 	91 	91 
003099 	373 	75 	91 	91 
003100 	373 	75 	91 	91 
003101 	373 	75 	91 	91 
003102 	373 	75 	91 	91 
003103 	373 	75 	91 	91 
003104 	373 	75 	91 	91 
003105 	373 	75 	91 	91 
003106 	373 	75 	91 	91 
003107 	373 	75 	91 	91 
003108 	373 	75 	91 	91 
003109 	373 	75 	91 	91 
003110 	373 	75 	91 	91 
003111 	373 	75 	91 	91 
003112 	373 	75 	91 	91 
003113 	373 	75 	91 	91 
003114 	365 	66 	108 	109 
003115 	373 	85 	91 	91 
003116 	373 	85 	91 	91 
003117 	373 	85 	91 	91 
003118 	373 	85 	91 	91 
003119 	373 	85 	91 	91 
003120 	373 	85 	91 	91 
003121 	373 	85 	91 	91 
003122 	373 	85 	91 	91 
003123 	373 	85 	91 	91 
003124 	373 	85 	91 	91 
003125 	373 	85 	91 	91 
003126 	373 	85 	91 	91 
003127 	373 	85 	91 	91 
003128 	373 	85 	91 	91 
003129 	373 	85 	91 	91 
003130 	373 	85 	91 	91 
003131 	373 	85 	91 	91 
003132 	373 	85 	91 	91 
003133 	373 	85 	91 	91 
003134 	373 	85 	91 	91 
003135 	373 	85 	91 	91 
003136 	365 	66 	108 	109 
003137 	365 	66 	108 	109 
003138 	365 	66 	108 	109 
003139 	365 	66 	108 	109 
003140 	365 	66 	108 	109 
003141 	365 	66 	108 	109 
003142 	365 	66 	108 	109 
003143 	365 	66 	108 	109 
003144 	365 	66 	108 	109 
003145 	365 	66 	108 	109 
003146 	365 	66 	108 	109 
003147 	365 	66 	108 	109 
003148 	365 	66 	108 	109 
003149 	365 	66 	108 	109 
003150 	365 	66 	108 	109 
003151 	365 	66 	108 	109 
003152 	365 	66 	108 	109 
003153 	365 	66 	108 	109 
003154 	365 	66 	108 	109 
003155 	365 	66 	108 	109 
003156 	383 	75 	91 	91 
003157 	383 	75 	91 	91 
003158 	383 	75 	91 	91 
003159 	383 	75 	91 	91 
003160 	383 	75 	91 	91 
003161 	383 	75 	91 	91 
003162 	383 	75 	91 	91 
003163 	383 	75 	91 	91 
003164 	383 	75 	91 	91 
003165 	383 	75 	91 	91 
003166 	383 	75 	91 	91 
003167 	383 	75 	91 	91 
003168 	383 	75 	91 	91 
003169 	383 	75 	91 	91 
003170 	383 	75 	91 	91 
003171 	383 	75 	91 	91 
003172 	383 	75 	91 	91 
003173 	383 	75 	91 	91 
003174 	383 	75 	91 	91 
003175 	383 	75 	91 	91 
003176 	383 	75 	91 	91 
003177 	383 	75 	91 	91 
003178 	383 	85 	91 	91 
003179 	383 	75 	91 	91 
003180 	383 	75 	91 	91 
003181 	383 	75 	91 	91 
003182 	383 	75 	91 	91 
003183 	383 	75 	91 	91 
003184 	383 	75 	91 	91 
003185 	383 	75 	91 	91 
003186 	383 	75 	91 	91 
003187 	383 	75 	91 	91 
003188 	383 	75 	91 	91 
003189 	376 	66 	109 	109 
003190 	376 	66 	109 	109 
003191 	376 	66 	109 	109 
003192 	376 	66 	109 	109 
003193 	376 	66 	109 	109 
003194 	376 	66 	109 	109 
003195 	376 	66 	109 	109 
003196 	376 	66 	109 	109 
003197 	376 	66 	109 	109 
003198 	376 	66 	109 	109 
003199 	376 	66 	109 	109 
003200 	376 	66 	109 	109 
003201 	376 	66 	109 	109 
003202 	376 	66 	109 	109 
003203 	376 	66 	109 	109 
003204 	376 	66 	109 	109 
003205 	376 	66 	109 	109 
003206 	383 	75 	91 	91 
003207 	365 	54 	108 	109 
003208 	373 	65 	91 	91 
003209 	363 	65 	91 	91 
003210 	363 	65 	91 	91 
003211 	363 	65 	91 	91 
003212 	363 	65 	91 	91 
003213 	353 	54 	108 	109 
003214 	363 	65 	91 	91 
003215 	363 	65 	91 	91 
003216 	353 	54 	108 	109 
003217 	353 	54 	108 	109 
003218 	353 	54 	108 	109 
003219 	353 	66 	108 	109 
003220 	353 	66 	108 	109 
003221 	363 	75 	91 	91 
003222 	363 	75 	91 	91 
003223 	363 	75 	91 	91 
003224 	353 	54 	108 	109 
003225 	363 	65 	91 	91 
003226 	353 	54 	108 	109 
003227 	363 	65 	91 	91 
003228 	353 	54 	108 	109 
003229 	353 	54 	108 	109 
003230 	357 	54 	108 	109 
003231 	361 	54 	108 	109 
003232 	365 	54 	108 	109 
003233 	373 	75 	91 	91 
003234 	365 	54 	108 	109 
003235 	365 	54 	108 	109 
003236 	365 	54 	108 	109 
003237 	365 	54 	108 	109 
003238 	365 	54 	108 	109 
003239 	383 	75 	91 	91 
003240 	383 	75 	91 	91 
003241 	383 	75 	91 	91 
003242 	383 	75 	91 	91 
003243 	383 	75 	91 	91 
003244 	383 	75 	91 	91 
003245 	383 	75 	91 	91 
003246 	383 	75 	91 	91 
003247 	383 	75 	91 	91 
003248 	383 	75 	91 	91 
003249 	383 	75 	91 	91 
003250 	383 	75 	91 	91 
003251 	383 	75 	91 	91 
003252 	383 	75 	91 	91 
003253 	383 	75 	91 	91 
003254 	383 	75 	91 	91 
003255 	383 	75 	91 	91 
003256 	383 	75 	91 	91 
003257 	383 	75 	91 	91 
003258 	383 	75 	91 	91 
003259 	383 	75 	91 	91 
003260 	383 	75 	91 	91 
003261 	383 	75 	91 	91 
003262 	383 	75 	91 	91 
003263 	383 	75 	91 	91 
003264 	383 	75 	91 	91 
003265 	383 	75 	91 	91 
003266 	383 	75 	91 	91 
003267 	383 	75 	91 	91 
003268 	383 	75 	91 	91 
003269 	383 	75 	91 	91 
003270 	383 	75 	91 	91 
003271 	383 	75 	91 	91 
003272 	383 	75 	91 	91 
003273 	383 	75 	91 	91 
003274 	383 	75 	91 	91 
003275 	383 	75 	91 	91 
003276 	383 	75 	91 	91 
003277 	383 	75 	91 	91 
003278 	383 	75 	91 	91 
003279 	383 	75 	91 	91 
003280 	383 	75 	91 	91 
003281 	383 	75 	91 	91 
003282 	383 	75 	91 	91 
003283 	383 	75 	91 	91 
003284 	383 	75 	91 	91 
003285 	383 	75 	91 	91 
003286 	393 	75 	91 	91 
003287 	393 	75 	91 	91 
003288 	393 	75 	91 	91 
003289 	393 	75 	91 	91 
003290 	393 	75 	91 	91 
003291 	393 	75 	91 	91 
003292 	393 	75 	91 	91 
003293 	393 	75 	91 	91 
003294 	393 	75 	91 	91 
003295 	393 	75 	91 	91 
003296 	383 	75 	91 	91 
003297 	383 	75 	91 	91 
003298 	376 	66 	109 	109 
003299 	383 	75 	91 	91 
003300 	376 	66 	109 	109 
003301 	383 	75 	91 	91 
003302 	383 	75 	91 	91 
003303 	383 	75 	91 	91 
003304 	383 	75 	91 	91 
003305 	383 	75 	91 	91 
003306 	383 	75 	91 	91 
003307 	383 	75 	91 	91 
003308 	383 	75 	91 	91 
003309 	383 	75 	91 	91 
003310 	383 	75 	91 	91 
003311 	383 	75 	91 	91 
003312 	383 	75 	91 	91 
003313 	383 	75 	91 	91 
003314 	383 	75 	91 	91 
003315 	373 	65 	91 	91 
003316 	365 	54 	108 	109 
003317 	365 	54 	108 	109 
003318 	373 	75 	91 	91 
003319 	373 	75 	91 	91 
003320 	373 	75 	91 	91 
003321 	373 	75 	91 	91 
003322 	373 	75 	91 	91 
003323 	373 	75 	91 	91 
003324 	373 	75 	91 	91 
003325 	373 	75 	91 	91 
003326 	373 	75 	91 	91 
003327 	373 	75 	91 	91 
003328 	373 	75 	91 	91 
003329 	373 	75 	91 	91 
003330 	373 	75 	91 	91 
003331 	373 	75 	91 	91 
003332 	373 	75 	91 	91 
003333 	373 	75 	91 	91 
003334 	373 	75 	91 	91 
003335 	373 	75 	91 	91 
003336 	373 	75 	91 	91 
003337 	373 	75 	91 	91 
003338 	373 	75 	91 	91 
003339 	373 	75 	91 	91 
003340 	373 	75 	91 	91 
003341 	373 	75 	91 	91 
003342 	373 	75 	91 	91 
003343 	373 	75 	91 	91 
003344 	373 	75 	91 	91 
003345 	365 	66 	108 	109 
003346 	373 	75 	91 	91 
003347 	373 	75 	91 	91 
003348 	365 	66 	108 	109 
003349 	373 	75 	91 	91 
003350 	373 	75 	91 	91 
003351 	373 	75 	91 	91 
003352 	373 	75 	91 	91 
003353 	373 	75 	91 	91 
003354 	373 	75 	91 	91 
003355 	373 	75 	91 	91 
003356 	373 	75 	91 	91 
003357 	373 	75 	91 	91 
