Identity  : 	id10286
Reference : 	DPPq8w5ILrA
Offset    : 	0
FV Conf   : 	19.092
ASD Conf  : 	7.795

FRAME 	X 	Y 	W 	H 
001643 	383 	85 	91 	91 
001644 	383 	85 	91 	91 
001645 	383 	85 	91 	91 
001646 	383 	85 	91 	91 
001647 	383 	85 	91 	91 
001648 	383 	85 	91 	91 
001649 	383 	85 	91 	91 
001650 	383 	85 	91 	91 
001651 	383 	85 	91 	91 
001652 	383 	85 	91 	91 
001653 	383 	85 	91 	91 
001654 	383 	85 	91 	91 
001655 	383 	85 	91 	91 
001656 	383 	85 	91 	91 
001657 	383 	85 	91 	91 
001658 	383 	85 	91 	91 
001659 	383 	85 	91 	91 
001660 	383 	85 	91 	91 
001661 	383 	85 	91 	91 
001662 	383 	85 	91 	91 
001663 	383 	85 	91 	91 
001664 	383 	85 	91 	91 
001665 	373 	75 	91 	91 
001666 	373 	75 	91 	91 
001667 	365 	54 	108 	109 
001668 	373 	75 	91 	91 
001669 	373 	75 	91 	91 
001670 	373 	75 	91 	91 
001671 	373 	75 	91 	91 
001672 	373 	75 	91 	91 
001673 	373 	75 	91 	91 
001674 	373 	75 	91 	91 
001675 	365 	66 	108 	109 
001676 	365 	66 	108 	109 
001677 	365 	66 	108 	109 
001678 	365 	66 	108 	109 
001679 	365 	66 	108 	109 
001680 	365 	66 	108 	109 
001681 	365 	66 	108 	109 
001682 	365 	66 	108 	109 
001683 	365 	66 	108 	109 
001684 	365 	66 	108 	109 
001685 	365 	66 	108 	109 
001686 	373 	75 	91 	91 
001687 	365 	66 	108 	109 
001688 	365 	66 	108 	109 
001689 	373 	75 	91 	91 
001690 	383 	75 	91 	91 
001691 	373 	75 	91 	91 
001692 	365 	66 	108 	109 
001693 	383 	75 	91 	91 
001694 	383 	75 	91 	91 
001695 	383 	75 	91 	91 
001696 	365 	66 	108 	109 
001697 	365 	66 	108 	109 
001698 	365 	66 	108 	109 
001699 	365 	66 	108 	109 
001700 	365 	66 	108 	109 
001701 	365 	66 	108 	109 
001702 	373 	75 	91 	91 
001703 	365 	66 	108 	109 
001704 	365 	66 	108 	109 
001705 	373 	75 	91 	91 
001706 	365 	66 	108 	109 
001707 	373 	75 	91 	91 
001708 	373 	75 	91 	91 
001709 	373 	75 	91 	91 
001710 	383 	75 	91 	91 
001711 	373 	75 	91 	91 
001712 	383 	75 	91 	91 
001713 	373 	75 	91 	91 
001714 	373 	75 	91 	91 
001715 	365 	66 	108 	109 
001716 	373 	75 	91 	91 
001717 	373 	75 	91 	91 
001718 	373 	75 	91 	91 
001719 	373 	75 	91 	91 
001720 	373 	75 	91 	91 
001721 	373 	75 	91 	91 
001722 	365 	54 	108 	109 
001723 	365 	54 	108 	109 
001724 	365 	54 	108 	109 
001725 	373 	65 	91 	91 
001726 	373 	65 	91 	91 
001727 	373 	65 	91 	91 
001728 	373 	65 	91 	91 
001729 	373 	65 	91 	91 
001730 	373 	65 	91 	91 
001731 	373 	65 	91 	91 
001732 	373 	65 	91 	91 
001733 	363 	75 	91 	91 
001734 	363 	75 	91 	91 
001735 	363 	75 	91 	91 
001736 	373 	75 	91 	91 
001737 	373 	75 	91 	91 
001738 	363 	75 	91 	91 
001739 	363 	75 	91 	91 
001740 	363 	75 	91 	91 
001741 	365 	66 	108 	109 
001742 	365 	66 	108 	109 
001743 	353 	66 	108 	109 
001744 	353 	66 	108 	109 
001745 	363 	75 	91 	91 
001746 	363 	75 	91 	91 
001747 	363 	75 	91 	91 
001748 	373 	75 	91 	91 
001749 	373 	75 	91 	91 
001750 	373 	75 	91 	91 
001751 	373 	75 	91 	91 
001752 	373 	75 	91 	91 
001753 	373 	75 	91 	91 
001754 	365 	66 	108 	109 
001755 	373 	75 	91 	91 
001756 	373 	75 	91 	91 
001757 	373 	75 	91 	91 
001758 	373 	75 	91 	91 
001759 	373 	75 	91 	91 
001760 	373 	75 	91 	91 
001761 	373 	75 	91 	91 
001762 	373 	75 	91 	91 
001763 	373 	75 	91 	91 
001764 	373 	75 	91 	91 
001765 	373 	75 	91 	91 
001766 	373 	75 	91 	91 
001767 	373 	75 	91 	91 
001768 	373 	75 	91 	91 
001769 	373 	75 	91 	91 
001770 	365 	66 	108 	109 
001771 	373 	75 	91 	91 
001772 	373 	75 	91 	91 
001773 	373 	75 	91 	91 
001774 	373 	75 	91 	91 
001775 	373 	75 	91 	91 
001776 	373 	75 	91 	91 
001777 	365 	66 	108 	109 
001778 	365 	66 	108 	109 
001779 	365 	66 	108 	109 
001780 	365 	66 	108 	109 
001781 	365 	66 	108 	109 
001782 	383 	75 	91 	91 
001783 	383 	75 	91 	91 
001784 	383 	75 	91 	91 
001785 	383 	75 	91 	91 
001786 	365 	66 	108 	109 
001787 	365 	66 	108 	109 
001788 	365 	66 	108 	109 
001789 	365 	66 	108 	109 
001790 	365 	66 	108 	109 
001791 	365 	66 	108 	109 
001792 	365 	66 	108 	109 
001793 	365 	66 	108 	109 
001794 	365 	66 	108 	109 
001795 	365 	66 	108 	109 
001796 	365 	66 	108 	109 
001797 	365 	66 	108 	109 
001798 	365 	66 	108 	109 
001799 	365 	66 	108 	109 
001800 	365 	66 	108 	109 
001801 	365 	66 	108 	109 
001802 	365 	66 	108 	109 
001803 	365 	66 	108 	109 
001804 	365 	66 	108 	109 
001805 	376 	66 	109 	109 
001806 	376 	66 	109 	109 
001807 	383 	75 	91 	91 
001808 	383 	75 	91 	91 
001809 	383 	75 	91 	91 
001810 	383 	75 	91 	91 
001811 	383 	75 	91 	91 
001812 	383 	75 	91 	91 
001813 	383 	75 	91 	91 
001814 	376 	66 	109 	109 
001815 	383 	75 	91 	91 
001816 	383 	75 	91 	91 
001817 	376 	66 	109 	109 
001818 	376 	66 	109 	109 
001819 	376 	66 	109 	109 
001820 	376 	66 	109 	109 
001821 	376 	66 	109 	109 
001822 	376 	66 	109 	109 
001823 	376 	66 	109 	109 
001824 	376 	66 	109 	109 
001825 	376 	66 	109 	109 
001826 	376 	66 	109 	109 
001827 	376 	66 	109 	109 
001828 	376 	66 	109 	109 
001829 	376 	66 	109 	109 
001830 	393 	85 	91 	91 
001831 	393 	85 	91 	91 
001832 	393 	85 	91 	91 
001833 	393 	85 	91 	91 
001834 	393 	85 	91 	91 
001835 	393 	85 	91 	91 
001836 	393 	85 	91 	91 
001837 	393 	85 	91 	91 
001838 	393 	85 	91 	91 
001839 	393 	85 	91 	91 
001840 	393 	75 	91 	91 
001841 	393 	75 	91 	91 
001842 	393 	75 	91 	91 
001843 	376 	66 	109 	109 
001844 	376 	66 	109 	109 
001845 	365 	66 	108 	109 
001846 	373 	75 	91 	91 
001847 	373 	75 	91 	91 
001848 	373 	75 	91 	91 
001849 	373 	75 	91 	91 
001850 	373 	75 	91 	91 
001851 	383 	75 	91 	91 
001852 	383 	75 	91 	91 
001853 	383 	75 	91 	91 
001854 	383 	75 	91 	91 
001855 	383 	75 	91 	91 
001856 	383 	75 	91 	91 
001857 	383 	75 	91 	91 
001858 	383 	75 	91 	91 
001859 	383 	75 	91 	91 
001860 	383 	75 	91 	91 
001861 	383 	75 	91 	91 
001862 	383 	75 	91 	91 
001863 	383 	75 	91 	91 
001864 	383 	75 	91 	91 
001865 	373 	75 	91 	91 
001866 	365 	66 	108 	109 
001867 	365 	66 	108 	109 
001868 	365 	66 	108 	109 
001869 	365 	66 	108 	109 
001870 	365 	66 	108 	109 
001871 	365 	54 	108 	109 
001872 	365 	66 	108 	109 
001873 	373 	65 	91 	91 
001874 	373 	65 	91 	91 
001875 	373 	65 	91 	91 
001876 	373 	65 	91 	91 
001877 	373 	65 	91 	91 
001878 	373 	65 	91 	91 
001879 	373 	65 	91 	91 
001880 	373 	65 	91 	91 
001881 	373 	65 	91 	91 
001882 	373 	65 	91 	91 
001883 	365 	54 	108 	109 
001884 	365 	54 	108 	109 
001885 	365 	54 	108 	109 
001886 	365 	54 	108 	109 
001887 	365 	54 	108 	109 
001888 	373 	65 	91 	91 
001889 	373 	65 	91 	91 
001890 	373 	65 	91 	91 
001891 	363 	65 	91 	91 
001892 	363 	65 	91 	91 
001893 	363 	65 	91 	91 
001894 	363 	65 	91 	91 
001895 	365 	66 	108 	109 
001896 	365 	54 	108 	109 
