Identity  : 	id10278
Reference : 	R_h7875g_PI
Offset    : 	1
FV Conf   : 	16.689
ASD Conf  : 	6.993

FRAME 	X 	Y 	W 	H 
002725 	208 	51 	130 	130 
002726 	208 	51 	130 	130 
002727 	208 	51 	130 	130 
002728 	208 	51 	130 	130 
002729 	208 	51 	130 	130 
002730 	208 	51 	130 	130 
002731 	208 	51 	130 	130 
002732 	208 	51 	130 	130 
002733 	208 	51 	130 	130 
002734 	208 	51 	130 	130 
002735 	208 	51 	130 	130 
002736 	208 	51 	130 	130 
002737 	208 	51 	130 	130 
002738 	221 	54 	109 	109 
002739 	221 	54 	109 	109 
002740 	221 	54 	109 	109 
002741 	208 	51 	130 	130 
002742 	221 	54 	109 	109 
002743 	221 	54 	109 	109 
002744 	208 	51 	130 	130 
002745 	221 	54 	109 	109 
002746 	208 	51 	130 	130 
002747 	208 	51 	130 	130 
002748 	208 	51 	130 	130 
002749 	208 	51 	130 	130 
002750 	208 	51 	130 	130 
002751 	208 	51 	130 	130 
002752 	208 	37 	130 	130 
002753 	209 	54 	109 	109 
002754 	209 	54 	109 	109 
002755 	208 	37 	130 	130 
002756 	209 	54 	109 	109 
002757 	209 	54 	109 	109 
002758 	209 	54 	109 	109 
002759 	209 	54 	109 	109 
002760 	209 	54 	109 	109 
002761 	209 	54 	109 	109 
002762 	209 	54 	109 	109 
002763 	209 	54 	109 	109 
002764 	208 	37 	130 	130 
002765 	209 	54 	109 	109 
002766 	209 	54 	109 	109 
002767 	194 	37 	130 	130 
002768 	209 	54 	109 	109 
002769 	194 	37 	130 	130 
002770 	194 	37 	130 	130 
002771 	194 	37 	130 	130 
002772 	209 	54 	109 	109 
002773 	209 	54 	109 	109 
002774 	194 	37 	130 	130 
002775 	194 	37 	130 	130 
002776 	208 	37 	130 	130 
002777 	194 	37 	130 	130 
002778 	209 	54 	109 	109 
002779 	209 	43 	109 	108 
002780 	209 	54 	109 	109 
002781 	209 	43 	109 	108 
002782 	224 	55 	91 	91 
002783 	224 	55 	91 	91 
002784 	221 	43 	109 	108 
002785 	221 	43 	109 	108 
002786 	221 	43 	109 	108 
002787 	208 	37 	130 	130 
002788 	208 	37 	130 	130 
002789 	208 	37 	130 	130 
002790 	208 	37 	130 	130 
002791 	208 	37 	130 	130 
002792 	221 	43 	109 	108 
002793 	221 	43 	109 	108 
002794 	221 	43 	109 	108 
002795 	221 	43 	109 	108 
002796 	221 	43 	109 	108 
002797 	224 	55 	91 	91 
002798 	224 	55 	91 	91 
002799 	224 	55 	91 	91 
002800 	224 	55 	91 	91 
002801 	224 	55 	91 	91 
002802 	208 	37 	130 	130 
002803 	209 	54 	109 	109 
002804 	209 	54 	109 	109 
002805 	209 	54 	109 	109 
002806 	209 	54 	109 	109 
002807 	208 	37 	130 	130 
002808 	209 	54 	109 	109 
002809 	208 	37 	130 	130 
002810 	209 	54 	109 	109 
002811 	208 	37 	130 	130 
002812 	208 	37 	130 	130 
002813 	208 	37 	130 	130 
002814 	221 	43 	109 	108 
002815 	224 	55 	91 	91 
002816 	224 	55 	91 	91 
002817 	221 	43 	109 	108 
002818 	221 	43 	109 	108 
002819 	221 	43 	109 	108 
002820 	221 	43 	109 	108 
002821 	221 	43 	109 	108 
002822 	221 	54 	109 	109 
002823 	221 	54 	109 	109 
002824 	221 	54 	109 	109 
002825 	208 	37 	130 	130 
002826 	221 	54 	109 	109 
002827 	208 	51 	130 	130 
002828 	208 	51 	130 	130 
002829 	208 	51 	130 	130 
002830 	208 	51 	130 	130 
