Identity  : 	id10278
Reference : 	R_h7875g_PI
Offset    : 	1
FV Conf   : 	16.689
ASD Conf  : 	8.392

FRAME 	X 	Y 	W 	H 
003945 	194 	37 	130 	130 
003946 	194 	37 	130 	130 
003947 	194 	37 	130 	130 
003948 	194 	37 	130 	130 
003949 	194 	37 	130 	130 
003950 	194 	37 	130 	130 
003951 	194 	37 	130 	130 
003952 	194 	37 	130 	130 
003953 	194 	37 	130 	130 
003954 	194 	37 	130 	130 
003955 	194 	37 	130 	130 
003956 	194 	37 	130 	130 
003957 	194 	37 	130 	130 
003958 	194 	37 	130 	130 
003959 	194 	37 	130 	130 
003960 	194 	37 	130 	130 
003961 	194 	37 	130 	130 
003962 	194 	37 	130 	130 
003963 	194 	37 	130 	130 
003964 	194 	37 	130 	130 
003965 	209 	66 	109 	109 
003966 	209 	66 	109 	109 
003967 	209 	66 	109 	109 
003968 	209 	66 	109 	109 
003969 	208 	51 	130 	130 
003970 	208 	51 	130 	130 
003971 	208 	51 	130 	130 
003972 	208 	51 	130 	130 
003973 	208 	51 	130 	130 
003974 	208 	51 	130 	130 
003975 	208 	37 	130 	130 
003976 	223 	51 	130 	130 
003977 	223 	51 	130 	130 
003978 	223 	51 	130 	130 
003979 	223 	51 	130 	130 
003980 	223 	51 	130 	130 
003981 	223 	51 	130 	130 
003982 	208 	37 	130 	130 
003983 	208 	37 	130 	130 
003984 	208 	37 	130 	130 
003985 	208 	37 	130 	130 
003986 	208 	37 	130 	130 
003987 	208 	37 	130 	130 
003988 	208 	37 	130 	130 
003989 	208 	37 	130 	130 
003990 	208 	37 	130 	130 
003991 	224 	65 	91 	91 
003992 	224 	65 	91 	91 
003993 	224 	65 	91 	91 
003994 	209 	66 	109 	109 
003995 	209 	66 	109 	109 
003996 	209 	66 	109 	109 
003997 	194 	51 	130 	130 
003998 	194 	51 	130 	130 
003999 	194 	51 	130 	130 
004000 	194 	51 	130 	130 
004001 	194 	51 	130 	130 
004002 	194 	51 	130 	130 
004003 	194 	51 	130 	130 
004004 	194 	37 	130 	130 
004005 	194 	37 	130 	130 
004006 	194 	37 	130 	130 
004007 	194 	37 	130 	130 
004008 	194 	37 	130 	130 
004009 	194 	37 	130 	130 
004010 	194 	51 	130 	130 
004011 	194 	51 	130 	130 
004012 	194 	51 	130 	130 
004013 	194 	51 	130 	130 
004014 	194 	51 	130 	130 
004015 	194 	51 	130 	130 
004016 	194 	51 	130 	130 
004017 	194 	51 	130 	130 
004018 	194 	51 	130 	130 
004019 	194 	51 	130 	130 
004020 	194 	51 	130 	130 
004021 	194 	51 	130 	130 
004022 	194 	51 	130 	130 
004023 	194 	51 	130 	130 
004024 	194 	51 	130 	130 
004025 	194 	51 	130 	130 
004026 	194 	51 	130 	130 
004027 	181 	27 	156 	156 
004028 	209 	66 	109 	109 
004029 	208 	51 	130 	130 
004030 	208 	51 	130 	130 
004031 	208 	37 	130 	130 
004032 	208 	51 	130 	130 
004033 	208 	51 	130 	130 
004034 	208 	51 	130 	130 
004035 	208 	51 	130 	130 
004036 	208 	51 	130 	130 
004037 	208 	51 	130 	130 
004038 	208 	51 	130 	130 
004039 	208 	51 	130 	130 
004040 	208 	51 	130 	130 
004041 	208 	51 	130 	130 
004042 	208 	51 	130 	130 
004043 	208 	51 	130 	130 
004044 	208 	51 	130 	130 
004045 	208 	51 	130 	130 
004046 	208 	51 	130 	130 
004047 	208 	51 	130 	130 
004048 	208 	51 	130 	130 
004049 	208 	51 	130 	130 
004050 	208 	51 	130 	130 
004051 	208 	51 	130 	130 
004052 	194 	37 	130 	130 
004053 	194 	37 	130 	130 
004054 	194 	37 	130 	130 
004055 	194 	37 	130 	130 
004056 	194 	37 	130 	130 
004057 	197 	54 	109 	109 
004058 	180 	37 	130 	130 
004059 	180 	37 	130 	130 
004060 	194 	37 	130 	130 
004061 	194 	37 	130 	130 
004062 	194 	37 	130 	130 
004063 	194 	37 	130 	130 
004064 	194 	37 	130 	130 
004065 	194 	37 	130 	130 
004066 	194 	37 	130 	130 
004067 	194 	37 	130 	130 
004068 	194 	37 	130 	130 
004069 	194 	37 	130 	130 
004070 	194 	37 	130 	130 
004071 	194 	37 	130 	130 
004072 	194 	37 	130 	130 
004073 	194 	37 	130 	130 
004074 	194 	51 	130 	130 
004075 	194 	51 	130 	130 
004076 	194 	51 	130 	130 
004077 	194 	51 	130 	130 
004078 	194 	51 	130 	130 
