Identity  : 	id10273
Reference : 	gHPh9j7lc58
Offset    : 	0
FV Conf   : 	19.217
ASD Conf  : 	7.168

FRAME 	X 	Y 	W 	H 
004874 	244 	95 	90 	91 
004875 	245 	90 	109 	109 
004876 	245 	90 	109 	109 
004877 	257 	90 	109 	109 
004878 	257 	90 	109 	109 
004879 	257 	90 	109 	109 
004880 	264 	105 	90 	91 
004881 	274 	105 	90 	91 
004882 	274 	105 	90 	91 
004883 	269 	102 	108 	109 
004884 	269 	102 	108 	109 
004885 	269 	102 	108 	109 
004886 	281 	102 	108 	109 
004887 	281 	102 	108 	109 
004888 	281 	102 	108 	109 
004889 	281 	102 	108 	109 
004890 	281 	114 	108 	109 
004891 	281 	114 	108 	109 
004892 	281 	114 	108 	109 
004893 	281 	114 	108 	109 
004894 	281 	102 	108 	109 
004895 	281 	102 	108 	109 
004896 	281 	102 	108 	109 
004897 	281 	102 	108 	109 
004898 	281 	102 	108 	109 
004899 	281 	102 	108 	109 
004900 	281 	102 	108 	109 
004901 	281 	102 	108 	109 
004902 	269 	102 	108 	109 
004903 	269 	102 	108 	109 
004904 	269 	102 	108 	109 
004905 	269 	102 	108 	109 
004906 	269 	102 	108 	109 
004907 	269 	90 	108 	109 
004908 	269 	90 	108 	109 
004909 	269 	90 	108 	109 
004910 	269 	90 	108 	109 
004911 	269 	90 	108 	109 
004912 	269 	90 	108 	109 
004913 	269 	90 	108 	109 
004914 	269 	78 	108 	109 
004915 	269 	78 	108 	109 
004916 	269 	78 	108 	109 
004917 	269 	78 	108 	109 
004918 	269 	78 	108 	109 
004919 	269 	78 	108 	109 
004920 	269 	78 	108 	109 
004921 	257 	66 	109 	109 
004922 	257 	66 	109 	109 
004923 	257 	66 	109 	109 
004924 	257 	66 	109 	109 
004925 	257 	66 	109 	109 
004926 	257 	66 	109 	109 
004927 	257 	66 	109 	109 
004928 	257 	66 	109 	109 
004929 	257 	66 	109 	109 
004930 	257 	66 	109 	109 
004931 	257 	66 	109 	109 
004932 	257 	66 	109 	109 
004933 	257 	66 	109 	109 
004934 	257 	66 	109 	109 
004935 	257 	66 	109 	109 
004936 	257 	66 	109 	109 
004937 	257 	66 	109 	109 
004938 	257 	66 	109 	109 
004939 	264 	65 	90 	91 
004940 	264 	65 	90 	91 
004941 	245 	54 	109 	109 
004942 	245 	54 	109 	109 
004943 	264 	65 	90 	91 
004944 	245 	54 	109 	109 
004945 	245 	54 	109 	109 
004946 	245 	54 	109 	109 
004947 	245 	54 	109 	109 
004948 	245 	54 	109 	109 
004949 	245 	54 	109 	109 
004950 	245 	54 	109 	109 
004951 	245 	54 	109 	109 
004952 	245 	54 	109 	109 
004953 	245 	54 	109 	109 
004954 	245 	54 	109 	109 
004955 	245 	66 	109 	109 
004956 	245 	66 	109 	109 
004957 	245 	66 	109 	109 
004958 	257 	66 	109 	109 
004959 	257 	66 	109 	109 
004960 	257 	66 	109 	109 
004961 	257 	66 	109 	109 
004962 	257 	66 	109 	109 
004963 	257 	66 	109 	109 
004964 	269 	78 	108 	109 
004965 	269 	66 	108 	109 
004966 	269 	66 	108 	109 
004967 	266 	66 	130 	130 
004968 	266 	66 	130 	130 
004969 	281 	66 	108 	109 
004970 	281 	66 	108 	109 
004971 	280 	66 	130 	130 
004972 	280 	66 	130 	130 
004973 	280 	66 	130 	130 
004974 	280 	80 	130 	130 
004975 	280 	80 	130 	130 
004976 	280 	80 	130 	130 
004977 	280 	80 	130 	130 
004978 	280 	80 	130 	130 
004979 	280 	80 	130 	130 
004980 	280 	80 	130 	130 
004981 	280 	80 	130 	130 
004982 	280 	80 	130 	130 
004983 	280 	80 	130 	130 
004984 	280 	80 	130 	130 
004985 	280 	80 	130 	130 
004986 	281 	78 	108 	109 
004987 	281 	78 	108 	109 
004988 	281 	78 	108 	109 
004989 	266 	80 	130 	130 
004990 	266 	80 	130 	130 
004991 	266 	80 	130 	130 
004992 	269 	78 	108 	109 
004993 	269 	78 	108 	109 
004994 	269 	78 	108 	109 
004995 	251 	66 	130 	130 
004996 	257 	78 	109 	109 
004997 	257 	78 	109 	109 
004998 	257 	78 	109 	109 
004999 	257 	78 	109 	109 
005000 	257 	78 	109 	109 
005001 	257 	78 	109 	109 
005002 	257 	78 	109 	109 
005003 	257 	78 	109 	109 
005004 	257 	78 	109 	109 
005005 	257 	78 	109 	109 
005006 	257 	78 	109 	109 
005007 	257 	78 	109 	109 
005008 	257 	78 	109 	109 
005009 	257 	78 	109 	109 
005010 	257 	78 	109 	109 
005011 	269 	90 	108 	109 
005012 	269 	78 	108 	109 
005013 	269 	90 	108 	109 
005014 	269 	90 	108 	109 
005015 	269 	78 	108 	109 
005016 	269 	78 	108 	109 
005017 	266 	80 	130 	130 
005018 	266 	80 	130 	130 
005019 	269 	90 	108 	109 
005020 	266 	80 	130 	130 
005021 	266 	80 	130 	130 
005022 	266 	80 	130 	130 
005023 	269 	90 	108 	109 
005024 	269 	90 	108 	109 
005025 	269 	90 	108 	109 
