Identity  : 	id10300
Reference : 	Fi8lnFPYgII
Offset    : 	0
FV Conf   : 	15.249
ASD Conf  : 	6.680

FRAME 	X 	Y 	W 	H 
002329 	137 	94 	130 	130 
002330 	137 	94 	130 	130 
002331 	137 	94 	130 	130 
002332 	137 	94 	130 	130 
002333 	137 	94 	130 	130 
002334 	130 	79 	156 	156 
002335 	130 	79 	156 	156 
002336 	130 	79 	156 	156 
002337 	130 	79 	156 	156 
002338 	130 	79 	156 	156 
002339 	130 	79 	156 	156 
002340 	130 	79 	156 	156 
002341 	130 	79 	156 	156 
002342 	130 	79 	156 	156 
002343 	130 	79 	156 	156 
002344 	130 	62 	156 	155 
002345 	130 	62 	156 	155 
002346 	130 	62 	156 	155 
002347 	130 	79 	156 	156 
002348 	113 	62 	155 	155 
002349 	94 	53 	187 	187 
002350 	113 	62 	155 	155 
002351 	113 	62 	155 	155 
002352 	113 	62 	155 	155 
002353 	113 	62 	155 	155 
002354 	113 	62 	155 	155 
002355 	113 	62 	155 	155 
002356 	113 	62 	155 	155 
002357 	113 	62 	155 	155 
002358 	113 	62 	155 	155 
002359 	113 	62 	155 	155 
002360 	113 	62 	155 	155 
002361 	113 	79 	155 	156 
002362 	113 	62 	155 	155 
002363 	113 	62 	155 	155 
002364 	113 	62 	155 	155 
002365 	113 	62 	155 	155 
002366 	113 	79 	155 	156 
002367 	113 	79 	155 	156 
002368 	113 	79 	155 	156 
002369 	113 	79 	155 	156 
002370 	113 	79 	155 	156 
002371 	113 	79 	155 	156 
002372 	130 	79 	156 	156 
002373 	113 	79 	155 	156 
002374 	113 	79 	155 	156 
002375 	113 	79 	155 	156 
002376 	113 	79 	155 	156 
002377 	113 	79 	155 	156 
002378 	113 	79 	155 	156 
002379 	113 	79 	155 	156 
002380 	113 	79 	155 	156 
002381 	113 	79 	155 	156 
002382 	113 	79 	155 	156 
002383 	113 	79 	155 	156 
002384 	113 	79 	155 	156 
002385 	113 	79 	155 	156 
002386 	113 	79 	155 	156 
002387 	130 	79 	156 	156 
002388 	130 	79 	156 	156 
002389 	130 	79 	156 	156 
002390 	113 	79 	155 	156 
002391 	113 	62 	155 	155 
002392 	113 	79 	155 	156 
002393 	113 	79 	155 	156 
002394 	113 	62 	155 	155 
002395 	130 	79 	156 	156 
002396 	130 	79 	156 	156 
002397 	130 	79 	156 	156 
002398 	130 	79 	156 	156 
002399 	122 	94 	130 	130 
002400 	122 	94 	130 	130 
002401 	122 	94 	130 	130 
002402 	113 	62 	155 	155 
002403 	130 	79 	156 	156 
002404 	130 	79 	156 	156 
002405 	130 	79 	156 	156 
002406 	130 	79 	156 	156 
002407 	130 	79 	156 	156 
002408 	130 	79 	156 	156 
002409 	130 	79 	156 	156 
002410 	130 	79 	156 	156 
002411 	147 	79 	156 	156 
002412 	147 	79 	156 	156 
002413 	165 	80 	130 	130 
002414 	165 	80 	130 	130 
002415 	165 	80 	130 	130 
002416 	165 	80 	130 	130 
002417 	147 	62 	156 	155 
002418 	165 	80 	130 	130 
002419 	147 	79 	156 	156 
002420 	165 	94 	130 	130 
002421 	165 	94 	130 	130 
002422 	165 	94 	130 	130 
002423 	165 	94 	130 	130 
002424 	165 	94 	130 	130 
002425 	147 	79 	156 	156 
002426 	164 	79 	156 	156 
002427 	164 	62 	156 	155 
002428 	164 	62 	156 	155 
002429 	164 	62 	156 	155 
002430 	164 	62 	156 	155 
002431 	181 	62 	156 	155 
002432 	181 	62 	156 	155 
002433 	181 	62 	156 	155 
002434 	181 	62 	156 	155 
002435 	181 	62 	156 	155 
002436 	181 	62 	156 	155 
002437 	181 	62 	156 	155 
002438 	181 	62 	156 	155 
002439 	181 	62 	156 	155 
002440 	181 	62 	156 	155 
002441 	181 	62 	156 	155 
002442 	181 	62 	156 	155 
002443 	181 	62 	156 	155 
002444 	181 	62 	156 	155 
002445 	181 	62 	156 	155 
002446 	181 	62 	156 	155 
002447 	181 	62 	156 	155 
002448 	181 	62 	156 	155 
002449 	181 	62 	156 	155 
002450 	181 	62 	156 	155 
002451 	181 	62 	156 	155 
