Identity  : 	id10300
Reference : 	Fi8lnFPYgII
Offset    : 	0
FV Conf   : 	15.249
ASD Conf  : 	6.253

FRAME 	X 	Y 	W 	H 
002456 	164 	79 	156 	156 
002457 	165 	94 	130 	130 
002458 	147 	79 	156 	156 
002459 	151 	94 	130 	130 
002460 	137 	94 	130 	130 
002461 	113 	79 	155 	156 
002462 	113 	79 	155 	156 
002463 	113 	79 	155 	156 
002464 	113 	79 	155 	156 
002465 	113 	62 	155 	155 
002466 	113 	62 	155 	155 
002467 	113 	62 	155 	155 
002468 	113 	62 	155 	155 
002469 	113 	62 	155 	155 
002470 	113 	62 	155 	155 
002471 	113 	62 	155 	155 
002472 	113 	62 	155 	155 
002473 	113 	62 	155 	155 
002474 	113 	62 	155 	155 
002475 	113 	62 	155 	155 
002476 	130 	62 	156 	155 
002477 	130 	62 	156 	155 
002478 	130 	62 	156 	155 
002479 	130 	62 	156 	155 
002480 	130 	62 	156 	155 
002481 	130 	62 	156 	155 
002482 	130 	79 	156 	156 
002483 	130 	62 	156 	155 
002484 	130 	79 	156 	156 
002485 	137 	94 	130 	130 
002486 	137 	94 	130 	130 
002487 	137 	94 	130 	130 
002488 	137 	94 	130 	130 
002489 	130 	79 	156 	156 
002490 	130 	79 	156 	156 
002491 	130 	79 	156 	156 
002492 	130 	79 	156 	156 
002493 	130 	79 	156 	156 
002494 	130 	79 	156 	156 
002495 	130 	79 	156 	156 
002496 	130 	79 	156 	156 
002497 	130 	79 	156 	156 
002498 	130 	79 	156 	156 
002499 	130 	79 	156 	156 
002500 	130 	79 	156 	156 
002501 	130 	79 	156 	156 
002502 	130 	79 	156 	156 
002503 	130 	79 	156 	156 
002504 	130 	79 	156 	156 
002505 	130 	79 	156 	156 
002506 	130 	79 	156 	156 
002507 	130 	79 	156 	156 
002508 	130 	79 	156 	156 
002509 	130 	79 	156 	156 
002510 	130 	79 	156 	156 
002511 	130 	79 	156 	156 
002512 	137 	94 	130 	130 
002513 	130 	79 	156 	156 
002514 	130 	79 	156 	156 
002515 	130 	79 	156 	156 
002516 	130 	79 	156 	156 
002517 	130 	79 	156 	156 
002518 	130 	79 	156 	156 
002519 	130 	79 	156 	156 
002520 	130 	79 	156 	156 
002521 	130 	79 	156 	156 
002522 	130 	79 	156 	156 
002523 	130 	79 	156 	156 
002524 	130 	79 	156 	156 
002525 	130 	79 	156 	156 
002526 	130 	79 	156 	156 
002527 	130 	79 	156 	156 
002528 	130 	79 	156 	156 
002529 	130 	79 	156 	156 
002530 	130 	79 	156 	156 
002531 	130 	79 	156 	156 
002532 	130 	79 	156 	156 
002533 	130 	79 	156 	156 
002534 	130 	79 	156 	156 
002535 	130 	79 	156 	156 
002536 	130 	79 	156 	156 
002537 	130 	79 	156 	156 
002538 	130 	79 	156 	156 
002539 	130 	79 	156 	156 
002540 	130 	79 	156 	156 
002541 	130 	79 	156 	156 
002542 	130 	79 	156 	156 
002543 	130 	79 	156 	156 
002544 	130 	79 	156 	156 
002545 	130 	79 	156 	156 
002546 	130 	79 	156 	156 
002547 	130 	79 	156 	156 
002548 	130 	79 	156 	156 
002549 	130 	79 	156 	156 
002550 	130 	79 	156 	156 
002551 	130 	79 	156 	156 
002552 	130 	79 	156 	156 
002553 	130 	79 	156 	156 
002554 	151 	94 	130 	130 
002555 	130 	79 	156 	156 
002556 	130 	79 	156 	156 
002557 	137 	94 	130 	130 
002558 	130 	79 	156 	156 
002559 	130 	79 	156 	156 
002560 	130 	79 	156 	156 
002561 	130 	79 	156 	156 
