Identity  : 	id10298
Reference : 	aEuSKFj0xo8
Offset    : 	0
FV Conf   : 	13.942
ASD Conf  : 	6.451

FRAME 	X 	Y 	W 	H 
010605 	273 	107 	63 	63 
010606 	273 	107 	63 	63 
010607 	273 	107 	63 	63 
010608 	273 	107 	63 	63 
010609 	253 	96 	75 	75 
010610 	253 	104 	75 	76 
010611 	253 	104 	75 	76 
010612 	253 	104 	75 	76 
010613 	253 	104 	75 	76 
010614 	253 	104 	75 	76 
010615 	253 	104 	75 	76 
010616 	253 	104 	75 	76 
010617 	253 	104 	75 	76 
010618 	266 	107 	63 	63 
010619 	253 	104 	75 	76 
010620 	253 	104 	75 	76 
010621 	253 	104 	75 	76 
010622 	253 	104 	75 	76 
010623 	253 	104 	75 	76 
010624 	259 	107 	63 	63 
010625 	259 	107 	63 	63 
010626 	259 	107 	63 	63 
010627 	259 	107 	63 	63 
010628 	259 	107 	63 	63 
010629 	259 	107 	63 	63 
010630 	259 	107 	63 	63 
010631 	259 	107 	63 	63 
010632 	259 	107 	63 	63 
010633 	259 	107 	63 	63 
010634 	259 	107 	63 	63 
010635 	244 	104 	76 	76 
010636 	259 	107 	63 	63 
010637 	244 	104 	76 	76 
010638 	244 	104 	76 	76 
010639 	244 	104 	76 	76 
010640 	244 	104 	76 	76 
010641 	252 	107 	63 	63 
010642 	244 	104 	76 	76 
010643 	252 	107 	63 	63 
010644 	244 	104 	76 	76 
010645 	252 	114 	63 	63 
010646 	252 	114 	63 	63 
010647 	252 	114 	63 	63 
010648 	245 	107 	63 	63 
010649 	245 	114 	63 	63 
010650 	245 	114 	63 	63 
010651 	245 	114 	63 	63 
010652 	245 	114 	63 	63 
010653 	236 	104 	76 	76 
010654 	236 	104 	76 	76 
010655 	236 	104 	76 	76 
010656 	236 	104 	76 	76 
010657 	236 	104 	76 	76 
010658 	236 	104 	76 	76 
010659 	244 	104 	76 	76 
010660 	244 	104 	76 	76 
010661 	244 	104 	76 	76 
010662 	244 	104 	76 	76 
010663 	244 	104 	76 	76 
010664 	244 	104 	76 	76 
010665 	244 	104 	76 	76 
010666 	244 	104 	76 	76 
010667 	244 	104 	76 	76 
010668 	244 	104 	76 	76 
010669 	244 	104 	76 	76 
010670 	246 	104 	76 	76 
010671 	248 	104 	76 	76 
010672 	251 	104 	75 	76 
010673 	253 	104 	75 	76 
010674 	253 	104 	75 	76 
010675 	253 	104 	75 	76 
010676 	253 	104 	75 	76 
010677 	253 	104 	75 	76 
010678 	253 	104 	75 	76 
010679 	256 	104 	75 	76 
010680 	258 	104 	76 	76 
010681 	261 	104 	76 	76 
010682 	261 	104 	76 	76 
010683 	261 	104 	76 	76 
010684 	261 	112 	76 	76 
010685 	261 	104 	76 	76 
010686 	261 	112 	76 	76 
010687 	261 	104 	76 	76 
010688 	261 	104 	76 	76 
010689 	261 	112 	76 	76 
010690 	261 	112 	76 	76 
010691 	261 	112 	76 	76 
010692 	261 	112 	76 	76 
010693 	261 	112 	76 	76 
010694 	261 	112 	76 	76 
010695 	261 	112 	76 	76 
010696 	261 	112 	76 	76 
010697 	261 	112 	76 	76 
010698 	261 	112 	76 	76 
010699 	261 	112 	76 	76 
010700 	261 	112 	76 	76 
010701 	261 	112 	76 	76 
010702 	261 	112 	76 	76 
010703 	261 	112 	76 	76 
010704 	261 	112 	76 	76 
010705 	261 	112 	76 	76 
010706 	261 	112 	76 	76 
010707 	261 	112 	76 	76 
010708 	261 	112 	76 	76 
010709 	261 	112 	76 	76 
010710 	261 	112 	76 	76 
010711 	261 	112 	76 	76 
010712 	261 	112 	76 	76 
010713 	253 	112 	75 	76 
010714 	266 	121 	63 	63 
010715 	266 	121 	63 	63 
010716 	253 	112 	75 	76 
010717 	253 	112 	75 	76 
010718 	253 	112 	75 	76 
010719 	253 	112 	75 	76 
010720 	253 	112 	75 	76 
010721 	253 	112 	75 	76 
010722 	253 	112 	75 	76 
010723 	253 	112 	75 	76 
010724 	253 	112 	75 	76 
010725 	253 	112 	75 	76 
010726 	253 	112 	75 	76 
010727 	253 	112 	75 	76 
010728 	253 	112 	75 	76 
010729 	253 	112 	75 	76 
010730 	266 	121 	63 	63 
010731 	266 	121 	63 	63 
010732 	266 	121 	63 	63 
010733 	266 	121 	63 	63 
010734 	261 	112 	76 	76 
010735 	261 	112 	76 	76 
010736 	261 	112 	76 	76 
010737 	261 	112 	76 	76 
010738 	261 	112 	76 	76 
010739 	261 	112 	76 	76 
010740 	261 	112 	76 	76 
010741 	261 	112 	76 	76 
010742 	261 	112 	76 	76 
010743 	261 	112 	76 	76 
010744 	261 	112 	76 	76 
010745 	261 	112 	76 	76 
010746 	261 	112 	76 	76 
010747 	261 	112 	76 	76 
010748 	261 	112 	76 	76 
010749 	273 	121 	63 	63 
010750 	273 	121 	63 	63 
010751 	273 	121 	63 	63 
010752 	273 	121 	63 	63 
010753 	273 	121 	63 	63 
010754 	273 	121 	63 	63 
010755 	273 	121 	63 	63 
010756 	273 	121 	63 	63 
010757 	273 	121 	63 	63 
010758 	273 	121 	63 	63 
010759 	261 	112 	76 	76 
010760 	261 	112 	76 	76 
010761 	261 	112 	76 	76 
010762 	261 	112 	76 	76 
010763 	261 	112 	76 	76 
010764 	261 	112 	76 	76 
010765 	253 	112 	75 	76 
010766 	253 	112 	75 	76 
010767 	253 	112 	75 	76 
010768 	253 	112 	75 	76 
010769 	253 	112 	75 	76 
010770 	253 	112 	75 	76 
010771 	253 	112 	75 	76 
010772 	253 	112 	75 	76 
010773 	253 	112 	75 	76 
010774 	253 	112 	75 	76 
010775 	266 	114 	63 	63 
010776 	261 	112 	76 	76 
010777 	266 	114 	63 	63 
010778 	261 	112 	76 	76 
010779 	261 	104 	76 	76 
010780 	261 	104 	76 	76 
010781 	261 	104 	76 	76 
010782 	261 	104 	76 	76 
010783 	261 	104 	76 	76 
010784 	261 	104 	76 	76 
010785 	266 	107 	63 	63 
010786 	253 	104 	75 	76 
010787 	253 	104 	75 	76 
010788 	253 	104 	75 	76 
010789 	253 	104 	75 	76 
010790 	253 	104 	75 	76 
010791 	253 	104 	75 	76 
010792 	253 	104 	75 	76 
010793 	253 	104 	75 	76 
010794 	253 	104 	75 	76 
010795 	253 	104 	75 	76 
010796 	253 	104 	75 	76 
010797 	253 	104 	75 	76 
010798 	253 	104 	75 	76 
010799 	253 	104 	75 	76 
010800 	253 	104 	75 	76 
010801 	253 	104 	75 	76 
010802 	253 	104 	75 	76 
010803 	253 	104 	75 	76 
010804 	253 	104 	75 	76 
010805 	253 	104 	75 	76 
010806 	253 	104 	75 	76 
010807 	253 	104 	75 	76 
010808 	253 	104 	75 	76 
010809 	253 	104 	75 	76 
010810 	253 	104 	75 	76 
010811 	253 	104 	75 	76 
010812 	253 	104 	75 	76 
010813 	253 	104 	75 	76 
