Identity  : 	id10307
Reference : 	x5H4xfXTh-I
Offset    : 	0
FV Conf   : 	18.629
ASD Conf  : 	9.004

FRAME 	X 	Y 	W 	H 
001772 	305 	66 	108 	109 
001773 	305 	66 	108 	109 
001774 	293 	66 	108 	109 
001775 	293 	66 	108 	109 
001776 	281 	66 	108 	109 
001777 	281 	66 	108 	109 
001778 	281 	66 	108 	109 
001779 	269 	66 	108 	109 
001780 	269 	66 	108 	109 
001781 	269 	54 	108 	109 
001782 	269 	66 	108 	109 
001783 	269 	54 	108 	109 
001784 	269 	66 	108 	109 
001785 	266 	51 	130 	130 
001786 	281 	66 	108 	109 
001787 	281 	66 	108 	109 
001788 	281 	66 	108 	109 
001789 	293 	66 	108 	109 
001790 	293 	66 	108 	109 
001791 	293 	66 	108 	109 
001792 	293 	66 	108 	109 
001793 	293 	66 	108 	109 
001794 	293 	66 	108 	109 
001795 	293 	66 	108 	109 
001796 	304 	75 	90 	91 
001797 	304 	75 	90 	91 
001798 	293 	78 	108 	109 
001799 	293 	78 	108 	109 
001800 	293 	78 	108 	109 
001801 	293 	78 	108 	109 
001802 	293 	78 	108 	109 
001803 	293 	78 	108 	109 
001804 	293 	78 	108 	109 
001805 	293 	78 	108 	109 
001806 	293 	78 	108 	109 
001807 	293 	78 	108 	109 
001808 	293 	78 	108 	109 
001809 	293 	78 	108 	109 
001810 	293 	78 	108 	109 
001811 	293 	66 	108 	109 
001812 	293 	66 	108 	109 
001813 	293 	66 	108 	109 
001814 	293 	66 	108 	109 
001815 	293 	66 	108 	109 
001816 	293 	66 	108 	109 
001817 	293 	66 	108 	109 
001818 	293 	66 	108 	109 
001819 	293 	66 	108 	109 
001820 	293 	66 	108 	109 
001821 	293 	78 	108 	109 
001822 	293 	78 	108 	109 
001823 	293 	78 	108 	109 
001824 	293 	78 	108 	109 
001825 	293 	78 	108 	109 
001826 	293 	66 	108 	109 
001827 	293 	66 	108 	109 
001828 	293 	66 	108 	109 
001829 	293 	66 	108 	109 
001830 	293 	66 	108 	109 
001831 	293 	66 	108 	109 
001832 	293 	66 	108 	109 
001833 	293 	66 	108 	109 
001834 	293 	66 	108 	109 
001835 	293 	66 	108 	109 
001836 	293 	66 	108 	109 
001837 	293 	66 	108 	109 
001838 	293 	66 	108 	109 
001839 	293 	66 	108 	109 
001840 	293 	66 	108 	109 
001841 	293 	78 	108 	109 
001842 	293 	78 	108 	109 
001843 	293 	78 	108 	109 
001844 	293 	78 	108 	109 
001845 	293 	78 	108 	109 
001846 	293 	66 	108 	109 
001847 	293 	66 	108 	109 
001848 	293 	66 	108 	109 
001849 	293 	78 	108 	109 
001850 	293 	78 	108 	109 
001851 	293 	78 	108 	109 
001852 	293 	78 	108 	109 
001853 	293 	78 	108 	109 
001854 	293 	66 	108 	109 
001855 	293 	78 	108 	109 
001856 	305 	78 	108 	109 
001857 	305 	78 	108 	109 
001858 	305 	78 	108 	109 
001859 	305 	78 	108 	109 
001860 	317 	78 	108 	109 
001861 	317 	78 	108 	109 
001862 	317 	78 	108 	109 
001863 	317 	78 	108 	109 
001864 	317 	78 	108 	109 
001865 	317 	78 	108 	109 
001866 	317 	78 	108 	109 
001867 	317 	78 	108 	109 
001868 	317 	78 	108 	109 
001869 	317 	78 	108 	109 
001870 	317 	78 	108 	109 
001871 	317 	78 	108 	109 
001872 	317 	78 	108 	109 
001873 	317 	78 	108 	109 
001874 	305 	78 	108 	109 
001875 	305 	66 	108 	109 
001876 	305 	66 	108 	109 
001877 	305 	66 	108 	109 
001878 	305 	66 	108 	109 
001879 	305 	66 	108 	109 
001880 	305 	66 	108 	109 
001881 	305 	66 	108 	109 
001882 	305 	66 	108 	109 
001883 	305 	66 	108 	109 
001884 	305 	66 	108 	109 
001885 	305 	66 	108 	109 
001886 	305 	66 	108 	109 
001887 	305 	66 	108 	109 
001888 	293 	66 	108 	109 
001889 	293 	66 	108 	109 
001890 	293 	66 	108 	109 
001891 	293 	78 	108 	109 
001892 	293 	78 	108 	109 
001893 	293 	78 	108 	109 
001894 	294 	75 	90 	91 
001895 	281 	66 	108 	109 
001896 	281 	66 	108 	109 
001897 	281 	66 	108 	109 
001898 	281 	66 	108 	109 
001899 	281 	66 	108 	109 
001900 	281 	66 	108 	109 
001901 	281 	66 	108 	109 
001902 	281 	66 	108 	109 
001903 	281 	66 	108 	109 
001904 	281 	66 	108 	109 
001905 	284 	75 	90 	91 
001906 	269 	66 	108 	109 
001907 	257 	66 	109 	109 
001908 	237 	51 	130 	130 
001909 	237 	51 	130 	130 
001910 	245 	66 	109 	109 
001911 	245 	66 	109 	109 
001912 	245 	66 	109 	109 
001913 	245 	66 	109 	109 
