Identity  : 	id10284
Reference : 	EoCPhxtWUOc
Offset    : 	0
FV Conf   : 	15.483
ASD Conf  : 	8.009

FRAME 	X 	Y 	W 	H 
001335 	177 	95 	187 	186 
001336 	177 	95 	187 	186 
001337 	177 	95 	187 	186 
001338 	199 	113 	155 	156 
001339 	199 	113 	155 	156 
001340 	199 	113 	155 	156 
001341 	199 	113 	155 	156 
001342 	199 	113 	155 	156 
001343 	199 	113 	155 	156 
001344 	199 	113 	155 	156 
001345 	199 	113 	155 	156 
001346 	199 	113 	155 	156 
001347 	199 	113 	155 	156 
001348 	199 	113 	155 	156 
001349 	199 	113 	155 	156 
001350 	199 	113 	155 	156 
001351 	199 	113 	155 	156 
001352 	199 	113 	155 	156 
001353 	199 	113 	155 	156 
001354 	199 	113 	155 	156 
001355 	199 	113 	155 	156 
001356 	199 	113 	155 	156 
001357 	199 	113 	155 	156 
001358 	199 	113 	155 	156 
001359 	199 	113 	155 	156 
001360 	199 	113 	155 	156 
001361 	177 	95 	187 	186 
001362 	177 	95 	187 	186 
001363 	177 	95 	187 	186 
001364 	177 	95 	187 	186 
001365 	177 	95 	187 	186 
001366 	177 	95 	187 	186 
001367 	177 	95 	187 	186 
001368 	177 	95 	187 	186 
001369 	177 	95 	187 	186 
001370 	177 	95 	187 	186 
001371 	177 	95 	187 	186 
001372 	199 	113 	155 	156 
001373 	177 	95 	187 	186 
001374 	199 	113 	155 	156 
001375 	177 	95 	187 	186 
001376 	177 	95 	187 	186 
001377 	177 	95 	187 	186 
001378 	177 	95 	187 	186 
001379 	177 	95 	187 	186 
001380 	177 	95 	187 	186 
001381 	177 	95 	187 	186 
001382 	177 	95 	187 	186 
001383 	177 	95 	187 	186 
001384 	199 	113 	155 	156 
001385 	199 	113 	155 	156 
001386 	177 	95 	187 	186 
001387 	177 	95 	187 	186 
001388 	177 	95 	187 	186 
001389 	177 	95 	187 	186 
001390 	177 	95 	187 	186 
001391 	177 	95 	187 	186 
001392 	177 	95 	187 	186 
001393 	177 	95 	187 	186 
001394 	199 	96 	155 	156 
001395 	177 	95 	187 	186 
001396 	177 	95 	187 	186 
001397 	177 	95 	187 	186 
001398 	177 	95 	187 	186 
001399 	177 	95 	187 	186 
001400 	177 	95 	187 	186 
001401 	177 	95 	187 	186 
001402 	177 	95 	187 	186 
001403 	177 	95 	187 	186 
001404 	177 	95 	187 	186 
001405 	177 	95 	187 	186 
001406 	177 	95 	187 	186 
001407 	177 	95 	187 	186 
001408 	177 	95 	187 	186 
001409 	177 	95 	187 	186 
001410 	177 	95 	187 	186 
001411 	177 	95 	187 	186 
001412 	177 	95 	187 	186 
001413 	177 	95 	187 	186 
001414 	177 	95 	187 	186 
001415 	177 	95 	187 	186 
001416 	177 	95 	187 	186 
001417 	177 	95 	187 	186 
001418 	177 	95 	187 	186 
001419 	177 	95 	187 	186 
001420 	177 	95 	187 	186 
001421 	177 	95 	187 	186 
001422 	177 	95 	187 	186 
001423 	177 	95 	187 	186 
001424 	177 	95 	187 	186 
001425 	177 	95 	187 	186 
001426 	177 	95 	187 	186 
001427 	177 	95 	187 	186 
001428 	177 	95 	187 	186 
001429 	177 	95 	187 	186 
001430 	177 	95 	187 	186 
001431 	177 	95 	187 	186 
001432 	177 	95 	187 	186 
001433 	177 	95 	187 	186 
001434 	177 	95 	187 	186 
001435 	199 	113 	155 	156 
001436 	199 	113 	155 	156 
001437 	199 	113 	155 	156 
001438 	199 	113 	155 	156 
001439 	199 	113 	155 	156 
001440 	199 	113 	155 	156 
001441 	199 	113 	155 	156 
001442 	199 	113 	155 	156 
001443 	177 	95 	187 	186 
001444 	177 	95 	187 	186 
001445 	177 	95 	187 	186 
001446 	177 	95 	187 	186 
001447 	181 	96 	156 	156 
001448 	181 	96 	156 	156 
001449 	181 	96 	156 	156 
001450 	181 	113 	156 	156 
001451 	181 	113 	156 	156 
001452 	181 	113 	156 	156 
001453 	181 	113 	156 	156 
001454 	181 	113 	156 	156 
001455 	181 	113 	156 	156 
001456 	181 	113 	156 	156 
001457 	181 	113 	156 	156 
001458 	181 	113 	156 	156 
001459 	181 	113 	156 	156 
001460 	181 	113 	156 	156 
001461 	181 	113 	156 	156 
001462 	181 	113 	156 	156 
001463 	181 	113 	156 	156 
001464 	181 	113 	156 	156 
001465 	177 	95 	187 	186 
001466 	177 	95 	187 	186 
001467 	177 	95 	187 	186 
001468 	199 	113 	155 	156 
001469 	199 	113 	155 	156 
001470 	199 	113 	155 	156 
001471 	199 	113 	155 	156 
001472 	199 	113 	155 	156 
001473 	199 	113 	155 	156 
001474 	199 	113 	155 	156 
001475 	199 	113 	155 	156 
001476 	199 	113 	155 	156 
001477 	199 	113 	155 	156 
001478 	197 	95 	187 	186 
001479 	197 	95 	187 	186 
001480 	216 	113 	156 	156 
001481 	197 	95 	187 	186 
001482 	216 	113 	156 	156 
001483 	216 	113 	156 	156 
001484 	216 	113 	156 	156 
001485 	216 	113 	156 	156 
001486 	216 	113 	156 	156 
001487 	197 	95 	187 	186 
001488 	216 	113 	156 	156 
001489 	197 	95 	187 	186 
001490 	197 	95 	187 	186 
001491 	197 	95 	187 	186 
001492 	197 	95 	187 	186 
001493 	216 	113 	156 	156 
001494 	216 	113 	156 	156 
001495 	216 	113 	156 	156 
001496 	197 	74 	187 	187 
001497 	197 	74 	187 	187 
001498 	216 	96 	156 	156 
001499 	197 	74 	187 	187 
001500 	197 	74 	187 	187 
001501 	197 	74 	187 	187 
001502 	216 	113 	156 	156 
001503 	216 	113 	156 	156 
001504 	197 	95 	187 	186 
001505 	216 	113 	156 	156 
001506 	216 	113 	156 	156 
001507 	216 	113 	156 	156 
001508 	216 	113 	156 	156 
001509 	216 	113 	156 	156 
001510 	216 	113 	156 	156 
001511 	216 	113 	156 	156 
001512 	216 	113 	156 	156 
001513 	216 	113 	156 	156 
001514 	216 	113 	156 	156 
001515 	216 	113 	156 	156 
001516 	216 	113 	156 	156 
001517 	216 	113 	156 	156 
001518 	216 	113 	156 	156 
001519 	216 	113 	156 	156 
001520 	216 	113 	156 	156 
001521 	216 	113 	156 	156 
001522 	216 	113 	156 	156 
001523 	216 	113 	156 	156 
001524 	197 	95 	187 	186 
001525 	197 	95 	187 	186 
001526 	197 	95 	187 	186 
001527 	199 	96 	155 	156 
001528 	199 	96 	155 	156 
001529 	199 	96 	155 	156 
001530 	199 	96 	155 	156 
001531 	199 	96 	155 	156 
001532 	199 	96 	155 	156 
001533 	199 	96 	155 	156 
001534 	199 	96 	155 	156 
001535 	199 	96 	155 	156 
001536 	199 	96 	155 	156 
001537 	199 	96 	155 	156 
001538 	199 	96 	155 	156 
001539 	199 	96 	155 	156 
001540 	199 	96 	155 	156 
001541 	199 	96 	155 	156 
001542 	199 	96 	155 	156 
001543 	199 	96 	155 	156 
001544 	199 	96 	155 	156 
001545 	199 	96 	155 	156 
001546 	199 	113 	155 	156 
001547 	199 	113 	155 	156 
001548 	199 	113 	155 	156 
001549 	199 	113 	155 	156 
001550 	199 	113 	155 	156 
001551 	199 	113 	155 	156 
001552 	199 	113 	155 	156 
001553 	199 	113 	155 	156 
001554 	199 	113 	155 	156 
001555 	199 	113 	155 	156 
001556 	199 	113 	155 	156 
001557 	199 	113 	155 	156 
001558 	199 	113 	155 	156 
001559 	199 	113 	155 	156 
001560 	197 	95 	187 	186 
001561 	197 	95 	187 	186 
001562 	197 	95 	187 	186 
001563 	197 	95 	187 	186 
001564 	197 	95 	187 	186 
001565 	216 	113 	156 	156 
001566 	199 	113 	155 	156 
001567 	199 	113 	155 	156 
001568 	199 	113 	155 	156 
001569 	199 	113 	155 	156 
001570 	177 	95 	187 	186 
001571 	181 	113 	156 	156 
001572 	181 	113 	156 	156 
001573 	181 	113 	156 	156 
001574 	181 	113 	156 	156 
001575 	181 	113 	156 	156 
001576 	181 	113 	156 	156 
001577 	181 	113 	156 	156 
001578 	181 	113 	156 	156 
001579 	181 	113 	156 	156 
001580 	181 	113 	156 	156 
001581 	181 	113 	156 	156 
001582 	181 	113 	156 	156 
001583 	181 	113 	156 	156 
001584 	181 	113 	156 	156 
001585 	181 	113 	156 	156 
001586 	181 	113 	156 	156 
001587 	181 	113 	156 	156 
001588 	177 	95 	187 	186 
001589 	177 	95 	187 	186 
001590 	199 	113 	155 	156 
001591 	216 	113 	156 	156 
001592 	197 	95 	187 	186 
001593 	197 	95 	187 	186 
001594 	197 	95 	187 	186 
001595 	197 	95 	187 	186 
001596 	197 	95 	187 	186 
001597 	197 	95 	187 	186 
001598 	197 	95 	187 	186 
001599 	197 	95 	187 	186 
001600 	216 	113 	156 	156 
001601 	197 	95 	187 	186 
001602 	197 	95 	187 	186 
001603 	197 	95 	187 	186 
001604 	177 	95 	187 	186 
001605 	199 	113 	155 	156 
001606 	199 	113 	155 	156 
001607 	199 	113 	155 	156 
001608 	199 	113 	155 	156 
001609 	199 	113 	155 	156 
001610 	199 	113 	155 	156 
001611 	199 	113 	155 	156 
001612 	199 	113 	155 	156 
001613 	197 	95 	187 	186 
001614 	216 	113 	156 	156 
001615 	216 	113 	156 	156 
001616 	197 	95 	187 	186 
001617 	197 	95 	187 	186 
001618 	197 	95 	187 	186 
001619 	197 	95 	187 	186 
001620 	216 	113 	156 	156 
001621 	216 	113 	156 	156 
001622 	216 	113 	156 	156 
001623 	216 	113 	156 	156 
001624 	216 	113 	156 	156 
001625 	216 	113 	156 	156 
001626 	216 	113 	156 	156 
001627 	197 	74 	187 	187 
001628 	197 	74 	187 	187 
001629 	197 	74 	187 	187 
001630 	197 	74 	187 	187 
001631 	197 	74 	187 	187 
001632 	197 	74 	187 	187 
001633 	216 	96 	156 	156 
001634 	199 	96 	155 	156 
001635 	199 	96 	155 	156 
001636 	199 	96 	155 	156 
001637 	199 	96 	155 	156 
001638 	199 	96 	155 	156 
001639 	199 	96 	155 	156 
001640 	177 	95 	187 	186 
