Identity  : 	id10284
Reference : 	EoCPhxtWUOc
Offset    : 	0
FV Conf   : 	18.809
ASD Conf  : 	7.351

FRAME 	X 	Y 	W 	H 
000055 	177 	95 	187 	186 
000056 	177 	95 	187 	186 
000057 	177 	95 	187 	186 
000058 	177 	95 	187 	186 
000059 	177 	95 	187 	186 
000060 	177 	95 	187 	186 
000061 	177 	95 	187 	186 
000062 	177 	95 	187 	186 
000063 	177 	95 	187 	186 
000064 	177 	95 	187 	186 
000065 	177 	95 	187 	186 
000066 	177 	95 	187 	186 
000067 	177 	95 	187 	186 
000068 	177 	95 	187 	186 
000069 	177 	95 	187 	186 
000070 	177 	95 	187 	186 
000071 	177 	95 	187 	186 
000072 	177 	95 	187 	186 
000073 	177 	95 	187 	186 
000074 	177 	95 	187 	186 
000075 	199 	113 	155 	156 
000076 	199 	113 	155 	156 
000077 	199 	113 	155 	156 
000078 	199 	113 	155 	156 
000079 	177 	95 	187 	186 
000080 	177 	95 	187 	186 
000081 	177 	95 	187 	186 
000082 	177 	95 	187 	186 
000083 	177 	95 	187 	186 
000084 	177 	95 	187 	186 
000085 	181 	113 	156 	156 
000086 	181 	113 	156 	156 
000087 	181 	113 	156 	156 
000088 	177 	95 	187 	186 
000089 	199 	113 	155 	156 
000090 	177 	115 	187 	187 
000091 	177 	115 	187 	187 
000092 	177 	115 	187 	187 
000093 	199 	113 	155 	156 
000094 	177 	95 	187 	186 
000095 	177 	95 	187 	186 
000096 	181 	113 	156 	156 
000097 	181 	113 	156 	156 
000098 	181 	113 	156 	156 
000099 	181 	113 	156 	156 
000100 	156 	95 	187 	186 
000101 	156 	95 	187 	186 
000102 	156 	95 	187 	186 
000103 	181 	113 	156 	156 
000104 	181 	113 	156 	156 
000105 	181 	113 	156 	156 
000106 	181 	113 	156 	156 
000107 	181 	113 	156 	156 
000108 	181 	113 	156 	156 
000109 	181 	113 	156 	156 
000110 	181 	113 	156 	156 
000111 	181 	113 	156 	156 
000112 	181 	113 	156 	156 
000113 	181 	113 	156 	156 
000114 	181 	113 	156 	156 
000115 	181 	113 	156 	156 
000116 	181 	113 	156 	156 
000117 	181 	113 	156 	156 
000118 	181 	113 	156 	156 
000119 	181 	113 	156 	156 
000120 	181 	113 	156 	156 
000121 	181 	113 	156 	156 
000122 	181 	113 	156 	156 
000123 	181 	113 	156 	156 
000124 	181 	113 	156 	156 
000125 	181 	113 	156 	156 
000126 	177 	115 	187 	187 
000127 	181 	130 	156 	156 
000128 	177 	115 	187 	187 
000129 	181 	130 	156 	156 
000130 	181 	130 	156 	156 
000131 	181 	113 	156 	156 
000132 	181 	113 	156 	156 
000133 	181 	113 	156 	156 
000134 	181 	113 	156 	156 
000135 	181 	113 	156 	156 
000136 	181 	113 	156 	156 
000137 	181 	113 	156 	156 
000138 	181 	113 	156 	156 
000139 	181 	113 	156 	156 
000140 	181 	113 	156 	156 
000141 	181 	113 	156 	156 
000142 	181 	113 	156 	156 
000143 	181 	113 	156 	156 
000144 	181 	113 	156 	156 
000145 	181 	113 	156 	156 
000146 	181 	113 	156 	156 
000147 	181 	113 	156 	156 
000148 	181 	113 	156 	156 
000149 	181 	113 	156 	156 
000150 	181 	113 	156 	156 
000151 	181 	113 	156 	156 
000152 	181 	113 	156 	156 
000153 	181 	113 	156 	156 
000154 	181 	113 	156 	156 
000155 	181 	113 	156 	156 
000156 	181 	113 	156 	156 
000157 	181 	113 	156 	156 
000158 	181 	113 	156 	156 
000159 	181 	113 	156 	156 
000160 	181 	113 	156 	156 
000161 	181 	113 	156 	156 
000162 	181 	113 	156 	156 
000163 	181 	113 	156 	156 
000164 	181 	113 	156 	156 
000165 	181 	113 	156 	156 
000166 	181 	113 	156 	156 
000167 	181 	113 	156 	156 
000168 	181 	113 	156 	156 
000169 	181 	113 	156 	156 
000170 	181 	113 	156 	156 
000171 	181 	130 	156 	156 
000172 	181 	130 	156 	156 
000173 	181 	113 	156 	156 
000174 	181 	113 	156 	156 
000175 	181 	113 	156 	156 
000176 	181 	113 	156 	156 
000177 	181 	113 	156 	156 
000178 	181 	113 	156 	156 
000179 	181 	113 	156 	156 
000180 	181 	113 	156 	156 
000181 	181 	113 	156 	156 
000182 	177 	95 	187 	186 
000183 	177 	95 	187 	186 
000184 	177 	95 	187 	186 
000185 	177 	95 	187 	186 
000186 	177 	95 	187 	186 
000187 	177 	95 	187 	186 
000188 	177 	95 	187 	186 
000189 	177 	95 	187 	186 
000190 	177 	95 	187 	186 
000191 	177 	95 	187 	186 
000192 	177 	95 	187 	186 
000193 	177 	95 	187 	186 
000194 	177 	95 	187 	186 
000195 	177 	95 	187 	186 
000196 	177 	95 	187 	186 
000197 	177 	95 	187 	186 
000198 	177 	95 	187 	186 
000199 	177 	95 	187 	186 
000200 	177 	95 	187 	186 
000201 	177 	95 	187 	186 
000202 	177 	95 	187 	186 
000203 	177 	95 	187 	186 
000204 	177 	95 	187 	186 
000205 	199 	113 	155 	156 
000206 	199 	113 	155 	156 
000207 	199 	113 	155 	156 
000208 	199 	113 	155 	156 
000209 	199 	113 	155 	156 
000210 	199 	113 	155 	156 
000211 	199 	113 	155 	156 
000212 	199 	113 	155 	156 
000213 	199 	113 	155 	156 
000214 	199 	113 	155 	156 
000215 	199 	113 	155 	156 
000216 	177 	95 	187 	186 
000217 	181 	113 	156 	156 
000218 	181 	113 	156 	156 
000219 	181 	113 	156 	156 
000220 	156 	95 	187 	186 
000221 	164 	113 	156 	156 
000222 	164 	113 	156 	156 
000223 	164 	113 	156 	156 
000224 	164 	113 	156 	156 
000225 	164 	113 	156 	156 
000226 	164 	113 	156 	156 
000227 	164 	113 	156 	156 
000228 	164 	113 	156 	156 
000229 	156 	115 	187 	187 
000230 	156 	95 	187 	186 
000231 	156 	95 	187 	186 
000232 	156 	95 	187 	186 
000233 	156 	95 	187 	186 
000234 	156 	115 	187 	187 
000235 	164 	130 	156 	156 
000236 	156 	95 	187 	186 
000237 	156 	95 	187 	186 
000238 	156 	95 	187 	186 
000239 	156 	95 	187 	186 
000240 	156 	95 	187 	186 
000241 	156 	95 	187 	186 
000242 	156 	95 	187 	186 
000243 	181 	130 	156 	156 
000244 	181 	130 	156 	156 
000245 	181 	130 	156 	156 
000246 	181 	130 	156 	156 
000247 	181 	130 	156 	156 
000248 	181 	130 	156 	156 
000249 	181 	130 	156 	156 
000250 	181 	130 	156 	156 
000251 	181 	130 	156 	156 
000252 	181 	130 	156 	156 
000253 	181 	130 	156 	156 
000254 	181 	130 	156 	156 
000255 	181 	130 	156 	156 
000256 	181 	130 	156 	156 
000257 	181 	130 	156 	156 
000258 	181 	130 	156 	156 
000259 	181 	130 	156 	156 
000260 	181 	130 	156 	156 
000261 	181 	130 	156 	156 
000262 	181 	130 	156 	156 
000263 	181 	130 	156 	156 
000264 	181 	130 	156 	156 
000265 	181 	130 	156 	156 
000266 	181 	130 	156 	156 
000267 	181 	130 	156 	156 
000268 	181 	130 	156 	156 
000269 	181 	130 	156 	156 
000270 	181 	130 	156 	156 
000271 	181 	130 	156 	156 
000272 	181 	130 	156 	156 
000273 	181 	130 	156 	156 
000274 	181 	130 	156 	156 
000275 	181 	130 	156 	156 
000276 	181 	130 	156 	156 
000277 	181 	130 	156 	156 
000278 	181 	130 	156 	156 
000279 	181 	130 	156 	156 
000280 	181 	130 	156 	156 
000281 	181 	130 	156 	156 
000282 	181 	130 	156 	156 
000283 	181 	130 	156 	156 
000284 	181 	130 	156 	156 
000285 	181 	130 	156 	156 
000286 	181 	130 	156 	156 
000287 	181 	130 	156 	156 
000288 	181 	130 	156 	156 
000289 	181 	130 	156 	156 
000290 	181 	130 	156 	156 
000291 	181 	130 	156 	156 
000292 	181 	130 	156 	156 
000293 	181 	130 	156 	156 
