Identity  : 	id10292
Reference : 	3kzw8lTcUBU
Offset    : 	-1
FV Conf   : 	14.541
ASD Conf  : 	5.546

FRAME 	X 	Y 	W 	H 
016178 	169 	90 	37 	37 
016179 	169 	90 	37 	37 
016180 	169 	90 	37 	37 
016181 	169 	90 	37 	37 
016182 	169 	90 	37 	37 
016183 	169 	90 	37 	37 
016184 	169 	90 	37 	37 
016185 	169 	90 	37 	37 
016186 	165 	90 	37 	37 
016187 	165 	94 	37 	37 
016188 	165 	94 	37 	37 
016189 	161 	94 	37 	37 
016190 	161 	94 	37 	37 
016191 	161 	94 	37 	37 
016192 	161 	94 	37 	37 
016193 	161 	94 	37 	37 
016194 	157 	94 	37 	37 
016195 	157 	94 	37 	37 
016196 	157 	94 	37 	37 
016197 	157 	94 	37 	37 
016198 	157 	94 	37 	37 
016199 	157 	94 	37 	37 
016200 	157 	94 	37 	37 
016201 	157 	94 	37 	37 
016202 	157 	94 	37 	37 
016203 	157 	94 	37 	37 
016204 	157 	94 	37 	37 
016205 	161 	94 	37 	37 
016206 	161 	94 	37 	37 
016207 	165 	90 	37 	37 
016208 	169 	90 	37 	37 
016209 	169 	90 	37 	37 
016210 	173 	90 	37 	37 
016211 	173 	90 	37 	37 
016212 	173 	90 	37 	37 
016213 	173 	90 	37 	37 
016214 	173 	94 	37 	37 
016215 	177 	90 	37 	37 
016216 	177 	94 	37 	37 
016217 	177 	90 	37 	37 
016218 	177 	90 	37 	37 
016219 	177 	94 	37 	37 
016220 	177 	94 	37 	37 
016221 	177 	94 	37 	37 
016222 	177 	94 	37 	37 
016223 	177 	94 	37 	37 
016224 	173 	94 	37 	37 
016225 	173 	94 	37 	37 
016226 	173 	94 	37 	37 
016227 	173 	94 	37 	37 
016228 	173 	94 	37 	37 
016229 	173 	94 	37 	37 
016230 	173 	94 	37 	37 
016231 	173 	94 	37 	37 
016232 	173 	94 	37 	37 
016233 	173 	94 	37 	37 
016234 	173 	94 	37 	37 
016235 	173 	94 	37 	37 
016236 	173 	94 	37 	37 
016237 	173 	90 	37 	37 
016238 	173 	90 	37 	37 
016239 	173 	90 	37 	37 
016240 	173 	90 	37 	37 
016241 	173 	90 	37 	37 
016242 	173 	90 	37 	37 
016243 	173 	90 	37 	37 
016244 	173 	90 	37 	37 
016245 	173 	90 	37 	37 
016246 	173 	90 	37 	37 
016247 	173 	90 	37 	37 
016248 	169 	90 	37 	37 
016249 	169 	90 	37 	37 
016250 	169 	90 	37 	37 
016251 	169 	90 	37 	37 
016252 	165 	94 	37 	37 
016253 	165 	94 	37 	37 
016254 	165 	94 	37 	37 
016255 	165 	94 	37 	37 
016256 	165 	94 	37 	37 
016257 	165 	94 	37 	37 
016258 	165 	94 	37 	37 
016259 	165 	94 	37 	37 
016260 	165 	90 	37 	37 
016261 	161 	90 	37 	37 
016262 	161 	90 	37 	37 
016263 	161 	90 	37 	37 
016264 	161 	90 	37 	37 
016265 	161 	90 	37 	37 
016266 	161 	90 	37 	37 
016267 	161 	90 	37 	37 
016268 	161 	90 	37 	37 
016269 	157 	90 	37 	37 
016270 	161 	90 	37 	37 
016271 	157 	90 	37 	37 
016272 	157 	90 	37 	37 
016273 	157 	90 	37 	37 
016274 	157 	90 	37 	37 
016275 	161 	94 	37 	37 
016276 	161 	94 	37 	37 
016277 	161 	94 	37 	37 
016278 	165 	94 	37 	37 
016279 	165 	94 	37 	37 
016280 	169 	90 	37 	37 
