Identity  : 	id10292
Reference : 	3kzw8lTcUBU
Offset    : 	-1
FV Conf   : 	16.687
ASD Conf  : 	6.969

FRAME 	X 	Y 	W 	H 
015082 	194 	105 	91 	91 
015083 	194 	105 	91 	91 
015084 	194 	105 	91 	91 
015085 	194 	105 	91 	91 
015086 	194 	105 	91 	91 
015087 	194 	105 	91 	91 
015088 	194 	105 	91 	91 
015089 	194 	105 	91 	91 
015090 	194 	105 	91 	91 
015091 	194 	105 	91 	91 
015092 	194 	105 	91 	91 
015093 	194 	105 	91 	91 
015094 	194 	95 	91 	91 
015095 	194 	105 	91 	91 
015096 	194 	105 	91 	91 
015097 	194 	95 	91 	91 
015098 	194 	105 	91 	91 
015099 	194 	105 	91 	91 
015100 	194 	95 	91 	91 
015101 	194 	95 	91 	91 
015102 	194 	95 	91 	91 
015103 	194 	95 	91 	91 
015104 	194 	95 	91 	91 
015105 	194 	105 	91 	91 
015106 	194 	105 	91 	91 
015107 	194 	105 	91 	91 
015108 	194 	105 	91 	91 
015109 	194 	105 	91 	91 
015110 	194 	105 	91 	91 
015111 	194 	105 	91 	91 
015112 	194 	105 	91 	91 
015113 	194 	105 	91 	91 
015114 	194 	105 	91 	91 
015115 	194 	105 	91 	91 
015116 	194 	105 	91 	91 
015117 	194 	105 	91 	91 
015118 	194 	105 	91 	91 
015119 	194 	105 	91 	91 
015120 	194 	105 	91 	91 
015121 	194 	105 	91 	91 
015122 	184 	105 	91 	91 
015123 	184 	105 	91 	91 
015124 	184 	105 	91 	91 
015125 	184 	105 	91 	91 
015126 	194 	95 	91 	91 
015127 	194 	95 	91 	91 
015128 	194 	95 	91 	91 
015129 	194 	95 	91 	91 
015130 	194 	95 	91 	91 
015131 	194 	95 	91 	91 
015132 	194 	95 	91 	91 
015133 	194 	95 	91 	91 
015134 	194 	95 	91 	91 
015135 	194 	95 	91 	91 
015136 	194 	95 	91 	91 
015137 	194 	95 	91 	91 
015138 	194 	95 	91 	91 
015139 	204 	95 	91 	91 
015140 	204 	95 	91 	91 
015141 	204 	95 	91 	91 
015142 	204 	95 	91 	91 
015143 	204 	95 	91 	91 
015144 	204 	95 	91 	91 
015145 	204 	95 	91 	91 
015146 	204 	105 	91 	91 
015147 	204 	105 	91 	91 
015148 	204 	105 	91 	91 
015149 	204 	105 	91 	91 
015150 	204 	105 	91 	91 
015151 	204 	105 	91 	91 
015152 	204 	105 	91 	91 
015153 	204 	105 	91 	91 
015154 	204 	105 	91 	91 
015155 	204 	105 	91 	91 
015156 	204 	105 	91 	91 
015157 	204 	105 	91 	91 
015158 	204 	105 	91 	91 
015159 	204 	105 	91 	91 
015160 	204 	105 	91 	91 
015161 	204 	105 	91 	91 
015162 	204 	105 	91 	91 
015163 	204 	105 	91 	91 
015164 	204 	105 	91 	91 
015165 	204 	105 	91 	91 
015166 	204 	105 	91 	91 
015167 	194 	115 	91 	91 
015168 	194 	115 	91 	91 
015169 	194 	115 	91 	91 
015170 	204 	115 	91 	91 
015171 	204 	115 	91 	91 
015172 	204 	115 	91 	91 
015173 	204 	115 	91 	91 
015174 	194 	115 	91 	91 
015175 	194 	115 	91 	91 
015176 	194 	115 	91 	91 
015177 	204 	115 	91 	91 
015178 	204 	115 	91 	91 
015179 	204 	115 	91 	91 
015180 	204 	115 	91 	91 
015181 	204 	115 	91 	91 
015182 	204 	115 	91 	91 
015183 	194 	115 	91 	91 
015184 	194 	115 	91 	91 
015185 	194 	115 	91 	91 
015186 	194 	115 	91 	91 
015187 	194 	115 	91 	91 
015188 	194 	115 	91 	91 
015189 	194 	115 	91 	91 
015190 	194 	115 	91 	91 
015191 	204 	115 	91 	91 
015192 	204 	115 	91 	91 
015193 	194 	115 	91 	91 
