Identity  : 	id10306
Reference : 	2SaEbN8hYz4
Offset    : 	-3
FV Conf   : 	19.647
ASD Conf  : 	6.295

FRAME 	X 	Y 	W 	H 
002498 	419 	62 	75 	76 
002499 	410 	62 	76 	76 
002500 	410 	62 	76 	76 
002501 	410 	62 	76 	76 
002502 	410 	62 	76 	76 
002503 	410 	62 	76 	76 
002504 	410 	62 	76 	76 
002505 	410 	54 	76 	76 
002506 	410 	54 	76 	76 
002507 	410 	54 	76 	76 
002508 	419 	54 	75 	76 
002509 	419 	54 	75 	76 
002510 	419 	54 	75 	76 
002511 	419 	54 	75 	76 
002512 	419 	54 	75 	76 
002513 	410 	46 	76 	76 
002514 	419 	46 	75 	76 
002515 	419 	46 	75 	76 
002516 	419 	46 	75 	76 
002517 	419 	46 	75 	76 
002518 	419 	46 	75 	76 
002519 	419 	46 	75 	76 
002520 	419 	46 	75 	76 
002521 	419 	46 	75 	76 
002522 	419 	46 	75 	76 
002523 	419 	46 	75 	76 
002524 	419 	46 	75 	76 
002525 	419 	46 	75 	76 
002526 	419 	46 	75 	76 
002527 	419 	46 	75 	76 
002528 	419 	46 	75 	76 
002529 	419 	46 	75 	76 
002530 	419 	46 	75 	76 
002531 	419 	46 	75 	76 
002532 	419 	46 	75 	76 
002533 	419 	46 	75 	76 
002534 	419 	46 	75 	76 
002535 	419 	46 	75 	76 
002536 	425 	52 	63 	63 
002537 	419 	46 	75 	76 
002538 	427 	46 	76 	76 
002539 	427 	46 	76 	76 
002540 	427 	46 	76 	76 
002541 	427 	46 	76 	76 
002542 	427 	46 	76 	76 
002543 	427 	46 	76 	76 
002544 	427 	54 	76 	76 
002545 	439 	59 	63 	63 
002546 	435 	54 	76 	76 
002547 	435 	54 	76 	76 
002548 	427 	54 	76 	76 
002549 	427 	54 	76 	76 
002550 	427 	54 	76 	76 
002551 	427 	54 	76 	76 
002552 	427 	54 	76 	76 
002553 	427 	54 	76 	76 
002554 	427 	54 	76 	76 
002555 	427 	54 	76 	76 
002556 	427 	54 	76 	76 
002557 	427 	54 	76 	76 
002558 	427 	54 	76 	76 
002559 	427 	54 	76 	76 
002560 	427 	54 	76 	76 
002561 	427 	54 	76 	76 
002562 	427 	54 	76 	76 
002563 	427 	54 	76 	76 
002564 	419 	54 	75 	76 
002565 	419 	54 	75 	76 
002566 	419 	54 	75 	76 
002567 	419 	54 	75 	76 
002568 	419 	54 	75 	76 
002569 	419 	54 	75 	76 
002570 	419 	54 	75 	76 
002571 	419 	54 	75 	76 
002572 	427 	54 	76 	76 
002573 	427 	54 	76 	76 
002574 	427 	54 	76 	76 
002575 	427 	54 	76 	76 
002576 	427 	54 	76 	76 
002577 	427 	54 	76 	76 
002578 	413 	45 	91 	91 
002579 	413 	45 	91 	91 
002580 	427 	54 	76 	76 
002581 	427 	54 	76 	76 
002582 	427 	54 	76 	76 
002583 	427 	54 	76 	76 
002584 	427 	54 	76 	76 
002585 	427 	54 	76 	76 
002586 	435 	54 	76 	76 
002587 	435 	62 	76 	76 
002588 	435 	62 	76 	76 
002589 	435 	62 	76 	76 
002590 	435 	62 	76 	76 
002591 	435 	62 	76 	76 
002592 	435 	62 	76 	76 
002593 	427 	62 	76 	76 
002594 	427 	62 	76 	76 
002595 	427 	62 	76 	76 
002596 	427 	62 	76 	76 
002597 	427 	62 	76 	76 
002598 	427 	62 	76 	76 
002599 	427 	62 	76 	76 
002600 	427 	62 	76 	76 
002601 	427 	62 	76 	76 
002602 	427 	62 	76 	76 
002603 	427 	62 	76 	76 
002604 	427 	62 	76 	76 
002605 	427 	62 	76 	76 
002606 	427 	62 	76 	76 
002607 	427 	62 	76 	76 
002608 	419 	62 	75 	76 
002609 	419 	62 	75 	76 
002610 	419 	62 	75 	76 
002611 	419 	62 	75 	76 
002612 	419 	62 	75 	76 
002613 	419 	62 	75 	76 
002614 	419 	62 	75 	76 
002615 	419 	62 	75 	76 
002616 	419 	62 	75 	76 
002617 	419 	62 	75 	76 
002618 	419 	62 	75 	76 
002619 	419 	62 	75 	76 
002620 	419 	62 	75 	76 
002621 	419 	62 	75 	76 
002622 	419 	62 	75 	76 
002623 	419 	62 	75 	76 
002624 	419 	62 	75 	76 
002625 	419 	62 	75 	76 
002626 	419 	62 	75 	76 
002627 	419 	62 	75 	76 
002628 	419 	62 	75 	76 
002629 	419 	62 	75 	76 
002630 	419 	62 	75 	76 
002631 	419 	62 	75 	76 
002632 	419 	62 	75 	76 
002633 	419 	62 	75 	76 
002634 	419 	62 	75 	76 
002635 	419 	62 	75 	76 
002636 	419 	62 	75 	76 
002637 	419 	62 	75 	76 
002638 	419 	62 	75 	76 
002639 	419 	62 	75 	76 
002640 	419 	62 	75 	76 
002641 	419 	62 	75 	76 
002642 	419 	62 	75 	76 
002643 	419 	62 	75 	76 
002644 	419 	62 	75 	76 
002645 	419 	62 	75 	76 
002646 	419 	62 	75 	76 
002647 	419 	62 	75 	76 
002648 	419 	62 	75 	76 
002649 	419 	62 	75 	76 
002650 	419 	62 	75 	76 
002651 	419 	62 	75 	76 
002652 	419 	62 	75 	76 
002653 	419 	62 	75 	76 
002654 	419 	62 	75 	76 
002655 	419 	62 	75 	76 
002656 	419 	62 	75 	76 
002657 	419 	54 	75 	76 
002658 	419 	54 	75 	76 
002659 	419 	54 	75 	76 
002660 	419 	54 	75 	76 
002661 	419 	54 	75 	76 
002662 	427 	54 	76 	76 
002663 	427 	46 	76 	76 
002664 	427 	46 	76 	76 
002665 	427 	46 	76 	76 
002666 	427 	46 	76 	76 
002667 	427 	46 	76 	76 
002668 	427 	46 	76 	76 
002669 	427 	46 	76 	76 
002670 	427 	46 	76 	76 
002671 	427 	46 	76 	76 
002672 	427 	46 	76 	76 
002673 	427 	46 	76 	76 
002674 	427 	46 	76 	76 
002675 	427 	46 	76 	76 
