Identity  : 	id10306
Reference : 	2SaEbN8hYz4
Offset    : 	-3
FV Conf   : 	18.710
ASD Conf  : 	6.224

FRAME 	X 	Y 	W 	H 
004081 	427 	54 	76 	76 
004082 	427 	62 	76 	76 
004083 	413 	55 	91 	91 
004084 	419 	62 	75 	76 
004085 	419 	62 	75 	76 
004086 	419 	62 	75 	76 
004087 	419 	62 	75 	76 
004088 	419 	62 	75 	76 
004089 	419 	62 	75 	76 
004090 	419 	71 	75 	75 
004091 	410 	71 	76 	75 
004092 	410 	71 	76 	75 
004093 	410 	71 	76 	75 
004094 	410 	71 	76 	75 
004095 	410 	71 	76 	75 
004096 	402 	71 	76 	75 
004097 	402 	71 	76 	75 
004098 	402 	71 	76 	75 
004099 	402 	71 	76 	75 
004100 	402 	71 	76 	75 
004101 	402 	71 	76 	75 
004102 	402 	71 	76 	75 
004103 	394 	71 	75 	75 
004104 	394 	71 	75 	75 
004105 	394 	71 	75 	75 
004106 	394 	71 	75 	75 
004107 	394 	71 	75 	75 
004108 	394 	71 	75 	75 
004109 	394 	71 	75 	75 
004110 	394 	71 	75 	75 
004111 	394 	71 	75 	75 
004112 	394 	71 	75 	75 
004113 	394 	71 	75 	75 
004114 	394 	71 	75 	75 
004115 	394 	71 	75 	75 
004116 	394 	71 	75 	75 
004117 	394 	71 	75 	75 
004118 	394 	71 	75 	75 
004119 	394 	71 	75 	75 
004120 	394 	71 	75 	75 
004121 	394 	71 	75 	75 
004122 	394 	71 	75 	75 
004123 	394 	71 	75 	75 
004124 	402 	71 	76 	75 
004125 	402 	71 	76 	75 
004126 	402 	71 	76 	75 
004127 	402 	71 	76 	75 
004128 	402 	71 	76 	75 
004129 	402 	71 	76 	75 
004130 	402 	71 	76 	75 
004131 	402 	71 	76 	75 
004132 	402 	71 	76 	75 
004133 	402 	71 	76 	75 
004134 	402 	62 	76 	76 
004135 	402 	62 	76 	76 
004136 	402 	62 	76 	76 
004137 	402 	62 	76 	76 
004138 	411 	73 	63 	63 
004139 	410 	71 	76 	75 
004140 	410 	71 	76 	75 
004141 	410 	71 	76 	75 
004142 	410 	71 	76 	75 
004143 	410 	71 	76 	75 
004144 	410 	71 	76 	75 
004145 	410 	71 	76 	75 
004146 	410 	71 	76 	75 
004147 	410 	71 	76 	75 
004148 	410 	71 	76 	75 
004149 	410 	62 	76 	76 
004150 	410 	62 	76 	76 
004151 	410 	62 	76 	76 
004152 	410 	62 	76 	76 
004153 	410 	62 	76 	76 
004154 	410 	62 	76 	76 
004155 	410 	62 	76 	76 
004156 	410 	62 	76 	76 
004157 	410 	62 	76 	76 
004158 	410 	62 	76 	76 
004159 	410 	62 	76 	76 
004160 	410 	62 	76 	76 
004161 	410 	62 	76 	76 
004162 	410 	62 	76 	76 
004163 	410 	62 	76 	76 
004164 	410 	62 	76 	76 
004165 	410 	62 	76 	76 
004166 	410 	62 	76 	76 
004167 	410 	62 	76 	76 
004168 	410 	62 	76 	76 
004169 	410 	62 	76 	76 
004170 	410 	62 	76 	76 
004171 	410 	62 	76 	76 
004172 	410 	62 	76 	76 
004173 	410 	62 	76 	76 
004174 	410 	62 	76 	76 
004175 	410 	62 	76 	76 
004176 	410 	62 	76 	76 
004177 	410 	62 	76 	76 
004178 	410 	62 	76 	76 
004179 	410 	62 	76 	76 
004180 	410 	62 	76 	76 
004181 	410 	62 	76 	76 
004182 	419 	62 	75 	76 
004183 	419 	62 	75 	76 
004184 	419 	62 	75 	76 
004185 	419 	62 	75 	76 
004186 	419 	62 	75 	76 
004187 	419 	62 	75 	76 
004188 	419 	62 	75 	76 
004189 	419 	62 	75 	76 
004190 	419 	62 	75 	76 
004191 	419 	62 	75 	76 
004192 	419 	62 	75 	76 
004193 	419 	62 	75 	76 
004194 	419 	62 	75 	76 
004195 	419 	62 	75 	76 
004196 	419 	62 	75 	76 
004197 	419 	62 	75 	76 
004198 	419 	62 	75 	76 
004199 	419 	62 	75 	76 
004200 	419 	62 	75 	76 
004201 	419 	62 	75 	76 
004202 	419 	62 	75 	76 
004203 	419 	62 	75 	76 
004204 	419 	62 	75 	76 
004205 	419 	62 	75 	76 
004206 	419 	62 	75 	76 
004207 	419 	62 	75 	76 
004208 	419 	62 	75 	76 
004209 	419 	62 	75 	76 
004210 	419 	62 	75 	76 
004211 	419 	62 	75 	76 
004212 	419 	62 	75 	76 
004213 	419 	62 	75 	76 
004214 	419 	62 	75 	76 
004215 	419 	62 	75 	76 
004216 	419 	62 	75 	76 
004217 	419 	62 	75 	76 
004218 	419 	62 	75 	76 
004219 	419 	62 	75 	76 
004220 	419 	62 	75 	76 
004221 	419 	62 	75 	76 
004222 	419 	62 	75 	76 
004223 	419 	62 	75 	76 
004224 	419 	62 	75 	76 
004225 	419 	62 	75 	76 
004226 	419 	62 	75 	76 
004227 	419 	62 	75 	76 
