Identity  : 	id10306
Reference : 	2SaEbN8hYz4
Offset    : 	-3
FV Conf   : 	20.926
ASD Conf  : 	5.377

FRAME 	X 	Y 	W 	H 
011006 	410 	62 	76 	76 
011007 	410 	62 	76 	76 
011008 	410 	62 	76 	76 
011009 	410 	62 	76 	76 
011010 	410 	62 	76 	76 
011011 	410 	62 	76 	76 
011012 	410 	62 	76 	76 
011013 	410 	62 	76 	76 
011014 	410 	62 	76 	76 
011015 	410 	62 	76 	76 
011016 	410 	62 	76 	76 
011017 	410 	62 	76 	76 
011018 	410 	62 	76 	76 
011019 	410 	62 	76 	76 
011020 	410 	62 	76 	76 
011021 	410 	62 	76 	76 
011022 	410 	62 	76 	76 
011023 	410 	62 	76 	76 
011024 	410 	62 	76 	76 
011025 	419 	62 	75 	76 
011026 	419 	62 	75 	76 
011027 	419 	62 	75 	76 
011028 	419 	62 	75 	76 
011029 	419 	62 	75 	76 
011030 	419 	62 	75 	76 
011031 	419 	62 	75 	76 
011032 	419 	62 	75 	76 
011033 	419 	62 	75 	76 
011034 	419 	62 	75 	76 
011035 	419 	62 	75 	76 
011036 	419 	62 	75 	76 
011037 	419 	62 	75 	76 
011038 	419 	62 	75 	76 
011039 	419 	62 	75 	76 
011040 	419 	62 	75 	76 
011041 	419 	62 	75 	76 
011042 	419 	62 	75 	76 
011043 	419 	62 	75 	76 
011044 	419 	62 	75 	76 
011045 	419 	62 	75 	76 
011046 	419 	62 	75 	76 
011047 	419 	62 	75 	76 
011048 	419 	62 	75 	76 
011049 	419 	62 	75 	76 
011050 	419 	62 	75 	76 
011051 	419 	62 	75 	76 
011052 	419 	62 	75 	76 
011053 	419 	62 	75 	76 
011054 	419 	62 	75 	76 
011055 	419 	62 	75 	76 
011056 	419 	62 	75 	76 
011057 	419 	62 	75 	76 
011058 	419 	62 	75 	76 
011059 	419 	62 	75 	76 
011060 	419 	62 	75 	76 
011061 	419 	62 	75 	76 
011062 	419 	62 	75 	76 
011063 	419 	62 	75 	76 
011064 	419 	62 	75 	76 
011065 	410 	62 	76 	76 
011066 	410 	62 	76 	76 
011067 	410 	62 	76 	76 
011068 	410 	62 	76 	76 
011069 	410 	62 	76 	76 
011070 	410 	62 	76 	76 
011071 	410 	62 	76 	76 
011072 	410 	62 	76 	76 
011073 	410 	62 	76 	76 
011074 	410 	62 	76 	76 
011075 	410 	62 	76 	76 
011076 	410 	62 	76 	76 
011077 	410 	62 	76 	76 
011078 	410 	62 	76 	76 
011079 	419 	62 	75 	76 
011080 	419 	62 	75 	76 
011081 	419 	62 	75 	76 
011082 	419 	54 	75 	76 
011083 	419 	54 	75 	76 
011084 	419 	54 	75 	76 
011085 	419 	62 	75 	76 
011086 	419 	62 	75 	76 
011087 	419 	62 	75 	76 
011088 	419 	62 	75 	76 
011089 	419 	62 	75 	76 
011090 	419 	62 	75 	76 
011091 	419 	62 	75 	76 
011092 	419 	62 	75 	76 
011093 	419 	62 	75 	76 
011094 	419 	62 	75 	76 
011095 	419 	62 	75 	76 
011096 	419 	62 	75 	76 
011097 	419 	54 	75 	76 
011098 	419 	54 	75 	76 
011099 	419 	54 	75 	76 
011100 	419 	54 	75 	76 
011101 	419 	62 	75 	76 
011102 	419 	62 	75 	76 
011103 	419 	62 	75 	76 
011104 	419 	62 	75 	76 
011105 	419 	62 	75 	76 
011106 	419 	62 	75 	76 
011107 	419 	62 	75 	76 
011108 	419 	62 	75 	76 
