Identity  : 	id10273
Reference : 	OYi3rZSdAOE
Offset    : 	10
FV Conf   : 	15.195
ASD Conf  : 	7.896

FRAME 	X 	Y 	W 	H 
012400 	269 	78 	108 	109 
012401 	269 	66 	108 	109 
012402 	269 	66 	108 	109 
012403 	269 	66 	108 	109 
012404 	284 	75 	90 	91 
012405 	284 	75 	90 	91 
012406 	284 	75 	90 	91 
012407 	281 	66 	108 	109 
012408 	281 	66 	108 	109 
012409 	281 	66 	108 	109 
012410 	281 	66 	108 	109 
012411 	281 	66 	108 	109 
012412 	281 	66 	108 	109 
012413 	281 	66 	108 	109 
012414 	284 	85 	90 	91 
012415 	284 	85 	90 	91 
012416 	284 	85 	90 	91 
012417 	284 	85 	90 	91 
012418 	284 	85 	90 	91 
012419 	284 	85 	90 	91 
012420 	284 	75 	90 	91 
012421 	284 	75 	90 	91 
012422 	281 	66 	108 	109 
012423 	281 	66 	108 	109 
012424 	284 	85 	90 	91 
012425 	284 	85 	90 	91 
012426 	284 	85 	90 	91 
012427 	284 	85 	90 	91 
012428 	284 	85 	90 	91 
012429 	284 	85 	90 	91 
012430 	284 	85 	90 	91 
012431 	284 	85 	90 	91 
012432 	284 	85 	90 	91 
012433 	284 	85 	90 	91 
012434 	284 	85 	90 	91 
012435 	269 	78 	108 	109 
012436 	269 	78 	108 	109 
012437 	269 	78 	108 	109 
012438 	269 	78 	108 	109 
012439 	269 	66 	108 	109 
012440 	269 	66 	108 	109 
012441 	269 	78 	108 	109 
012442 	269 	66 	108 	109 
012443 	269 	66 	108 	109 
012444 	269 	66 	108 	109 
012445 	281 	66 	108 	109 
012446 	281 	54 	108 	109 
012447 	281 	54 	108 	109 
012448 	293 	54 	108 	109 
012449 	293 	54 	108 	109 
012450 	293 	54 	108 	109 
012451 	293 	54 	108 	109 
012452 	293 	54 	108 	109 
012453 	293 	54 	108 	109 
012454 	293 	54 	108 	109 
012455 	293 	54 	108 	109 
012456 	293 	54 	108 	109 
012457 	293 	54 	108 	109 
012458 	293 	54 	108 	109 
012459 	293 	54 	108 	109 
012460 	293 	54 	108 	109 
012461 	293 	54 	108 	109 
012462 	294 	65 	90 	91 
012463 	281 	66 	108 	109 
012464 	281 	66 	108 	109 
012465 	281 	66 	108 	109 
012466 	294 	75 	90 	91 
012467 	294 	75 	90 	91 
012468 	293 	66 	108 	109 
012469 	293 	66 	108 	109 
012470 	294 	75 	90 	91 
012471 	294 	75 	90 	91 
012472 	294 	75 	90 	91 
012473 	281 	66 	108 	109 
012474 	281 	66 	108 	109 
012475 	281 	66 	108 	109 
012476 	281 	66 	108 	109 
012477 	284 	75 	90 	91 
012478 	284 	75 	90 	91 
012479 	269 	78 	108 	109 
012480 	269 	78 	108 	109 
012481 	257 	66 	109 	109 
012482 	257 	78 	109 	109 
012483 	264 	85 	90 	91 
012484 	264 	85 	90 	91 
012485 	245 	66 	109 	109 
012486 	245 	66 	109 	109 
012487 	245 	66 	109 	109 
012488 	245 	66 	109 	109 
012489 	245 	66 	109 	109 
012490 	245 	66 	109 	109 
012491 	245 	66 	109 	109 
012492 	245 	66 	109 	109 
012493 	245 	66 	109 	109 
012494 	245 	66 	109 	109 
012495 	245 	66 	109 	109 
012496 	245 	66 	109 	109 
012497 	245 	66 	109 	109 
012498 	245 	66 	109 	109 
012499 	245 	66 	109 	109 
012500 	245 	66 	109 	109 
012501 	245 	66 	109 	109 
012502 	245 	66 	109 	109 
012503 	245 	66 	109 	109 
012504 	245 	66 	109 	109 
012505 	245 	66 	109 	109 
012506 	245 	66 	109 	109 
