Identity  : 	id10295
Reference : 	ywZWrIt52KQ
Offset    : 	0
FV Conf   : 	14.780
ASD Conf  : 	5.617

FRAME 	X 	Y 	W 	H 
003414 	269 	79 	76 	76 
003415 	269 	79 	76 	76 
003416 	269 	79 	76 	76 
003417 	269 	79 	76 	76 
003418 	269 	79 	76 	76 
003419 	269 	79 	76 	76 
003420 	269 	79 	76 	76 
003421 	269 	79 	76 	76 
003422 	269 	79 	76 	76 
003423 	269 	79 	76 	76 
003424 	269 	79 	76 	76 
003425 	269 	79 	76 	76 
003426 	269 	79 	76 	76 
003427 	269 	79 	76 	76 
003428 	269 	79 	76 	76 
003429 	269 	79 	76 	76 
003430 	269 	79 	76 	76 
003431 	269 	79 	76 	76 
003432 	269 	79 	76 	76 
003433 	269 	79 	76 	76 
003434 	269 	79 	76 	76 
003435 	269 	79 	76 	76 
003436 	269 	79 	76 	76 
003437 	269 	79 	76 	76 
003438 	269 	79 	76 	76 
003439 	269 	79 	76 	76 
003440 	269 	79 	76 	76 
003441 	269 	79 	76 	76 
003442 	269 	79 	76 	76 
003443 	269 	79 	76 	76 
003444 	269 	79 	76 	76 
003445 	269 	79 	76 	76 
003446 	269 	79 	76 	76 
003447 	269 	79 	76 	76 
003448 	269 	79 	76 	76 
003449 	269 	79 	76 	76 
003450 	269 	79 	76 	76 
003451 	269 	79 	76 	76 
003452 	269 	79 	76 	76 
003453 	269 	79 	76 	76 
003454 	269 	79 	76 	76 
003455 	269 	79 	76 	76 
003456 	261 	71 	76 	75 
003457 	261 	71 	76 	75 
003458 	261 	71 	76 	75 
003459 	261 	71 	76 	75 
003460 	261 	71 	76 	75 
003461 	261 	71 	76 	75 
003462 	261 	71 	76 	75 
003463 	261 	71 	76 	75 
003464 	261 	71 	76 	75 
003465 	261 	71 	76 	75 
003466 	261 	71 	76 	75 
003467 	261 	71 	76 	75 
003468 	261 	71 	76 	75 
003469 	261 	71 	76 	75 
003470 	261 	71 	76 	75 
003471 	261 	71 	76 	75 
003472 	261 	71 	76 	75 
003473 	261 	71 	76 	75 
003474 	261 	71 	76 	75 
003475 	261 	71 	76 	75 
003476 	261 	71 	76 	75 
003477 	261 	71 	76 	75 
003478 	261 	79 	76 	76 
003479 	261 	71 	76 	75 
003480 	261 	71 	76 	75 
003481 	261 	71 	76 	75 
003482 	261 	71 	76 	75 
003483 	261 	71 	76 	75 
003484 	261 	71 	76 	75 
003485 	261 	71 	76 	75 
003486 	261 	71 	76 	75 
003487 	261 	71 	76 	75 
003488 	261 	71 	76 	75 
003489 	261 	71 	76 	75 
003490 	261 	71 	76 	75 
003491 	261 	71 	76 	75 
003492 	261 	71 	76 	75 
003493 	261 	71 	76 	75 
003494 	261 	71 	76 	75 
003495 	261 	71 	76 	75 
003496 	261 	71 	76 	75 
003497 	261 	71 	76 	75 
003498 	261 	71 	76 	75 
003499 	261 	71 	76 	75 
003500 	261 	71 	76 	75 
003501 	261 	79 	76 	76 
003502 	261 	71 	76 	75 
003503 	261 	71 	76 	75 
003504 	254 	65 	90 	91 
003505 	254 	65 	90 	91 
003506 	254 	65 	90 	91 
003507 	261 	71 	76 	75 
003508 	261 	71 	76 	75 
003509 	261 	71 	76 	75 
003510 	261 	71 	76 	75 
003511 	261 	71 	76 	75 
003512 	261 	71 	76 	75 
003513 	261 	71 	76 	75 
